Ascend
Raw:-1.0976683432963028,1.8235462516964729,1.1713493419701293,2.187422766270948,2.68284991387907,0.40831431705933996,-5.569391870251697,0.18337891650934557,1.3212070905724813,9.87376695720727
EFT:-1.0976683432963033,1.8235462516964727,1.1713493419701289,2.187422766270947,2.6828499138790693,0.40831431705933896,-5.569391870251696,0.18337891650934418,1.3212070905724813,9.87376695720727
Descend
Raw:-1.0976683432963021,1.823546251696471,1.17134934197013,2.1874227662709482,2.682849913879072,0.4083143170593416,-5.569391870251692,0.18337891650934413,1.3212070905724813,9.873766957207268
EFT:-1.0976683432963033,1.8235462516964727,1.1713493419701289,2.187422766270947,2.6828499138790693,0.40831431705933896,-5.569391870251696,0.18337891650934418,1.3212070905724813,9.87376695720727
Random1
Raw:-1.0976683432963033,1.823546251696472,1.1713493419701284,2.1874227662709473,2.6828499138790676,0.4083143170593395,-5.569391870251697,0.18337891650934424,1.3212070905724826,9.873766957207266
EFT:-1.0976683432963033,1.8235462516964727,1.1713493419701289,2.187422766270947,2.6828499138790693,0.40831431705933896,-5.569391870251696,0.18337891650934418,1.3212070905724813,9.87376695720727
Random2
Raw:-1.0976683432963044,1.8235462516964738,1.1713493419701275,2.1874227662709442,2.6828499138790733,0.4083143170593382,-5.569391870251694,0.18337891650934424,1.3212070905724784,9.87376695720727
EFT:-1.0976683432963035,1.8235462516964727,1.1713493419701289,2.187422766270947,2.6828499138790693,0.40831431705933896,-5.569391870251696,0.18337891650934418,1.3212070905724813,9.87376695720727
Random3
Raw:-1.0976683432963021,1.8235462516964716,1.17134934197013,2.1874227662709473,2.6828499138790693,0.4083143170593402,-5.569391870251694,0.1833789165093438,1.3212070905724809,9.87376695720727
EFT:-1.0976683432963033,1.8235462516964727,1.1713493419701289,2.187422766270947,2.6828499138790693,0.40831431705933896,-5.569391870251696,0.18337891650934418,1.3212070905724813,9.87376695720727
Random4
Raw:-1.097668343296302,1.823546251696471,1.1713493419701297,2.187422766270948,2.6828499138790685,0.4083143170593395,-5.569391870251693,0.1833789165093438,1.3212070905724822,9.873766957207268
EFT:-1.0976683432963033,1.8235462516964727,1.1713493419701289,2.187422766270947,2.6828499138790693,0.40831431705933896,-5.569391870251696,0.18337891650934418,1.3212070905724813,9.87376695720727
Random5
Raw:-1.0976683432963024,1.823546251696472,1.1713493419701297,2.1874227662709482,2.682849913879072,0.40831431705934107,-5.5693918702516925,0.18337891650934357,1.3212070905724815,9.87376695720727
EFT:-1.097668343296303,1.8235462516964727,1.1713493419701289,2.187422766270947,2.6828499138790693,0.40831431705933896,-5.569391870251696,0.18337891650934418,1.3212070905724813,9.87376695720727
Random6
Raw:-1.0976683432963037,1.8235462516964729,1.1713493419701284,2.1874227662709465,2.682849913879072,0.4083143170593395,-5.569391870251697,0.183378916509346,1.32120709057248,9.873766957207268
EFT:-1.0976683432963033,1.8235462516964727,1.1713493419701289,2.187422766270947,2.6828499138790693,0.40831431705933896,-5.569391870251696,0.18337891650934418,1.3212070905724813,9.87376695720727
Random7
Raw:-1.0976683432963044,1.8235462516964733,1.1713493419701282,2.187422766270946,2.6828499138790702,0.40831431705933774,-5.569391870251699,0.18337891650934535,1.321207090572481,9.87376695720727
EFT:-1.0976683432963033,1.8235462516964727,1.1713493419701289,2.1874227662709465,2.6828499138790693,0.40831431705933896,-5.569391870251696,0.18337891650934418,1.3212070905724813,9.87376695720727
Random8
Raw:-1.0976683432963026,1.823546251696472,1.1713493419701289,2.1874227662709482,2.6828499138790702,0.40831431705934085,-5.569391870251691,0.18337891650934113,1.3212070905724824,9.87376695720727
EFT:-1.0976683432963033,1.8235462516964727,1.1713493419701289,2.187422766270947,2.6828499138790693,0.40831431705933896,-5.569391870251696,0.18337891650934418,1.3212070905724813,9.87376695720727
Random9
Raw:-1.0976683432963035,1.823546251696472,1.1713493419701284,2.187422766270948,2.6828499138790702,0.40831431705934035,-5.569391870251694,0.18337891650934368,1.3212070905724813,9.87376695720727
EFT:-1.0976683432963033,1.8235462516964727,1.1713493419701289,2.187422766270947,2.6828499138790693,0.40831431705933896,-5.569391870251696,0.18337891650934418,1.3212070905724813,9.87376695720727
Random10
Raw:-1.097668343296304,1.8235462516964724,1.1713493419701289,2.187422766270947,2.682849913879073,0.40831431705934035,-5.569391870251694,0.18337891650934357,1.321207090572481,9.873766957207271
EFT:-1.097668343296303,1.8235462516964727,1.1713493419701289,2.187422766270947,2.6828499138790693,0.40831431705933896,-5.569391870251696,0.18337891650934418,1.3212070905724813,9.87376695720727
Random11
Raw:-1.0976683432963028,1.8235462516964716,1.1713493419701286,2.187422766270947,2.6828499138790693,0.40831431705933946,-5.5693918702516925,0.18337891650934202,1.3212070905724818,9.873766957207268
EFT:-1.0976683432963033,1.8235462516964727,1.1713493419701289,2.187422766270947,2.6828499138790693,0.40831431705933896,-5.569391870251696,0.18337891650934418,1.3212070905724813,9.87376695720727
Random12
Raw:-1.0976683432963033,1.8235462516964724,1.1713493419701293,2.1874227662709473,2.68284991387907,0.4083143170593395,-5.569391870251698,0.1833789165093458,1.3212070905724813,9.873766957207268
EFT:-1.0976683432963033,1.8235462516964727,1.1713493419701289,2.1874227662709465,2.6828499138790693,0.40831431705933896,-5.569391870251696,0.18337891650934418,1.3212070905724813,9.87376695720727
Random13
Raw:-1.097668343296302,1.8235462516964724,1.1713493419701295,2.1874227662709465,2.6828499138790693,0.4083143170593389,-5.5693918702516925,0.1833789165093428,1.3212070905724809,9.87376695720727
EFT:-1.0976683432963033,1.8235462516964727,1.1713493419701289,2.187422766270947,2.6828499138790693,0.40831431705933896,-5.569391870251696,0.18337891650934418,1.3212070905724813,9.87376695720727
Random14
Raw:-1.0976683432963026,1.8235462516964724,1.1713493419701297,2.1874227662709473,2.6828499138790693,0.4083143170593395,-5.569391870251698,0.1833789165093458,1.321207090572481,9.87376695720727
EFT:-1.0976683432963033,1.8235462516964727,1.1713493419701289,2.187422766270947,2.6828499138790693,0.40831431705933896,-5.569391870251696,0.18337891650934418,1.3212070905724813,9.87376695720727
Random15
Raw:-1.0976683432963021,1.8235462516964707,1.1713493419701297,2.187422766270949,2.682849913879071,0.4083143170593422,-5.56939187025169,0.18337891650934157,1.3212070905724835,9.873766957207271
EFT:-1.0976683432963033,1.8235462516964727,1.1713493419701289,2.187422766270947,2.6828499138790693,0.40831431705933896,-5.569391870251696,0.18337891650934418,1.3212070905724813,9.87376695720727
Random16
Raw:-1.097668343296305,1.8235462516964738,1.1713493419701275,2.187422766270945,2.6828499138790725,0.40831431705933835,-5.569391870251698,0.1833789165093459,1.3212070905724804,9.873766957207268
EFT:-1.0976683432963033,1.8235462516964727,1.1713493419701289,2.1874227662709465,2.6828499138790693,0.40831431705933896,-5.569391870251696,0.18337891650934418,1.3212070905724813,9.87376695720727
Random17
Raw:-1.0976683432963033,1.823546251696472,1.1713493419701275,2.187422766270945,2.682849913879067,0.408314317059337,-5.569391870251696,0.18337891650934357,1.321207090572481,9.873766957207266
EFT:-1.0976683432963035,1.8235462516964727,1.1713493419701289,2.187422766270947,2.6828499138790693,0.40831431705933896,-5.569391870251696,0.18337891650934418,1.3212070905724813,9.87376695720727
Random18
Raw:-1.0976683432963035,1.8235462516964724,1.1713493419701286,2.187422766270946,2.6828499138790702,0.40831431705933907,-5.569391870251695,0.18337891650934512,1.3212070905724809,9.873766957207268
EFT:-1.0976683432963033,1.8235462516964727,1.1713493419701289,2.1874227662709465,2.6828499138790693,0.40831431705933896,-5.569391870251696,0.18337891650934418,1.3212070905724813,9.87376695720727
Random19
Raw:-1.0976683432963026,1.823546251696472,1.1713493419701293,2.1874227662709473,2.6828499138790685,0.4083143170593393,-5.569391870251696,0.1833789165093449,1.3212070905724818,9.87376695720727
EFT:-1.097668343296303,1.8235462516964727,1.1713493419701289,2.187422766270947,2.6828499138790693,0.40831431705933896,-5.569391870251696,0.18337891650934418,1.3212070905724813,9.87376695720727
Random20
Raw:-1.0976683432963046,1.8235462516964738,1.171349341970127,2.1874227662709442,2.6828499138790716,0.40831431705933685,-5.569391870251697,0.18337891650934357,1.3212070905724798,9.873766957207266
EFT:-1.0976683432963033,1.8235462516964727,1.1713493419701289,2.1874227662709465,2.6828499138790693,0.40831431705933896,-5.569391870251696,0.18337891650934418,1.3212070905724813,9.87376695720727
Random21
Raw:-1.097668343296303,1.823546251696472,1.1713493419701289,2.1874227662709473,2.682849913879072,0.4083143170593405,-5.5693918702516925,0.18337891650934346,1.3212070905724818,9.87376695720727
EFT:-1.0976683432963033,1.8235462516964727,1.1713493419701289,2.187422766270947,2.6828499138790693,0.40831431705933896,-5.569391870251696,0.18337891650934418,1.3212070905724813,9.87376695720727
Random22
Raw:-1.0976683432963024,1.8235462516964707,1.17134934197013,2.1874227662709496,2.6828499138790685,0.40831431705934074,-5.569391870251696,0.18337891650934512,1.3212070905724835,9.873766957207271
EFT:-1.097668343296303,1.8235462516964727,1.1713493419701289,2.187422766270947,2.6828499138790693,0.40831431705933896,-5.569391870251696,0.18337891650934418,1.3212070905724813,9.87376695720727
Random23
Raw:-1.0976683432963046,1.8235462516964738,1.171349341970128,2.1874227662709433,2.682849913879075,0.4083143170593382,-5.569391870251694,0.1833789165093449,1.3212070905724782,9.873766957207268
EFT:-1.0976683432963033,1.8235462516964727,1.1713493419701289,2.187422766270947,2.6828499138790693,0.40831431705933896,-5.569391870251696,0.18337891650934418,1.3212070905724813,9.87376695720727
Random24
Raw:-1.0976683432963028,1.8235462516964729,1.1713493419701286,2.1874227662709473,2.6828499138790707,0.4083143170593399,-5.5693918702516925,0.18337891650934157,1.3212070905724815,9.87376695720727
EFT:-1.0976683432963033,1.8235462516964727,1.1713493419701289,2.187422766270947,2.6828499138790693,0.40831431705933896,-5.569391870251696,0.18337891650934418,1.3212070905724813,9.87376695720727
Random25
Raw:-1.0976683432963046,1.8235462516964738,1.171349341970128,2.187422766270946,2.682849913879072,0.4083143170593393,-5.569391870251697,0.18337891650934535,1.3212070905724804,9.87376695720727
EFT:-1.0976683432963033,1.8235462516964727,1.1713493419701289,2.187422766270947,2.6828499138790693,0.40831431705933896,-5.569391870251696,0.18337891650934418,1.3212070905724813,9.87376695720727
Random26
Raw:-1.0976683432963041,1.8235462516964733,1.171349341970128,2.187422766270946,2.682849913879071,0.4083143170593395,-5.569391870251695,0.18337891650934413,1.321207090572481,9.87376695720727
EFT:-1.0976683432963033,1.8235462516964727,1.1713493419701289,2.187422766270947,2.6828499138790693,0.40831431705933896,-5.569391870251696,0.18337891650934418,1.3212070905724813,9.87376695720727
Random27
Raw:-1.097668343296301,1.8235462516964698,1.171349341970131,2.1874227662709496,2.6828499138790707,0.40831431705934085,-5.569391870251693,0.18337891650934413,1.3212070905724833,9.873766957207273
EFT:-1.0976683432963033,1.8235462516964727,1.1713493419701289,2.187422766270947,2.6828499138790693,0.40831431705933896,-5.569391870251696,0.18337891650934418,1.3212070905724813,9.87376695720727
Random28
Raw:-1.097668343296303,1.8235462516964724,1.1713493419701289,2.1874227662709465,2.6828499138790702,0.4083143170593384,-5.569391870251696,0.18337891650934446,1.321207090572481,9.87376695720727
EFT:-1.0976683432963033,1.8235462516964727,1.1713493419701289,2.187422766270947,2.6828499138790693,0.40831431705933896,-5.569391870251696,0.18337891650934418,1.3212070905724813,9.87376695720727
Random29
Raw:-1.0976683432963026,1.8235462516964716,1.1713493419701297,2.187422766270948,2.682849913879071,0.40831431705933996,-5.569391870251693,0.18337891650934346,1.3212070905724813,9.87376695720727
EFT:-1.0976683432963035,1.8235462516964727,1.1713493419701289,2.187422766270947,2.6828499138790693,0.40831431705933896,-5.569391870251696,0.18337891650934418,1.3212070905724813,9.87376695720727
Random30
Raw:-1.0976683432963026,1.8235462516964716,1.1713493419701289,2.187422766270948,2.6828499138790702,0.4083143170593401,-5.5693918702516925,0.18337891650934246,1.3212070905724813,9.873766957207268
EFT:-1.0976683432963033,1.8235462516964727,1.1713493419701289,2.187422766270947,2.6828499138790693,0.40831431705933896,-5.569391870251696,0.18337891650934418,1.3212070905724813,9.87376695720727
Random31
Raw:-1.0976683432963037,1.8235462516964729,1.171349341970128,2.1874227662709447,2.6828499138790725,0.40831431705933907,-5.5693918702516925,0.18337891650934335,1.32120709057248,9.87376695720727
EFT:-1.0976683432963033,1.8235462516964727,1.1713493419701289,2.187422766270947,2.6828499138790693,0.40831431705933896,-5.569391870251696,0.18337891650934418,1.3212070905724813,9.87376695720727
Random32
Raw:-1.0976683432963046,1.8235462516964738,1.171349341970127,2.187422766270945,2.6828499138790716,0.4083143170593393,-5.569391870251697,0.18337891650934512,1.32120709057248,9.87376695720727
EFT:-1.0976683432963033,1.8235462516964727,1.1713493419701289,2.187422766270947,2.6828499138790693,0.40831431705933896,-5.569391870251696,0.18337891650934418,1.3212070905724813,9.87376695720727
Random33
Raw:-1.0976683432963026,1.823546251696472,1.1713493419701293,2.1874227662709487,2.6828499138790685,0.4083143170593399,-5.569391870251696,0.1833789165093438,1.3212070905724822,9.87376695720727
EFT:-1.0976683432963035,1.8235462516964727,1.1713493419701289,2.187422766270947,2.6828499138790693,0.40831431705933896,-5.569391870251696,0.18337891650934418,1.3212070905724813,9.87376695720727
Random34
Raw:-1.0976683432963017,1.8235462516964716,1.17134934197013,2.1874227662709487,2.6828499138790685,0.40831431705933996,-5.569391870251693,0.18337891650934324,1.3212070905724822,9.87376695720727
EFT:-1.0976683432963033,1.8235462516964727,1.1713493419701289,2.1874227662709465,2.6828499138790693,0.40831431705933896,-5.569391870251696,0.18337891650934418,1.3212070905724813,9.87376695720727
Random35
Raw:-1.0976683432963041,1.8235462516964738,1.1713493419701275,2.1874227662709456,2.6828499138790693,0.4083143170593384,-5.569391870251698,0.18337891650934424,1.3212070905724806,9.87376695720727
EFT:-1.097668343296303,1.8235462516964727,1.1713493419701289,2.187422766270947,2.6828499138790693,0.40831431705933896,-5.569391870251696,0.18337891650934418,1.3212070905724813,9.87376695720727
Random36
Raw:-1.0976683432963024,1.8235462516964724,1.1713493419701293,2.187422766270947,2.6828499138790707,0.40831431705933907,-5.569391870251695,0.18337891650934335,1.3212070905724806,9.87376695720727
EFT:-1.0976683432963033,1.8235462516964727,1.1713493419701289,2.187422766270947,2.6828499138790693,0.40831431705933896,-5.569391870251696,0.18337891650934418,1.3212070905724813,9.87376695720727
Random37
Raw:-1.0976683432963041,1.8235462516964733,1.1713493419701275,2.187422766270945,2.68284991387907,0.4083143170593382,-5.569391870251698,0.18337891650934535,1.3212070905724802,9.873766957207268
EFT:-1.0976683432963033,1.8235462516964727,1.1713493419701289,2.187422766270947,2.6828499138790693,0.40831431705933896,-5.569391870251696,0.18337891650934418,1.3212070905724813,9.87376695720727
Random38
Raw:-1.0976683432963024,1.823546251696471,1.171349341970129,2.187422766270948,2.6828499138790702,0.4083143170593402,-5.569391870251692,0.1833789165093429,1.3212070905724809,9.87376695720727
EFT:-1.0976683432963033,1.8235462516964727,1.1713493419701289,2.187422766270947,2.6828499138790693,0.40831431705933896,-5.569391870251696,0.18337891650934418,1.3212070905724813,9.87376695720727
Random39
Raw:-1.0976683432963033,1.8235462516964724,1.1713493419701295,2.187422766270947,2.6828499138790716,0.4083143170593388,-5.569391870251699,0.18337891650934646,1.3212070905724813,9.87376695720727
EFT:-1.0976683432963033,1.8235462516964727,1.1713493419701289,2.187422766270947,2.6828499138790693,0.40831431705933896,-5.569391870251696,0.18337891650934418,1.3212070905724813,9.87376695720727
Random40
Raw:-1.097668343296304,1.8235462516964733,1.1713493419701273,2.187422766270946,2.68284991387907,0.40831431705933907,-5.569391870251695,0.18337891650934335,1.3212070905724809,9.873766957207268
EFT:-1.097668343296303,1.8235462516964727,1.1713493419701289,2.1874227662709465,2.6828499138790693,0.40831431705933896,-5.569391870251696,0.18337891650934418,1.3212070905724813,9.87376695720727
Random41
Raw:-1.0976683432963024,1.8235462516964724,1.1713493419701297,2.187422766270947,2.682849913879072,0.4083143170593404,-5.569391870251692,0.18337891650934335,1.3212070905724806,9.87376695720727
EFT:-1.0976683432963035,1.8235462516964727,1.1713493419701289,2.187422766270947,2.6828499138790693,0.40831431705933896,-5.569391870251696,0.18337891650934418,1.3212070905724813,9.87376695720727
Random42
Raw:-1.0976683432963033,1.8235462516964738,1.1713493419701286,2.1874227662709473,2.6828499138790707,0.40831431705934046,-5.569391870251694,0.18337891650934335,1.321207090572482,9.87376695720727
EFT:-1.0976683432963033,1.8235462516964727,1.1713493419701289,2.187422766270947,2.6828499138790693,0.40831431705933896,-5.569391870251696,0.18337891650934418,1.3212070905724813,9.87376695720727
Random43
Raw:-1.0976683432963033,1.8235462516964724,1.1713493419701289,2.1874227662709473,2.68284991387907,0.4083143170593395,-5.569391870251696,0.18337891650934446,1.3212070905724815,9.87376695720727
EFT:-1.0976683432963033,1.8235462516964727,1.1713493419701289,2.187422766270947,2.6828499138790693,0.40831431705933896,-5.569391870251696,0.18337891650934418,1.3212070905724813,9.87376695720727
Random44
Raw:-1.097668343296306,1.8235462516964738,1.1713493419701264,2.1874227662709442,2.682849913879071,0.4083143170593384,-5.569391870251698,0.18337891650934468,1.3212070905724804,9.87376695720727
EFT:-1.0976683432963033,1.8235462516964727,1.1713493419701289,2.187422766270947,2.6828499138790693,0.40831431705933896,-5.569391870251696,0.18337891650934418,1.3212070905724813,9.87376695720727
Random45
Raw:-1.0976683432963037,1.8235462516964724,1.1713493419701284,2.1874227662709465,2.6828499138790693,0.40831431705933835,-5.569391870251696,0.1833789165093429,1.321207090572482,9.873766957207268
EFT:-1.0976683432963033,1.8235462516964727,1.1713493419701289,2.187422766270947,2.6828499138790693,0.40831431705933896,-5.569391870251696,0.18337891650934418,1.3212070905724813,9.87376695720727
Random46
Raw:-1.0976683432963037,1.8235462516964733,1.1713493419701275,2.187422766270945,2.68284991387907,0.4083143170593382,-5.569391870251696,0.18337891650934401,1.3212070905724798,9.873766957207268
EFT:-1.0976683432963033,1.8235462516964727,1.1713493419701289,2.187422766270947,2.6828499138790693,0.40831431705933896,-5.569391870251696,0.18337891650934418,1.3212070905724813,9.87376695720727
Random47
Raw:-1.0976683432963044,1.8235462516964729,1.1713493419701275,2.187422766270946,2.682849913879069,0.40831431705933713,-5.569391870251697,0.18337891650934324,1.3212070905724813,9.87376695720727
EFT:-1.0976683432963033,1.8235462516964727,1.1713493419701289,2.187422766270947,2.6828499138790693,0.40831431705933896,-5.569391870251696,0.18337891650934418,1.3212070905724813,9.87376695720727
Random48
Raw:-1.0976683432963013,1.8235462516964707,1.1713493419701302,2.1874227662709496,2.6828499138790654,0.4083143170593391,-5.569391870251698,0.18337891650934401,1.321207090572484,9.87376695720727
EFT:-1.0976683432963033,1.8235462516964727,1.1713493419701289,2.187422766270947,2.6828499138790693,0.40831431705933896,-5.569391870251696,0.18337891650934418,1.3212070905724813,9.87376695720727
Random49
Raw:-1.0976683432963013,1.823546251696471,1.1713493419701304,2.1874227662709487,2.6828499138790693,0.40831431705934196,-5.56939187025169,0.18337891650934246,1.3212070905724815,9.87376695720727
EFT:-1.0976683432963033,1.8235462516964727,1.1713493419701289,2.187422766270947,2.6828499138790693,0.40831431705933896,-5.569391870251696,0.18337891650934418,1.3212070905724813,9.87376695720727
Random50
Raw:-1.0976683432963037,1.8235462516964729,1.1713493419701284,2.187422766270947,2.682849913879069,0.4083143170593383,-5.569391870251698,0.18337891650934424,1.3212070905724818,9.87376695720727
EFT:-1.097668343296303,1.8235462516964727,1.1713493419701289,2.187422766270947,2.6828499138790693,0.40831431705933896,-5.569391870251696,0.18337891650934418,1.3212070905724813,9.87376695720727
Random51
Raw:-1.097668343296304,1.8235462516964729,1.171349341970128,2.187422766270946,2.682849913879072,0.4083143170593397,-5.569391870251694,0.1833789165093438,1.3212070905724809,9.87376695720727
EFT:-1.0976683432963033,1.8235462516964727,1.1713493419701289,2.187422766270947,2.6828499138790693,0.40831431705933896,-5.569391870251696,0.18337891650934418,1.3212070905724813,9.87376695720727
Random52
Raw:-1.097668343296304,1.8235462516964729,1.171349341970128,2.1874227662709456,2.6828499138790702,0.4083143170593386,-5.569391870251694,0.1833789165093439,1.3212070905724806,9.873766957207266
EFT:-1.0976683432963033,1.8235462516964727,1.1713493419701289,2.187422766270947,2.6828499138790693,0.40831431705933896,-5.569391870251696,0.18337891650934418,1.3212070905724813,9.87376695720727
Random53
Raw:-1.0976683432963017,1.8235462516964716,1.1713493419701293,2.187422766270947,2.6828499138790667,0.40831431705933774,-5.569391870251696,0.18337891650934335,1.3212070905724813,9.873766957207266
EFT:-1.0976683432963033,1.8235462516964727,1.1713493419701289,2.187422766270947,2.6828499138790693,0.40831431705933896,-5.569391870251696,0.18337891650934418,1.3212070905724813,9.87376695720727
Random54
Raw:-1.097668343296304,1.8235462516964729,1.1713493419701275,2.1874227662709456,2.682849913879071,0.40831431705933907,-5.569391870251694,0.18337891650934401,1.3212070905724804,9.873766957207266
EFT:-1.0976683432963033,1.8235462516964727,1.1713493419701289,2.187422766270947,2.6828499138790693,0.40831431705933896,-5.569391870251696,0.18337891650934418,1.3212070905724813,9.87376695720727
Random55
Raw:-1.0976683432963044,1.8235462516964724,1.1713493419701284,2.187422766270946,2.6828499138790693,0.40831431705933835,-5.569391870251698,0.1833789165093448,1.3212070905724818,9.87376695720727
EFT:-1.0976683432963033,1.8235462516964727,1.1713493419701289,2.187422766270947,2.6828499138790693,0.40831431705933896,-5.569391870251696,0.18337891650934418,1.3212070905724813,9.87376695720727
Random56
Raw:-1.097668343296304,1.8235462516964738,1.1713493419701284,2.1874227662709465,2.682849913879071,0.40831431705933907,-5.569391870251697,0.183378916509345,1.321207090572481,9.87376695720727
EFT:-1.0976683432963033,1.8235462516964727,1.1713493419701289,2.1874227662709465,2.6828499138790693,0.40831431705933896,-5.569391870251696,0.18337891650934418,1.3212070905724813,9.87376695720727
Random57
Raw:-1.0976683432963028,1.823546251696472,1.1713493419701286,2.1874227662709482,2.6828499138790685,0.4083143170593393,-5.569391870251697,0.18337891650934413,1.3212070905724826,9.87376695720727
EFT:-1.0976683432963033,1.8235462516964727,1.1713493419701289,2.187422766270947,2.6828499138790693,0.40831431705933896,-5.569391870251696,0.18337891650934418,1.3212070905724813,9.87376695720727
Random58
Raw:-1.0976683432963033,1.8235462516964733,1.1713493419701284,2.187422766270946,2.6828499138790725,0.40831431705933974,-5.569391870251693,0.18337891650934512,1.3212070905724795,9.87376695720727
EFT:-1.0976683432963033,1.8235462516964727,1.1713493419701289,2.187422766270947,2.6828499138790693,0.40831431705933896,-5.569391870251696,0.18337891650934418,1.3212070905724813,9.87376695720727
Random59
Raw:-1.0976683432963037,1.8235462516964729,1.1713493419701293,2.187422766270947,2.682849913879072,0.40831431705933907,-5.569391870251695,0.18337891650934457,1.3212070905724806,9.87376695720727
EFT:-1.0976683432963033,1.8235462516964727,1.1713493419701289,2.1874227662709465,2.6828499138790693,0.40831431705933896,-5.569391870251696,0.18337891650934418,1.3212070905724813,9.87376695720727
Random60
Raw:-1.0976683432963026,1.823546251696471,1.1713493419701295,2.1874227662709482,2.682849913879069,0.40831431705933985,-5.569391870251696,0.18337891650934424,1.3212070905724826,9.87376695720727
EFT:-1.0976683432963033,1.8235462516964727,1.1713493419701289,2.187422766270947,2.6828499138790693,0.40831431705933896,-5.569391870251696,0.18337891650934418,1.3212070905724813,9.87376695720727
Random61
Raw:-1.0976683432963026,1.8235462516964724,1.1713493419701286,2.187422766270946,2.682849913879069,0.40831431705933824,-5.569391870251695,0.18337891650934313,1.3212070905724806,9.873766957207268
EFT:-1.0976683432963033,1.8235462516964727,1.1713493419701289,2.1874227662709465,2.6828499138790693,0.40831431705933896,-5.569391870251696,0.18337891650934418,1.3212070905724813,9.87376695720727
Random62
Raw:-1.0976683432963013,1.8235462516964716,1.17134934197013,2.1874227662709487,2.6828499138790685,0.4083143170593407,-5.569391870251693,0.1833789165093429,1.3212070905724822,9.873766957207271
EFT:-1.0976683432963033,1.8235462516964727,1.1713493419701289,2.187422766270947,2.6828499138790693,0.40831431705933896,-5.569391870251696,0.18337891650934418,1.3212070905724813,9.87376695720727
Random63
Raw:-1.097668343296304,1.8235462516964733,1.1713493419701284,2.187422766270945,2.6828499138790725,0.4083143170593387,-5.569391870251695,0.1833789165093448,1.3212070905724798,9.87376695720727
EFT:-1.097668343296303,1.8235462516964727,1.1713493419701289,2.1874227662709465,2.6828499138790693,0.40831431705933896,-5.569391870251696,0.18337891650934418,1.3212070905724813,9.87376695720727
Random64
Raw:-1.0976683432963037,1.8235462516964733,1.171349341970129,2.187422766270945,2.6828499138790725,0.4083143170593382,-5.569391870251697,0.18337891650934557,1.321207090572479,9.87376695720727
EFT:-1.0976683432963033,1.8235462516964727,1.1713493419701289,2.1874227662709465,2.6828499138790693,0.40831431705933896,-5.569391870251696,0.18337891650934418,1.3212070905724813,9.87376695720727
Random65
Raw:-1.0976683432963046,1.8235462516964733,1.1713493419701277,2.187422766270945,2.682849913879073,0.4083143170593388,-5.569391870251693,0.18337891650934335,1.32120709057248,9.87376695720727
EFT:-1.0976683432963035,1.8235462516964727,1.1713493419701289,2.187422766270947,2.6828499138790693,0.40831431705933896,-5.569391870251696,0.18337891650934418,1.3212070905724813,9.87376695720727
Random66
Raw:-1.097668343296304,1.8235462516964733,1.1713493419701284,2.1874227662709465,2.68284991387907,0.4083143170593393,-5.569391870251697,0.18337891650934524,1.3212070905724815,9.87376695720727
EFT:-1.0976683432963033,1.8235462516964727,1.1713493419701289,2.187422766270947,2.6828499138790693,0.40831431705933896,-5.569391870251696,0.18337891650934418,1.3212070905724813,9.87376695720727
Random67
Raw:-1.097668343296304,1.8235462516964738,1.1713493419701284,2.187422766270946,2.682849913879071,0.40831431705933885,-5.569391870251698,0.18337891650934557,1.3212070905724804,9.873766957207271
EFT:-1.0976683432963033,1.8235462516964727,1.1713493419701289,2.187422766270947,2.6828499138790693,0.40831431705933896,-5.569391870251696,0.18337891650934418,1.3212070905724813,9.87376695720727
Random68
Raw:-1.0976683432963026,1.8235462516964724,1.171349341970129,2.187422766270948,2.68284991387907,0.4083143170593404,-5.5693918702516925,0.18337891650934368,1.321207090572481,9.87376695720727
EFT:-1.097668343296303,1.8235462516964727,1.1713493419701289,2.187422766270947,2.6828499138790693,0.40831431705933896,-5.569391870251696,0.18337891650934418,1.3212070905724813,9.87376695720727
Random69
Raw:-1.097668343296304,1.8235462516964747,1.171349341970128,2.1874227662709433,2.6828499138790733,0.40831431705933696,-5.569391870251696,0.1833789165093438,1.3212070905724789,9.87376695720727
EFT:-1.097668343296303,1.8235462516964727,1.1713493419701289,2.187422766270947,2.6828499138790693,0.40831431705933896,-5.569391870251696,0.18337891650934418,1.3212070905724813,9.87376695720727
Random70
Raw:-1.0976683432963048,1.8235462516964733,1.171349341970128,2.187422766270946,2.6828499138790716,0.40831431705933907,-5.569391870251698,0.18337891650934468,1.3212070905724809,9.87376695720727
EFT:-1.0976683432963033,1.8235462516964727,1.1713493419701289,2.187422766270947,2.6828499138790693,0.40831431705933896,-5.569391870251696,0.18337891650934418,1.3212070905724813,9.87376695720727
Random71
Raw:-1.0976683432963035,1.8235462516964729,1.1713493419701277,2.187422766270946,2.6828499138790716,0.4083143170593392,-5.5693918702516925,0.18337891650934313,1.3212070905724804,9.87376695720727
EFT:-1.0976683432963033,1.8235462516964727,1.1713493419701289,2.187422766270947,2.6828499138790693,0.40831431705933896,-5.569391870251696,0.18337891650934418,1.3212070905724813,9.87376695720727
Random72
Raw:-1.0976683432963015,1.823546251696472,1.1713493419701293,2.1874227662709473,2.682849913879068,0.40831431705933874,-5.569391870251694,0.18337891650934202,1.3212070905724815,9.873766957207268
EFT:-1.0976683432963033,1.8235462516964727,1.1713493419701289,2.187422766270947,2.6828499138790693,0.40831431705933896,-5.569391870251696,0.18337891650934418,1.3212070905724813,9.87376695720727
Random73
Raw:-1.0976683432963052,1.8235462516964738,1.1713493419701275,2.1874227662709442,2.6828499138790742,0.4083143170593384,-5.569391870251695,0.18337891650934468,1.321207090572479,9.873766957207268
EFT:-1.0976683432963033,1.8235462516964727,1.1713493419701289,2.187422766270947,2.6828499138790693,0.40831431705933896,-5.569391870251696,0.18337891650934418,1.3212070905724813,9.87376695720727
Random74
Raw:-1.097668343296302,1.823546251696471,1.1713493419701293,2.1874227662709473,2.6828499138790707,0.4083143170593398,-5.569391870251689,0.18337891650934102,1.3212070905724815,9.873766957207268
EFT:-1.097668343296303,1.8235462516964727,1.1713493419701289,2.1874227662709465,2.6828499138790693,0.40831431705933896,-5.569391870251696,0.18337891650934418,1.3212070905724813,9.87376695720727
Random75
Raw:-1.097668343296304,1.8235462516964729,1.1713493419701275,2.187422766270945,2.68284991387907,0.4083143170593386,-5.569391870251695,0.18337891650934446,1.3212070905724804,9.873766957207268
EFT:-1.0976683432963035,1.8235462516964727,1.1713493419701289,2.187422766270947,2.6828499138790693,0.40831431705933896,-5.569391870251696,0.18337891650934418,1.3212070905724813,9.87376695720727
Random76
Raw:-1.097668343296304,1.8235462516964729,1.1713493419701284,2.187422766270947,2.6828499138790716,0.4083143170593393,-5.569391870251698,0.18337891650934535,1.3212070905724815,9.87376695720727
EFT:-1.0976683432963033,1.8235462516964727,1.1713493419701289,2.187422766270947,2.6828499138790693,0.40831431705933896,-5.569391870251696,0.18337891650934418,1.3212070905724813,9.87376695720727
Random77
Raw:-1.0976683432963017,1.823546251696472,1.1713493419701297,2.187422766270947,2.682849913879071,0.4083143170593404,-5.569391870251694,0.18337891650934468,1.32120709057248,9.87376695720727
EFT:-1.0976683432963033,1.8235462516964727,1.1713493419701289,2.1874227662709465,2.6828499138790693,0.40831431705933896,-5.569391870251696,0.18337891650934418,1.3212070905724813,9.87376695720727
Random78
Raw:-1.0976683432963028,1.8235462516964729,1.1713493419701293,2.1874227662709482,2.6828499138790707,0.4083143170593404,-5.569391870251696,0.18337891650934435,1.3212070905724824,9.873766957207271
EFT:-1.0976683432963033,1.8235462516964727,1.1713493419701289,2.187422766270947,2.6828499138790693,0.40831431705933896,-5.569391870251696,0.18337891650934418,1.3212070905724813,9.87376695720727
Random79
Raw:-1.0976683432963035,1.8235462516964733,1.1713493419701286,2.1874227662709456,2.6828499138790733,0.4083143170593386,-5.569391870251695,0.18337891650934457,1.321207090572479,9.87376695720727
EFT:-1.0976683432963033,1.8235462516964727,1.1713493419701289,2.187422766270947,2.6828499138790693,0.40831431705933896,-5.569391870251696,0.18337891650934418,1.3212070905724813,9.87376695720727
Random80
Raw:-1.0976683432963035,1.8235462516964729,1.1713493419701286,2.1874227662709456,2.6828499138790716,0.4083143170593394,-5.569391870251694,0.18337891650934324,1.3212070905724804,9.87376695720727
EFT:-1.097668343296303,1.8235462516964727,1.1713493419701289,2.187422766270947,2.6828499138790693,0.40831431705933896,-5.569391870251696,0.18337891650934418,1.3212070905724813,9.87376695720727
Random81
Raw:-1.097668343296304,1.8235462516964729,1.1713493419701284,2.1874227662709473,2.6828499138790702,0.4083143170593402,-5.569391870251695,0.18337891650934413,1.3212070905724815,9.87376695720727
EFT:-1.0976683432963033,1.8235462516964727,1.1713493419701289,2.187422766270947,2.6828499138790693,0.40831431705933896,-5.569391870251696,0.18337891650934418,1.3212070905724813,9.87376695720727
Random82
Raw:-1.097668343296303,1.823546251696472,1.1713493419701284,2.187422766270948,2.6828499138790693,0.4083143170593402,-5.569391870251693,0.18337891650934357,1.3212070905724815,9.873766957207268
EFT:-1.0976683432963033,1.8235462516964727,1.1713493419701289,2.187422766270947,2.6828499138790693,0.40831431705933896,-5.569391870251696,0.18337891650934418,1.3212070905724813,9.87376695720727
Random83
Raw:-1.0976683432963035,1.8235462516964733,1.1713493419701286,2.187422766270946,2.6828499138790716,0.40831431705933857,-5.569391870251694,0.18337891650934401,1.3212070905724798,9.87376695720727
EFT:-1.097668343296303,1.8235462516964727,1.1713493419701289,2.1874227662709465,2.6828499138790693,0.40831431705933896,-5.569391870251696,0.18337891650934418,1.3212070905724813,9.87376695720727
Random84
Raw:-1.0976683432963033,1.8235462516964729,1.171349341970129,2.187422766270948,2.68284991387907,0.40831431705933974,-5.569391870251696,0.1833789165093448,1.3212070905724813,9.87376695720727
EFT:-1.0976683432963033,1.8235462516964727,1.1713493419701289,2.1874227662709465,2.6828499138790693,0.40831431705933896,-5.569391870251696,0.18337891650934418,1.3212070905724813,9.87376695720727
Random85
Raw:-1.0976683432963028,1.8235462516964724,1.1713493419701289,2.1874227662709465,2.682849913879071,0.40831431705933924,-5.5693918702516925,0.1833789165093428,1.3212070905724804,9.87376695720727
EFT:-1.0976683432963033,1.8235462516964727,1.1713493419701289,2.187422766270947,2.6828499138790693,0.40831431705933896,-5.569391870251696,0.18337891650934418,1.3212070905724813,9.87376695720727
Random86
Raw:-1.0976683432963017,1.8235462516964716,1.1713493419701297,2.187422766270948,2.6828499138790693,0.4083143170593404,-5.5693918702516925,0.18337891650934235,1.3212070905724818,9.87376695720727
EFT:-1.0976683432963033,1.8235462516964727,1.1713493419701289,2.187422766270947,2.6828499138790693,0.40831431705933896,-5.569391870251696,0.18337891650934418,1.3212070905724813,9.87376695720727
Random87
Raw:-1.097668343296304,1.8235462516964724,1.1713493419701277,2.1874227662709465,2.6828499138790707,0.4083143170593393,-5.569391870251692,0.18337891650934257,1.3212070905724813,9.873766957207268
EFT:-1.0976683432963033,1.8235462516964727,1.1713493419701289,2.187422766270947,2.6828499138790693,0.40831431705933896,-5.569391870251696,0.18337891650934418,1.3212070905724813,9.87376695720727
Random88
Raw:-1.097668343296302,1.823546251696471,1.1713493419701302,2.1874227662709482,2.6828499138790716,0.4083143170593406,-5.5693918702516925,0.1833789165093449,1.3212070905724815,9.87376695720727
EFT:-1.097668343296303,1.8235462516964727,1.1713493419701289,2.187422766270947,2.6828499138790693,0.40831431705933896,-5.569391870251696,0.18337891650934418,1.3212070905724813,9.87376695720727
Random89
Raw:-1.097668343296304,1.8235462516964729,1.171349341970128,2.1874227662709447,2.6828499138790716,0.40831431705933774,-5.569391870251695,0.18337891650934424,1.3212070905724804,9.87376695720727
EFT:-1.0976683432963033,1.8235462516964727,1.1713493419701289,2.187422766270947,2.6828499138790693,0.40831431705933896,-5.569391870251696,0.18337891650934418,1.3212070905724813,9.87376695720727
Random90
Raw:-1.097668343296304,1.8235462516964729,1.1713493419701284,2.1874227662709447,2.682849913879074,0.4083143170593386,-5.569391870251692,0.18337891650934346,1.3212070905724793,9.87376695720727
EFT:-1.0976683432963035,1.8235462516964727,1.1713493419701289,2.187422766270947,2.6828499138790693,0.40831431705933896,-5.569391870251696,0.18337891650934418,1.3212070905724813,9.87376695720727
Random91
Raw:-1.0976683432963026,1.8235462516964724,1.1713493419701295,2.187422766270947,2.682849913879072,0.4083143170593395,-5.569391870251692,0.18337891650934313,1.3212070905724804,9.873766957207271
EFT:-1.0976683432963033,1.8235462516964727,1.1713493419701289,2.187422766270947,2.6828499138790693,0.40831431705933896,-5.569391870251696,0.18337891650934418,1.3212070905724813,9.87376695720727
Random92
Raw:-1.0976683432963035,1.823546251696472,1.1713493419701289,2.187422766270947,2.6828499138790685,0.40831431705933907,-5.569391870251696,0.18337891650934357,1.3212070905724824,9.873766957207271
EFT:-1.0976683432963033,1.8235462516964727,1.1713493419701289,2.187422766270947,2.6828499138790693,0.40831431705933896,-5.569391870251696,0.18337891650934418,1.3212070905724813,9.87376695720727
Random93
Raw:-1.0976683432963033,1.8235462516964729,1.1713493419701289,2.187422766270946,2.6828499138790702,0.4083143170593385,-5.569391870251696,0.1833789165093438,1.3212070905724806,9.87376695720727
EFT:-1.0976683432963033,1.8235462516964727,1.1713493419701289,2.187422766270947,2.6828499138790693,0.40831431705933896,-5.569391870251696,0.18337891650934418,1.3212070905724813,9.87376695720727
Random94
Raw:-1.097668343296304,1.8235462516964729,1.1713493419701289,2.187422766270945,2.682849913879073,0.4083143170593382,-5.569391870251698,0.183378916509346,1.3212070905724793,9.87376695720727
EFT:-1.0976683432963033,1.8235462516964727,1.1713493419701289,2.1874227662709465,2.6828499138790693,0.40831431705933896,-5.569391870251696,0.18337891650934418,1.3212070905724813,9.87376695720727
Random95
Raw:-1.0976683432963021,1.8235462516964716,1.1713493419701282,2.1874227662709465,2.6828499138790654,0.4083143170593374,-5.569391870251695,0.1833789165093428,1.3212070905724813,9.873766957207264
EFT:-1.0976683432963035,1.8235462516964727,1.1713493419701289,2.187422766270947,2.6828499138790693,0.40831431705933896,-5.569391870251696,0.18337891650934418,1.3212070905724813,9.87376695720727
Random96
Raw:-1.0976683432963041,1.8235462516964733,1.1713493419701277,2.187422766270945,2.68284991387907,0.40831431705933774,-5.569391870251698,0.1833789165093448,1.3212070905724802,9.873766957207268
EFT:-1.0976683432963033,1.8235462516964727,1.1713493419701289,2.187422766270947,2.6828499138790693,0.40831431705933896,-5.569391870251696,0.18337891650934418,1.3212070905724813,9.87376695720727
Random97
Raw:-1.0976683432963044,1.8235462516964729,1.1713493419701275,2.187422766270945,2.68284991387907,0.40831431705933774,-5.569391870251699,0.18337891650934468,1.32120709057248,9.873766957207268
EFT:-1.097668343296303,1.8235462516964727,1.1713493419701289,2.187422766270947,2.6828499138790693,0.40831431705933896,-5.569391870251696,0.18337891650934418,1.3212070905724813,9.87376695720727
Random98
Raw:-1.0976683432963026,1.823546251696472,1.1713493419701289,2.187422766270948,2.6828499138790685,0.40831431705933885,-5.569391870251697,0.18337891650934357,1.3212070905724829,9.87376695720727
EFT:-1.0976683432963035,1.8235462516964727,1.1713493419701289,2.1874227662709465,2.6828499138790693,0.40831431705933896,-5.569391870251696,0.18337891650934418,1.3212070905724813,9.87376695720727
Random99
Raw:-1.0976683432963017,1.8235462516964702,1.1713493419701295,2.1874227662709496,2.6828499138790685,0.40831431705934174,-5.569391870251691,0.18337891650934224,1.3212070905724842,9.873766957207268
EFT:-1.0976683432963033,1.8235462516964727,1.1713493419701289,2.187422766270947,2.6828499138790693,0.40831431705933896,-5.569391870251696,0.18337891650934418,1.3212070905724813,9.87376695720727
Random100
Raw:-1.0976683432963046,1.8235462516964738,1.1713493419701277,2.1874227662709456,2.682849913879073,0.40831431705933957,-5.569391870251695,0.18337891650934468,1.3212070905724798,9.87376695720727
EFT:-1.0976683432963035,1.8235462516964727,1.1713493419701289,2.187422766270947,2.6828499138790693,0.40831431705933896,-5.569391870251696,0.18337891650934418,1.3212070905724813,9.87376695720727
Random101
Raw:-1.0976683432963041,1.8235462516964729,1.1713493419701289,2.187422766270946,2.682849913879071,0.40831431705933796,-5.569391870251698,0.18337891650934512,1.3212070905724813,9.87376695720727
EFT:-1.0976683432963033,1.8235462516964727,1.1713493419701289,2.187422766270947,2.6828499138790693,0.40831431705933896,-5.569391870251696,0.18337891650934418,1.3212070905724813,9.87376695720727
Random102
Raw:-1.0976683432963026,1.823546251696472,1.1713493419701284,2.187422766270946,2.6828499138790707,0.4083143170593386,-5.5693918702516925,0.18337891650934268,1.3212070905724804,9.873766957207266
EFT:-1.0976683432963033,1.8235462516964727,1.1713493419701289,2.187422766270947,2.6828499138790693,0.40831431705933896,-5.569391870251696,0.18337891650934418,1.3212070905724813,9.87376695720727
Random103
Raw:-1.0976683432963044,1.8235462516964738,1.171349341970127,2.1874227662709447,2.682849913879073,0.40831431705933874,-5.569391870251694,0.18337891650934335,1.3212070905724795,9.873766957207266
EFT:-1.0976683432963033,1.8235462516964727,1.1713493419701289,2.187422766270947,2.6828499138790693,0.40831431705933896,-5.569391870251696,0.18337891650934418,1.3212070905724813,9.87376695720727
Random104
Raw:-1.0976683432963028,1.8235462516964729,1.1713493419701289,2.1874227662709447,2.68284991387907,0.4083143170593379,-5.569391870251695,0.18337891650934435,1.3212070905724786,9.873766957207268
EFT:-1.0976683432963033,1.8235462516964727,1.1713493419701289,2.187422766270947,2.6828499138790693,0.40831431705933896,-5.569391870251696,0.18337891650934418,1.3212070905724813,9.87376695720727
Random105
Raw:-1.0976683432963033,1.8235462516964724,1.171349341970128,2.1874227662709456,2.6828499138790693,0.40831431705933774,-5.569391870251695,0.18337891650934335,1.3212070905724806,9.873766957207266
EFT:-1.0976683432963033,1.8235462516964727,1.1713493419701289,2.187422766270947,2.6828499138790693,0.40831431705933896,-5.569391870251696,0.18337891650934418,1.3212070905724813,9.87376695720727
Random106
Raw:-1.0976683432963008,1.823546251696471,1.17134934197013,2.187422766270947,2.6828499138790685,0.408314317059339,-5.5693918702516925,0.1833789165093429,1.3212070905724806,9.873766957207268
EFT:-1.0976683432963033,1.8235462516964727,1.1713493419701289,2.187422766270947,2.6828499138790693,0.40831431705933896,-5.569391870251696,0.18337891650934418,1.3212070905724813,9.87376695720727
Random107
Raw:-1.0976683432963061,1.8235462516964742,1.171349341970127,2.1874227662709442,2.682849913879077,0.4083143170593389,-5.569391870251694,0.18337891650934424,1.3212070905724795,9.873766957207268
EFT:-1.0976683432963033,1.8235462516964727,1.1713493419701289,2.187422766270947,2.6828499138790693,0.40831431705933896,-5.569391870251696,0.18337891650934418,1.3212070905724813,9.87376695720727
Random108
Raw:-1.0976683432963033,1.8235462516964733,1.171349341970129,2.187422766270946,2.682849913879071,0.40831431705933974,-5.569391870251694,0.18337891650934435,1.321207090572481,9.873766957207271
EFT:-1.0976683432963033,1.8235462516964727,1.1713493419701289,2.187422766270947,2.6828499138790693,0.40831431705933896,-5.569391870251696,0.18337891650934418,1.3212070905724813,9.87376695720727
Random109
Raw:-1.0976683432963024,1.8235462516964724,1.1713493419701293,2.187422766270947,2.6828499138790716,0.40831431705933907,-5.569391870251695,0.18337891650934512,1.3212070905724795,9.87376695720727
EFT:-1.0976683432963033,1.8235462516964727,1.1713493419701289,2.187422766270947,2.6828499138790693,0.40831431705933896,-5.569391870251696,0.18337891650934418,1.3212070905724813,9.87376695720727
Random110
Raw:-1.097668343296304,1.8235462516964738,1.1713493419701277,2.187422766270945,2.6828499138790693,0.4083143170593373,-5.569391870251699,0.1833789165093458,1.3212070905724798,9.873766957207268
EFT:-1.0976683432963033,1.8235462516964727,1.1713493419701289,2.187422766270947,2.6828499138790693,0.40831431705933896,-5.569391870251696,0.18337891650934418,1.3212070905724813,9.87376695720727
Random111
Raw:-1.097668343296303,1.8235462516964729,1.1713493419701289,2.1874227662709465,2.682849913879072,0.40831431705933996,-5.569391870251696,0.183378916509346,1.3212070905724802,9.87376695720727
EFT:-1.0976683432963033,1.8235462516964727,1.1713493419701289,2.1874227662709465,2.6828499138790693,0.40831431705933896,-5.569391870251696,0.18337891650934418,1.3212070905724813,9.87376695720727
Random112
Raw:-1.0976683432963035,1.8235462516964724,1.171349341970128,2.1874227662709465,2.6828499138790702,0.4083143170593395,-5.569391870251695,0.18337891650934401,1.3212070905724809,9.873766957207268
EFT:-1.0976683432963033,1.8235462516964727,1.1713493419701289,2.187422766270947,2.6828499138790693,0.40831431705933896,-5.569391870251696,0.18337891650934418,1.3212070905724813,9.87376695720727
Random113
Raw:-1.0976683432963035,1.8235462516964729,1.171349341970128,2.1874227662709456,2.68284991387907,0.4083143170593384,-5.569391870251693,0.1833789165093428,1.3212070905724809,9.873766957207268
EFT:-1.0976683432963033,1.8235462516964727,1.1713493419701289,2.187422766270947,2.6828499138790693,0.40831431705933896,-5.569391870251696,0.18337891650934418,1.3212070905724813,9.87376695720727
Random114
Raw:-1.0976683432963044,1.8235462516964738,1.171349341970128,2.1874227662709456,2.682849913879072,0.40831431705933835,-5.569391870251699,0.18337891650934512,1.321207090572481,9.87376695720727
EFT:-1.0976683432963033,1.8235462516964727,1.1713493419701289,2.1874227662709465,2.6828499138790693,0.40831431705933896,-5.569391870251696,0.18337891650934418,1.3212070905724813,9.87376695720727
Random115
Raw:-1.0976683432963015,1.823546251696471,1.171349341970129,2.1874227662709482,2.6828499138790667,0.40831431705934024,-5.569391870251694,0.18337891650934335,1.3212070905724826,9.873766957207268
EFT:-1.0976683432963035,1.8235462516964727,1.1713493419701289,2.187422766270947,2.6828499138790693,0.40831431705933896,-5.569391870251696,0.18337891650934418,1.3212070905724813,9.87376695720727
Random116
Raw:-1.097668343296302,1.823546251696471,1.1713493419701306,2.187422766270947,2.68284991387907,0.4083143170593382,-5.569391870251696,0.18337891650934535,1.32120709057248,9.87376695720727
EFT:-1.0976683432963033,1.8235462516964727,1.1713493419701289,2.1874227662709465,2.6828499138790693,0.40831431705933896,-5.569391870251696,0.18337891650934418,1.3212070905724813,9.87376695720727
Random117
Raw:-1.097668343296304,1.8235462516964733,1.1713493419701286,2.187422766270946,2.6828499138790716,0.4083143170593387,-5.569391870251695,0.1833789165093438,1.3212070905724802,9.87376695720727
EFT:-1.0976683432963033,1.8235462516964727,1.1713493419701289,2.187422766270947,2.6828499138790693,0.40831431705933896,-5.569391870251696,0.18337891650934418,1.3212070905724813,9.87376695720727
Random118
Raw:-1.097668343296303,1.8235462516964716,1.1713493419701293,2.1874227662709482,2.682849913879069,0.4083143170593395,-5.569391870251697,0.18337891650934424,1.3212070905724826,9.87376695720727
EFT:-1.0976683432963033,1.8235462516964727,1.1713493419701289,2.187422766270947,2.6828499138790693,0.40831431705933896,-5.569391870251696,0.18337891650934418,1.3212070905724813,9.87376695720727
Random119
Raw:-1.0976683432963044,1.8235462516964733,1.1713493419701282,2.187422766270947,2.682849913879072,0.40831431705933996,-5.569391870251695,0.18337891650934413,1.321207090572481,9.87376695720727
EFT:-1.0976683432963033,1.8235462516964727,1.1713493419701289,2.187422766270947,2.6828499138790693,0.40831431705933896,-5.569391870251696,0.18337891650934418,1.3212070905724813,9.87376695720727
Random120
Raw:-1.0976683432963033,1.8235462516964724,1.171349341970129,2.187422766270948,2.6828499138790693,0.40831431705934,-5.569391870251696,0.18337891650934424,1.3212070905724815,9.87376695720727
EFT:-1.0976683432963033,1.8235462516964727,1.1713493419701289,2.187422766270947,2.6828499138790693,0.40831431705933896,-5.569391870251696,0.18337891650934418,1.3212070905724813,9.87376695720727
Random121
Raw:-1.0976683432963035,1.8235462516964733,1.1713493419701293,2.187422766270947,2.6828499138790725,0.40831431705933974,-5.569391870251695,0.18337891650934468,1.3212070905724809,9.873766957207271
EFT:-1.0976683432963033,1.8235462516964727,1.1713493419701289,2.187422766270947,2.6828499138790693,0.40831431705933896,-5.569391870251696,0.18337891650934418,1.3212070905724813,9.87376695720727
Random122
Raw:-1.097668343296305,1.8235462516964738,1.1713493419701266,2.1874227662709442,2.6828499138790693,0.40831431705933624,-5.5693918702517,0.18337891650934313,1.3212070905724806,9.873766957207268
EFT:-1.0976683432963033,1.8235462516964727,1.1713493419701289,2.1874227662709465,2.6828499138790693,0.40831431705933896,-5.569391870251696,0.18337891650934418,1.3212070905724813,9.87376695720727
Random123
Raw:-1.0976683432963037,1.8235462516964724,1.1713493419701284,2.187422766270948,2.68284991387907,0.40831431705934,-5.569391870251696,0.18337891650934457,1.3212070905724815,9.87376695720727
EFT:-1.097668343296303,1.8235462516964727,1.1713493419701289,2.187422766270947,2.6828499138790693,0.40831431705933896,-5.569391870251696,0.18337891650934418,1.3212070905724813,9.87376695720727
Random124
Raw:-1.097668343296303,1.8235462516964729,1.171349341970129,2.1874227662709456,2.682849913879069,0.4083143170593373,-5.5693918702517,0.18337891650934646,1.3212070905724802,9.873766957207268
EFT:-1.0976683432963033,1.8235462516964727,1.1713493419701289,2.187422766270947,2.6828499138790693,0.40831431705933896,-5.569391870251696,0.18337891650934418,1.3212070905724813,9.87376695720727
Random125
Raw:-1.0976683432963021,1.8235462516964724,1.1713493419701289,2.187422766270948,2.682849913879069,0.4083143170593407,-5.56939187025169,0.18337891650934157,1.3212070905724815,9.873766957207268
EFT:-1.097668343296303,1.8235462516964727,1.1713493419701289,2.187422766270947,2.6828499138790693,0.40831431705933896,-5.569391870251696,0.18337891650934418,1.3212070905724813,9.87376695720727
Random126
Raw:-1.0976683432963037,1.8235462516964729,1.1713493419701284,2.1874227662709456,2.68284991387907,0.40831431705933824,-5.569391870251695,0.18337891650934446,1.32120709057248,9.873766957207268
EFT:-1.0976683432963033,1.8235462516964727,1.1713493419701289,2.187422766270947,2.6828499138790693,0.40831431705933896,-5.569391870251696,0.18337891650934418,1.3212070905724813,9.87376695720727
Random127
Raw:-1.097668343296302,1.8235462516964716,1.1713493419701302,2.187422766270948,2.6828499138790693,0.4083143170593397,-5.569391870251695,0.18337891650934424,1.3212070905724813,9.87376695720727
EFT:-1.0976683432963033,1.8235462516964727,1.1713493419701289,2.187422766270947,2.6828499138790693,0.40831431705933896,-5.569391870251696,0.18337891650934418,1.3212070905724813,9.87376695720727
Random128
Raw:-1.097668343296303,1.8235462516964724,1.1713493419701289,2.187422766270947,2.6828499138790685,0.4083143170593383,-5.569391870251696,0.18337891650934424,1.321207090572482,9.87376695720727
EFT:-1.0976683432963033,1.8235462516964727,1.1713493419701289,2.1874227662709465,2.6828499138790693,0.40831431705933896,-5.569391870251696,0.18337891650934418,1.3212070905724813,9.87376695720727
Random129
Raw:-1.0976683432963048,1.8235462516964742,1.1713493419701262,2.1874227662709433,2.6828499138790707,0.4083143170593371,-5.569391870251696,0.18337891650934302,1.3212070905724793,9.873766957207266
EFT:-1.0976683432963033,1.8235462516964727,1.1713493419701289,2.187422766270947,2.6828499138790693,0.40831431705933896,-5.569391870251696,0.18337891650934418,1.3212070905724813,9.87376695720727
Random130
Raw:-1.0976683432963041,1.8235462516964733,1.1713493419701284,2.187422766270946,2.6828499138790733,0.40831431705933985,-5.569391870251697,0.1833789165093458,1.3212070905724802,9.87376695720727
EFT:-1.0976683432963033,1.8235462516964727,1.1713493419701289,2.1874227662709465,2.6828499138790693,0.40831431705933896,-5.569391870251696,0.18337891650934418,1.3212070905724813,9.87376695720727
Random131
Raw:-1.0976683432963033,1.8235462516964724,1.1713493419701286,2.187422766270946,2.6828499138790685,0.40831431705933796,-5.569391870251696,0.1833789165093439,1.321207090572482,9.873766957207268
EFT:-1.097668343296303,1.8235462516964727,1.1713493419701289,2.187422766270947,2.6828499138790693,0.40831431705933896,-5.569391870251696,0.18337891650934418,1.3212070905724813,9.87376695720727
Random132
Raw:-1.0976683432963021,1.8235462516964729,1.1713493419701289,2.187422766270947,2.6828499138790685,0.40831431705933907,-5.5693918702516925,0.18337891650934246,1.3212070905724809,9.87376695720727
EFT:-1.0976683432963033,1.8235462516964727,1.1713493419701289,2.187422766270947,2.6828499138790693,0.40831431705933896,-5.569391870251696,0.18337891650934418,1.3212070905724813,9.87376695720727
Random133
Raw:-1.0976683432963033,1.8235462516964724,1.1713493419701277,2.1874227662709465,2.6828499138790676,0.4083143170593386,-5.569391870251696,0.1833789165093438,1.3212070905724824,9.873766957207266
EFT:-1.0976683432963033,1.8235462516964727,1.1713493419701289,2.187422766270947,2.6828499138790693,0.40831431705933896,-5.569391870251696,0.18337891650934418,1.3212070905724813,9.87376695720727
Random134
Raw:-1.0976683432963048,1.8235462516964738,1.1713493419701262,2.187422766270946,2.6828499138790676,0.40831431705933896,-5.569391870251699,0.18337891650934446,1.321207090572482,9.873766957207268
EFT:-1.0976683432963033,1.8235462516964727,1.1713493419701289,2.1874227662709465,2.6828499138790693,0.40831431705933896,-5.569391870251696,0.18337891650934418,1.3212070905724813,9.87376695720727
Random135
Raw:-1.0976683432963024,1.8235462516964716,1.1713493419701295,2.1874227662709482,2.682849913879072,0.40831431705934046,-5.5693918702516925,0.18337891650934302,1.3212070905724818,9.873766957207268
EFT:-1.0976683432963033,1.8235462516964727,1.1713493419701289,2.187422766270947,2.6828499138790693,0.40831431705933896,-5.569391870251696,0.18337891650934418,1.3212070905724813,9.87376695720727
Random136
Raw:-1.0976683432963024,1.8235462516964716,1.1713493419701284,2.187422766270946,2.6828499138790685,0.4083143170593376,-5.5693918702516925,0.1833789165093409,1.321207090572481,9.873766957207268
EFT:-1.0976683432963033,1.8235462516964727,1.1713493419701289,2.187422766270947,2.6828499138790693,0.40831431705933896,-5.569391870251696,0.18337891650934418,1.3212070905724813,9.87376695720727
Random137
Raw:-1.0976683432963052,1.823546251696475,1.1713493419701275,2.187422766270944,2.682849913879073,0.40831431705933713,-5.569391870251698,0.183378916509346,1.3212070905724782,9.87376695720727
EFT:-1.0976683432963035,1.8235462516964727,1.1713493419701289,2.187422766270947,2.6828499138790693,0.40831431705933896,-5.569391870251696,0.18337891650934418,1.3212070905724813,9.87376695720727
Random138
Raw:-1.0976683432963015,1.823546251696472,1.1713493419701295,2.187422766270948,2.68284991387907,0.40831431705933996,-5.5693918702516925,0.1833789165093418,1.3212070905724815,9.873766957207271
EFT:-1.0976683432963033,1.8235462516964727,1.1713493419701289,2.187422766270947,2.6828499138790693,0.40831431705933896,-5.569391870251696,0.18337891650934418,1.3212070905724813,9.87376695720727
Random139
Raw:-1.0976683432963024,1.8235462516964716,1.1713493419701297,2.187422766270949,2.682849913879068,0.40831431705933974,-5.569391870251697,0.18337891650934424,1.321207090572483,9.87376695720727
EFT:-1.0976683432963033,1.8235462516964727,1.1713493419701289,2.187422766270947,2.6828499138790693,0.40831431705933896,-5.569391870251696,0.18337891650934418,1.3212070905724813,9.87376695720727
Random140
Raw:-1.0976683432963004,1.8235462516964702,1.171349341970131,2.187422766270949,2.682849913879068,0.40831431705934085,-5.56939187025169,0.18337891650934157,1.3212070905724826,9.87376695720727
EFT:-1.097668343296303,1.8235462516964727,1.1713493419701289,2.187422766270947,2.6828499138790693,0.40831431705933896,-5.569391870251696,0.18337891650934418,1.3212070905724813,9.87376695720727
Random141
Raw:-1.0976683432963048,1.8235462516964729,1.1713493419701266,2.187422766270946,2.682849913879072,0.40831431705934,-5.5693918702516925,0.18337891650934246,1.3212070905724809,9.873766957207266
EFT:-1.0976683432963033,1.8235462516964727,1.1713493419701289,2.187422766270947,2.6828499138790693,0.40831431705933896,-5.569391870251696,0.18337891650934418,1.3212070905724813,9.87376695720727
Random142
Raw:-1.0976683432963041,1.8235462516964729,1.1713493419701289,2.187422766270947,2.6828499138790747,0.4083143170593413,-5.569391870251693,0.18337891650934424,1.3212070905724806,9.873766957207271
EFT:-1.097668343296303,1.8235462516964727,1.1713493419701289,2.187422766270947,2.6828499138790693,0.40831431705933896,-5.569391870251696,0.18337891650934418,1.3212070905724813,9.87376695720727
Random143
Raw:-1.0976683432963028,1.8235462516964724,1.1713493419701282,2.1874227662709456,2.682849913879069,0.408314317059337,-5.569391870251696,0.18337891650934335,1.321207090572481,9.873766957207266
EFT:-1.0976683432963033,1.8235462516964727,1.1713493419701289,2.187422766270947,2.6828499138790693,0.40831431705933896,-5.569391870251696,0.18337891650934418,1.3212070905724813,9.87376695720727
Random144
Raw:-1.0976683432963055,1.8235462516964738,1.1713493419701269,2.187422766270944,2.682849913879074,0.4083143170593375,-5.569391870251696,0.18337891650934468,1.321207090572479,9.87376695720727
EFT:-1.0976683432963033,1.8235462516964727,1.1713493419701289,2.187422766270947,2.6828499138790693,0.40831431705933896,-5.569391870251696,0.18337891650934418,1.3212070905724813,9.87376695720727
Random145
Raw:-1.0976683432963046,1.8235462516964742,1.1713493419701277,2.187422766270945,2.682849913879072,0.4083143170593382,-5.569391870251695,0.18337891650934335,1.3212070905724804,9.87376695720727
EFT:-1.0976683432963033,1.8235462516964727,1.1713493419701289,2.1874227662709465,2.6828499138790693,0.40831431705933896,-5.569391870251696,0.18337891650934418,1.3212070905724813,9.87376695720727
Random146
Raw:-1.097668343296304,1.8235462516964738,1.1713493419701286,2.187422766270945,2.6828499138790716,0.4083143170593382,-5.569391870251697,0.18337891650934435,1.32120709057248,9.87376695720727
EFT:-1.0976683432963033,1.8235462516964727,1.1713493419701289,2.1874227662709465,2.6828499138790693,0.40831431705933896,-5.569391870251696,0.18337891650934418,1.3212070905724813,9.87376695720727
Random147
Raw:-1.0976683432963048,1.8235462516964738,1.1713493419701275,2.1874227662709442,2.682849913879073,0.40831431705933885,-5.569391870251698,0.18337891650934468,1.3212070905724793,9.87376695720727
EFT:-1.0976683432963033,1.8235462516964727,1.1713493419701289,2.187422766270947,2.6828499138790693,0.40831431705933896,-5.569391870251696,0.18337891650934418,1.3212070905724813,9.87376695720727
Random148
Raw:-1.0976683432963026,1.8235462516964724,1.1713493419701297,2.1874227662709487,2.682849913879069,0.4083143170593405,-5.569391870251698,0.183378916509346,1.3212070905724822,9.873766957207273
EFT:-1.097668343296303,1.8235462516964727,1.1713493419701289,2.187422766270947,2.6828499138790693,0.40831431705933896,-5.569391870251696,0.18337891650934418,1.3212070905724813,9.87376695720727
Random149
Raw:-1.0976683432963028,1.823546251696472,1.1713493419701295,2.187422766270947,2.6828499138790693,0.4083143170593393,-5.569391870251696,0.1833789165093448,1.3212070905724818,9.87376695720727
EFT:-1.0976683432963033,1.8235462516964727,1.1713493419701289,2.187422766270947,2.6828499138790693,0.40831431705933896,-5.569391870251696,0.18337891650934418,1.3212070905724813,9.87376695720727
Random150
Raw:-1.097668343296303,1.8235462516964724,1.1713493419701293,2.1874227662709473,2.68284991387907,0.4083143170593398,-5.569391870251696,0.183378916509345,1.3212070905724813,9.873766957207268
EFT:-1.0976683432963033,1.8235462516964727,1.1713493419701289,2.187422766270947,2.6828499138790693,0.40831431705933896,-5.569391870251696,0.18337891650934418,1.3212070905724813,9.87376695720727
Random151
Raw:-1.097668343296303,1.8235462516964724,1.1713493419701289,2.1874227662709465,2.6828499138790702,0.4083143170593395,-5.569391870251695,0.183378916509345,1.3212070905724806,9.87376695720727
EFT:-1.0976683432963033,1.8235462516964727,1.1713493419701289,2.187422766270947,2.6828499138790693,0.40831431705933896,-5.569391870251696,0.18337891650934418,1.3212070905724813,9.87376695720727
Random152
Raw:-1.097668343296302,1.823546251696472,1.1713493419701293,2.187422766270948,2.682849913879069,0.40831431705934057,-5.56939187025169,0.1833789165093418,1.3212070905724813,9.873766957207268
EFT:-1.0976683432963033,1.8235462516964727,1.1713493419701289,2.187422766270947,2.6828499138790693,0.40831431705933896,-5.569391870251696,0.18337891650934418,1.3212070905724813,9.87376695720727
Random153
Raw:-1.0976683432963017,1.823546251696471,1.1713493419701302,2.187422766270948,2.68284991387907,0.4083143170593404,-5.569391870251693,0.18337891650934313,1.3212070905724818,9.87376695720727
EFT:-1.0976683432963033,1.8235462516964727,1.1713493419701289,2.187422766270947,2.6828499138790693,0.40831431705933896,-5.569391870251696,0.18337891650934418,1.3212070905724813,9.87376695720727
Random154
Raw:-1.0976683432963026,1.823546251696471,1.1713493419701289,2.187422766270947,2.68284991387907,0.40831431705933974,-5.569391870251691,0.18337891650934213,1.321207090572481,9.873766957207268
EFT:-1.0976683432963033,1.8235462516964727,1.1713493419701289,2.187422766270947,2.6828499138790693,0.40831431705933896,-5.569391870251696,0.18337891650934418,1.3212070905724813,9.87376695720727
Random155
Raw:-1.097668343296304,1.8235462516964742,1.1713493419701266,2.187422766270944,2.6828499138790733,0.408314317059338,-5.56939187025169,0.18337891650934113,1.3212070905724786,9.873766957207268
EFT:-1.0976683432963033,1.8235462516964727,1.1713493419701289,2.1874227662709465,2.6828499138790693,0.40831431705933896,-5.569391870251696,0.18337891650934418,1.3212070905724813,9.87376695720727
Random156
Raw:-1.097668343296303,1.8235462516964724,1.1713493419701289,2.1874227662709487,2.6828499138790707,0.4083143170593407,-5.569391870251695,0.18337891650934335,1.3212070905724822,9.87376695720727
EFT:-1.0976683432963033,1.8235462516964727,1.1713493419701289,2.187422766270947,2.6828499138790693,0.40831431705933896,-5.569391870251696,0.18337891650934418,1.3212070905724813,9.87376695720727
Random157
Raw:-1.0976683432963026,1.823546251696472,1.171349341970129,2.187422766270948,2.6828499138790685,0.40831431705933896,-5.569391870251697,0.18337891650934401,1.3212070905724826,9.87376695720727
EFT:-1.0976683432963033,1.8235462516964727,1.1713493419701289,2.1874227662709465,2.6828499138790693,0.40831431705933896,-5.569391870251696,0.18337891650934418,1.3212070905724813,9.87376695720727
Random158
Raw:-1.097668343296304,1.8235462516964733,1.1713493419701284,2.1874227662709456,2.6828499138790725,0.4083143170593395,-5.569391870251694,0.18337891650934368,1.32120709057248,9.87376695720727
EFT:-1.0976683432963035,1.8235462516964727,1.1713493419701289,2.1874227662709465,2.6828499138790693,0.40831431705933896,-5.569391870251696,0.18337891650934418,1.3212070905724813,9.87376695720727
Random159
Raw:-1.0976683432963052,1.8235462516964747,1.171349341970128,2.187422766270945,2.6828499138790756,0.4083143170593404,-5.569391870251693,0.18337891650934468,1.321207090572479,9.873766957207273
EFT:-1.097668343296303,1.8235462516964727,1.1713493419701289,2.187422766270947,2.6828499138790693,0.40831431705933896,-5.569391870251696,0.18337891650934418,1.3212070905724813,9.87376695720727
Random160
Raw:-1.0976683432963028,1.8235462516964729,1.1713493419701289,2.1874227662709465,2.6828499138790693,0.4083143170593385,-5.569391870251696,0.18337891650934401,1.321207090572481,9.873766957207268
EFT:-1.0976683432963035,1.8235462516964727,1.1713493419701289,2.1874227662709465,2.6828499138790693,0.40831431705933896,-5.569391870251696,0.18337891650934418,1.3212070905724813,9.87376695720727
Random161
Raw:-1.097668343296305,1.8235462516964738,1.1713493419701269,2.187422766270946,2.6828499138790725,0.4083143170593398,-5.569391870251695,0.18337891650934435,1.3212070905724809,9.87376695720727
EFT:-1.0976683432963035,1.8235462516964727,1.1713493419701289,2.187422766270947,2.6828499138790693,0.40831431705933896,-5.569391870251696,0.18337891650934418,1.3212070905724813,9.87376695720727
Random162
Raw:-1.097668343296303,1.823546251696472,1.171349341970128,2.187422766270947,2.6828499138790693,0.4083143170593393,-5.569391870251693,0.18337891650934268,1.321207090572481,9.873766957207266
EFT:-1.0976683432963033,1.8235462516964727,1.1713493419701289,2.187422766270947,2.6828499138790693,0.40831431705933896,-5.569391870251696,0.18337891650934418,1.3212070905724813,9.87376695720727
Random163
Raw:-1.0976683432963037,1.8235462516964738,1.1713493419701275,2.1874227662709456,2.682849913879071,0.40831431705933996,-5.5693918702516925,0.18337891650934246,1.3212070905724804,9.87376695720727
EFT:-1.0976683432963033,1.8235462516964727,1.1713493419701289,2.187422766270947,2.6828499138790693,0.40831431705933896,-5.569391870251696,0.18337891650934418,1.3212070905724813,9.87376695720727
Random164
Raw:-1.0976683432963037,1.8235462516964742,1.1713493419701275,2.187422766270945,2.682849913879071,0.40831431705933885,-5.569391870251694,0.18337891650934468,1.3212070905724798,9.87376695720727
EFT:-1.0976683432963033,1.8235462516964727,1.1713493419701289,2.1874227662709465,2.6828499138790693,0.40831431705933896,-5.569391870251696,0.18337891650934418,1.3212070905724813,9.87376695720727
Random165
Raw:-1.0976683432963021,1.823546251696472,1.1713493419701284,2.187422766270947,2.6828499138790685,0.4083143170593386,-5.569391870251694,0.18337891650934357,1.321207090572481,9.873766957207266
EFT:-1.097668343296303,1.8235462516964727,1.1713493419701289,2.187422766270947,2.6828499138790693,0.40831431705933896,-5.569391870251696,0.18337891650934418,1.3212070905724813,9.87376695720727
Random166
Raw:-1.097668343296302,1.8235462516964716,1.17134934197013,2.1874227662709482,2.682849913879071,0.4083143170593405,-5.5693918702516925,0.1833789165093438,1.3212070905724813,9.87376695720727
EFT:-1.0976683432963033,1.8235462516964727,1.1713493419701289,2.187422766270947,2.6828499138790693,0.40831431705933896,-5.569391870251696,0.18337891650934418,1.3212070905724813,9.87376695720727
Random167
Raw:-1.097668343296304,1.8235462516964733,1.1713493419701284,2.1874227662709456,2.682849913879072,0.4083143170593384,-5.569391870251695,0.1833789165093438,1.3212070905724804,9.87376695720727
EFT:-1.0976683432963033,1.8235462516964727,1.1713493419701289,2.187422766270947,2.6828499138790693,0.40831431705933896,-5.569391870251696,0.18337891650934418,1.3212070905724813,9.87376695720727
Random168
Raw:-1.097668343296302,1.823546251696471,1.1713493419701293,2.187422766270948,2.682849913879069,0.4083143170593404,-5.56939187025169,0.18337891650934146,1.3212070905724822,9.87376695720727
EFT:-1.097668343296303,1.8235462516964727,1.1713493419701289,2.187422766270947,2.6828499138790693,0.40831431705933896,-5.569391870251696,0.18337891650934418,1.3212070905724813,9.87376695720727
Random169
Raw:-1.0976683432963035,1.823546251696472,1.1713493419701289,2.187422766270947,2.68284991387907,0.4083143170593394,-5.569391870251695,0.18337891650934335,1.3212070905724815,9.87376695720727
EFT:-1.0976683432963033,1.8235462516964727,1.1713493419701289,2.187422766270947,2.6828499138790693,0.40831431705933896,-5.569391870251696,0.18337891650934418,1.3212070905724813,9.87376695720727
Random170
Raw:-1.0976683432963033,1.823546251696472,1.1713493419701286,2.187422766270947,2.6828499138790693,0.4083143170593397,-5.569391870251695,0.1833789165093438,1.3212070905724815,9.87376695720727
EFT:-1.0976683432963033,1.8235462516964727,1.1713493419701289,2.187422766270947,2.6828499138790693,0.40831431705933896,-5.569391870251696,0.18337891650934418,1.3212070905724813,9.87376695720727
Random171
Raw:-1.097668343296305,1.8235462516964756,1.1713493419701275,2.187422766270944,2.682849913879075,0.4083143170593384,-5.569391870251696,0.1833789165093458,1.3212070905724778,9.87376695720727
EFT:-1.0976683432963033,1.8235462516964727,1.1713493419701289,2.1874227662709465,2.6828499138790693,0.40831431705933896,-5.569391870251696,0.18337891650934418,1.3212070905724813,9.87376695720727
Random172
Raw:-1.0976683432963008,1.823546251696472,1.1713493419701304,2.1874227662709487,2.6828499138790676,0.4083143170593396,-5.569391870251696,0.1833789165093438,1.3212070905724815,9.87376695720727
EFT:-1.0976683432963033,1.8235462516964727,1.1713493419701289,2.187422766270947,2.6828499138790693,0.40831431705933896,-5.569391870251696,0.18337891650934418,1.3212070905724813,9.87376695720727
Random173
Raw:-1.0976683432963017,1.823546251696472,1.1713493419701302,2.187422766270948,2.6828499138790693,0.40831431705933907,-5.569391870251695,0.18337891650934346,1.3212070905724813,9.873766957207271
EFT:-1.0976683432963033,1.8235462516964727,1.1713493419701289,2.187422766270947,2.6828499138790693,0.40831431705933896,-5.569391870251696,0.18337891650934418,1.3212070905724813,9.87376695720727
Random174
Raw:-1.097668343296303,1.8235462516964738,1.1713493419701284,2.187422766270945,2.6828499138790756,0.40831431705934046,-5.569391870251691,0.18337891650934457,1.3212070905724786,9.87376695720727
EFT:-1.0976683432963033,1.8235462516964727,1.1713493419701289,2.187422766270947,2.6828499138790693,0.40831431705933896,-5.569391870251696,0.18337891650934418,1.3212070905724813,9.87376695720727
Random175
Raw:-1.0976683432963048,1.8235462516964733,1.1713493419701275,2.1874227662709442,2.6828499138790725,0.4083143170593373,-5.569391870251695,0.18337891650934424,1.3212070905724795,9.873766957207268
EFT:-1.0976683432963033,1.8235462516964727,1.1713493419701289,2.187422766270947,2.6828499138790693,0.40831431705933896,-5.569391870251696,0.18337891650934418,1.3212070905724813,9.87376695720727
Random176
Raw:-1.097668343296303,1.8235462516964729,1.1713493419701284,2.1874227662709473,2.6828499138790685,0.4083143170593395,-5.569391870251696,0.18337891650934424,1.3212070905724813,9.87376695720727
EFT:-1.0976683432963033,1.8235462516964727,1.1713493419701289,2.187422766270947,2.6828499138790693,0.40831431705933896,-5.569391870251696,0.18337891650934418,1.3212070905724813,9.87376695720727
Random177
Raw:-1.097668343296304,1.8235462516964729,1.1713493419701273,2.187422766270945,2.682849913879072,0.408314317059339,-5.5693918702516925,0.18337891650934313,1.3212070905724806,9.87376695720727
EFT:-1.0976683432963033,1.8235462516964727,1.1713493419701289,2.187422766270947,2.6828499138790693,0.40831431705933896,-5.569391870251696,0.18337891650934418,1.3212070905724813,9.87376695720727
Random178
Raw:-1.0976683432963037,1.8235462516964729,1.1713493419701282,2.187422766270945,2.6828499138790725,0.4083143170593388,-5.569391870251694,0.18337891650934357,1.3212070905724804,9.87376695720727
EFT:-1.0976683432963033,1.8235462516964727,1.1713493419701289,2.187422766270947,2.6828499138790693,0.40831431705933896,-5.569391870251696,0.18337891650934418,1.3212070905724813,9.87376695720727
Random179
Raw:-1.0976683432963026,1.8235462516964729,1.171349341970129,2.187422766270946,2.682849913879072,0.4083143170593395,-5.569391870251691,0.18337891650934268,1.3212070905724795,9.873766957207268
EFT:-1.0976683432963033,1.8235462516964727,1.1713493419701289,2.187422766270947,2.6828499138790693,0.40831431705933896,-5.569391870251696,0.18337891650934418,1.3212070905724813,9.87376695720727
Random180
Raw:-1.097668343296304,1.8235462516964729,1.1713493419701282,2.187422766270946,2.6828499138790733,0.4083143170593402,-5.5693918702516925,0.1833789165093438,1.3212070905724802,9.87376695720727
EFT:-1.0976683432963033,1.8235462516964727,1.1713493419701289,2.187422766270947,2.6828499138790693,0.40831431705933896,-5.569391870251696,0.18337891650934418,1.3212070905724813,9.87376695720727
Random181
Raw:-1.0976683432963015,1.823546251696471,1.17134934197013,2.187422766270948,2.682849913879068,0.4083143170593386,-5.569391870251695,0.1833789165093438,1.3212070905724815,9.873766957207268
EFT:-1.0976683432963033,1.8235462516964727,1.1713493419701289,2.187422766270947,2.6828499138790693,0.40831431705933896,-5.569391870251696,0.18337891650934418,1.3212070905724813,9.87376695720727
Random182
Raw:-1.0976683432963026,1.8235462516964724,1.171349341970129,2.187422766270947,2.682849913879071,0.40831431705933985,-5.5693918702516925,0.18337891650934324,1.321207090572481,9.87376695720727
EFT:-1.0976683432963033,1.8235462516964727,1.1713493419701289,2.187422766270947,2.6828499138790693,0.40831431705933896,-5.569391870251696,0.18337891650934418,1.3212070905724813,9.87376695720727
Random183
Raw:-1.0976683432963024,1.8235462516964716,1.1713493419701295,2.187422766270947,2.6828499138790685,0.4083143170593387,-5.569391870251693,0.18337891650934335,1.3212070905724806,9.87376695720727
EFT:-1.0976683432963033,1.8235462516964727,1.1713493419701289,2.187422766270947,2.6828499138790693,0.40831431705933896,-5.569391870251696,0.18337891650934418,1.3212070905724813,9.87376695720727
Random184
Raw:-1.0976683432963048,1.8235462516964738,1.171349341970127,2.187422766270945,2.682849913879071,0.40831431705933907,-5.569391870251695,0.18337891650934302,1.3212070905724806,9.873766957207268
EFT:-1.097668343296303,1.8235462516964727,1.1713493419701289,2.1874227662709465,2.6828499138790693,0.40831431705933896,-5.569391870251696,0.18337891650934418,1.3212070905724813,9.87376695720727
Random185
Raw:-1.0976683432963044,1.8235462516964733,1.171349341970128,2.187422766270946,2.682849913879072,0.4083143170593392,-5.569391870251694,0.18337891650934357,1.3212070905724806,9.87376695720727
EFT:-1.0976683432963033,1.8235462516964727,1.1713493419701289,2.187422766270947,2.6828499138790693,0.40831431705933896,-5.569391870251696,0.18337891650934418,1.3212070905724813,9.87376695720727
Random186
Raw:-1.0976683432963035,1.8235462516964729,1.171349341970129,2.1874227662709456,2.682849913879073,0.4083143170593386,-5.569391870251695,0.18337891650934535,1.3212070905724795,9.873766957207268
EFT:-1.0976683432963033,1.8235462516964727,1.1713493419701289,2.187422766270947,2.6828499138790693,0.40831431705933896,-5.569391870251696,0.18337891650934418,1.3212070905724813,9.87376695720727
Random187
Raw:-1.097668343296303,1.8235462516964729,1.1713493419701289,2.187422766270946,2.6828499138790716,0.4083143170593386,-5.569391870251696,0.18337891650934468,1.3212070905724795,9.873766957207268
EFT:-1.0976683432963033,1.8235462516964727,1.1713493419701289,2.1874227662709465,2.6828499138790693,0.40831431705933896,-5.569391870251696,0.18337891650934418,1.3212070905724813,9.87376695720727
Random188
Raw:-1.0976683432963033,1.823546251696472,1.1713493419701286,2.187422766270947,2.6828499138790716,0.4083143170593402,-5.5693918702516925,0.18337891650934302,1.3212070905724818,9.87376695720727
EFT:-1.0976683432963035,1.8235462516964727,1.1713493419701289,2.187422766270947,2.6828499138790693,0.40831431705933896,-5.569391870251696,0.18337891650934418,1.3212070905724813,9.87376695720727
Random189
Raw:-1.0976683432963033,1.823546251696472,1.171349341970129,2.1874227662709473,2.6828499138790693,0.40831431705933907,-5.569391870251698,0.18337891650934512,1.3212070905724813,9.87376695720727
EFT:-1.0976683432963033,1.8235462516964727,1.1713493419701289,2.187422766270947,2.6828499138790693,0.40831431705933896,-5.569391870251696,0.18337891650934418,1.3212070905724813,9.87376695720727
Random190
Raw:-1.0976683432963021,1.8235462516964724,1.1713493419701293,2.187422766270948,2.6828499138790693,0.4083143170593403,-5.5693918702516925,0.1833789165093429,1.3212070905724815,9.87376695720727
EFT:-1.0976683432963033,1.8235462516964727,1.1713493419701289,2.187422766270947,2.6828499138790693,0.40831431705933896,-5.569391870251696,0.18337891650934418,1.3212070905724813,9.87376695720727
Random191
Raw:-1.0976683432963035,1.8235462516964729,1.1713493419701282,2.187422766270947,2.6828499138790707,0.4083143170593405,-5.569391870251694,0.18337891650934457,1.3212070905724809,9.87376695720727
EFT:-1.0976683432963033,1.8235462516964727,1.1713493419701289,2.187422766270947,2.6828499138790693,0.40831431705933896,-5.569391870251696,0.18337891650934418,1.3212070905724813,9.87376695720727
Random192
Raw:-1.0976683432963026,1.823546251696472,1.171349341970129,2.1874227662709487,2.682849913879068,0.40831431705933996,-5.569391870251696,0.1833789165093429,1.3212070905724835,9.87376695720727
EFT:-1.0976683432963033,1.8235462516964727,1.1713493419701289,2.187422766270947,2.6828499138790693,0.40831431705933896,-5.569391870251696,0.18337891650934418,1.3212070905724813,9.87376695720727
Random193
Raw:-1.097668343296304,1.8235462516964738,1.171349341970128,2.187422766270946,2.68284991387907,0.4083143170593382,-5.5693918702517,0.1833789165093449,1.3212070905724804,9.87376695720727
EFT:-1.0976683432963033,1.8235462516964727,1.1713493419701289,2.187422766270947,2.6828499138790693,0.40831431705933896,-5.569391870251696,0.18337891650934418,1.3212070905724813,9.87376695720727
Random194
Raw:-1.0976683432963026,1.8235462516964729,1.1713493419701286,2.1874227662709456,2.682849913879071,0.40831431705933946,-5.5693918702516925,0.1833789165093438,1.3212070905724802,9.87376695720727
EFT:-1.0976683432963033,1.8235462516964727,1.1713493419701289,2.187422766270947,2.6828499138790693,0.40831431705933896,-5.569391870251696,0.18337891650934418,1.3212070905724813,9.87376695720727
Random195
Raw:-1.097668343296304,1.8235462516964738,1.1713493419701282,2.187422766270946,2.68284991387907,0.4083143170593397,-5.569391870251696,0.1833789165093458,1.3212070905724802,9.87376695720727
EFT:-1.0976683432963033,1.8235462516964727,1.1713493419701289,2.187422766270947,2.6828499138790693,0.40831431705933896,-5.569391870251696,0.18337891650934418,1.3212070905724813,9.87376695720727
Random196
Raw:-1.0976683432963037,1.8235462516964729,1.1713493419701282,2.187422766270947,2.68284991387907,0.4083143170593395,-5.569391870251695,0.18337891650934313,1.3212070905724813,9.873766957207268
EFT:-1.0976683432963033,1.8235462516964727,1.1713493419701289,2.187422766270947,2.6828499138790693,0.40831431705933896,-5.569391870251696,0.18337891650934418,1.3212070905724813,9.87376695720727
Random197
Raw:-1.0976683432963037,1.8235462516964738,1.1713493419701282,2.187422766270946,2.682849913879071,0.4083143170593386,-5.569391870251697,0.18337891650934435,1.32120709057248,9.87376695720727
EFT:-1.097668343296303,1.8235462516964727,1.1713493419701289,2.187422766270947,2.6828499138790693,0.40831431705933896,-5.569391870251696,0.18337891650934418,1.3212070905724813,9.87376695720727
Random198
Raw:-1.097668343296303,1.823546251696471,1.1713493419701284,2.1874227662709465,2.6828499138790676,0.40831431705933774,-5.569391870251698,0.1833789165093438,1.3212070905724824,9.873766957207266
EFT:-1.0976683432963033,1.8235462516964727,1.1713493419701289,2.187422766270947,2.6828499138790693,0.40831431705933896,-5.569391870251696,0.18337891650934418,1.3212070905724813,9.87376695720727
Random199
Raw:-1.0976683432963026,1.823546251696472,1.1713493419701289,2.187422766270948,2.6828499138790685,0.40831431705933957,-5.569391870251696,0.18337891650934446,1.321207090572482,9.87376695720727
EFT:-1.0976683432963033,1.8235462516964727,1.1713493419701289,2.187422766270947,2.6828499138790693,0.40831431705933896,-5.569391870251696,0.18337891650934418,1.3212070905724813,9.87376695720727
Random200
Raw:-1.0976683432963048,1.8235462516964742,1.1713493419701269,2.187422766270945,2.6828499138790693,0.4083143170593383,-5.5693918702517,0.18337891650934535,1.3212070905724806,9.873766957207266
EFT:-1.0976683432963033,1.8235462516964727,1.1713493419701289,2.187422766270947,2.6828499138790693,0.40831431705933896,-5.569391870251696,0.18337891650934418,1.3212070905724813,9.87376695720727
Random201
Raw:-1.0976683432963026,1.823546251696472,1.171349341970129,2.1874227662709473,2.68284991387907,0.40831431705933996,-5.569391870251695,0.1833789165093438,1.3212070905724815,9.87376695720727
EFT:-1.0976683432963033,1.8235462516964727,1.1713493419701289,2.187422766270947,2.6828499138790693,0.40831431705933896,-5.569391870251696,0.18337891650934418,1.3212070905724813,9.87376695720727
Random202
Raw:-1.097668343296303,1.823546251696472,1.171349341970128,2.187422766270946,2.682849913879067,0.4083143170593373,-5.569391870251697,0.18337891650934246,1.3212070905724822,9.873766957207266
EFT:-1.0976683432963033,1.8235462516964727,1.1713493419701289,2.187422766270947,2.6828499138790693,0.40831431705933896,-5.569391870251696,0.18337891650934418,1.3212070905724813,9.87376695720727
Random203
Raw:-1.097668343296304,1.8235462516964738,1.1713493419701277,2.1874227662709456,2.6828499138790716,0.40831431705933907,-5.569391870251695,0.18337891650934424,1.3212070905724798,9.87376695720727
EFT:-1.0976683432963033,1.8235462516964727,1.1713493419701289,2.187422766270947,2.6828499138790693,0.40831431705933896,-5.569391870251696,0.18337891650934418,1.3212070905724813,9.87376695720727
Random204
Raw:-1.0976683432963028,1.823546251696472,1.1713493419701293,2.187422766270947,2.682849913879074,0.40831431705934074,-5.569391870251689,0.18337891650934146,1.3212070905724806,9.873766957207271
EFT:-1.0976683432963033,1.8235462516964727,1.1713493419701289,2.1874227662709465,2.6828499138790693,0.40831431705933896,-5.569391870251696,0.18337891650934418,1.3212070905724813,9.87376695720727
Random205
Raw:-1.0976683432963035,1.8235462516964733,1.1713493419701284,2.187422766270945,2.6828499138790725,0.4083143170593386,-5.569391870251695,0.1833789165093438,1.3212070905724795,9.87376695720727
EFT:-1.0976683432963033,1.8235462516964727,1.1713493419701289,2.187422766270947,2.6828499138790693,0.40831431705933896,-5.569391870251696,0.18337891650934418,1.3212070905724813,9.87376695720727
Random206
Raw:-1.0976683432963028,1.823546251696471,1.1713493419701284,2.1874227662709473,2.6828499138790676,0.4083143170593393,-5.569391870251694,0.18337891650934257,1.3212070905724829,9.873766957207266
EFT:-1.097668343296303,1.8235462516964727,1.1713493419701289,2.187422766270947,2.6828499138790693,0.40831431705933896,-5.569391870251696,0.18337891650934418,1.3212070905724813,9.87376695720727
Random207
Raw:-1.0976683432963026,1.823546251696472,1.171349341970129,2.187422766270946,2.6828499138790693,0.4083143170593387,-5.569391870251693,0.1833789165093438,1.3212070905724806,9.873766957207268
EFT:-1.0976683432963035,1.8235462516964727,1.1713493419701289,2.187422766270947,2.6828499138790693,0.40831431705933896,-5.569391870251696,0.18337891650934418,1.3212070905724813,9.87376695720727
Random208
Raw:-1.0976683432963046,1.8235462516964738,1.1713493419701275,2.1874227662709442,2.682849913879072,0.40831431705933885,-5.569391870251695,0.1833789165093438,1.3212070905724795,9.87376695720727
EFT:-1.0976683432963035,1.8235462516964727,1.1713493419701289,2.187422766270947,2.6828499138790693,0.40831431705933896,-5.569391870251696,0.18337891650934418,1.3212070905724813,9.87376695720727
Random209
Raw:-1.0976683432963046,1.8235462516964742,1.1713493419701277,2.1874227662709456,2.682849913879074,0.40831431705933996,-5.569391870251695,0.18337891650934335,1.3212070905724802,9.873766957207271
EFT:-1.0976683432963033,1.8235462516964727,1.1713493419701289,2.187422766270947,2.6828499138790693,0.40831431705933896,-5.569391870251696,0.18337891650934418,1.3212070905724813,9.87376695720727
Random210
Raw:-1.0976683432963026,1.8235462516964724,1.171349341970129,2.187422766270947,2.682849913879071,0.4083143170593395,-5.56939187025169,0.18337891650934135,1.3212070905724809,9.87376695720727
EFT:-1.0976683432963033,1.8235462516964727,1.1713493419701289,2.187422766270947,2.6828499138790693,0.40831431705933896,-5.569391870251696,0.18337891650934418,1.3212070905724813,9.87376695720727
Random211
Raw:-1.0976683432963026,1.823546251696472,1.1713493419701293,2.187422766270947,2.682849913879072,0.4083143170593401,-5.569391870251694,0.18337891650934435,1.3212070905724806,9.87376695720727
EFT:-1.097668343296303,1.8235462516964727,1.1713493419701289,2.187422766270947,2.6828499138790693,0.40831431705933896,-5.569391870251696,0.18337891650934418,1.3212070905724813,9.87376695720727
Random212
Raw:-1.0976683432963013,1.823546251696471,1.1713493419701302,2.1874227662709496,2.682849913879068,0.40831431705934107,-5.569391870251694,0.18337891650934324,1.3212070905724833,9.87376695720727
EFT:-1.0976683432963035,1.8235462516964727,1.1713493419701289,2.187422766270947,2.6828499138790693,0.40831431705933896,-5.569391870251696,0.18337891650934418,1.3212070905724813,9.87376695720727
Random213
Raw:-1.0976683432963033,1.8235462516964716,1.1713493419701289,2.1874227662709473,2.6828499138790702,0.40831431705934024,-5.569391870251693,0.18337891650934335,1.3212070905724822,9.87376695720727
EFT:-1.097668343296303,1.8235462516964727,1.1713493419701289,2.187422766270947,2.6828499138790693,0.40831431705933896,-5.569391870251696,0.18337891650934418,1.3212070905724813,9.87376695720727
Random214
Raw:-1.0976683432963024,1.8235462516964729,1.1713493419701295,2.187422766270947,2.682849913879071,0.40831431705933907,-5.5693918702516925,0.18337891650934335,1.3212070905724809,9.873766957207271
EFT:-1.0976683432963033,1.8235462516964727,1.1713493419701289,2.187422766270947,2.6828499138790693,0.40831431705933896,-5.569391870251696,0.18337891650934418,1.3212070905724813,9.87376695720727
Random215
Raw:-1.0976683432963035,1.8235462516964729,1.1713493419701275,2.1874227662709447,2.68284991387907,0.4083143170593373,-5.569391870251695,0.18337891650934257,1.3212070905724798,9.873766957207266
EFT:-1.0976683432963033,1.8235462516964727,1.1713493419701289,2.187422766270947,2.6828499138790693,0.40831431705933896,-5.569391870251696,0.18337891650934418,1.3212070905724813,9.87376695720727
Random216
Raw:-1.0976683432963035,1.823546251696472,1.1713493419701282,2.187422766270947,2.6828499138790676,0.4083143170593382,-5.5693918702517,0.18337891650934468,1.3212070905724822,9.873766957207268
EFT:-1.0976683432963035,1.8235462516964727,1.1713493419701289,2.187422766270947,2.6828499138790693,0.40831431705933896,-5.569391870251696,0.18337891650934418,1.3212070905724813,9.87376695720727
Random217
Raw:-1.0976683432963021,1.823546251696472,1.1713493419701293,2.1874227662709473,2.6828499138790693,0.40831431705933974,-5.569391870251693,0.18337891650934324,1.3212070905724806,9.873766957207268
EFT:-1.0976683432963033,1.8235462516964727,1.1713493419701289,2.187422766270947,2.6828499138790693,0.40831431705933896,-5.569391870251696,0.18337891650934418,1.3212070905724813,9.87376695720727
Random218
Raw:-1.097668343296304,1.8235462516964733,1.171349341970128,2.187422766270946,2.6828499138790725,0.40831431705933985,-5.569391870251694,0.18337891650934401,1.3212070905724804,9.87376695720727
EFT:-1.0976683432963033,1.8235462516964727,1.1713493419701289,2.1874227662709465,2.6828499138790693,0.40831431705933896,-5.569391870251696,0.18337891650934418,1.3212070905724813,9.87376695720727
Random219
Raw:-1.0976683432963017,1.823546251696472,1.171349341970129,2.187422766270946,2.682849913879068,0.40831431705933907,-5.5693918702516925,0.18337891650934157,1.3212070905724813,9.873766957207268
EFT:-1.0976683432963033,1.8235462516964727,1.1713493419701289,2.187422766270947,2.6828499138790693,0.40831431705933896,-5.569391870251696,0.18337891650934418,1.3212070905724813,9.87376695720727
Random220
Raw:-1.097668343296303,1.8235462516964724,1.1713493419701282,2.187422766270946,2.682849913879069,0.4083143170593373,-5.569391870251696,0.18337891650934346,1.3212070905724815,9.873766957207268
EFT:-1.0976683432963033,1.8235462516964727,1.1713493419701289,2.187422766270947,2.6828499138790693,0.40831431705933896,-5.569391870251696,0.18337891650934418,1.3212070905724813,9.87376695720727
Random221
Raw:-1.097668343296303,1.823546251696472,1.1713493419701284,2.1874227662709473,2.682849913879072,0.40831431705934096,-5.569391870251692,0.18337891650934346,1.3212070905724806,9.87376695720727
EFT:-1.0976683432963033,1.8235462516964727,1.1713493419701289,2.1874227662709465,2.6828499138790693,0.40831431705933896,-5.569391870251696,0.18337891650934418,1.3212070905724813,9.87376695720727
Random222
Raw:-1.0976683432963044,1.8235462516964747,1.171349341970128,2.187422766270945,2.682849913879074,0.4083143170593398,-5.569391870251693,0.18337891650934468,1.321207090572479,9.873766957207271
EFT:-1.0976683432963033,1.8235462516964727,1.1713493419701289,2.187422766270947,2.6828499138790693,0.40831431705933896,-5.569391870251696,0.18337891650934418,1.3212070905724813,9.87376695720727
Random223
Raw:-1.0976683432963033,1.8235462516964738,1.1713493419701284,2.1874227662709456,2.682849913879072,0.40831431705933924,-5.5693918702516925,0.1833789165093438,1.3212070905724793,9.87376695720727
EFT:-1.0976683432963033,1.8235462516964727,1.1713493419701289,2.187422766270947,2.6828499138790693,0.40831431705933896,-5.569391870251696,0.18337891650934418,1.3212070905724813,9.87376695720727
Random224
Raw:-1.0976683432963044,1.8235462516964742,1.1713493419701275,2.187422766270945,2.682849913879072,0.408314317059339,-5.569391870251696,0.18337891650934435,1.3212070905724798,9.87376695720727
EFT:-1.0976683432963033,1.8235462516964727,1.1713493419701289,2.187422766270947,2.6828499138790693,0.40831431705933896,-5.569391870251696,0.18337891650934418,1.3212070905724813,9.87376695720727
Random225
Raw:-1.097668343296304,1.8235462516964738,1.1713493419701286,2.187422766270946,2.6828499138790742,0.40831431705934046,-5.569391870251693,0.18337891650934512,1.3212070905724793,9.873766957207271
EFT:-1.0976683432963033,1.8235462516964727,1.1713493419701289,2.187422766270947,2.6828499138790693,0.40831431705933896,-5.569391870251696,0.18337891650934418,1.3212070905724813,9.87376695720727
Random226
Raw:-1.0976683432963046,1.8235462516964738,1.171349341970128,2.1874227662709465,2.6828499138790742,0.4083143170593402,-5.569391870251693,0.18337891650934246,1.3212070905724809,9.873766957207271
EFT:-1.0976683432963033,1.8235462516964727,1.1713493419701289,2.187422766270947,2.6828499138790693,0.40831431705933896,-5.569391870251696,0.18337891650934418,1.3212070905724813,9.87376695720727
Random227
Raw:-1.097668343296303,1.8235462516964724,1.171349341970128,2.187422766270947,2.682849913879069,0.40831431705933996,-5.569391870251693,0.18337891650934313,1.3212070905724822,9.873766957207268
EFT:-1.0976683432963035,1.8235462516964727,1.1713493419701289,2.187422766270947,2.6828499138790693,0.40831431705933896,-5.569391870251696,0.18337891650934418,1.3212070905724813,9.87376695720727
Random228
Raw:-1.0976683432963041,1.8235462516964747,1.1713493419701282,2.1874227662709442,2.6828499138790747,0.4083143170593384,-5.569391870251696,0.18337891650934535,1.321207090572477,9.87376695720727
EFT:-1.0976683432963033,1.8235462516964727,1.1713493419701289,2.1874227662709465,2.6828499138790693,0.40831431705933896,-5.569391870251696,0.18337891650934418,1.3212070905724813,9.87376695720727
Random229
Raw:-1.097668343296304,1.8235462516964738,1.1713493419701275,2.1874227662709442,2.6828499138790702,0.40831431705933635,-5.5693918702517,0.183378916509346,1.321207090572479,9.873766957207266
EFT:-1.0976683432963033,1.8235462516964727,1.1713493419701289,2.187422766270947,2.6828499138790693,0.40831431705933896,-5.569391870251696,0.18337891650934418,1.3212070905724813,9.87376695720727
Random230
Raw:-1.097668343296304,1.8235462516964729,1.171349341970128,2.187422766270948,2.6828499138790693,0.40831431705934107,-5.569391870251694,0.18337891650934257,1.3212070905724826,9.87376695720727
EFT:-1.0976683432963033,1.8235462516964727,1.1713493419701289,2.187422766270947,2.6828499138790693,0.40831431705933896,-5.569391870251696,0.18337891650934418,1.3212070905724813,9.87376695720727
Random231
Raw:-1.097668343296303,1.8235462516964724,1.1713493419701289,2.1874227662709465,2.6828499138790685,0.4083143170593381,-5.569391870251697,0.18337891650934468,1.321207090572482,9.873766957207268
EFT:-1.0976683432963033,1.8235462516964727,1.1713493419701289,2.187422766270947,2.6828499138790693,0.40831431705933896,-5.569391870251696,0.18337891650934418,1.3212070905724813,9.87376695720727
Random232
Raw:-1.0976683432963035,1.8235462516964724,1.171349341970128,2.187422766270946,2.682849913879069,0.4083143170593383,-5.569391870251696,0.18337891650934357,1.321207090572482,9.873766957207268
EFT:-1.097668343296303,1.8235462516964727,1.1713493419701289,2.187422766270947,2.6828499138790693,0.40831431705933896,-5.569391870251696,0.18337891650934418,1.3212070905724813,9.87376695720727
Random233
Raw:-1.0976683432963026,1.8235462516964724,1.1713493419701289,2.187422766270948,2.6828499138790693,0.40831431705933885,-5.569391870251696,0.18337891650934246,1.3212070905724818,9.87376695720727
EFT:-1.097668343296303,1.8235462516964727,1.1713493419701289,2.187422766270947,2.6828499138790693,0.40831431705933896,-5.569391870251696,0.18337891650934418,1.3212070905724813,9.87376695720727
Random234
Raw:-1.0976683432963028,1.8235462516964729,1.1713493419701293,2.187422766270948,2.6828499138790707,0.40831431705934,-5.569391870251695,0.1833789165093438,1.3212070905724813,9.873766957207271
EFT:-1.0976683432963035,1.8235462516964727,1.1713493419701289,2.187422766270947,2.6828499138790693,0.40831431705933896,-5.569391870251696,0.18337891650934418,1.3212070905724813,9.87376695720727
Random235
Raw:-1.097668343296302,1.8235462516964724,1.1713493419701289,2.187422766270947,2.682849913879068,0.40831431705933907,-5.569391870251693,0.18337891650934268,1.3212070905724813,9.873766957207268
EFT:-1.0976683432963033,1.8235462516964727,1.1713493419701289,2.187422766270947,2.6828499138790693,0.40831431705933896,-5.569391870251696,0.18337891650934418,1.3212070905724813,9.87376695720727
Random236
Raw:-1.097668343296301,1.8235462516964702,1.1713493419701295,2.1874227662709487,2.682849913879066,0.40831431705933974,-5.5693918702516925,0.18337891650934068,1.3212070905724842,9.873766957207266
EFT:-1.0976683432963033,1.8235462516964727,1.1713493419701289,2.187422766270947,2.6828499138790693,0.40831431705933896,-5.569391870251696,0.18337891650934418,1.3212070905724813,9.87376695720727
Random237
Raw:-1.097668343296303,1.8235462516964724,1.1713493419701297,2.1874227662709465,2.68284991387907,0.4083143170593384,-5.569391870251699,0.18337891650934623,1.3212070905724818,9.873766957207268
EFT:-1.0976683432963033,1.8235462516964727,1.1713493419701289,2.187422766270947,2.6828499138790693,0.40831431705933896,-5.569391870251696,0.18337891650934418,1.3212070905724813,9.87376695720727
Random238
Raw:-1.0976683432963035,1.8235462516964724,1.171349341970129,2.187422766270947,2.6828499138790702,0.40831431705933996,-5.569391870251698,0.18337891650934546,1.3212070905724813,9.87376695720727
EFT:-1.0976683432963033,1.8235462516964727,1.1713493419701289,2.187422766270947,2.6828499138790693,0.40831431705933896,-5.569391870251696,0.18337891650934418,1.3212070905724813,9.87376695720727
Random239
Raw:-1.0976683432963026,1.823546251696472,1.171349341970129,2.1874227662709473,2.6828499138790707,0.40831431705934085,-5.5693918702516925,0.18337891650934413,1.3212070905724809,9.87376695720727
EFT:-1.0976683432963033,1.8235462516964727,1.1713493419701289,2.187422766270947,2.6828499138790693,0.40831431705933896,-5.569391870251696,0.18337891650934418,1.3212070905724813,9.87376695720727
Random240
Raw:-1.0976683432963035,1.8235462516964724,1.1713493419701289,2.187422766270947,2.6828499138790725,0.40831431705934,-5.5693918702516925,0.18337891650934335,1.3212070905724815,9.87376695720727
EFT:-1.0976683432963033,1.8235462516964727,1.1713493419701289,2.187422766270947,2.6828499138790693,0.40831431705933896,-5.569391870251696,0.18337891650934418,1.3212070905724813,9.87376695720727
Random241
Raw:-1.0976683432963024,1.8235462516964716,1.1713493419701297,2.1874227662709487,2.6828499138790676,0.4083143170593402,-5.569391870251698,0.18337891650934512,1.321207090572483,9.87376695720727
EFT:-1.0976683432963033,1.8235462516964727,1.1713493419701289,2.187422766270947,2.6828499138790693,0.40831431705933896,-5.569391870251696,0.18337891650934418,1.3212070905724813,9.87376695720727
Random242
Raw:-1.0976683432963052,1.823546251696475,1.1713493419701266,2.1874227662709433,2.682849913879072,0.4083143170593373,-5.569391870251697,0.18337891650934401,1.3212070905724795,9.873766957207268
EFT:-1.0976683432963033,1.8235462516964727,1.1713493419701289,2.1874227662709465,2.6828499138790693,0.40831431705933896,-5.569391870251696,0.18337891650934418,1.3212070905724813,9.87376695720727
Random243
Raw:-1.0976683432963041,1.8235462516964738,1.1713493419701277,2.1874227662709456,2.6828499138790725,0.40831431705933907,-5.569391870251697,0.18337891650934557,1.3212070905724802,9.87376695720727
EFT:-1.0976683432963033,1.8235462516964727,1.1713493419701289,2.187422766270947,2.6828499138790693,0.40831431705933896,-5.569391870251696,0.18337891650934418,1.3212070905724813,9.87376695720727
Random244
Raw:-1.0976683432963033,1.823546251696472,1.171349341970129,2.187422766270948,2.682849913879071,0.4083143170593398,-5.569391870251696,0.18337891650934424,1.3212070905724826,9.87376695720727
EFT:-1.097668343296303,1.8235462516964727,1.1713493419701289,2.1874227662709465,2.6828499138790693,0.40831431705933896,-5.569391870251696,0.18337891650934418,1.3212070905724813,9.87376695720727
Random245
Raw:-1.097668343296303,1.8235462516964729,1.1713493419701293,2.1874227662709473,2.6828499138790702,0.40831431705933885,-5.569391870251698,0.18337891650934468,1.3212070905724813,9.87376695720727
EFT:-1.0976683432963033,1.8235462516964727,1.1713493419701289,2.1874227662709465,2.6828499138790693,0.40831431705933896,-5.569391870251696,0.18337891650934418,1.3212070905724813,9.87376695720727
Random246
Raw:-1.097668343296303,1.823546251696472,1.1713493419701286,2.187422766270947,2.6828499138790693,0.40831431705933907,-5.5693918702516925,0.1833789165093429,1.321207090572482,9.87376695720727
EFT:-1.0976683432963033,1.8235462516964727,1.1713493419701289,2.187422766270947,2.6828499138790693,0.40831431705933896,-5.569391870251696,0.18337891650934418,1.3212070905724813,9.87376695720727
Random247
Raw:-1.0976683432963035,1.8235462516964738,1.1713493419701273,2.187422766270945,2.68284991387907,0.4083143170593386,-5.569391870251696,0.1833789165093429,1.3212070905724798,9.87376695720727
EFT:-1.0976683432963033,1.8235462516964727,1.1713493419701289,2.187422766270947,2.6828499138790693,0.40831431705933896,-5.569391870251696,0.18337891650934418,1.3212070905724813,9.87376695720727
Random248
Raw:-1.097668343296303,1.823546251696472,1.171349341970128,2.1874227662709465,2.6828499138790676,0.4083143170593387,-5.569391870251697,0.18337891650934457,1.3212070905724815,9.873766957207266
EFT:-1.097668343296303,1.8235462516964727,1.1713493419701289,2.187422766270947,2.6828499138790693,0.40831431705933896,-5.569391870251696,0.18337891650934418,1.3212070905724813,9.87376695720727
Random249
Raw:-1.0976683432963041,1.8235462516964738,1.171349341970128,2.1874227662709456,2.6828499138790725,0.40831431705933996,-5.569391870251694,0.18337891650934335,1.3212070905724795,9.87376695720727
EFT:-1.0976683432963033,1.8235462516964727,1.1713493419701289,2.187422766270947,2.6828499138790693,0.40831431705933896,-5.569391870251696,0.18337891650934418,1.3212070905724813,9.87376695720727
Random250
Raw:-1.0976683432963026,1.823546251696472,1.1713493419701284,2.1874227662709465,2.6828499138790693,0.40831431705933907,-5.569391870251691,0.18337891650934202,1.3212070905724804,9.873766957207268
EFT:-1.0976683432963033,1.8235462516964727,1.1713493419701289,2.187422766270947,2.6828499138790693,0.40831431705933896,-5.569391870251696,0.18337891650934418,1.3212070905724813,9.87376695720727
Random251
Raw:-1.0976683432963044,1.8235462516964738,1.1713493419701275,2.1874227662709442,2.682849913879072,0.40831431705933807,-5.569391870251697,0.18337891650934557,1.3212070905724795,9.87376695720727
EFT:-1.0976683432963033,1.8235462516964727,1.1713493419701289,2.187422766270947,2.6828499138790693,0.40831431705933896,-5.569391870251696,0.18337891650934418,1.3212070905724813,9.87376695720727
Random252
Raw:-1.0976683432963035,1.8235462516964729,1.1713493419701295,2.187422766270946,2.682849913879072,0.40831431705933907,-5.569391870251697,0.18337891650934557,1.3212070905724809,9.873766957207271
EFT:-1.097668343296303,1.8235462516964727,1.1713493419701289,2.187422766270947,2.6828499138790693,0.40831431705933896,-5.569391870251696,0.18337891650934418,1.3212070905724813,9.87376695720727
Random253
Raw:-1.097668343296303,1.8235462516964729,1.1713493419701289,2.187422766270948,2.6828499138790693,0.4083143170593406,-5.569391870251695,0.1833789165093448,1.3212070905724815,9.873766957207271
EFT:-1.097668343296303,1.8235462516964727,1.1713493419701289,2.187422766270947,2.6828499138790693,0.40831431705933896,-5.569391870251696,0.18337891650934418,1.3212070905724813,9.87376695720727
Random254
Raw:-1.097668343296302,1.8235462516964724,1.1713493419701295,2.187422766270947,2.6828499138790716,0.40831431705933996,-5.5693918702516925,0.18337891650934424,1.3212070905724802,9.87376695720727
EFT:-1.0976683432963033,1.8235462516964727,1.1713493419701289,2.187422766270947,2.6828499138790693,0.40831431705933896,-5.569391870251696,0.18337891650934418,1.3212070905724813,9.87376695720727
Random255
Raw:-1.097668343296304,1.8235462516964729,1.171349341970128,2.1874227662709456,2.68284991387907,0.40831431705933885,-5.569391870251696,0.18337891650934468,1.3212070905724806,9.87376695720727
EFT:-1.0976683432963033,1.8235462516964727,1.1713493419701289,2.187422766270947,2.6828499138790693,0.40831431705933896,-5.569391870251696,0.18337891650934418,1.3212070905724813,9.87376695720727
Random256
Raw:-1.0976683432963021,1.823546251696471,1.1713493419701302,2.1874227662709487,2.682849913879071,0.4083143170593419,-5.569391870251693,0.1833789165093438,1.3212070905724833,9.87376695720727
EFT:-1.0976683432963033,1.8235462516964727,1.1713493419701289,2.187422766270947,2.6828499138790693,0.40831431705933896,-5.569391870251696,0.18337891650934418,1.3212070905724813,9.87376695720727
Random257
Raw:-1.0976683432963035,1.8235462516964733,1.1713493419701284,2.187422766270946,2.682849913879072,0.4083143170593405,-5.56939187025169,0.1833789165093438,1.32120709057248,9.87376695720727
EFT:-1.0976683432963035,1.8235462516964727,1.1713493419701289,2.187422766270947,2.6828499138790693,0.40831431705933896,-5.569391870251696,0.18337891650934418,1.3212070905724813,9.87376695720727
Random258
Raw:-1.0976683432963017,1.823546251696471,1.1713493419701297,2.187422766270948,2.6828499138790685,0.40831431705933974,-5.569391870251694,0.18337891650934368,1.3212070905724822,9.87376695720727
EFT:-1.0976683432963033,1.8235462516964727,1.1713493419701289,2.187422766270947,2.6828499138790693,0.40831431705933896,-5.569391870251696,0.18337891650934418,1.3212070905724813,9.87376695720727
Random259
Raw:-1.0976683432963044,1.8235462516964738,1.1713493419701282,2.1874227662709465,2.6828499138790725,0.40831431705933996,-5.569391870251697,0.18337891650934512,1.3212070905724809,9.873766957207271
EFT:-1.0976683432963033,1.8235462516964727,1.1713493419701289,2.187422766270947,2.6828499138790693,0.40831431705933896,-5.569391870251696,0.18337891650934418,1.3212070905724813,9.87376695720727
Random260
Raw:-1.097668343296304,1.8235462516964729,1.1713493419701293,2.1874227662709465,2.6828499138790716,0.408314317059338,-5.569391870251698,0.1833789165093458,1.3212070905724813,9.87376695720727
EFT:-1.0976683432963033,1.8235462516964727,1.1713493419701289,2.187422766270947,2.6828499138790693,0.40831431705933896,-5.569391870251696,0.18337891650934418,1.3212070905724813,9.87376695720727
Random261
Raw:-1.097668343296303,1.8235462516964729,1.1713493419701284,2.187422766270947,2.6828499138790685,0.40831431705933885,-5.569391870251696,0.18337891650934424,1.3212070905724813,9.87376695720727
EFT:-1.0976683432963033,1.8235462516964727,1.1713493419701289,2.187422766270947,2.6828499138790693,0.40831431705933896,-5.569391870251696,0.18337891650934418,1.3212070905724813,9.87376695720727
Random262
Raw:-1.0976683432963037,1.8235462516964724,1.1713493419701286,2.187422766270945,2.682849913879072,0.40831431705933746,-5.569391870251695,0.1833789165093448,1.3212070905724798,9.87376695720727
EFT:-1.0976683432963033,1.8235462516964727,1.1713493419701289,2.187422766270947,2.6828499138790693,0.40831431705933896,-5.569391870251696,0.18337891650934418,1.3212070905724813,9.87376695720727
Random263
Raw:-1.097668343296302,1.8235462516964716,1.1713493419701297,2.1874227662709487,2.682849913879072,0.4083143170593417,-5.569391870251692,0.18337891650934335,1.321207090572482,9.87376695720727
EFT:-1.0976683432963035,1.8235462516964727,1.1713493419701289,2.187422766270947,2.6828499138790693,0.40831431705933896,-5.569391870251696,0.18337891650934418,1.3212070905724813,9.87376695720727
Random264
Raw:-1.0976683432963048,1.8235462516964738,1.1713493419701273,2.187422766270945,2.682849913879073,0.4083143170593386,-5.569391870251695,0.1833789165093438,1.3212070905724795,9.87376695720727
EFT:-1.0976683432963033,1.8235462516964727,1.1713493419701289,2.187422766270947,2.6828499138790693,0.40831431705933896,-5.569391870251696,0.18337891650934418,1.3212070905724813,9.87376695720727
Random265
Raw:-1.0976683432963021,1.823546251696471,1.1713493419701297,2.1874227662709487,2.6828499138790702,0.40831431705934174,-5.5693918702516925,0.18337891650934335,1.3212070905724815,9.873766957207268
EFT:-1.0976683432963033,1.8235462516964727,1.1713493419701289,2.187422766270947,2.6828499138790693,0.40831431705933896,-5.569391870251696,0.18337891650934418,1.3212070905724813,9.87376695720727
Random266
Raw:-1.097668343296303,1.8235462516964733,1.1713493419701289,2.187422766270947,2.682849913879071,0.40831431705933907,-5.569391870251695,0.18337891650934424,1.3212070905724809,9.87376695720727
EFT:-1.0976683432963033,1.8235462516964727,1.1713493419701289,2.187422766270947,2.6828499138790693,0.40831431705933896,-5.569391870251696,0.18337891650934418,1.3212070905724813,9.87376695720727
Random267
Raw:-1.0976683432963033,1.8235462516964729,1.1713493419701284,2.187422766270948,2.682849913879072,0.4083143170593413,-5.569391870251692,0.1833789165093429,1.3212070905724813,9.873766957207268
EFT:-1.0976683432963033,1.8235462516964727,1.1713493419701289,2.187422766270947,2.6828499138790693,0.40831431705933896,-5.569391870251696,0.18337891650934418,1.3212070905724813,9.87376695720727
Random268
Raw:-1.0976683432963021,1.823546251696471,1.1713493419701302,2.1874227662709487,2.6828499138790693,0.4083143170593393,-5.569391870251697,0.18337891650934457,1.3212070905724826,9.873766957207268
EFT:-1.097668343296303,1.8235462516964727,1.1713493419701289,2.187422766270947,2.6828499138790693,0.40831431705933896,-5.569391870251696,0.18337891650934418,1.3212070905724813,9.87376695720727
Random269
Raw:-1.097668343296302,1.823546251696472,1.1713493419701297,2.187422766270948,2.6828499138790716,0.4083143170593408,-5.569391870251692,0.1833789165093429,1.3212070905724809,9.873766957207271
EFT:-1.097668343296303,1.8235462516964727,1.1713493419701289,2.187422766270947,2.6828499138790693,0.40831431705933896,-5.569391870251696,0.18337891650934418,1.3212070905724813,9.87376695720727
Random270
Raw:-1.0976683432963035,1.8235462516964724,1.1713493419701273,2.1874227662709456,2.68284991387907,0.4083143170593386,-5.569391870251692,0.1833789165093419,1.3212070905724806,9.873766957207266
EFT:-1.097668343296303,1.8235462516964727,1.1713493419701289,2.187422766270947,2.6828499138790693,0.40831431705933896,-5.569391870251696,0.18337891650934418,1.3212070905724813,9.87376695720727
Random271
Raw:-1.097668343296302,1.823546251696472,1.171349341970129,2.187422766270947,2.682849913879071,0.4083143170593399,-5.569391870251692,0.18337891650934346,1.3212070905724804,9.87376695720727
EFT:-1.0976683432963033,1.8235462516964727,1.1713493419701289,2.187422766270947,2.6828499138790693,0.40831431705933896,-5.569391870251696,0.18337891650934418,1.3212070905724813,9.87376695720727
Random272
Raw:-1.0976683432963048,1.8235462516964747,1.1713493419701269,2.187422766270945,2.6828499138790725,0.408314317059339,-5.569391870251698,0.18337891650934468,1.3212070905724802,9.87376695720727
EFT:-1.0976683432963033,1.8235462516964727,1.1713493419701289,2.187422766270947,2.6828499138790693,0.40831431705933896,-5.569391870251696,0.18337891650934418,1.3212070905724813,9.87376695720727
Random273
Raw:-1.097668343296304,1.8235462516964733,1.171349341970128,2.187422766270945,2.6828499138790716,0.40831431705933796,-5.569391870251695,0.18337891650934313,1.3212070905724795,9.873766957207268
EFT:-1.0976683432963033,1.8235462516964727,1.1713493419701289,2.1874227662709465,2.6828499138790693,0.40831431705933896,-5.569391870251696,0.18337891650934418,1.3212070905724813,9.87376695720727
Random274
Raw:-1.0976683432963017,1.823546251696472,1.17134934197013,2.1874227662709496,2.68284991387907,0.40831431705934196,-5.569391870251691,0.18337891650934146,1.321207090572483,9.87376695720727
EFT:-1.0976683432963033,1.8235462516964727,1.1713493419701289,2.187422766270947,2.6828499138790693,0.40831431705933896,-5.569391870251696,0.18337891650934418,1.3212070905724813,9.87376695720727
Random275
Raw:-1.0976683432963041,1.8235462516964738,1.1713493419701284,2.1874227662709456,2.682849913879073,0.4083143170593393,-5.569391870251696,0.18337891650934546,1.3212070905724795,9.87376695720727
EFT:-1.0976683432963033,1.8235462516964727,1.1713493419701289,2.187422766270947,2.6828499138790693,0.40831431705933896,-5.569391870251696,0.18337891650934418,1.3212070905724813,9.87376695720727
Random276
Raw:-1.0976683432963048,1.8235462516964738,1.171349341970127,2.187422766270945,2.68284991387907,0.408314317059338,-5.569391870251699,0.183378916509346,1.3212070905724802,9.87376695720727
EFT:-1.0976683432963033,1.8235462516964727,1.1713493419701289,2.187422766270947,2.6828499138790693,0.40831431705933896,-5.569391870251696,0.18337891650934418,1.3212070905724813,9.87376695720727
Random277
Raw:-1.0976683432963035,1.8235462516964738,1.1713493419701289,2.187422766270947,2.6828499138790725,0.4083143170593405,-5.569391870251696,0.18337891650934557,1.3212070905724804,9.873766957207273
EFT:-1.0976683432963033,1.8235462516964727,1.1713493419701289,2.187422766270947,2.6828499138790693,0.40831431705933896,-5.569391870251696,0.18337891650934418,1.3212070905724813,9.87376695720727
Random278
Raw:-1.0976683432963021,1.823546251696471,1.1713493419701293,2.1874227662709473,2.6828499138790662,0.4083143170593378,-5.569391870251699,0.18337891650934357,1.3212070905724826,9.873766957207268
EFT:-1.0976683432963033,1.8235462516964727,1.1713493419701289,2.187422766270947,2.6828499138790693,0.40831431705933896,-5.569391870251696,0.18337891650934418,1.3212070905724813,9.87376695720727
Random279
Raw:-1.0976683432963048,1.8235462516964738,1.171349341970128,2.1874227662709442,2.6828499138790742,0.4083143170593386,-5.569391870251696,0.18337891650934512,1.3212070905724789,9.873766957207271
EFT:-1.0976683432963033,1.8235462516964727,1.1713493419701289,2.187422766270947,2.6828499138790693,0.40831431705933896,-5.569391870251696,0.18337891650934418,1.3212070905724813,9.87376695720727
Random280
Raw:-1.0976683432963021,1.8235462516964729,1.1713493419701293,2.187422766270947,2.6828499138790707,0.40831431705933974,-5.5693918702516925,0.18337891650934302,1.3212070905724804,9.87376695720727
EFT:-1.097668343296303,1.8235462516964727,1.1713493419701289,2.187422766270947,2.6828499138790693,0.40831431705933896,-5.569391870251696,0.18337891650934418,1.3212070905724813,9.87376695720727
Random281
Raw:-1.0976683432963044,1.8235462516964729,1.1713493419701275,2.187422766270945,2.6828499138790707,0.40831431705933774,-5.569391870251699,0.183378916509345,1.3212070905724802,9.873766957207268
EFT:-1.0976683432963033,1.8235462516964727,1.1713493419701289,2.187422766270947,2.6828499138790693,0.40831431705933896,-5.569391870251696,0.18337891650934418,1.3212070905724813,9.87376695720727
Random282
Raw:-1.097668343296304,1.823546251696472,1.1713493419701275,2.1874227662709456,2.6828499138790676,0.40831431705933746,-5.569391870251699,0.18337891650934568,1.321207090572481,9.873766957207266
EFT:-1.0976683432963033,1.8235462516964727,1.1713493419701289,2.187422766270947,2.6828499138790693,0.40831431705933896,-5.569391870251696,0.18337891650934418,1.3212070905724813,9.87376695720727
Random283
Raw:-1.0976683432963017,1.8235462516964707,1.1713493419701302,2.1874227662709487,2.682849913879069,0.4083143170593402,-5.569391870251693,0.1833789165093438,1.321207090572482,9.87376695720727
EFT:-1.0976683432963033,1.8235462516964727,1.1713493419701289,2.187422766270947,2.6828499138790693,0.40831431705933896,-5.569391870251696,0.18337891650934418,1.3212070905724813,9.87376695720727
Random284
Raw:-1.0976683432963021,1.823546251696471,1.1713493419701297,2.187422766270948,2.68284991387907,0.40831431705933924,-5.5693918702516925,0.18337891650934235,1.3212070905724818,9.87376695720727
EFT:-1.097668343296303,1.8235462516964727,1.1713493419701289,2.187422766270947,2.6828499138790693,0.40831431705933896,-5.569391870251696,0.18337891650934418,1.3212070905724813,9.87376695720727
Random285
Raw:-1.0976683432963044,1.8235462516964733,1.1713493419701282,2.1874227662709465,2.6828499138790725,0.40831431705933985,-5.569391870251694,0.18337891650934346,1.3212070905724804,9.873766957207271
EFT:-1.0976683432963033,1.8235462516964727,1.1713493419701289,2.187422766270947,2.6828499138790693,0.40831431705933896,-5.569391870251696,0.18337891650934418,1.3212070905724813,9.87376695720727
Random286
Raw:-1.097668343296302,1.823546251696472,1.171349341970129,2.1874227662709473,2.6828499138790693,0.40831431705933996,-5.569391870251692,0.18337891650934224,1.321207090572481,9.87376695720727
EFT:-1.0976683432963033,1.8235462516964727,1.1713493419701289,2.187422766270947,2.6828499138790693,0.40831431705933896,-5.569391870251696,0.18337891650934418,1.3212070905724813,9.87376695720727
Random287
Raw:-1.0976683432963026,1.823546251696472,1.1713493419701289,2.1874227662709482,2.6828499138790707,0.40831431705933996,-5.5693918702516925,0.18337891650934202,1.321207090572482,9.873766957207268
EFT:-1.0976683432963033,1.8235462516964727,1.1713493419701289,2.187422766270947,2.6828499138790693,0.40831431705933896,-5.569391870251696,0.18337891650934418,1.3212070905724813,9.87376695720727
Random288
Raw:-1.0976683432963028,1.823546251696472,1.17134934197013,2.1874227662709487,2.6828499138790716,0.408314317059341,-5.569391870251693,0.18337891650934335,1.3212070905724813,9.873766957207271
EFT:-1.097668343296303,1.8235462516964727,1.1713493419701289,2.187422766270947,2.6828499138790693,0.40831431705933896,-5.569391870251696,0.18337891650934418,1.3212070905724813,9.87376695720727
Random289
Raw:-1.0976683432963035,1.8235462516964724,1.1713493419701286,2.187422766270946,2.6828499138790702,0.4083143170593386,-5.569391870251695,0.18337891650934468,1.3212070905724804,9.873766957207268
EFT:-1.0976683432963035,1.8235462516964727,1.1713493419701289,2.187422766270947,2.6828499138790693,0.40831431705933896,-5.569391870251696,0.18337891650934418,1.3212070905724813,9.87376695720727
Random290
Raw:-1.0976683432963035,1.8235462516964729,1.171349341970129,2.1874227662709473,2.682849913879071,0.4083143170593396,-5.569391870251695,0.18337891650934401,1.3212070905724815,9.873766957207273
EFT:-1.097668343296303,1.8235462516964727,1.1713493419701289,2.187422766270947,2.6828499138790693,0.40831431705933896,-5.569391870251696,0.18337891650934418,1.3212070905724813,9.87376695720727
Random291
Raw:-1.0976683432963057,1.823546251696475,1.1713493419701275,2.1874227662709442,2.682849913879077,0.408314317059339,-5.569391870251696,0.18337891650934512,1.3212070905724786,9.873766957207273
EFT:-1.0976683432963033,1.8235462516964727,1.1713493419701289,2.187422766270947,2.6828499138790693,0.40831431705933896,-5.569391870251696,0.18337891650934418,1.3212070905724813,9.87376695720727
Random292
Raw:-1.0976683432963028,1.8235462516964724,1.1713493419701297,2.1874227662709487,2.682849913879071,0.40831431705934085,-5.569391870251695,0.18337891650934446,1.3212070905724813,9.873766957207273
EFT:-1.0976683432963033,1.8235462516964727,1.1713493419701289,2.187422766270947,2.6828499138790693,0.40831431705933896,-5.569391870251696,0.18337891650934418,1.3212070905724813,9.87376695720727
Random293
Raw:-1.0976683432963028,1.823546251696472,1.1713493419701295,2.187422766270947,2.682849913879072,0.40831431705933935,-5.5693918702516925,0.18337891650934313,1.3212070905724809,9.87376695720727
EFT:-1.0976683432963033,1.8235462516964727,1.1713493419701289,2.187422766270947,2.6828499138790693,0.40831431705933896,-5.569391870251696,0.18337891650934418,1.3212070905724813,9.87376695720727
Random294
Raw:-1.097668343296303,1.8235462516964729,1.1713493419701286,2.187422766270946,2.6828499138790707,0.4083143170593387,-5.569391870251696,0.18337891650934435,1.3212070905724809,9.87376695720727
EFT:-1.0976683432963033,1.8235462516964727,1.1713493419701289,2.187422766270947,2.6828499138790693,0.40831431705933896,-5.569391870251696,0.18337891650934418,1.3212070905724813,9.87376695720727
Random295
Raw:-1.0976683432963035,1.8235462516964724,1.1713493419701284,2.187422766270946,2.6828499138790693,0.40831431705933885,-5.569391870251695,0.18337891650934424,1.3212070905724813,9.87376695720727
EFT:-1.0976683432963033,1.8235462516964727,1.1713493419701289,2.187422766270947,2.6828499138790693,0.40831431705933896,-5.569391870251696,0.18337891650934418,1.3212070905724813,9.87376695720727
Random296
Raw:-1.0976683432963026,1.8235462516964724,1.1713493419701293,2.1874227662709482,2.6828499138790707,0.4083143170593406,-5.569391870251695,0.18337891650934335,1.3212070905724818,9.873766957207271
EFT:-1.0976683432963033,1.8235462516964727,1.1713493419701289,2.187422766270947,2.6828499138790693,0.40831431705933896,-5.569391870251696,0.18337891650934418,1.3212070905724813,9.87376695720727
Random297
Raw:-1.0976683432963017,1.823546251696471,1.1713493419701306,2.1874227662709487,2.6828499138790702,0.4083143170593404,-5.569391870251696,0.183378916509345,1.3212070905724822,9.873766957207273
EFT:-1.097668343296303,1.8235462516964727,1.1713493419701289,2.187422766270947,2.6828499138790693,0.40831431705933896,-5.569391870251696,0.18337891650934418,1.3212070905724813,9.87376695720727
Random298
Raw:-1.0976683432963044,1.8235462516964738,1.171349341970128,2.187422766270945,2.6828499138790725,0.40831431705933885,-5.569391870251695,0.18337891650934435,1.3212070905724798,9.87376695720727
EFT:-1.0976683432963033,1.8235462516964727,1.1713493419701289,2.187422766270947,2.6828499138790693,0.40831431705933896,-5.569391870251696,0.18337891650934418,1.3212070905724813,9.87376695720727
Random299
Raw:-1.0976683432963026,1.8235462516964729,1.1713493419701289,2.1874227662709465,2.68284991387907,0.40831431705933957,-5.569391870251695,0.18337891650934512,1.3212070905724804,9.873766957207268
EFT:-1.0976683432963033,1.8235462516964727,1.1713493419701289,2.187422766270947,2.6828499138790693,0.40831431705933896,-5.569391870251696,0.18337891650934418,1.3212070905724813,9.87376695720727
Random300
Raw:-1.0976683432963035,1.8235462516964729,1.1713493419701286,2.187422766270947,2.6828499138790693,0.40831431705933907,-5.569391870251696,0.18337891650934401,1.321207090572481,9.87376695720727
EFT:-1.0976683432963033,1.8235462516964727,1.1713493419701289,2.1874227662709465,2.6828499138790693,0.40831431705933896,-5.569391870251696,0.18337891650934418,1.3212070905724813,9.87376695720727
