Original
-4.764780461763472,-8.045815156844462,-7.7084396899114,3.7486468788249807,-6.622739700372342,4.254341585833062,-17.99987440026996,-11.720063292626982,8.891891401501693,10.838707886667699
Ascend
-4.764780461763471,-8.04581515684446,-7.708439689911394,3.7486468788249763,-6.622739700372347,4.254341585833061,-17.999874400269952,-11.72006329262698,8.891891401501697,10.838707886667697
Descend
-4.764780461763469,-8.045815156844462,-7.708439689911395,3.7486468788249776,-6.622739700372348,4.254341585833059,-17.999874400269952,-11.72006329262698,8.891891401501697,10.838707886667699
Random1
Raw:-4.7647804617634675,-8.045815156844464,-7.708439689911393,3.748646878824977,-6.622739700372342,4.254341585833059,-17.999874400269945,-11.72006329262698,8.891891401501695,10.8387078866677
EFT:-4.76478046176347,-8.045815156844462,-7.708439689911394,3.748646878824977,-6.622739700372347,4.25434158583306,-17.999874400269952,-11.72006329262698,8.891891401501697,10.838707886667697
Random2
Raw:-4.76478046176347,-8.045815156844464,-7.708439689911397,3.74864687882498,-6.622739700372352,4.25434158583306,-17.99987440026995,-11.720063292626984,8.891891401501699,10.8387078866677
EFT:-4.76478046176347,-8.045815156844462,-7.708439689911395,3.7486468788249767,-6.622739700372345,4.254341585833061,-17.999874400269952,-11.72006329262698,8.891891401501697,10.838707886667697
Random3
Raw:-4.764780461763467,-8.045815156844466,-7.708439689911391,3.748646878824977,-6.622739700372344,4.254341585833053,-17.999874400269956,-11.72006329262698,8.891891401501699,10.8387078866677
EFT:-4.76478046176347,-8.045815156844462,-7.708439689911395,3.7486468788249767,-6.622739700372345,4.254341585833061,-17.999874400269952,-11.72006329262698,8.891891401501697,10.838707886667697
Random4
Raw:-4.7647804617634675,-8.045815156844464,-7.708439689911392,3.7486468788249763,-6.622739700372345,4.254341585833057,-17.999874400269942,-11.720063292626978,8.891891401501699,10.838707886667695
EFT:-4.76478046176347,-8.045815156844462,-7.708439689911394,3.748646878824977,-6.622739700372347,4.25434158583306,-17.999874400269952,-11.72006329262698,8.891891401501697,10.838707886667697
Random5
Raw:-4.764780461763464,-8.04581515684446,-7.70843968991139,3.748646878824971,-6.622739700372343,4.254341585833059,-17.99987440026995,-11.72006329262698,8.891891401501702,10.838707886667699
EFT:-4.76478046176347,-8.045815156844462,-7.708439689911394,3.748646878824977,-6.622739700372347,4.25434158583306,-17.999874400269952,-11.72006329262698,8.891891401501697,10.838707886667697
Random6
Raw:-4.764780461763468,-8.045815156844464,-7.708439689911399,3.748646878824981,-6.622739700372342,4.254341585833062,-17.99987440026996,-11.720063292626977,8.891891401501693,10.838707886667704
EFT:-4.76478046176347,-8.045815156844462,-7.708439689911394,3.748646878824977,-6.622739700372347,4.25434158583306,-17.999874400269952,-11.72006329262698,8.891891401501697,10.838707886667697
Random7
Raw:-4.764780461763474,-8.045815156844462,-7.7084396899114,3.7486468788249785,-6.622739700372347,4.254341585833066,-17.99987440026996,-11.720063292626985,8.8918914015017,10.838707886667699
EFT:-4.76478046176347,-8.045815156844462,-7.708439689911394,3.748646878824977,-6.622739700372347,4.25434158583306,-17.999874400269952,-11.72006329262698,8.891891401501697,10.838707886667697
Random8
Raw:-4.764780461763467,-8.045815156844458,-7.708439689911387,3.748646878824974,-6.622739700372347,4.254341585833051,-17.99987440026995,-11.720063292626978,8.891891401501699,10.838707886667693
EFT:-4.76478046176347,-8.045815156844462,-7.708439689911394,3.748646878824977,-6.622739700372347,4.25434158583306,-17.999874400269952,-11.72006329262698,8.891891401501697,10.838707886667697
Random9
Raw:-4.764780461763468,-8.045815156844464,-7.708439689911393,3.7486468788249767,-6.622739700372349,4.254341585833058,-17.999874400269956,-11.720063292626985,8.891891401501699,10.838707886667695
EFT:-4.76478046176347,-8.045815156844462,-7.708439689911394,3.7486468788249776,-6.622739700372347,4.25434158583306,-17.999874400269952,-11.72006329262698,8.891891401501697,10.838707886667697
Random10
Raw:-4.76478046176347,-8.045815156844462,-7.708439689911392,3.748646878824979,-6.622739700372347,4.254341585833057,-17.99987440026995,-11.720063292626978,8.891891401501692,10.838707886667697
EFT:-4.76478046176347,-8.045815156844462,-7.708439689911395,3.7486468788249767,-6.622739700372345,4.254341585833061,-17.999874400269952,-11.72006329262698,8.891891401501697,10.838707886667697
Random11
Raw:-4.76478046176347,-8.045815156844464,-7.708439689911399,3.748646878824981,-6.622739700372344,4.254341585833059,-17.99987440026996,-11.720063292626984,8.891891401501697,10.8387078866677
EFT:-4.764780461763469,-8.045815156844464,-7.708439689911395,3.7486468788249767,-6.622739700372346,4.254341585833061,-17.999874400269952,-11.72006329262698,8.891891401501697,10.838707886667699
Random12
Raw:-4.764780461763474,-8.045815156844462,-7.708439689911398,3.7486468788249776,-6.622739700372352,4.254341585833064,-17.999874400269956,-11.720063292626987,8.8918914015017,10.838707886667697
EFT:-4.76478046176347,-8.045815156844462,-7.708439689911395,3.7486468788249763,-6.622739700372345,4.254341585833061,-17.999874400269952,-11.720063292626978,8.891891401501697,10.838707886667697
Random13
Raw:-4.764780461763467,-8.045815156844467,-7.7084396899113905,3.7486468788249736,-6.622739700372341,4.254341585833052,-17.99987440026994,-11.72006329262698,8.891891401501702,10.838707886667697
EFT:-4.76478046176347,-8.045815156844462,-7.708439689911395,3.7486468788249763,-6.622739700372345,4.254341585833061,-17.999874400269952,-11.720063292626978,8.891891401501697,10.838707886667697
Random14
Raw:-4.764780461763468,-8.045815156844462,-7.70843968991139,3.7486468788249736,-6.622739700372342,4.254341585833061,-17.99987440026995,-11.720063292626978,8.891891401501693,10.838707886667699
EFT:-4.76478046176347,-8.045815156844462,-7.708439689911395,3.7486468788249763,-6.622739700372345,4.254341585833061,-17.999874400269952,-11.720063292626978,8.891891401501697,10.838707886667697
Random15
Raw:-4.764780461763471,-8.045815156844467,-7.7084396899114,3.7486468788249816,-6.622739700372345,4.254341585833065,-17.999874400269963,-11.720063292626982,8.891891401501695,10.838707886667699
EFT:-4.76478046176347,-8.045815156844462,-7.708439689911394,3.7486468788249776,-6.622739700372347,4.25434158583306,-17.999874400269952,-11.72006329262698,8.891891401501697,10.838707886667699
Random16
Raw:-4.76478046176347,-8.045815156844464,-7.708439689911399,3.7486468788249785,-6.622739700372343,4.254341585833066,-17.999874400269963,-11.720063292626984,8.891891401501697,10.838707886667704
EFT:-4.76478046176347,-8.045815156844462,-7.708439689911394,3.748646878824977,-6.622739700372347,4.25434158583306,-17.999874400269952,-11.72006329262698,8.891891401501697,10.838707886667697
Random17
Raw:-4.764780461763472,-8.045815156844462,-7.708439689911394,3.748646878824978,-6.6227397003723505,4.254341585833064,-17.999874400269956,-11.720063292626984,8.891891401501697,10.8387078866677
EFT:-4.76478046176347,-8.045815156844462,-7.708439689911395,3.7486468788249767,-6.622739700372345,4.254341585833061,-17.999874400269952,-11.72006329262698,8.891891401501697,10.838707886667697
Random18
Raw:-4.7647804617634675,-8.045815156844462,-7.708439689911391,3.748646878824975,-6.622739700372345,4.254341585833058,-17.99987440026995,-11.720063292626982,8.891891401501697,10.838707886667692
EFT:-4.76478046176347,-8.045815156844462,-7.708439689911394,3.7486468788249776,-6.622739700372347,4.25434158583306,-17.999874400269952,-11.72006329262698,8.891891401501697,10.838707886667699
Random19
Raw:-4.764780461763473,-8.045815156844462,-7.7084396899113985,3.74864687882498,-6.622739700372347,4.254341585833062,-17.999874400269956,-11.720063292626985,8.891891401501697,10.838707886667699
EFT:-4.76478046176347,-8.045815156844462,-7.708439689911395,3.7486468788249767,-6.622739700372345,4.254341585833061,-17.999874400269952,-11.72006329262698,8.891891401501697,10.838707886667697
Random20
Raw:-4.764780461763469,-8.045815156844466,-7.708439689911399,3.7486468788249794,-6.622739700372342,4.254341585833061,-17.999874400269952,-11.720063292626984,8.891891401501695,10.8387078866677
EFT:-4.76478046176347,-8.045815156844462,-7.708439689911394,3.748646878824977,-6.622739700372347,4.25434158583306,-17.999874400269952,-11.72006329262698,8.891891401501697,10.838707886667697
Random21
Raw:-4.76478046176347,-8.04581515684447,-7.7084396899113985,3.748646878824979,-6.622739700372347,4.254341585833061,-17.99987440026995,-11.720063292626985,8.891891401501699,10.8387078866677
EFT:-4.76478046176347,-8.045815156844462,-7.708439689911395,3.7486468788249767,-6.622739700372345,4.254341585833061,-17.999874400269952,-11.72006329262698,8.891891401501697,10.838707886667699
Random22
Raw:-4.764780461763468,-8.045815156844462,-7.708439689911392,3.748646878824976,-6.622739700372343,4.2543415858330595,-17.99987440026995,-11.72006329262698,8.8918914015017,10.838707886667699
EFT:-4.76478046176347,-8.045815156844462,-7.708439689911394,3.748646878824977,-6.622739700372347,4.25434158583306,-17.999874400269952,-11.72006329262698,8.891891401501697,10.838707886667697
Random23
Raw:-4.764780461763471,-8.045815156844462,-7.708439689911395,3.7486468788249763,-6.622739700372345,4.254341585833058,-17.999874400269952,-11.72006329262698,8.891891401501699,10.8387078866677
EFT:-4.764780461763469,-8.045815156844464,-7.708439689911395,3.748646878824977,-6.622739700372346,4.254341585833061,-17.999874400269952,-11.72006329262698,8.891891401501697,10.838707886667699
Random24
Raw:-4.764780461763471,-8.045815156844467,-7.708439689911398,3.748646878824977,-6.622739700372346,4.254341585833062,-17.999874400269952,-11.720063292626987,8.8918914015017,10.8387078866677
EFT:-4.76478046176347,-8.045815156844462,-7.708439689911395,3.7486468788249763,-6.622739700372345,4.254341585833061,-17.999874400269952,-11.720063292626978,8.891891401501697,10.838707886667697
Random25
Raw:-4.764780461763471,-8.045815156844464,-7.708439689911394,3.7486468788249767,-6.622739700372343,4.254341585833063,-17.999874400269952,-11.72006329262698,8.891891401501695,10.838707886667699
EFT:-4.764780461763469,-8.045815156844462,-7.708439689911395,3.748646878824977,-6.622739700372346,4.254341585833061,-17.999874400269952,-11.72006329262698,8.891891401501697,10.838707886667699
Random26
Raw:-4.764780461763473,-8.045815156844462,-7.708439689911398,3.7486468788249776,-6.622739700372341,4.254341585833064,-17.999874400269952,-11.720063292626982,8.891891401501693,10.838707886667699
EFT:-4.764780461763469,-8.045815156844464,-7.708439689911395,3.748646878824977,-6.622739700372346,4.254341585833061,-17.999874400269952,-11.72006329262698,8.891891401501697,10.838707886667699
Random27
Raw:-4.764780461763464,-8.045815156844464,-7.708439689911391,3.748646878824975,-6.622739700372343,4.254341585833053,-17.999874400269945,-11.720063292626982,8.8918914015017,10.838707886667695
EFT:-4.764780461763469,-8.045815156844464,-7.708439689911395,3.7486468788249767,-6.622739700372346,4.254341585833061,-17.999874400269952,-11.72006329262698,8.891891401501697,10.838707886667699
Random28
Raw:-4.764780461763472,-8.045815156844466,-7.7084396899113985,3.748646878824979,-6.622739700372345,4.25434158583306,-17.99987440026996,-11.72006329262698,8.891891401501695,10.838707886667697
EFT:-4.764780461763469,-8.045815156844464,-7.708439689911395,3.748646878824977,-6.622739700372346,4.254341585833061,-17.999874400269952,-11.72006329262698,8.891891401501697,10.838707886667699
Random29
Raw:-4.764780461763472,-8.045815156844466,-7.708439689911397,3.7486468788249763,-6.62273970037235,4.254341585833062,-17.999874400269945,-11.720063292626985,8.891891401501693,10.8387078866677
EFT:-4.76478046176347,-8.045815156844462,-7.708439689911395,3.7486468788249763,-6.622739700372345,4.254341585833061,-17.999874400269952,-11.720063292626978,8.891891401501697,10.838707886667697
Random30
Raw:-4.764780461763473,-8.045815156844462,-7.708439689911395,3.748646878824976,-6.622739700372345,4.254341585833058,-17.99987440026996,-11.720063292626982,8.891891401501692,10.838707886667699
EFT:-4.76478046176347,-8.045815156844462,-7.708439689911394,3.748646878824977,-6.622739700372347,4.25434158583306,-17.999874400269952,-11.72006329262698,8.891891401501697,10.838707886667697
Random31
Raw:-4.7647804617634675,-8.045815156844464,-7.708439689911399,3.7486468788249785,-6.622739700372344,4.254341585833067,-17.999874400269952,-11.72006329262698,8.891891401501693,10.838707886667702
EFT:-4.76478046176347,-8.045815156844462,-7.708439689911394,3.7486468788249776,-6.622739700372347,4.25434158583306,-17.999874400269952,-11.72006329262698,8.891891401501697,10.838707886667697
Random32
Raw:-4.764780461763472,-8.045815156844467,-7.708439689911401,3.748646878824978,-6.622739700372345,4.254341585833064,-17.999874400269956,-11.720063292626984,8.891891401501692,10.838707886667704
EFT:-4.76478046176347,-8.045815156844462,-7.708439689911394,3.7486468788249776,-6.622739700372347,4.25434158583306,-17.999874400269952,-11.72006329262698,8.891891401501697,10.838707886667699
Random33
Raw:-4.764780461763469,-8.045815156844464,-7.708439689911393,3.748646878824976,-6.622739700372343,4.254341585833064,-17.999874400269945,-11.72006329262698,8.8918914015017,10.838707886667695
EFT:-4.764780461763469,-8.045815156844464,-7.708439689911395,3.748646878824977,-6.622739700372346,4.254341585833061,-17.999874400269952,-11.72006329262698,8.891891401501697,10.838707886667699
Random34
Raw:-4.7647804617634675,-8.045815156844466,-7.708439689911394,3.748646878824979,-6.622739700372353,4.254341585833054,-17.99987440026996,-11.720063292626984,8.8918914015017,10.838707886667697
EFT:-4.76478046176347,-8.045815156844462,-7.708439689911395,3.7486468788249767,-6.622739700372345,4.254341585833061,-17.999874400269952,-11.720063292626978,8.891891401501697,10.838707886667697
Random35
Raw:-4.7647804617634675,-8.045815156844466,-7.708439689911397,3.748646878824978,-6.622739700372343,4.254341585833057,-17.999874400269952,-11.720063292626977,8.891891401501699,10.8387078866677
EFT:-4.76478046176347,-8.045815156844462,-7.708439689911394,3.748646878824977,-6.622739700372347,4.25434158583306,-17.999874400269952,-11.72006329262698,8.891891401501697,10.838707886667697
Random36
Raw:-4.764780461763474,-8.045815156844464,-7.708439689911398,3.7486468788249816,-6.622739700372345,4.254341585833059,-17.99987440026996,-11.720063292626985,8.891891401501699,10.838707886667704
EFT:-4.76478046176347,-8.045815156844462,-7.708439689911394,3.748646878824977,-6.622739700372347,4.25434158583306,-17.999874400269952,-11.72006329262698,8.891891401501697,10.838707886667697
Random37
Raw:-4.764780461763468,-8.045815156844462,-7.70843968991139,3.748646878824976,-6.622739700372345,4.254341585833057,-17.99987440026995,-11.720063292626978,8.891891401501692,10.838707886667695
EFT:-4.76478046176347,-8.045815156844462,-7.708439689911395,3.7486468788249767,-6.622739700372345,4.254341585833061,-17.999874400269952,-11.72006329262698,8.891891401501697,10.838707886667699
Random38
Raw:-4.7647804617634675,-8.045815156844462,-7.708439689911399,3.7486468788249785,-6.622739700372346,4.25434158583306,-17.999874400269956,-11.720063292626982,8.891891401501695,10.838707886667697
EFT:-4.76478046176347,-8.045815156844462,-7.708439689911394,3.7486468788249776,-6.622739700372347,4.25434158583306,-17.999874400269952,-11.72006329262698,8.891891401501697,10.838707886667697
Random39
Raw:-4.764780461763471,-8.045815156844464,-7.708439689911392,3.7486468788249736,-6.622739700372347,4.254341585833061,-17.999874400269945,-11.720063292626982,8.8918914015017,10.838707886667695
EFT:-4.76478046176347,-8.045815156844462,-7.708439689911395,3.7486468788249767,-6.622739700372345,4.254341585833061,-17.999874400269952,-11.72006329262698,8.891891401501697,10.838707886667699
Random40
Raw:-4.764780461763471,-8.045815156844464,-7.708439689911396,3.748646878824977,-6.622739700372348,4.254341585833061,-17.99987440026996,-11.720063292626987,8.891891401501695,10.8387078866677
EFT:-4.76478046176347,-8.045815156844462,-7.708439689911394,3.7486468788249776,-6.622739700372347,4.25434158583306,-17.999874400269952,-11.72006329262698,8.891891401501697,10.838707886667699
Random41
Raw:-4.7647804617634755,-8.045815156844464,-7.7084396899114,3.74864687882498,-6.622739700372348,4.254341585833067,-17.999874400269952,-11.720063292626985,8.891891401501695,10.838707886667706
EFT:-4.76478046176347,-8.045815156844462,-7.708439689911394,3.748646878824977,-6.622739700372347,4.25434158583306,-17.999874400269952,-11.72006329262698,8.891891401501697,10.838707886667697
Random42
Raw:-4.76478046176347,-8.045815156844464,-7.708439689911394,3.748646878824979,-6.622739700372349,4.254341585833063,-17.999874400269956,-11.720063292626987,8.891891401501697,10.838707886667699
EFT:-4.76478046176347,-8.045815156844462,-7.708439689911394,3.748646878824977,-6.622739700372347,4.25434158583306,-17.999874400269952,-11.72006329262698,8.891891401501697,10.838707886667697
Random43
Raw:-4.764780461763466,-8.045815156844467,-7.708439689911396,3.748646878824978,-6.622739700372341,4.2543415858330595,-17.999874400269956,-11.720063292626984,8.891891401501695,10.838707886667699
EFT:-4.76478046176347,-8.045815156844462,-7.708439689911394,3.748646878824977,-6.622739700372347,4.25434158583306,-17.999874400269952,-11.72006329262698,8.891891401501697,10.838707886667697
Random44
Raw:-4.764780461763473,-8.04581515684446,-7.708439689911397,3.748646878824979,-6.622739700372346,4.254341585833061,-17.99987440026996,-11.720063292626978,8.891891401501693,10.838707886667699
EFT:-4.76478046176347,-8.045815156844464,-7.708439689911394,3.7486468788249776,-6.622739700372347,4.25434158583306,-17.999874400269952,-11.72006329262698,8.891891401501697,10.838707886667699
Random45
Raw:-4.76478046176347,-8.045815156844464,-7.708439689911394,3.74864687882498,-6.622739700372346,4.254341585833064,-17.999874400269952,-11.720063292626982,8.891891401501695,10.838707886667697
EFT:-4.764780461763469,-8.045815156844464,-7.708439689911395,3.748646878824977,-6.622739700372346,4.254341585833061,-17.999874400269952,-11.72006329262698,8.891891401501697,10.838707886667699
Random46
Raw:-4.764780461763469,-8.04581515684447,-7.708439689911392,3.7486468788249754,-6.622739700372343,4.254341585833058,-17.99987440026995,-11.72006329262698,8.891891401501699,10.838707886667699
EFT:-4.76478046176347,-8.045815156844462,-7.708439689911394,3.748646878824977,-6.622739700372347,4.25434158583306,-17.999874400269952,-11.72006329262698,8.891891401501697,10.838707886667697
Random47
Raw:-4.764780461763471,-8.045815156844464,-7.708439689911399,3.748646878824979,-6.62273970037234,4.254341585833062,-17.99987440026996,-11.720063292626982,8.891891401501697,10.8387078866677
EFT:-4.76478046176347,-8.045815156844462,-7.708439689911394,3.748646878824977,-6.622739700372347,4.25434158583306,-17.999874400269952,-11.72006329262698,8.891891401501697,10.838707886667697
Random48
Raw:-4.764780461763469,-8.045815156844464,-7.708439689911396,3.748646878824977,-6.622739700372339,4.254341585833059,-17.999874400269952,-11.720063292626982,8.891891401501695,10.8387078866677
EFT:-4.76478046176347,-8.045815156844462,-7.708439689911394,3.748646878824977,-6.622739700372347,4.25434158583306,-17.999874400269952,-11.72006329262698,8.891891401501697,10.838707886667697
Random49
Raw:-4.764780461763469,-8.045815156844466,-7.708439689911397,3.7486468788249807,-6.6227397003723505,4.254341585833058,-17.999874400269956,-11.720063292626978,8.891891401501695,10.838707886667702
EFT:-4.76478046176347,-8.045815156844462,-7.708439689911395,3.7486468788249767,-6.622739700372345,4.254341585833061,-17.999874400269952,-11.72006329262698,8.891891401501697,10.838707886667697
Random50
Raw:-4.7647804617634675,-8.045815156844462,-7.708439689911393,3.748646878824973,-6.622739700372345,4.254341585833062,-17.999874400269945,-11.720063292626982,8.8918914015017,10.838707886667692
EFT:-4.76478046176347,-8.045815156844462,-7.708439689911395,3.7486468788249763,-6.622739700372345,4.254341585833061,-17.999874400269952,-11.720063292626978,8.891891401501697,10.838707886667697
Random51
Raw:-4.76478046176347,-8.045815156844462,-7.708439689911393,3.748646878824975,-6.622739700372346,4.254341585833059,-17.999874400269945,-11.72006329262698,8.891891401501695,10.838707886667693
EFT:-4.76478046176347,-8.045815156844462,-7.708439689911395,3.7486468788249763,-6.622739700372345,4.254341585833061,-17.999874400269952,-11.72006329262698,8.891891401501697,10.838707886667697
Random52
Raw:-4.764780461763472,-8.045815156844466,-7.708439689911398,3.748646878824976,-6.622739700372344,4.254341585833065,-17.999874400269945,-11.720063292626982,8.891891401501697,10.8387078866677
EFT:-4.76478046176347,-8.045815156844462,-7.708439689911395,3.7486468788249763,-6.622739700372345,4.254341585833061,-17.999874400269952,-11.72006329262698,8.891891401501697,10.838707886667697
Random53
Raw:-4.764780461763471,-8.045815156844464,-7.708439689911403,3.74864687882498,-6.622739700372343,4.254341585833065,-17.99987440026996,-11.72006329262698,8.891891401501697,10.8387078866677
EFT:-4.76478046176347,-8.045815156844462,-7.708439689911394,3.7486468788249776,-6.622739700372347,4.25434158583306,-17.999874400269952,-11.72006329262698,8.891891401501697,10.838707886667699
Random54
Raw:-4.764780461763475,-8.045815156844462,-7.708439689911401,3.7486468788249807,-6.622739700372343,4.254341585833067,-17.99987440026996,-11.720063292626982,8.891891401501693,10.838707886667702
EFT:-4.764780461763469,-8.045815156844464,-7.708439689911395,3.748646878824977,-6.622739700372346,4.254341585833061,-17.999874400269952,-11.72006329262698,8.891891401501697,10.838707886667699
Random55
Raw:-4.764780461763469,-8.045815156844464,-7.708439689911397,3.748646878824974,-6.622739700372338,4.2543415858330595,-17.99987440026995,-11.720063292626982,8.891891401501697,10.838707886667699
EFT:-4.76478046176347,-8.045815156844462,-7.708439689911395,3.7486468788249763,-6.622739700372345,4.254341585833061,-17.999874400269952,-11.720063292626978,8.891891401501697,10.838707886667697
Random56
Raw:-4.764780461763473,-8.045815156844462,-7.708439689911396,3.7486468788249745,-6.6227397003723425,4.254341585833058,-17.999874400269956,-11.720063292626978,8.891891401501693,10.838707886667702
EFT:-4.76478046176347,-8.045815156844462,-7.708439689911395,3.7486468788249767,-6.622739700372345,4.254341585833061,-17.999874400269952,-11.72006329262698,8.891891401501697,10.838707886667697
Random57
Raw:-4.764780461763472,-8.045815156844464,-7.708439689911396,3.7486468788249807,-6.62273970037235,4.254341585833065,-17.999874400269956,-11.720063292626985,8.891891401501695,10.838707886667699
EFT:-4.764780461763469,-8.045815156844462,-7.708439689911395,3.7486468788249767,-6.622739700372346,4.254341585833061,-17.999874400269952,-11.72006329262698,8.891891401501697,10.838707886667699
Random58
Raw:-4.764780461763469,-8.045815156844462,-7.708439689911395,3.7486468788249763,-6.622739700372348,4.254341585833067,-17.999874400269956,-11.720063292626977,8.891891401501695,10.8387078866677
EFT:-4.76478046176347,-8.045815156844462,-7.708439689911394,3.748646878824977,-6.622739700372347,4.25434158583306,-17.999874400269952,-11.72006329262698,8.891891401501697,10.838707886667697
Random59
Raw:-4.764780461763468,-8.045815156844466,-7.708439689911394,3.7486468788249763,-6.622739700372348,4.254341585833064,-17.999874400269956,-11.720063292626982,8.891891401501699,10.838707886667699
EFT:-4.76478046176347,-8.045815156844462,-7.708439689911395,3.7486468788249763,-6.622739700372345,4.254341585833061,-17.999874400269952,-11.72006329262698,8.891891401501697,10.838707886667697
Random60
Raw:-4.764780461763471,-8.045815156844464,-7.708439689911394,3.7486468788249776,-6.6227397003723505,4.25434158583306,-17.999874400269956,-11.72006329262698,8.891891401501695,10.838707886667697
EFT:-4.76478046176347,-8.045815156844462,-7.708439689911394,3.748646878824977,-6.622739700372347,4.25434158583306,-17.999874400269952,-11.72006329262698,8.891891401501697,10.838707886667697
Random61
Raw:-4.764780461763472,-8.045815156844464,-7.708439689911397,3.748646878824977,-6.622739700372348,4.254341585833065,-17.999874400269956,-11.720063292626978,8.891891401501692,10.838707886667695
EFT:-4.76478046176347,-8.045815156844462,-7.708439689911394,3.748646878824977,-6.622739700372347,4.25434158583306,-17.999874400269952,-11.72006329262698,8.891891401501697,10.838707886667697
Random62
Raw:-4.76478046176347,-8.045815156844464,-7.708439689911394,3.7486468788249767,-6.622739700372344,4.2543415858330595,-17.99987440026995,-11.72006329262698,8.891891401501697,10.838707886667695
EFT:-4.76478046176347,-8.045815156844462,-7.708439689911394,3.748646878824977,-6.622739700372347,4.25434158583306,-17.999874400269952,-11.72006329262698,8.891891401501697,10.838707886667697
Random63
Raw:-4.764780461763472,-8.04581515684446,-7.708439689911399,3.7486468788249776,-6.622739700372344,4.254341585833064,-17.99987440026995,-11.720063292626982,8.891891401501695,10.8387078866677
EFT:-4.76478046176347,-8.045815156844462,-7.708439689911394,3.748646878824977,-6.622739700372347,4.25434158583306,-17.999874400269952,-11.72006329262698,8.891891401501697,10.838707886667697
Random64
Raw:-4.764780461763474,-8.045815156844466,-7.7084396899114,3.7486468788249785,-6.6227397003723425,4.254341585833067,-17.999874400269952,-11.720063292626984,8.891891401501695,10.838707886667699
EFT:-4.76478046176347,-8.045815156844462,-7.708439689911394,3.748646878824977,-6.622739700372347,4.25434158583306,-17.999874400269952,-11.72006329262698,8.891891401501697,10.838707886667697
Random65
Raw:-4.764780461763469,-8.045815156844462,-7.708439689911396,3.7486468788249794,-6.622739700372347,4.254341585833058,-17.999874400269952,-11.720063292626984,8.891891401501697,10.83870788666769
EFT:-4.76478046176347,-8.045815156844462,-7.708439689911394,3.748646878824977,-6.622739700372347,4.25434158583306,-17.999874400269952,-11.72006329262698,8.891891401501697,10.838707886667697
Random66
Raw:-4.7647804617634755,-8.045815156844466,-7.708439689911401,3.7486468788249807,-6.6227397003723425,4.254341585833062,-17.999874400269956,-11.720063292626982,8.891891401501693,10.838707886667702
EFT:-4.764780461763469,-8.045815156844462,-7.708439689911395,3.7486468788249767,-6.622739700372346,4.254341585833061,-17.999874400269952,-11.72006329262698,8.891891401501697,10.838707886667699
Random67
Raw:-4.764780461763471,-8.045815156844464,-7.708439689911396,3.7486468788249776,-6.622739700372342,4.2543415858330595,-17.99987440026995,-11.72006329262698,8.891891401501695,10.838707886667699
EFT:-4.76478046176347,-8.045815156844462,-7.708439689911394,3.748646878824977,-6.622739700372347,4.25434158583306,-17.999874400269952,-11.72006329262698,8.891891401501697,10.838707886667697
Random68
Raw:-4.764780461763466,-8.045815156844464,-7.7084396899113905,3.748646878824975,-6.62273970037234,4.254341585833057,-17.999874400269952,-11.720063292626982,8.891891401501695,10.838707886667697
EFT:-4.76478046176347,-8.045815156844462,-7.708439689911394,3.748646878824977,-6.622739700372347,4.25434158583306,-17.999874400269952,-11.72006329262698,8.891891401501697,10.838707886667697
Random69
Raw:-4.764780461763473,-8.045815156844466,-7.708439689911399,3.74864687882498,-6.6227397003723505,4.2543415858330675,-17.999874400269963,-11.720063292626985,8.891891401501695,10.8387078866677
EFT:-4.76478046176347,-8.045815156844462,-7.708439689911394,3.748646878824977,-6.622739700372347,4.25434158583306,-17.999874400269952,-11.72006329262698,8.891891401501697,10.838707886667697
Random70
Raw:-4.76478046176347,-8.04581515684447,-7.708439689911397,3.7486468788249776,-6.622739700372349,4.254341585833063,-17.999874400269945,-11.720063292626984,8.8918914015017,10.838707886667695
EFT:-4.76478046176347,-8.045815156844462,-7.708439689911394,3.7486468788249776,-6.622739700372347,4.25434158583306,-17.999874400269952,-11.72006329262698,8.891891401501697,10.838707886667697
Random71
Raw:-4.764780461763471,-8.045815156844464,-7.708439689911394,3.7486468788249776,-6.622739700372341,4.254341585833057,-17.999874400269952,-11.720063292626977,8.891891401501695,10.838707886667697
EFT:-4.76478046176347,-8.045815156844462,-7.708439689911394,3.7486468788249776,-6.622739700372347,4.25434158583306,-17.999874400269952,-11.72006329262698,8.891891401501697,10.838707886667699
Random72
Raw:-4.76478046176347,-8.04581515684446,-7.708439689911392,3.74864687882498,-6.622739700372347,4.254341585833058,-17.999874400269956,-11.720063292626978,8.891891401501695,10.838707886667693
EFT:-4.76478046176347,-8.045815156844462,-7.708439689911395,3.7486468788249767,-6.622739700372345,4.254341585833061,-17.999874400269952,-11.72006329262698,8.891891401501697,10.838707886667699
Random73
Raw:-4.76478046176347,-8.045815156844464,-7.708439689911397,3.74864687882498,-6.622739700372349,4.254341585833066,-17.999874400269956,-11.720063292626978,8.89189140150169,10.8387078866677
EFT:-4.76478046176347,-8.045815156844462,-7.708439689911394,3.7486468788249776,-6.622739700372347,4.25434158583306,-17.999874400269952,-11.72006329262698,8.891891401501697,10.838707886667699
Random74
Raw:-4.764780461763469,-8.045815156844462,-7.708439689911395,3.748646878824978,-6.622739700372345,4.254341585833058,-17.999874400269956,-11.720063292626982,8.891891401501697,10.8387078866677
EFT:-4.76478046176347,-8.045815156844462,-7.708439689911394,3.748646878824977,-6.622739700372347,4.25434158583306,-17.999874400269952,-11.72006329262698,8.891891401501697,10.838707886667697
Random75
Raw:-4.764780461763469,-8.045815156844464,-7.708439689911393,3.748646878824978,-6.622739700372352,4.2543415858330595,-17.999874400269952,-11.720063292626984,8.8918914015017,10.838707886667695
EFT:-4.76478046176347,-8.045815156844462,-7.708439689911394,3.748646878824977,-6.622739700372347,4.25434158583306,-17.999874400269952,-11.72006329262698,8.891891401501697,10.838707886667697
Random76
Raw:-4.764780461763464,-8.045815156844464,-7.708439689911392,3.748646878824974,-6.6227397003723425,4.254341585833059,-17.99987440026995,-11.720063292626975,8.891891401501693,10.838707886667695
EFT:-4.76478046176347,-8.045815156844462,-7.708439689911394,3.7486468788249776,-6.622739700372347,4.25434158583306,-17.999874400269952,-11.72006329262698,8.891891401501697,10.838707886667699
Random77
Raw:-4.764780461763468,-8.04581515684446,-7.708439689911396,3.748646878824978,-6.622739700372342,4.254341585833059,-17.999874400269945,-11.720063292626978,8.891891401501692,10.8387078866677
EFT:-4.76478046176347,-8.045815156844462,-7.708439689911394,3.748646878824977,-6.622739700372347,4.25434158583306,-17.999874400269952,-11.72006329262698,8.891891401501697,10.838707886667697
Random78
Raw:-4.764780461763465,-8.045815156844467,-7.708439689911394,3.748646878824975,-6.622739700372347,4.254341585833059,-17.999874400269952,-11.720063292626984,8.8918914015017,10.838707886667699
EFT:-4.76478046176347,-8.045815156844462,-7.708439689911394,3.748646878824977,-6.622739700372347,4.25434158583306,-17.999874400269952,-11.72006329262698,8.891891401501697,10.838707886667697
Random79
Raw:-4.764780461763473,-8.045815156844464,-7.7084396899114,3.748646878824978,-6.62273970037234,4.254341585833062,-17.999874400269945,-11.720063292626984,8.891891401501697,10.838707886667699
EFT:-4.76478046176347,-8.045815156844462,-7.708439689911394,3.748646878824977,-6.622739700372347,4.25434158583306,-17.999874400269952,-11.72006329262698,8.891891401501697,10.838707886667697
Random80
Raw:-4.76478046176347,-8.045815156844464,-7.708439689911395,3.7486468788249763,-6.622739700372347,4.254341585833061,-17.999874400269956,-11.720063292626984,8.891891401501695,10.838707886667704
EFT:-4.76478046176347,-8.045815156844462,-7.708439689911395,3.7486468788249763,-6.622739700372345,4.254341585833061,-17.999874400269952,-11.72006329262698,8.891891401501697,10.838707886667697
Random81
Raw:-4.7647804617634675,-8.04581515684446,-7.708439689911392,3.748646878824976,-6.622739700372348,4.254341585833057,-17.999874400269952,-11.720063292626978,8.891891401501693,10.838707886667695
EFT:-4.764780461763469,-8.045815156844464,-7.708439689911395,3.7486468788249767,-6.622739700372346,4.254341585833061,-17.999874400269952,-11.72006329262698,8.891891401501697,10.838707886667699
Random82
Raw:-4.764780461763475,-8.045815156844464,-7.708439689911403,3.748646878824978,-6.62273970037234,4.254341585833062,-17.999874400269952,-11.720063292626985,8.891891401501695,10.838707886667702
EFT:-4.76478046176347,-8.045815156844462,-7.708439689911395,3.7486468788249767,-6.622739700372345,4.254341585833061,-17.999874400269952,-11.72006329262698,8.891891401501697,10.838707886667699
Random83
Raw:-4.764780461763465,-8.04581515684446,-7.708439689911392,3.7486468788249754,-6.622739700372336,4.254341585833053,-17.999874400269956,-11.72006329262698,8.891891401501699,10.838707886667697
EFT:-4.76478046176347,-8.045815156844462,-7.708439689911394,3.748646878824977,-6.622739700372347,4.25434158583306,-17.999874400269952,-11.72006329262698,8.891891401501697,10.838707886667697
Random84
Raw:-4.764780461763471,-8.045815156844466,-7.7084396899113985,3.7486468788249807,-6.622739700372349,4.254341585833062,-17.99987440026996,-11.720063292626984,8.8918914015017,10.8387078866677
EFT:-4.764780461763469,-8.045815156844464,-7.708439689911395,3.748646878824977,-6.622739700372346,4.254341585833061,-17.999874400269952,-11.72006329262698,8.891891401501697,10.838707886667699
Random85
Raw:-4.764780461763468,-8.045815156844462,-7.708439689911394,3.748646878824979,-6.6227397003723505,4.25434158583306,-17.999874400269952,-11.720063292626982,8.891891401501697,10.838707886667692
EFT:-4.76478046176347,-8.045815156844462,-7.708439689911394,3.748646878824977,-6.622739700372347,4.25434158583306,-17.999874400269952,-11.72006329262698,8.891891401501697,10.838707886667697
Random86
Raw:-4.764780461763469,-8.045815156844466,-7.7084396899113985,3.748646878824979,-6.622739700372346,4.254341585833065,-17.99987440026996,-11.720063292626984,8.891891401501699,10.838707886667702
EFT:-4.76478046176347,-8.045815156844462,-7.708439689911394,3.748646878824977,-6.622739700372347,4.25434158583306,-17.999874400269952,-11.72006329262698,8.891891401501697,10.838707886667697
Random87
Raw:-4.764780461763465,-8.04581515684446,-7.708439689911388,3.748646878824976,-6.622739700372349,4.254341585833056,-17.999874400269945,-11.720063292626982,8.891891401501697,10.838707886667693
EFT:-4.76478046176347,-8.045815156844462,-7.708439689911395,3.7486468788249763,-6.622739700372345,4.254341585833061,-17.999874400269952,-11.72006329262698,8.891891401501697,10.838707886667697
Random88
Raw:-4.764780461763466,-8.045815156844464,-7.70843968991139,3.7486468788249754,-6.622739700372347,4.254341585833054,-17.99987440026995,-11.72006329262698,8.891891401501699,10.8387078866677
EFT:-4.76478046176347,-8.045815156844462,-7.708439689911395,3.7486468788249763,-6.622739700372345,4.254341585833061,-17.999874400269952,-11.720063292626978,8.891891401501697,10.838707886667697
Random89
Raw:-4.7647804617634675,-8.045815156844464,-7.708439689911394,3.7486468788249767,-6.6227397003723425,4.254341585833051,-17.99987440026996,-11.720063292626978,8.8918914015017,10.838707886667702
EFT:-4.76478046176347,-8.045815156844462,-7.708439689911394,3.7486468788249776,-6.622739700372347,4.25434158583306,-17.999874400269952,-11.72006329262698,8.891891401501697,10.838707886667699
Random90
Raw:-4.7647804617634675,-8.045815156844464,-7.708439689911392,3.7486468788249763,-6.622739700372347,4.254341585833057,-17.999874400269956,-11.720063292626978,8.891891401501692,10.838707886667697
EFT:-4.76478046176347,-8.045815156844462,-7.708439689911394,3.748646878824977,-6.622739700372347,4.25434158583306,-17.999874400269952,-11.72006329262698,8.891891401501697,10.838707886667697
Random91
Raw:-4.764780461763474,-8.045815156844462,-7.7084396899114,3.7486468788249754,-6.6227397003723425,4.254341585833065,-17.999874400269956,-11.72006329262698,8.891891401501693,10.838707886667708
EFT:-4.76478046176347,-8.045815156844462,-7.708439689911395,3.7486468788249767,-6.622739700372345,4.254341585833061,-17.999874400269952,-11.72006329262698,8.891891401501695,10.838707886667697
Random92
Raw:-4.764780461763472,-8.045815156844462,-7.708439689911397,3.748646878824979,-6.622739700372345,4.254341585833062,-17.99987440026996,-11.720063292626982,8.891891401501693,10.838707886667695
EFT:-4.76478046176347,-8.045815156844462,-7.708439689911394,3.7486468788249776,-6.622739700372347,4.25434158583306,-17.999874400269952,-11.72006329262698,8.891891401501697,10.838707886667699
Random93
Raw:-4.76478046176347,-8.045815156844462,-7.70843968991139,3.748646878824978,-6.622739700372353,4.254341585833058,-17.999874400269956,-11.72006329262698,8.891891401501699,10.83870788666769
EFT:-4.76478046176347,-8.045815156844462,-7.708439689911394,3.7486468788249776,-6.622739700372347,4.25434158583306,-17.999874400269952,-11.72006329262698,8.891891401501697,10.838707886667699
Random94
Raw:-4.764780461763466,-8.045815156844464,-7.70843968991139,3.748646878824973,-6.62273970037235,4.254341585833057,-17.99987440026995,-11.720063292626982,8.8918914015017,10.838707886667697
EFT:-4.76478046176347,-8.045815156844464,-7.708439689911394,3.7486468788249776,-6.622739700372347,4.25434158583306,-17.999874400269952,-11.72006329262698,8.891891401501697,10.838707886667699
Random95
Raw:-4.764780461763467,-8.04581515684446,-7.70843968991139,3.7486468788249763,-6.622739700372344,4.254341585833059,-17.999874400269945,-11.72006329262698,8.891891401501695,10.838707886667695
EFT:-4.76478046176347,-8.045815156844462,-7.708439689911394,3.748646878824977,-6.622739700372347,4.25434158583306,-17.999874400269952,-11.72006329262698,8.891891401501697,10.838707886667697
Random96
Raw:-4.76478046176347,-8.045815156844462,-7.708439689911395,3.748646878824979,-6.622739700372344,4.254341585833057,-17.999874400269945,-11.720063292626984,8.891891401501695,10.8387078866677
EFT:-4.76478046176347,-8.045815156844462,-7.708439689911394,3.7486468788249776,-6.622739700372347,4.25434158583306,-17.999874400269952,-11.72006329262698,8.891891401501697,10.838707886667699
Random97
Raw:-4.764780461763469,-8.045815156844464,-7.708439689911397,3.74864687882498,-6.622739700372346,4.254341585833061,-17.999874400269952,-11.720063292626977,8.891891401501693,10.8387078866677
EFT:-4.76478046176347,-8.045815156844462,-7.708439689911395,3.7486468788249767,-6.622739700372345,4.254341585833061,-17.999874400269952,-11.72006329262698,8.891891401501697,10.838707886667697
Random98
Raw:-4.764780461763473,-8.045815156844462,-7.708439689911394,3.748646878824978,-6.6227397003723505,4.254341585833057,-17.999874400269963,-11.720063292626978,8.891891401501695,10.838707886667695
EFT:-4.764780461763469,-8.045815156844464,-7.708439689911395,3.7486468788249767,-6.622739700372346,4.254341585833061,-17.999874400269952,-11.72006329262698,8.891891401501697,10.838707886667699
Random99
Raw:-4.764780461763471,-8.045815156844464,-7.708439689911398,3.7486468788249754,-6.6227397003723425,4.254341585833059,-17.999874400269956,-11.720063292626978,8.89189140150169,10.8387078866677
EFT:-4.76478046176347,-8.045815156844462,-7.708439689911394,3.7486468788249776,-6.622739700372347,4.25434158583306,-17.999874400269952,-11.72006329262698,8.891891401501697,10.838707886667699
Random100
Raw:-4.764780461763472,-8.045815156844458,-7.708439689911395,3.748646878824975,-6.622739700372344,4.25434158583306,-17.99987440026995,-11.720063292626975,8.891891401501695,10.838707886667697
EFT:-4.76478046176347,-8.045815156844462,-7.708439689911394,3.748646878824977,-6.622739700372347,4.25434158583306,-17.999874400269952,-11.72006329262698,8.891891401501697,10.838707886667697
Random101
Raw:-4.764780461763473,-8.045815156844464,-7.708439689911398,3.748646878824978,-6.622739700372347,4.2543415858330595,-17.999874400269956,-11.72006329262698,8.891891401501699,10.8387078866677
EFT:-4.76478046176347,-8.045815156844462,-7.708439689911394,3.748646878824977,-6.622739700372347,4.25434158583306,-17.999874400269952,-11.72006329262698,8.891891401501697,10.838707886667697
Random102
Raw:-4.764780461763472,-8.045815156844466,-7.708439689911395,3.748646878824979,-6.6227397003723505,4.254341585833062,-17.99987440026995,-11.720063292626985,8.891891401501702,10.838707886667697
EFT:-4.76478046176347,-8.045815156844462,-7.708439689911394,3.748646878824977,-6.622739700372347,4.25434158583306,-17.999874400269952,-11.72006329262698,8.891891401501697,10.838707886667697
Random103
Raw:-4.764780461763468,-8.045815156844464,-7.708439689911397,3.7486468788249776,-6.622739700372342,4.254341585833064,-17.999874400269952,-11.720063292626982,8.891891401501693,10.8387078866677
EFT:-4.76478046176347,-8.045815156844462,-7.708439689911394,3.748646878824977,-6.622739700372347,4.25434158583306,-17.999874400269952,-11.72006329262698,8.891891401501697,10.838707886667697
Random104
Raw:-4.764780461763471,-8.045815156844462,-7.708439689911392,3.748646878824977,-6.622739700372353,4.254341585833054,-17.99987440026995,-11.720063292626978,8.891891401501699,10.838707886667692
EFT:-4.76478046176347,-8.045815156844462,-7.708439689911394,3.748646878824977,-6.622739700372347,4.25434158583306,-17.999874400269952,-11.72006329262698,8.891891401501697,10.838707886667697
Random105
Raw:-4.7647804617634675,-8.045815156844466,-7.708439689911394,3.748646878824975,-6.622739700372337,4.254341585833056,-17.99987440026995,-11.720063292626982,8.891891401501702,10.838707886667704
EFT:-4.76478046176347,-8.045815156844462,-7.708439689911394,3.748646878824977,-6.622739700372347,4.25434158583306,-17.999874400269952,-11.72006329262698,8.891891401501697,10.838707886667697
Random106
Raw:-4.764780461763473,-8.045815156844466,-7.708439689911393,3.748646878824977,-6.6227397003723425,4.254341585833064,-17.999874400269952,-11.720063292626982,8.891891401501695,10.838707886667699
EFT:-4.76478046176347,-8.045815156844462,-7.708439689911394,3.748646878824977,-6.622739700372347,4.25434158583306,-17.999874400269952,-11.72006329262698,8.891891401501697,10.838707886667697
Random107
Raw:-4.764780461763465,-8.04581515684446,-7.708439689911389,3.7486468788249754,-6.622739700372351,4.254341585833058,-17.999874400269945,-11.720063292626984,8.8918914015017,10.83870788666769
EFT:-4.76478046176347,-8.045815156844462,-7.708439689911394,3.748646878824977,-6.622739700372347,4.25434158583306,-17.999874400269952,-11.72006329262698,8.891891401501697,10.838707886667697
Random108
Raw:-4.76478046176347,-8.04581515684446,-7.708439689911392,3.7486468788249754,-6.622739700372346,4.254341585833062,-17.99987440026995,-11.720063292626984,8.8918914015017,10.838707886667699
EFT:-4.76478046176347,-8.045815156844462,-7.708439689911394,3.748646878824977,-6.622739700372347,4.25434158583306,-17.999874400269952,-11.72006329262698,8.891891401501697,10.838707886667699
Random109
Raw:-4.764780461763466,-8.045815156844464,-7.708439689911395,3.7486468788249745,-6.6227397003723425,4.254341585833061,-17.999874400269956,-11.720063292626978,8.891891401501697,10.8387078866677
EFT:-4.76478046176347,-8.045815156844462,-7.708439689911394,3.748646878824977,-6.622739700372347,4.25434158583306,-17.999874400269952,-11.72006329262698,8.891891401501697,10.838707886667697
Random110
Raw:-4.764780461763471,-8.045815156844464,-7.708439689911398,3.7486468788249776,-6.622739700372349,4.2543415858330675,-17.999874400269952,-11.720063292626985,8.8918914015017,10.838707886667697
EFT:-4.76478046176347,-8.045815156844462,-7.708439689911395,3.7486468788249763,-6.622739700372345,4.254341585833061,-17.999874400269952,-11.720063292626978,8.891891401501697,10.838707886667697
Random111
Raw:-4.764780461763469,-8.045815156844466,-7.708439689911395,3.7486468788249763,-6.622739700372344,4.254341585833059,-17.99987440026995,-11.72006329262698,8.891891401501697,10.8387078866677
EFT:-4.764780461763469,-8.045815156844464,-7.708439689911395,3.7486468788249767,-6.622739700372346,4.254341585833061,-17.999874400269952,-11.72006329262698,8.891891401501697,10.838707886667699
Random112
Raw:-4.7647804617634675,-8.045815156844466,-7.708439689911396,3.7486468788249763,-6.622739700372343,4.254341585833064,-17.999874400269956,-11.720063292626978,8.891891401501693,10.838707886667702
EFT:-4.76478046176347,-8.045815156844462,-7.708439689911394,3.7486468788249776,-6.622739700372347,4.25434158583306,-17.999874400269952,-11.72006329262698,8.891891401501697,10.838707886667699
Random113
Raw:-4.764780461763471,-8.045815156844458,-7.708439689911395,3.7486468788249754,-6.622739700372344,4.254341585833061,-17.99987440026995,-11.720063292626978,8.891891401501692,10.838707886667699
EFT:-4.76478046176347,-8.045815156844462,-7.708439689911395,3.7486468788249767,-6.622739700372345,4.254341585833061,-17.999874400269952,-11.72006329262698,8.891891401501697,10.838707886667697
Random114
Raw:-4.764780461763464,-8.045815156844458,-7.70843968991139,3.7486468788249745,-6.622739700372341,4.254341585833055,-17.99987440026995,-11.72006329262698,8.891891401501695,10.838707886667699
EFT:-4.76478046176347,-8.045815156844462,-7.708439689911394,3.748646878824977,-6.622739700372347,4.25434158583306,-17.999874400269952,-11.72006329262698,8.891891401501697,10.838707886667699
Random115
Raw:-4.764780461763473,-8.045815156844462,-7.708439689911392,3.748646878824978,-6.622739700372352,4.2543415858330595,-17.999874400269952,-11.720063292626982,8.891891401501697,10.83870788666769
EFT:-4.76478046176347,-8.045815156844462,-7.708439689911395,3.7486468788249767,-6.622739700372345,4.254341585833061,-17.999874400269952,-11.72006329262698,8.891891401501697,10.838707886667697
Random116
Raw:-4.764780461763465,-8.045815156844462,-7.708439689911392,3.748646878824971,-6.622739700372342,4.254341585833059,-17.99987440026996,-11.72006329262698,8.891891401501697,10.8387078866677
EFT:-4.764780461763469,-8.045815156844462,-7.708439689911394,3.7486468788249767,-6.622739700372346,4.254341585833061,-17.999874400269952,-11.72006329262698,8.891891401501697,10.838707886667699
Random117
Raw:-4.764780461763472,-8.04581515684446,-7.7084396899113985,3.748646878824978,-6.622739700372347,4.25434158583306,-17.999874400269956,-11.720063292626984,8.891891401501693,10.8387078866677
EFT:-4.76478046176347,-8.045815156844462,-7.708439689911394,3.7486468788249776,-6.622739700372347,4.25434158583306,-17.999874400269952,-11.72006329262698,8.891891401501697,10.838707886667699
Random118
Raw:-4.76478046176347,-8.045815156844464,-7.708439689911392,3.748646878824975,-6.622739700372345,4.254341585833059,-17.99987440026995,-11.720063292626985,8.891891401501702,10.8387078866677
EFT:-4.76478046176347,-8.045815156844462,-7.708439689911395,3.7486468788249767,-6.622739700372345,4.254341585833061,-17.999874400269952,-11.72006329262698,8.891891401501697,10.838707886667699
Random119
Raw:-4.764780461763467,-8.045815156844462,-7.7084396899113905,3.748646878824975,-6.622739700372349,4.254341585833053,-17.999874400269945,-11.720063292626977,8.8918914015017,10.838707886667692
EFT:-4.764780461763469,-8.045815156844464,-7.708439689911395,3.748646878824977,-6.622739700372346,4.254341585833061,-17.999874400269952,-11.72006329262698,8.891891401501697,10.838707886667699
Random120
Raw:-4.764780461763468,-8.045815156844467,-7.708439689911398,3.7486468788249785,-6.622739700372346,4.2543415858330675,-17.999874400269956,-11.720063292626985,8.891891401501693,10.838707886667697
EFT:-4.76478046176347,-8.045815156844462,-7.708439689911395,3.7486468788249767,-6.622739700372345,4.254341585833061,-17.999874400269952,-11.72006329262698,8.891891401501697,10.838707886667697
Random121
Raw:-4.7647804617634675,-8.04581515684447,-7.70843968991139,3.7486468788249736,-6.622739700372341,4.2543415858330516,-17.999874400269956,-11.720063292626984,8.891891401501708,10.838707886667697
EFT:-4.76478046176347,-8.045815156844462,-7.708439689911394,3.748646878824977,-6.622739700372347,4.25434158583306,-17.999874400269952,-11.72006329262698,8.891891401501697,10.838707886667697
Random122
Raw:-4.764780461763466,-8.04581515684446,-7.708439689911396,3.748646878824978,-6.622739700372345,4.254341585833059,-17.99987440026995,-11.720063292626984,8.891891401501699,10.838707886667697
EFT:-4.76478046176347,-8.045815156844462,-7.708439689911394,3.748646878824977,-6.622739700372347,4.25434158583306,-17.999874400269952,-11.72006329262698,8.891891401501697,10.838707886667697
Random123
Raw:-4.764780461763474,-8.045815156844464,-7.708439689911401,3.748646878824979,-6.622739700372346,4.254341585833064,-17.999874400269952,-11.720063292626977,8.891891401501697,10.838707886667695
EFT:-4.76478046176347,-8.045815156844462,-7.708439689911394,3.7486468788249776,-6.622739700372347,4.25434158583306,-17.999874400269952,-11.72006329262698,8.891891401501697,10.838707886667699
Random124
Raw:-4.764780461763472,-8.045815156844467,-7.7084396899114,3.74864687882498,-6.622739700372346,4.254341585833062,-17.999874400269956,-11.720063292626984,8.891891401501699,10.838707886667699
EFT:-4.76478046176347,-8.045815156844464,-7.708439689911394,3.7486468788249776,-6.622739700372347,4.254341585833061,-17.999874400269952,-11.72006329262698,8.891891401501697,10.838707886667699
Random125
Raw:-4.764780461763467,-8.045815156844466,-7.708439689911391,3.748646878824976,-6.622739700372346,4.2543415858330595,-17.999874400269952,-11.720063292626982,8.8918914015017,10.838707886667695
EFT:-4.76478046176347,-8.045815156844462,-7.708439689911394,3.748646878824977,-6.622739700372347,4.25434158583306,-17.999874400269952,-11.72006329262698,8.891891401501697,10.838707886667697
Random126
Raw:-4.764780461763471,-8.045815156844462,-7.708439689911395,3.7486468788249776,-6.622739700372345,4.25434158583306,-17.999874400269952,-11.720063292626982,8.891891401501699,10.838707886667699
EFT:-4.76478046176347,-8.045815156844462,-7.708439689911394,3.7486468788249776,-6.622739700372347,4.25434158583306,-17.999874400269952,-11.72006329262698,8.891891401501697,10.838707886667699
Random127
Raw:-4.764780461763468,-8.045815156844464,-7.708439689911397,3.7486468788249763,-6.622739700372342,4.254341585833065,-17.999874400269952,-11.720063292626982,8.891891401501693,10.838707886667699
EFT:-4.76478046176347,-8.045815156844462,-7.708439689911394,3.748646878824977,-6.622739700372347,4.25434158583306,-17.999874400269952,-11.72006329262698,8.891891401501697,10.838707886667697
Random128
Raw:-4.764780461763472,-8.045815156844466,-7.7084396899113985,3.7486468788249785,-6.622739700372345,4.254341585833065,-17.999874400269952,-11.720063292626985,8.891891401501697,10.838707886667702
EFT:-4.764780461763469,-8.045815156844462,-7.708439689911394,3.7486468788249767,-6.622739700372346,4.254341585833061,-17.999874400269952,-11.72006329262698,8.891891401501697,10.838707886667699
Random129
Raw:-4.764780461763471,-8.045815156844464,-7.708439689911398,3.748646878824977,-6.622739700372348,4.254341585833063,-17.999874400269956,-11.720063292626987,8.891891401501699,10.838707886667697
EFT:-4.76478046176347,-8.045815156844462,-7.708439689911395,3.7486468788249767,-6.622739700372345,4.254341585833061,-17.999874400269952,-11.72006329262698,8.891891401501697,10.838707886667697
Random130
Raw:-4.764780461763474,-8.045815156844466,-7.708439689911391,3.7486468788249785,-6.6227397003723505,4.254341585833059,-17.999874400269952,-11.720063292626985,8.8918914015017,10.838707886667695
EFT:-4.76478046176347,-8.045815156844462,-7.708439689911395,3.7486468788249763,-6.622739700372345,4.254341585833061,-17.999874400269952,-11.72006329262698,8.891891401501697,10.838707886667697
Random131
Raw:-4.7647804617634675,-8.045815156844462,-7.708439689911389,3.7486468788249727,-6.622739700372346,4.254341585833055,-17.999874400269956,-11.720063292626977,8.891891401501697,10.838707886667699
EFT:-4.764780461763469,-8.045815156844464,-7.708439689911394,3.7486468788249767,-6.622739700372346,4.254341585833061,-17.999874400269952,-11.72006329262698,8.891891401501697,10.838707886667699
Random132
Raw:-4.76478046176347,-8.045815156844462,-7.708439689911398,3.748646878824978,-6.622739700372339,4.25434158583306,-17.99987440026995,-11.72006329262698,8.891891401501693,10.838707886667704
EFT:-4.76478046176347,-8.045815156844462,-7.708439689911395,3.7486468788249767,-6.622739700372345,4.254341585833061,-17.999874400269952,-11.72006329262698,8.891891401501697,10.838707886667699
Random133
Raw:-4.764780461763469,-8.04581515684446,-7.708439689911392,3.7486468788249763,-6.6227397003723425,4.254341585833061,-17.999874400269952,-11.720063292626982,8.891891401501699,10.838707886667699
EFT:-4.76478046176347,-8.045815156844462,-7.708439689911394,3.7486468788249776,-6.622739700372347,4.25434158583306,-17.999874400269952,-11.72006329262698,8.891891401501697,10.838707886667699
Random134
Raw:-4.764780461763472,-8.045815156844464,-7.708439689911398,3.74864687882498,-6.62273970037235,4.254341585833061,-17.999874400269956,-11.720063292626982,8.891891401501697,10.838707886667695
EFT:-4.76478046176347,-8.045815156844462,-7.708439689911394,3.748646878824977,-6.622739700372347,4.25434158583306,-17.999874400269952,-11.72006329262698,8.891891401501697,10.838707886667697
Random135
Raw:-4.76478046176347,-8.045815156844466,-7.708439689911398,3.748646878824977,-6.62273970037234,4.254341585833057,-17.999874400269956,-11.72006329262698,8.891891401501697,10.838707886667704
EFT:-4.76478046176347,-8.045815156844462,-7.708439689911394,3.748646878824977,-6.622739700372347,4.25434158583306,-17.999874400269952,-11.72006329262698,8.891891401501697,10.838707886667697
Random136
Raw:-4.76478046176347,-8.045815156844462,-7.708439689911394,3.748646878824974,-6.622739700372345,4.254341585833062,-17.999874400269945,-11.720063292626977,8.891891401501693,10.838707886667693
EFT:-4.76478046176347,-8.045815156844462,-7.708439689911394,3.748646878824977,-6.622739700372347,4.25434158583306,-17.999874400269952,-11.72006329262698,8.891891401501697,10.838707886667697
Random137
Raw:-4.764780461763468,-8.045815156844462,-7.708439689911392,3.748646878824977,-6.62273970037235,4.2543415858330595,-17.999874400269952,-11.720063292626982,8.891891401501699,10.838707886667697
EFT:-4.76478046176347,-8.045815156844462,-7.708439689911394,3.748646878824977,-6.622739700372347,4.25434158583306,-17.999874400269952,-11.72006329262698,8.891891401501697,10.838707886667697
Random138
Raw:-4.764780461763471,-8.045815156844466,-7.7084396899114,3.7486468788249776,-6.62273970037235,4.254341585833068,-17.999874400269956,-11.720063292626989,8.8918914015017,10.838707886667699
EFT:-4.76478046176347,-8.045815156844462,-7.708439689911395,3.7486468788249767,-6.622739700372345,4.254341585833061,-17.999874400269952,-11.720063292626978,8.891891401501697,10.838707886667697
Random139
Raw:-4.764780461763471,-8.045815156844466,-7.708439689911397,3.7486468788249767,-6.622739700372346,4.254341585833066,-17.999874400269952,-11.720063292626982,8.891891401501695,10.838707886667699
EFT:-4.76478046176347,-8.045815156844462,-7.708439689911395,3.7486468788249767,-6.622739700372345,4.254341585833061,-17.999874400269952,-11.72006329262698,8.891891401501697,10.838707886667697
Random140
Raw:-4.764780461763468,-8.045815156844458,-7.708439689911394,3.7486468788249767,-6.622739700372344,4.2543415858330595,-17.99987440026996,-11.72006329262698,8.891891401501697,10.838707886667697
EFT:-4.76478046176347,-8.045815156844464,-7.708439689911394,3.7486468788249776,-6.622739700372347,4.25434158583306,-17.999874400269952,-11.72006329262698,8.891891401501697,10.838707886667699
Random141
Raw:-4.764780461763469,-8.045815156844464,-7.708439689911395,3.7486468788249767,-6.622739700372343,4.254341585833055,-17.999874400269956,-11.72006329262698,8.8918914015017,10.8387078866677
EFT:-4.764780461763469,-8.045815156844462,-7.708439689911395,3.7486468788249767,-6.622739700372346,4.254341585833061,-17.999874400269952,-11.72006329262698,8.891891401501697,10.838707886667699
Random142
Raw:-4.764780461763471,-8.045815156844467,-7.708439689911396,3.748646878824979,-6.622739700372346,4.254341585833067,-17.99987440026996,-11.720063292626985,8.891891401501699,10.838707886667697
EFT:-4.76478046176347,-8.045815156844462,-7.708439689911394,3.748646878824977,-6.622739700372347,4.25434158583306,-17.999874400269952,-11.72006329262698,8.891891401501697,10.838707886667697
Random143
Raw:-4.764780461763474,-8.045815156844466,-7.7084396899114,3.7486468788249785,-6.622739700372343,4.254341585833068,-17.999874400269956,-11.720063292626985,8.891891401501695,10.838707886667704
EFT:-4.76478046176347,-8.045815156844462,-7.708439689911395,3.7486468788249767,-6.622739700372345,4.254341585833061,-17.999874400269952,-11.72006329262698,8.891891401501697,10.838707886667699
Random144
Raw:-4.764780461763465,-8.04581515684447,-7.7084396899113905,3.748646878824977,-6.622739700372348,4.254341585833055,-17.99987440026995,-11.720063292626982,8.891891401501695,10.838707886667699
EFT:-4.76478046176347,-8.045815156844462,-7.708439689911395,3.7486468788249763,-6.622739700372345,4.254341585833061,-17.999874400269952,-11.720063292626978,8.891891401501697,10.838707886667697
Random145
Raw:-4.764780461763471,-8.045815156844464,-7.708439689911405,3.748646878824979,-6.62273970037234,4.254341585833066,-17.999874400269956,-11.720063292626982,8.891891401501695,10.838707886667702
EFT:-4.76478046176347,-8.045815156844462,-7.708439689911395,3.7486468788249767,-6.622739700372345,4.254341585833061,-17.999874400269952,-11.72006329262698,8.891891401501697,10.838707886667697
Random146
Raw:-4.764780461763471,-8.045815156844467,-7.708439689911396,3.748646878824977,-6.622739700372343,4.254341585833058,-17.99987440026996,-11.720063292626978,8.891891401501697,10.838707886667706
EFT:-4.76478046176347,-8.045815156844462,-7.708439689911395,3.7486468788249767,-6.622739700372345,4.254341585833061,-17.999874400269952,-11.72006329262698,8.891891401501697,10.838707886667699
Random147
Raw:-4.764780461763472,-8.04581515684447,-7.7084396899114,3.748646878824982,-6.622739700372343,4.25434158583306,-17.99987440026996,-11.720063292626984,8.891891401501697,10.838707886667702
EFT:-4.76478046176347,-8.045815156844462,-7.708439689911394,3.748646878824977,-6.622739700372347,4.25434158583306,-17.999874400269952,-11.72006329262698,8.891891401501697,10.838707886667697
Random148
Raw:-4.764780461763469,-8.045815156844467,-7.708439689911396,3.748646878824978,-6.622739700372344,4.25434158583306,-17.99987440026996,-11.720063292626987,8.891891401501695,10.838707886667699
EFT:-4.764780461763469,-8.045815156844462,-7.708439689911395,3.7486468788249767,-6.622739700372346,4.254341585833061,-17.999874400269952,-11.72006329262698,8.891891401501697,10.838707886667699
Random149
Raw:-4.764780461763468,-8.045815156844462,-7.708439689911393,3.748646878824974,-6.622739700372348,4.254341585833058,-17.99987440026995,-11.72006329262698,8.891891401501697,10.838707886667695
EFT:-4.76478046176347,-8.045815156844462,-7.708439689911395,3.7486468788249767,-6.622739700372345,4.254341585833061,-17.999874400269952,-11.720063292626978,8.891891401501697,10.838707886667697
Random150
Raw:-4.764780461763468,-8.045815156844458,-7.7084396899113905,3.7486468788249767,-6.622739700372349,4.254341585833061,-17.999874400269945,-11.72006329262698,8.891891401501693,10.838707886667695
EFT:-4.764780461763469,-8.045815156844464,-7.708439689911395,3.7486468788249767,-6.622739700372346,4.254341585833061,-17.999874400269952,-11.72006329262698,8.891891401501697,10.838707886667699
Random151
Raw:-4.76478046176347,-8.04581515684446,-7.708439689911393,3.748646878824977,-6.622739700372353,4.254341585833057,-17.999874400269952,-11.720063292626977,8.89189140150169,10.838707886667693
EFT:-4.76478046176347,-8.045815156844462,-7.708439689911394,3.748646878824977,-6.622739700372347,4.25434158583306,-17.999874400269952,-11.72006329262698,8.891891401501697,10.838707886667697
Random152
Raw:-4.764780461763469,-8.045815156844466,-7.708439689911392,3.74864687882498,-6.622739700372344,4.254341585833055,-17.999874400269956,-11.720063292626982,8.891891401501695,10.838707886667697
EFT:-4.76478046176347,-8.045815156844462,-7.708439689911395,3.7486468788249767,-6.622739700372345,4.254341585833061,-17.999874400269952,-11.72006329262698,8.891891401501697,10.838707886667699
Random153
Raw:-4.76478046176347,-8.045815156844466,-7.708439689911395,3.748646878824977,-6.622739700372344,4.25434158583306,-17.999874400269956,-11.720063292626982,8.891891401501695,10.838707886667695
EFT:-4.76478046176347,-8.045815156844462,-7.708439689911395,3.7486468788249767,-6.622739700372345,4.254341585833061,-17.999874400269952,-11.72006329262698,8.891891401501697,10.838707886667697
Random154
Raw:-4.764780461763469,-8.045815156844464,-7.708439689911392,3.7486468788249776,-6.622739700372348,4.254341585833059,-17.99987440026995,-11.720063292626982,8.891891401501699,10.838707886667699
EFT:-4.76478046176347,-8.045815156844462,-7.708439689911394,3.748646878824977,-6.622739700372347,4.25434158583306,-17.999874400269952,-11.72006329262698,8.891891401501697,10.838707886667697
Random155
Raw:-4.764780461763472,-8.045815156844464,-7.708439689911401,3.7486468788249803,-6.622739700372347,4.2543415858330675,-17.999874400269956,-11.720063292626982,8.891891401501693,10.8387078866677
EFT:-4.76478046176347,-8.045815156844462,-7.708439689911395,3.7486468788249767,-6.622739700372345,4.254341585833061,-17.999874400269952,-11.72006329262698,8.891891401501697,10.838707886667699
Random156
Raw:-4.764780461763472,-8.045815156844466,-7.708439689911397,3.7486468788249807,-6.622739700372348,4.254341585833065,-17.999874400269956,-11.720063292626984,8.891891401501692,10.8387078866677
EFT:-4.76478046176347,-8.045815156844462,-7.708439689911395,3.7486468788249767,-6.622739700372345,4.254341585833061,-17.999874400269952,-11.72006329262698,8.891891401501697,10.838707886667699
Random157
Raw:-4.764780461763468,-8.045815156844467,-7.708439689911398,3.7486468788249807,-6.622739700372342,4.254341585833059,-17.999874400269952,-11.720063292626984,8.891891401501699,10.838707886667697
EFT:-4.76478046176347,-8.045815156844462,-7.708439689911394,3.748646878824977,-6.622739700372347,4.25434158583306,-17.999874400269952,-11.72006329262698,8.891891401501697,10.838707886667697
Random158
Raw:-4.764780461763471,-8.045815156844464,-7.708439689911398,3.7486468788249794,-6.622739700372352,4.254341585833065,-17.999874400269952,-11.720063292626984,8.891891401501695,10.838707886667695
EFT:-4.76478046176347,-8.045815156844462,-7.708439689911394,3.7486468788249776,-6.622739700372347,4.25434158583306,-17.999874400269952,-11.72006329262698,8.891891401501697,10.838707886667697
Random159
Raw:-4.764780461763468,-8.04581515684446,-7.708439689911397,3.7486468788249745,-6.622739700372337,4.254341585833058,-17.999874400269956,-11.720063292626982,8.891891401501699,10.8387078866677
EFT:-4.76478046176347,-8.045815156844462,-7.708439689911395,3.7486468788249767,-6.622739700372345,4.254341585833061,-17.999874400269952,-11.72006329262698,8.891891401501697,10.838707886667697
Random160
Raw:-4.76478046176347,-8.045815156844466,-7.708439689911398,3.748646878824978,-6.622739700372343,4.25434158583306,-17.99987440026996,-11.720063292626982,8.891891401501692,10.8387078866677
EFT:-4.76478046176347,-8.045815156844462,-7.708439689911395,3.7486468788249763,-6.622739700372345,4.254341585833061,-17.999874400269952,-11.720063292626978,8.891891401501697,10.838707886667697
Random161
Raw:-4.76478046176347,-8.045815156844464,-7.708439689911392,3.7486468788249754,-6.62273970037235,4.254341585833064,-17.999874400269942,-11.720063292626984,8.891891401501704,10.838707886667693
EFT:-4.76478046176347,-8.045815156844464,-7.708439689911395,3.7486468788249776,-6.622739700372347,4.254341585833061,-17.999874400269952,-11.72006329262698,8.891891401501697,10.838707886667699
Random162
Raw:-4.76478046176347,-8.045815156844464,-7.708439689911392,3.7486468788249763,-6.622739700372351,4.254341585833063,-17.999874400269945,-11.720063292626985,8.891891401501699,10.838707886667693
EFT:-4.76478046176347,-8.045815156844462,-7.708439689911394,3.748646878824977,-6.622739700372347,4.25434158583306,-17.999874400269952,-11.72006329262698,8.891891401501697,10.838707886667697
Random163
Raw:-4.764780461763471,-8.045815156844462,-7.708439689911396,3.7486468788249745,-6.6227397003723425,4.254341585833062,-17.999874400269956,-11.720063292626978,8.891891401501693,10.838707886667702
EFT:-4.764780461763469,-8.045815156844462,-7.708439689911395,3.7486468788249767,-6.622739700372346,4.254341585833061,-17.999874400269952,-11.72006329262698,8.891891401501697,10.838707886667699
Random164
Raw:-4.76478046176347,-8.045815156844466,-7.7084396899113985,3.7486468788249794,-6.622739700372347,4.25434158583306,-17.999874400269956,-11.720063292626984,8.891891401501697,10.838707886667704
EFT:-4.76478046176347,-8.045815156844462,-7.708439689911395,3.7486468788249763,-6.622739700372345,4.254341585833061,-17.999874400269952,-11.72006329262698,8.891891401501697,10.838707886667697
Random165
Raw:-4.7647804617634675,-8.045815156844467,-7.708439689911396,3.748646878824979,-6.622739700372346,4.2543415858330595,-17.999874400269956,-11.720063292626982,8.891891401501699,10.838707886667699
EFT:-4.76478046176347,-8.045815156844462,-7.708439689911395,3.7486468788249763,-6.622739700372345,4.254341585833061,-17.999874400269952,-11.72006329262698,8.891891401501697,10.838707886667697
Random166
Raw:-4.764780461763466,-8.045815156844464,-7.708439689911395,3.748646878824974,-6.622739700372342,4.254341585833061,-17.999874400269945,-11.720063292626982,8.891891401501699,10.838707886667697
EFT:-4.764780461763469,-8.045815156844462,-7.708439689911394,3.7486468788249767,-6.622739700372346,4.254341585833061,-17.999874400269952,-11.72006329262698,8.891891401501697,10.838707886667699
Random167
Raw:-4.764780461763469,-8.045815156844464,-7.708439689911394,3.7486468788249763,-6.622739700372345,4.254341585833063,-17.99987440026995,-11.72006329262698,8.891891401501697,10.838707886667695
EFT:-4.76478046176347,-8.045815156844462,-7.708439689911394,3.748646878824977,-6.622739700372347,4.25434158583306,-17.999874400269952,-11.72006329262698,8.891891401501697,10.838707886667697
Random168
Raw:-4.764780461763469,-8.04581515684446,-7.7084396899113905,3.748646878824979,-6.622739700372349,4.254341585833055,-17.99987440026996,-11.72006329262698,8.891891401501699,10.838707886667702
EFT:-4.76478046176347,-8.045815156844462,-7.708439689911395,3.7486468788249763,-6.622739700372345,4.254341585833061,-17.999874400269952,-11.720063292626978,8.891891401501697,10.838707886667697
Random169
Raw:-4.764780461763474,-8.045815156844466,-7.708439689911404,3.748646878824983,-6.622739700372343,4.254341585833065,-17.99987440026996,-11.720063292626982,8.891891401501688,10.8387078866677
EFT:-4.76478046176347,-8.045815156844462,-7.708439689911394,3.748646878824977,-6.622739700372347,4.25434158583306,-17.999874400269952,-11.72006329262698,8.891891401501697,10.838707886667697
Random170
Raw:-4.764780461763471,-8.045815156844466,-7.708439689911396,3.7486468788249785,-6.6227397003723425,4.2543415858330595,-17.99987440026995,-11.72006329262698,8.891891401501697,10.8387078866677
EFT:-4.76478046176347,-8.045815156844462,-7.708439689911395,3.7486468788249767,-6.622739700372345,4.254341585833061,-17.999874400269952,-11.720063292626978,8.891891401501697,10.838707886667697
Random171
Raw:-4.764780461763468,-8.045815156844462,-7.7084396899113985,3.748646878824979,-6.622739700372347,4.254341585833068,-17.99987440026995,-11.720063292626984,8.891891401501697,10.838707886667695
EFT:-4.76478046176347,-8.045815156844462,-7.708439689911394,3.748646878824977,-6.622739700372347,4.25434158583306,-17.999874400269952,-11.72006329262698,8.891891401501697,10.838707886667697
Random172
Raw:-4.76478046176347,-8.045815156844466,-7.7084396899114,3.748646878824979,-6.622739700372347,4.2543415858330675,-17.999874400269956,-11.720063292626987,8.8918914015017,10.838707886667699
EFT:-4.76478046176347,-8.045815156844462,-7.708439689911394,3.748646878824977,-6.622739700372347,4.25434158583306,-17.999874400269952,-11.72006329262698,8.891891401501697,10.838707886667697
Random173
Raw:-4.76478046176347,-8.04581515684446,-7.708439689911398,3.7486468788249763,-6.6227397003723425,4.254341585833067,-17.999874400269945,-11.720063292626984,8.891891401501695,10.838707886667699
EFT:-4.764780461763469,-8.045815156844462,-7.708439689911395,3.7486468788249767,-6.622739700372346,4.254341585833061,-17.999874400269952,-11.72006329262698,8.891891401501697,10.838707886667699
Random174
Raw:-4.7647804617634675,-8.045815156844464,-7.708439689911394,3.7486468788249723,-6.622739700372343,4.254341585833062,-17.99987440026995,-11.72006329262698,8.891891401501693,10.838707886667702
EFT:-4.76478046176347,-8.045815156844462,-7.708439689911394,3.7486468788249776,-6.622739700372347,4.25434158583306,-17.999874400269952,-11.72006329262698,8.891891401501697,10.838707886667697
Random175
Raw:-4.76478046176347,-8.045815156844462,-7.708439689911398,3.74864687882498,-6.622739700372344,4.254341585833064,-17.99987440026995,-11.720063292626982,8.89189140150169,10.838707886667695
EFT:-4.76478046176347,-8.045815156844462,-7.708439689911395,3.7486468788249767,-6.622739700372345,4.254341585833061,-17.999874400269952,-11.720063292626978,8.891891401501697,10.838707886667697
Random176
Raw:-4.764780461763468,-8.045815156844462,-7.7084396899113985,3.7486468788249754,-6.622739700372344,4.254341585833062,-17.99987440026995,-11.720063292626984,8.891891401501695,10.838707886667699
EFT:-4.76478046176347,-8.045815156844462,-7.708439689911394,3.748646878824977,-6.622739700372347,4.25434158583306,-17.999874400269952,-11.72006329262698,8.891891401501697,10.838707886667697
Random177
Raw:-4.764780461763468,-8.045815156844466,-7.708439689911397,3.748646878824978,-6.622739700372345,4.254341585833064,-17.999874400269952,-11.720063292626984,8.891891401501697,10.8387078866677
EFT:-4.76478046176347,-8.045815156844462,-7.708439689911394,3.748646878824977,-6.622739700372347,4.25434158583306,-17.999874400269952,-11.72006329262698,8.891891401501697,10.838707886667697
Random178
Raw:-4.764780461763469,-8.045815156844466,-7.708439689911395,3.748646878824976,-6.622739700372349,4.25434158583306,-17.99987440026995,-11.720063292626982,8.891891401501699,10.838707886667695
EFT:-4.76478046176347,-8.045815156844462,-7.708439689911394,3.7486468788249776,-6.622739700372347,4.25434158583306,-17.999874400269952,-11.72006329262698,8.891891401501697,10.838707886667699
Random179
Raw:-4.764780461763464,-8.045815156844466,-7.708439689911396,3.748646878824979,-6.62273970037235,4.254341585833058,-17.999874400269952,-11.72006329262698,8.891891401501699,10.838707886667695
EFT:-4.76478046176347,-8.045815156844462,-7.708439689911394,3.748646878824977,-6.622739700372347,4.25434158583306,-17.999874400269952,-11.72006329262698,8.891891401501697,10.838707886667697
Random180
Raw:-4.764780461763472,-8.045815156844466,-7.708439689911399,3.7486468788249785,-6.622739700372343,4.254341585833063,-17.999874400269956,-11.720063292626984,8.891891401501697,10.838707886667699
EFT:-4.764780461763469,-8.045815156844464,-7.708439689911395,3.7486468788249767,-6.622739700372346,4.254341585833061,-17.999874400269952,-11.72006329262698,8.891891401501697,10.838707886667699
Random181
Raw:-4.764780461763475,-8.045815156844462,-7.7084396899113985,3.7486468788249776,-6.622739700372346,4.2543415858330595,-17.999874400269956,-11.720063292626982,8.891891401501693,10.838707886667697
EFT:-4.76478046176347,-8.045815156844462,-7.708439689911395,3.7486468788249767,-6.622739700372345,4.254341585833061,-17.999874400269952,-11.720063292626978,8.891891401501697,10.838707886667699
Random182
Raw:-4.764780461763466,-8.045815156844462,-7.708439689911395,3.748646878824977,-6.622739700372345,4.254341585833057,-17.999874400269952,-11.720063292626978,8.891891401501697,10.838707886667699
EFT:-4.76478046176347,-8.045815156844462,-7.708439689911394,3.748646878824977,-6.622739700372347,4.25434158583306,-17.999874400269952,-11.72006329262698,8.891891401501697,10.838707886667697
Random183
Raw:-4.76478046176347,-8.045815156844462,-7.708439689911394,3.7486468788249776,-6.622739700372345,4.25434158583306,-17.999874400269952,-11.72006329262698,8.891891401501695,10.838707886667695
EFT:-4.76478046176347,-8.045815156844462,-7.708439689911395,3.7486468788249767,-6.622739700372345,4.254341585833061,-17.999874400269952,-11.72006329262698,8.891891401501697,10.838707886667699
Random184
Raw:-4.764780461763468,-8.045815156844466,-7.708439689911398,3.748646878824979,-6.622739700372347,4.2543415858330595,-17.999874400269956,-11.720063292626982,8.891891401501697,10.8387078866677
EFT:-4.76478046176347,-8.045815156844462,-7.708439689911394,3.748646878824977,-6.622739700372347,4.25434158583306,-17.999874400269952,-11.72006329262698,8.891891401501697,10.838707886667697
Random185
Raw:-4.764780461763468,-8.045815156844464,-7.708439689911397,3.7486468788249767,-6.622739700372347,4.254341585833061,-17.99987440026995,-11.720063292626978,8.891891401501699,10.838707886667695
EFT:-4.76478046176347,-8.045815156844462,-7.708439689911394,3.748646878824977,-6.622739700372347,4.25434158583306,-17.999874400269952,-11.72006329262698,8.891891401501697,10.838707886667697
Random186
Raw:-4.764780461763469,-8.045815156844464,-7.708439689911395,3.7486468788249754,-6.622739700372345,4.254341585833062,-17.999874400269945,-11.720063292626985,8.891891401501702,10.838707886667697
EFT:-4.76478046176347,-8.045815156844462,-7.708439689911395,3.7486468788249767,-6.622739700372345,4.254341585833061,-17.999874400269952,-11.72006329262698,8.891891401501697,10.838707886667699
Random187
Raw:-4.764780461763473,-8.045815156844462,-7.708439689911401,3.7486468788249834,-6.6227397003723425,4.254341585833061,-17.99987440026996,-11.720063292626982,8.89189140150169,10.838707886667699
EFT:-4.76478046176347,-8.045815156844462,-7.708439689911395,3.7486468788249767,-6.622739700372345,4.254341585833061,-17.999874400269952,-11.72006329262698,8.891891401501697,10.838707886667697
Random188
Raw:-4.764780461763472,-8.045815156844466,-7.708439689911398,3.7486468788249785,-6.622739700372341,4.2543415858330595,-17.999874400269952,-11.720063292626984,8.891891401501693,10.8387078866677
EFT:-4.76478046176347,-8.045815156844462,-7.708439689911395,3.7486468788249767,-6.622739700372345,4.254341585833061,-17.999874400269952,-11.720063292626978,8.891891401501697,10.838707886667699
Random189
Raw:-4.7647804617634675,-8.045815156844462,-7.708439689911387,3.7486468788249736,-6.622739700372345,4.254341585833057,-17.999874400269945,-11.720063292626977,8.891891401501697,10.8387078866677
EFT:-4.76478046176347,-8.045815156844462,-7.708439689911395,3.7486468788249767,-6.622739700372345,4.254341585833061,-17.999874400269952,-11.72006329262698,8.891891401501697,10.838707886667699
Random190
Raw:-4.764780461763468,-8.04581515684446,-7.708439689911397,3.7486468788249776,-6.622739700372342,4.2543415858330595,-17.999874400269952,-11.720063292626975,8.891891401501693,10.838707886667697
EFT:-4.76478046176347,-8.045815156844462,-7.708439689911395,3.7486468788249767,-6.622739700372345,4.254341585833061,-17.999874400269952,-11.72006329262698,8.891891401501697,10.838707886667697
Random191
Raw:-4.764780461763469,-8.045815156844462,-7.708439689911397,3.748646878824978,-6.622739700372343,4.25434158583306,-17.999874400269945,-11.720063292626987,8.891891401501695,10.838707886667697
EFT:-4.76478046176347,-8.045815156844462,-7.708439689911395,3.7486468788249767,-6.622739700372345,4.254341585833061,-17.999874400269952,-11.720063292626978,8.891891401501697,10.838707886667697
Random192
Raw:-4.764780461763474,-8.045815156844462,-7.708439689911394,3.7486468788249785,-6.622739700372345,4.25434158583306,-17.999874400269956,-11.720063292626977,8.891891401501695,10.838707886667695
EFT:-4.76478046176347,-8.045815156844462,-7.708439689911395,3.7486468788249763,-6.622739700372345,4.254341585833061,-17.999874400269952,-11.720063292626978,8.891891401501697,10.838707886667697
Random193
Raw:-4.76478046176347,-8.04581515684446,-7.708439689911393,3.748646878824978,-6.6227397003723425,4.25434158583306,-17.999874400269956,-11.72006329262698,8.891891401501692,10.838707886667699
EFT:-4.76478046176347,-8.045815156844462,-7.708439689911394,3.748646878824977,-6.622739700372347,4.25434158583306,-17.999874400269952,-11.72006329262698,8.891891401501697,10.838707886667697
Random194
Raw:-4.764780461763471,-8.045815156844464,-7.708439689911395,3.7486468788249776,-6.622739700372343,4.254341585833065,-17.99987440026996,-11.720063292626978,8.891891401501692,10.838707886667699
EFT:-4.76478046176347,-8.045815156844462,-7.708439689911394,3.748646878824977,-6.622739700372347,4.25434158583306,-17.999874400269952,-11.72006329262698,8.891891401501697,10.838707886667697
Random195
Raw:-4.7647804617634675,-8.045815156844464,-7.708439689911396,3.74864687882498,-6.622739700372344,4.25434158583306,-17.999874400269956,-11.72006329262698,8.891891401501695,10.8387078866677
EFT:-4.764780461763469,-8.045815156844462,-7.708439689911395,3.748646878824977,-6.622739700372346,4.254341585833061,-17.999874400269952,-11.72006329262698,8.891891401501697,10.838707886667699
Random196
Raw:-4.764780461763467,-8.04581515684446,-7.708439689911394,3.748646878824977,-6.622739700372344,4.254341585833059,-17.999874400269956,-11.720063292626978,8.891891401501697,10.838707886667699
EFT:-4.76478046176347,-8.045815156844462,-7.708439689911394,3.748646878824977,-6.622739700372347,4.25434158583306,-17.999874400269952,-11.72006329262698,8.891891401501697,10.838707886667699
Random197
Raw:-4.764780461763469,-8.045815156844466,-7.708439689911394,3.7486468788249794,-6.622739700372347,4.254341585833058,-17.99987440026996,-11.720063292626984,8.891891401501697,10.8387078866677
EFT:-4.76478046176347,-8.045815156844462,-7.708439689911395,3.7486468788249767,-6.622739700372345,4.254341585833061,-17.999874400269952,-11.72006329262698,8.891891401501697,10.838707886667697
Random198
Raw:-4.764780461763471,-8.045815156844462,-7.708439689911393,3.7486468788249763,-6.622739700372345,4.254341585833064,-17.999874400269945,-11.720063292626985,8.891891401501699,10.838707886667695
EFT:-4.76478046176347,-8.045815156844462,-7.708439689911395,3.7486468788249767,-6.622739700372345,4.254341585833061,-17.999874400269952,-11.72006329262698,8.891891401501697,10.838707886667697
Random199
Raw:-4.764780461763472,-8.045815156844462,-7.7084396899113985,3.748646878824978,-6.622739700372345,4.25434158583306,-17.99987440026995,-11.720063292626978,8.891891401501695,10.838707886667697
EFT:-4.76478046176347,-8.045815156844462,-7.708439689911394,3.748646878824977,-6.622739700372347,4.25434158583306,-17.999874400269952,-11.72006329262698,8.891891401501697,10.838707886667697
Random200
Raw:-4.764780461763468,-8.045815156844458,-7.708439689911393,3.7486468788249745,-6.622739700372342,4.25434158583306,-17.999874400269952,-11.720063292626977,8.891891401501695,10.8387078866677
EFT:-4.76478046176347,-8.045815156844462,-7.708439689911395,3.7486468788249763,-6.622739700372345,4.254341585833061,-17.999874400269952,-11.72006329262698,8.891891401501697,10.838707886667697
Random201
Raw:-4.76478046176347,-8.045815156844467,-7.7084396899114,3.748646878824983,-6.622739700372341,4.254341585833066,-17.99987440026996,-11.720063292626982,8.891891401501693,10.838707886667702
EFT:-4.76478046176347,-8.045815156844462,-7.708439689911394,3.748646878824977,-6.622739700372347,4.25434158583306,-17.999874400269952,-11.72006329262698,8.891891401501697,10.838707886667697
Random202
Raw:-4.764780461763469,-8.045815156844466,-7.708439689911398,3.7486468788249794,-6.622739700372341,4.254341585833055,-17.99987440026996,-11.720063292626982,8.891891401501695,10.838707886667706
EFT:-4.76478046176347,-8.045815156844462,-7.708439689911394,3.7486468788249776,-6.622739700372347,4.25434158583306,-17.999874400269952,-11.72006329262698,8.891891401501697,10.838707886667699
Random203
Raw:-4.764780461763472,-8.045815156844467,-7.708439689911399,3.748646878824979,-6.62273970037235,4.254341585833062,-17.999874400269956,-11.720063292626985,8.891891401501695,10.838707886667699
EFT:-4.76478046176347,-8.045815156844462,-7.708439689911394,3.748646878824977,-6.622739700372347,4.25434158583306,-17.999874400269952,-11.72006329262698,8.891891401501697,10.838707886667699
Random204
Raw:-4.76478046176347,-8.045815156844462,-7.708439689911394,3.7486468788249745,-6.6227397003723425,4.254341585833062,-17.999874400269945,-11.72006329262698,8.891891401501693,10.8387078866677
EFT:-4.76478046176347,-8.045815156844462,-7.708439689911394,3.748646878824977,-6.622739700372347,4.25434158583306,-17.999874400269952,-11.72006329262698,8.891891401501697,10.838707886667697
Random205
Raw:-4.764780461763473,-8.045815156844464,-7.708439689911398,3.748646878824978,-6.622739700372348,4.254341585833065,-17.99987440026996,-11.720063292626978,8.891891401501695,10.8387078866677
EFT:-4.76478046176347,-8.045815156844462,-7.708439689911394,3.7486468788249776,-6.622739700372347,4.25434158583306,-17.999874400269952,-11.72006329262698,8.891891401501697,10.838707886667699
Random206
Raw:-4.7647804617634675,-8.045815156844464,-7.708439689911396,3.748646878824977,-6.62273970037234,4.25434158583306,-17.999874400269952,-11.720063292626978,8.891891401501697,10.838707886667697
EFT:-4.76478046176347,-8.045815156844462,-7.708439689911395,3.7486468788249767,-6.622739700372345,4.254341585833061,-17.999874400269952,-11.72006329262698,8.891891401501697,10.838707886667699
Random207
Raw:-4.764780461763468,-8.045815156844462,-7.708439689911398,3.748646878824973,-6.62273970037234,4.254341585833066,-17.999874400269942,-11.72006329262698,8.891891401501697,10.838707886667699
EFT:-4.76478046176347,-8.045815156844462,-7.708439689911395,3.7486468788249763,-6.622739700372345,4.254341585833061,-17.999874400269952,-11.720063292626978,8.891891401501697,10.838707886667697
Random208
Raw:-4.764780461763468,-8.045815156844464,-7.708439689911397,3.748646878824979,-6.622739700372342,4.254341585833063,-17.999874400269945,-11.72006329262698,8.891891401501693,10.838707886667699
EFT:-4.76478046176347,-8.045815156844462,-7.708439689911395,3.7486468788249763,-6.622739700372345,4.254341585833061,-17.999874400269952,-11.72006329262698,8.891891401501697,10.838707886667697
Random209
Raw:-4.7647804617634675,-8.045815156844462,-7.708439689911394,3.748646878824976,-6.622739700372345,4.254341585833058,-17.999874400269956,-11.72006329262698,8.891891401501697,10.838707886667697
EFT:-4.764780461763469,-8.045815156844464,-7.708439689911395,3.7486468788249767,-6.622739700372346,4.254341585833061,-17.999874400269952,-11.72006329262698,8.891891401501697,10.838707886667699
Random210
Raw:-4.764780461763467,-8.045815156844464,-7.708439689911398,3.7486468788249776,-6.622739700372341,4.25434158583306,-17.999874400269952,-11.720063292626982,8.891891401501699,10.838707886667702
EFT:-4.764780461763469,-8.045815156844464,-7.708439689911394,3.7486468788249767,-6.622739700372346,4.254341585833061,-17.999874400269952,-11.72006329262698,8.891891401501697,10.838707886667699
Random211
Raw:-4.7647804617634675,-8.045815156844462,-7.70843968991139,3.7486468788249763,-6.622739700372345,4.254341585833049,-17.999874400269945,-11.720063292626978,8.8918914015017,10.838707886667695
EFT:-4.76478046176347,-8.045815156844464,-7.708439689911395,3.7486468788249776,-6.622739700372347,4.254341585833061,-17.999874400269952,-11.72006329262698,8.891891401501697,10.838707886667699
Random212
Raw:-4.7647804617634675,-8.045815156844462,-7.708439689911393,3.7486468788249794,-6.622739700372351,4.254341585833061,-17.999874400269956,-11.720063292626982,8.891891401501697,10.838707886667692
EFT:-4.76478046176347,-8.045815156844462,-7.708439689911394,3.748646878824977,-6.622739700372347,4.25434158583306,-17.999874400269952,-11.72006329262698,8.891891401501697,10.838707886667697
Random213
Raw:-4.764780461763468,-8.045815156844457,-7.70843968991139,3.748646878824976,-6.622739700372353,4.254341585833061,-17.999874400269945,-11.720063292626975,8.891891401501695,10.838707886667693
EFT:-4.76478046176347,-8.045815156844462,-7.708439689911395,3.7486468788249767,-6.622739700372345,4.254341585833061,-17.999874400269952,-11.72006329262698,8.891891401501697,10.838707886667697
Random214
Raw:-4.764780461763471,-8.045815156844462,-7.708439689911398,3.748646878824979,-6.622739700372347,4.254341585833063,-17.999874400269956,-11.720063292626985,8.891891401501697,10.8387078866677
EFT:-4.76478046176347,-8.045815156844462,-7.708439689911394,3.748646878824977,-6.622739700372347,4.25434158583306,-17.999874400269952,-11.72006329262698,8.891891401501697,10.838707886667697
Random215
Raw:-4.7647804617634675,-8.045815156844464,-7.708439689911392,3.7486468788249727,-6.622739700372347,4.254341585833064,-17.999874400269952,-11.720063292626982,8.891891401501695,10.838707886667702
EFT:-4.76478046176347,-8.045815156844462,-7.708439689911394,3.748646878824977,-6.622739700372347,4.25434158583306,-17.999874400269952,-11.72006329262698,8.891891401501697,10.838707886667697
Random216
Raw:-4.764780461763471,-8.045815156844467,-7.708439689911395,3.7486468788249763,-6.622739700372347,4.254341585833059,-17.99987440026995,-11.72006329262698,8.891891401501704,10.838707886667697
EFT:-4.76478046176347,-8.045815156844462,-7.708439689911395,3.7486468788249763,-6.622739700372345,4.254341585833061,-17.999874400269952,-11.72006329262698,8.891891401501697,10.838707886667697
Random217
Raw:-4.764780461763471,-8.045815156844464,-7.708439689911401,3.7486468788249785,-6.622739700372349,4.254341585833062,-17.999874400269956,-11.720063292626984,8.891891401501697,10.838707886667699
EFT:-4.76478046176347,-8.045815156844462,-7.708439689911395,3.7486468788249767,-6.622739700372345,4.254341585833061,-17.999874400269952,-11.72006329262698,8.891891401501695,10.838707886667697
Random218
Raw:-4.764780461763472,-8.045815156844464,-7.708439689911398,3.7486468788249754,-6.622739700372344,4.254341585833061,-17.99987440026995,-11.720063292626984,8.8918914015017,10.8387078866677
EFT:-4.76478046176347,-8.045815156844462,-7.708439689911394,3.748646878824977,-6.622739700372347,4.25434158583306,-17.999874400269952,-11.72006329262698,8.891891401501697,10.838707886667697
Random219
Raw:-4.764780461763468,-8.045815156844464,-7.708439689911396,3.748646878824978,-6.622739700372349,4.254341585833063,-17.99987440026995,-11.720063292626982,8.891891401501695,10.838707886667692
EFT:-4.76478046176347,-8.045815156844462,-7.708439689911394,3.748646878824977,-6.622739700372347,4.25434158583306,-17.999874400269952,-11.72006329262698,8.891891401501697,10.838707886667697
Random220
Raw:-4.764780461763472,-8.045815156844464,-7.708439689911401,3.748646878824977,-6.62273970037234,4.254341585833063,-17.999874400269952,-11.720063292626984,8.8918914015017,10.838707886667699
EFT:-4.76478046176347,-8.045815156844462,-7.708439689911395,3.7486468788249763,-6.622739700372345,4.254341585833061,-17.999874400269952,-11.72006329262698,8.891891401501697,10.838707886667697
Random221
Raw:-4.764780461763472,-8.04581515684447,-7.7084396899113985,3.7486468788249794,-6.6227397003723425,4.254341585833064,-17.999874400269956,-11.720063292626984,8.891891401501693,10.838707886667699
EFT:-4.76478046176347,-8.045815156844462,-7.708439689911394,3.748646878824977,-6.622739700372347,4.25434158583306,-17.999874400269952,-11.72006329262698,8.891891401501697,10.838707886667697
Random222
Raw:-4.764780461763467,-8.045815156844466,-7.708439689911397,3.748646878824977,-6.622739700372341,4.2543415858330595,-17.999874400269945,-11.72006329262698,8.891891401501699,10.8387078866677
EFT:-4.764780461763469,-8.045815156844462,-7.708439689911395,3.7486468788249767,-6.622739700372346,4.254341585833061,-17.999874400269952,-11.72006329262698,8.891891401501697,10.838707886667699
Random223
Raw:-4.7647804617634675,-8.045815156844466,-7.70843968991139,3.748646878824977,-6.622739700372354,4.254341585833062,-17.99987440026995,-11.720063292626987,8.8918914015017,10.838707886667693
EFT:-4.76478046176347,-8.045815156844462,-7.708439689911395,3.7486468788249767,-6.622739700372345,4.254341585833061,-17.999874400269952,-11.72006329262698,8.891891401501697,10.838707886667699
Random224
Raw:-4.764780461763472,-8.045815156844464,-7.708439689911396,3.7486468788249785,-6.622739700372347,4.254341585833063,-17.999874400269945,-11.720063292626985,8.891891401501697,10.838707886667693
EFT:-4.76478046176347,-8.045815156844462,-7.708439689911394,3.748646878824977,-6.622739700372347,4.25434158583306,-17.999874400269952,-11.72006329262698,8.891891401501697,10.838707886667697
Random225
Raw:-4.764780461763471,-8.045815156844464,-7.708439689911393,3.748646878824979,-6.6227397003723505,4.254341585833064,-17.99987440026996,-11.720063292626984,8.891891401501695,10.8387078866677
EFT:-4.76478046176347,-8.045815156844462,-7.708439689911395,3.7486468788249767,-6.622739700372345,4.254341585833061,-17.999874400269952,-11.72006329262698,8.891891401501697,10.838707886667697
Random226
Raw:-4.764780461763468,-8.045815156844464,-7.708439689911396,3.748646878824978,-6.622739700372348,4.25434158583306,-17.99987440026995,-11.720063292626984,8.891891401501697,10.838707886667693
EFT:-4.76478046176347,-8.045815156844462,-7.708439689911395,3.7486468788249763,-6.622739700372345,4.254341585833061,-17.999874400269952,-11.72006329262698,8.891891401501697,10.838707886667697
Random227
Raw:-4.764780461763468,-8.04581515684446,-7.708439689911392,3.7486468788249723,-6.622739700372347,4.254341585833061,-17.999874400269952,-11.720063292626985,8.891891401501697,10.838707886667697
EFT:-4.76478046176347,-8.045815156844462,-7.708439689911394,3.748646878824977,-6.622739700372347,4.25434158583306,-17.999874400269952,-11.72006329262698,8.891891401501697,10.838707886667697
Random228
Raw:-4.76478046176347,-8.045815156844462,-7.708439689911392,3.748646878824978,-6.622739700372353,4.254341585833061,-17.999874400269956,-11.720063292626978,8.891891401501695,10.838707886667697
EFT:-4.76478046176347,-8.045815156844462,-7.708439689911395,3.7486468788249767,-6.622739700372345,4.254341585833061,-17.999874400269952,-11.72006329262698,8.891891401501697,10.838707886667697
Random229
Raw:-4.764780461763468,-8.04581515684446,-7.708439689911393,3.748646878824975,-6.622739700372347,4.254341585833061,-17.99987440026995,-11.720063292626982,8.891891401501699,10.838707886667699
EFT:-4.764780461763469,-8.045815156844464,-7.708439689911394,3.7486468788249767,-6.622739700372346,4.254341585833061,-17.999874400269952,-11.72006329262698,8.891891401501697,10.838707886667699
Random230
Raw:-4.764780461763467,-8.045815156844464,-7.70843968991139,3.7486468788249745,-6.622739700372347,4.254341585833061,-17.99987440026995,-11.72006329262698,8.8918914015017,10.838707886667697
EFT:-4.76478046176347,-8.045815156844462,-7.708439689911394,3.748646878824977,-6.622739700372347,4.25434158583306,-17.999874400269952,-11.72006329262698,8.891891401501697,10.838707886667697
Random231
Raw:-4.764780461763473,-8.04581515684446,-7.708439689911397,3.7486468788249754,-6.622739700372346,4.254341585833064,-17.999874400269952,-11.720063292626982,8.891891401501697,10.838707886667702
EFT:-4.764780461763469,-8.045815156844464,-7.708439689911394,3.7486468788249767,-6.622739700372346,4.254341585833061,-17.999874400269952,-11.72006329262698,8.891891401501697,10.838707886667699
Random232
Raw:-4.76478046176347,-8.045815156844464,-7.708439689911398,3.7486468788249794,-6.622739700372342,4.254341585833064,-17.999874400269956,-11.720063292626984,8.891891401501693,10.8387078866677
EFT:-4.76478046176347,-8.045815156844464,-7.708439689911394,3.7486468788249776,-6.622739700372347,4.25434158583306,-17.999874400269952,-11.72006329262698,8.891891401501697,10.838707886667697
Random233
Raw:-4.764780461763472,-8.045815156844464,-7.708439689911391,3.748646878824977,-6.6227397003723505,4.2543415858330595,-17.99987440026995,-11.720063292626982,8.8918914015017,10.83870788666769
EFT:-4.76478046176347,-8.045815156844462,-7.708439689911394,3.748646878824977,-6.622739700372347,4.25434158583306,-17.999874400269952,-11.72006329262698,8.891891401501697,10.838707886667697
Random234
Raw:-4.764780461763465,-8.045815156844464,-7.708439689911389,3.748646878824975,-6.622739700372345,4.254341585833058,-17.999874400269945,-11.720063292626978,8.891891401501697,10.838707886667692
EFT:-4.76478046176347,-8.045815156844462,-7.708439689911394,3.748646878824977,-6.622739700372347,4.25434158583306,-17.999874400269952,-11.72006329262698,8.891891401501697,10.838707886667697
Random235
Raw:-4.764780461763468,-8.045815156844466,-7.708439689911387,3.748646878824979,-6.622739700372351,4.254341585833054,-17.999874400269952,-11.720063292626978,8.891891401501697,10.838707886667693
EFT:-4.76478046176347,-8.045815156844462,-7.708439689911395,3.7486468788249767,-6.622739700372345,4.254341585833061,-17.999874400269952,-11.72006329262698,8.891891401501697,10.838707886667699
Random236
Raw:-4.764780461763468,-8.045815156844464,-7.708439689911395,3.7486468788249754,-6.622739700372347,4.254341585833069,-17.99987440026995,-11.720063292626984,8.891891401501699,10.8387078866677
EFT:-4.76478046176347,-8.045815156844462,-7.708439689911395,3.7486468788249767,-6.622739700372345,4.254341585833061,-17.999874400269952,-11.72006329262698,8.891891401501697,10.838707886667699
Random237
Raw:-4.764780461763475,-8.045815156844464,-7.708439689911398,3.7486468788249785,-6.62273970037235,4.25434158583307,-17.999874400269952,-11.720063292626987,8.891891401501699,10.838707886667697
EFT:-4.76478046176347,-8.045815156844462,-7.708439689911394,3.748646878824977,-6.622739700372347,4.25434158583306,-17.999874400269952,-11.72006329262698,8.891891401501697,10.838707886667697
Random238
Raw:-4.764780461763468,-8.04581515684446,-7.708439689911395,3.7486468788249754,-6.622739700372342,4.254341585833062,-17.99987440026995,-11.72006329262698,8.891891401501693,10.838707886667699
EFT:-4.764780461763469,-8.045815156844464,-7.708439689911395,3.7486468788249767,-6.622739700372346,4.254341585833061,-17.999874400269952,-11.72006329262698,8.891891401501697,10.838707886667699
Random239
Raw:-4.76478046176347,-8.04581515684446,-7.708439689911396,3.7486468788249763,-6.622739700372342,4.254341585833065,-17.999874400269952,-11.720063292626982,8.891891401501697,10.838707886667699
EFT:-4.76478046176347,-8.045815156844462,-7.708439689911395,3.7486468788249763,-6.622739700372345,4.254341585833061,-17.999874400269952,-11.720063292626978,8.891891401501697,10.838707886667697
Random240
Raw:-4.76478046176347,-8.045815156844462,-7.708439689911397,3.74864687882498,-6.622739700372347,4.25434158583306,-17.999874400269952,-11.720063292626982,8.891891401501695,10.838707886667699
EFT:-4.764780461763469,-8.045815156844462,-7.708439689911394,3.7486468788249767,-6.622739700372346,4.254341585833061,-17.999874400269952,-11.72006329262698,8.891891401501697,10.838707886667699
Random241
Raw:-4.764780461763466,-8.04581515684446,-7.708439689911394,3.748646878824975,-6.622739700372339,4.254341585833059,-17.99987440026995,-11.72006329262698,8.891891401501693,10.8387078866677
EFT:-4.76478046176347,-8.045815156844462,-7.708439689911395,3.7486468788249767,-6.622739700372345,4.254341585833061,-17.999874400269952,-11.720063292626978,8.891891401501697,10.838707886667697
Random242
Raw:-4.7647804617634675,-8.04581515684447,-7.708439689911397,3.748646878824977,-6.6227397003723505,4.25434158583306,-17.99987440026996,-11.720063292626982,8.891891401501702,10.838707886667697
EFT:-4.76478046176347,-8.045815156844462,-7.708439689911394,3.748646878824977,-6.622739700372347,4.25434158583306,-17.999874400269952,-11.72006329262698,8.891891401501697,10.838707886667697
Random243
Raw:-4.764780461763472,-8.045815156844464,-7.7084396899114,3.74864687882498,-6.622739700372346,4.254341585833067,-17.999874400269956,-11.72006329262698,8.891891401501697,10.8387078866677
EFT:-4.76478046176347,-8.045815156844462,-7.708439689911394,3.7486468788249776,-6.622739700372347,4.25434158583306,-17.999874400269952,-11.72006329262698,8.891891401501697,10.838707886667699
Random244
Raw:-4.7647804617634675,-8.045815156844458,-7.708439689911391,3.7486468788249754,-6.622739700372348,4.25434158583306,-17.999874400269956,-11.720063292626978,8.891891401501695,10.838707886667695
EFT:-4.76478046176347,-8.045815156844462,-7.708439689911394,3.748646878824977,-6.622739700372347,4.25434158583306,-17.999874400269952,-11.72006329262698,8.891891401501697,10.838707886667697
Random245
Raw:-4.764780461763471,-8.045815156844464,-7.708439689911399,3.7486468788249745,-6.622739700372339,4.254341585833068,-17.999874400269952,-11.720063292626984,8.891891401501693,10.838707886667702
EFT:-4.76478046176347,-8.045815156844462,-7.708439689911394,3.7486468788249776,-6.622739700372347,4.25434158583306,-17.999874400269952,-11.72006329262698,8.891891401501697,10.838707886667699
Random246
Raw:-4.764780461763469,-8.045815156844462,-7.708439689911397,3.7486468788249767,-6.622739700372344,4.254341585833067,-17.999874400269956,-11.72006329262698,8.891891401501695,10.838707886667697
EFT:-4.76478046176347,-8.045815156844462,-7.708439689911394,3.748646878824977,-6.622739700372347,4.25434158583306,-17.999874400269952,-11.72006329262698,8.891891401501697,10.838707886667697
Random247
Raw:-4.764780461763471,-8.045815156844466,-7.708439689911395,3.7486468788249785,-6.622739700372347,4.254341585833059,-17.999874400269956,-11.720063292626978,8.891891401501693,10.838707886667699
EFT:-4.76478046176347,-8.045815156844462,-7.708439689911394,3.748646878824977,-6.622739700372347,4.25434158583306,-17.999874400269952,-11.72006329262698,8.891891401501697,10.838707886667697
Random248
Raw:-4.76478046176347,-8.045815156844462,-7.708439689911397,3.748646878824979,-6.622739700372347,4.254341585833063,-17.99987440026995,-11.720063292626984,8.891891401501695,10.838707886667697
EFT:-4.76478046176347,-8.045815156844462,-7.708439689911395,3.7486468788249767,-6.622739700372345,4.254341585833061,-17.999874400269952,-11.72006329262698,8.891891401501697,10.838707886667699
Random249
Raw:-4.76478046176347,-8.045815156844462,-7.708439689911394,3.7486468788249754,-6.622739700372347,4.254341585833062,-17.99987440026995,-11.72006329262698,8.891891401501692,10.838707886667695
EFT:-4.764780461763469,-8.045815156844462,-7.708439689911394,3.7486468788249767,-6.622739700372346,4.254341585833061,-17.999874400269952,-11.72006329262698,8.891891401501697,10.838707886667699
Random250
Raw:-4.764780461763466,-8.04581515684446,-7.708439689911389,3.7486468788249767,-6.622739700372346,4.254341585833052,-17.99987440026995,-11.720063292626975,8.891891401501697,10.838707886667692
EFT:-4.76478046176347,-8.045815156844462,-7.708439689911394,3.748646878824977,-6.622739700372347,4.25434158583306,-17.999874400269952,-11.72006329262698,8.891891401501697,10.838707886667697
Random251
Raw:-4.764780461763474,-8.045815156844464,-7.708439689911393,3.7486468788249785,-6.6227397003723505,4.254341585833062,-17.999874400269956,-11.720063292626985,8.891891401501695,10.838707886667697
EFT:-4.76478046176347,-8.045815156844462,-7.708439689911395,3.7486468788249763,-6.622739700372345,4.254341585833061,-17.999874400269952,-11.72006329262698,8.891891401501697,10.838707886667697
Random252
Raw:-4.764780461763467,-8.045815156844464,-7.708439689911394,3.7486468788249727,-6.622739700372342,4.254341585833062,-17.99987440026995,-11.720063292626978,8.891891401501699,10.838707886667699
EFT:-4.76478046176347,-8.045815156844462,-7.708439689911395,3.7486468788249767,-6.622739700372345,4.254341585833061,-17.999874400269952,-11.72006329262698,8.891891401501695,10.838707886667697
Random253
Raw:-4.764780461763472,-8.045815156844466,-7.708439689911401,3.7486468788249767,-6.622739700372342,4.254341585833064,-17.999874400269952,-11.720063292626984,8.891891401501697,10.838707886667697
EFT:-4.76478046176347,-8.045815156844462,-7.708439689911395,3.7486468788249763,-6.622739700372345,4.254341585833061,-17.999874400269952,-11.72006329262698,8.891891401501697,10.838707886667697
Random254
Raw:-4.764780461763471,-8.045815156844464,-7.7084396899113905,3.7486468788249763,-6.622739700372349,4.254341585833062,-17.99987440026995,-11.720063292626982,8.891891401501699,10.838707886667692
EFT:-4.76478046176347,-8.045815156844462,-7.708439689911394,3.748646878824977,-6.622739700372347,4.25434158583306,-17.999874400269952,-11.72006329262698,8.891891401501697,10.838707886667697
Random255
Raw:-4.764780461763467,-8.045815156844464,-7.708439689911396,3.748646878824978,-6.6227397003723425,4.254341585833061,-17.99987440026996,-11.72006329262698,8.891891401501695,10.838707886667699
EFT:-4.76478046176347,-8.045815156844462,-7.708439689911394,3.748646878824977,-6.622739700372347,4.25434158583306,-17.999874400269952,-11.72006329262698,8.891891401501697,10.838707886667697
Random256
Raw:-4.764780461763473,-8.04581515684446,-7.7084396899113985,3.74864687882498,-6.622739700372351,4.254341585833058,-17.999874400269956,-11.720063292626984,8.891891401501695,10.838707886667699
EFT:-4.764780461763469,-8.045815156844462,-7.708439689911395,3.7486468788249767,-6.622739700372346,4.254341585833061,-17.999874400269952,-11.72006329262698,8.891891401501697,10.838707886667699
Random257
Raw:-4.7647804617634675,-8.045815156844467,-7.708439689911392,3.7486468788249745,-6.622739700372341,4.254341585833062,-17.99987440026995,-11.720063292626973,8.891891401501699,10.8387078866677
EFT:-4.76478046176347,-8.045815156844462,-7.708439689911395,3.7486468788249767,-6.622739700372345,4.254341585833061,-17.999874400269952,-11.72006329262698,8.891891401501697,10.838707886667699
Random258
Raw:-4.764780461763468,-8.045815156844466,-7.708439689911399,3.7486468788249767,-6.622739700372339,4.254341585833063,-17.999874400269956,-11.720063292626982,8.891891401501697,10.838707886667704
EFT:-4.76478046176347,-8.045815156844464,-7.708439689911394,3.7486468788249776,-6.622739700372347,4.25434158583306,-17.999874400269952,-11.72006329262698,8.891891401501697,10.838707886667699
Random259
Raw:-4.764780461763475,-8.045815156844466,-7.708439689911398,3.7486468788249803,-6.622739700372347,4.25434158583306,-17.999874400269956,-11.720063292626982,8.891891401501695,10.838707886667699
EFT:-4.76478046176347,-8.045815156844462,-7.708439689911395,3.7486468788249767,-6.622739700372345,4.254341585833061,-17.999874400269952,-11.72006329262698,8.891891401501697,10.838707886667699
Random260
Raw:-4.764780461763471,-8.045815156844466,-7.708439689911398,3.748646878824978,-6.622739700372345,4.254341585833065,-17.999874400269952,-11.720063292626982,8.891891401501697,10.8387078866677
EFT:-4.76478046176347,-8.045815156844462,-7.708439689911395,3.7486468788249763,-6.622739700372345,4.254341585833061,-17.999874400269952,-11.72006329262698,8.891891401501697,10.838707886667697
Random261
Raw:-4.764780461763472,-8.04581515684446,-7.708439689911392,3.7486468788249745,-6.622739700372346,4.254341585833063,-17.999874400269952,-11.720063292626978,8.891891401501693,10.838707886667697
EFT:-4.76478046176347,-8.045815156844462,-7.708439689911394,3.748646878824977,-6.622739700372347,4.25434158583306,-17.999874400269952,-11.72006329262698,8.891891401501697,10.838707886667697
Random262
Raw:-4.764780461763471,-8.045815156844462,-7.708439689911391,3.748646878824976,-6.62273970037235,4.254341585833057,-17.999874400269956,-11.720063292626982,8.891891401501699,10.838707886667693
EFT:-4.76478046176347,-8.045815156844462,-7.708439689911394,3.748646878824977,-6.622739700372347,4.25434158583306,-17.999874400269952,-11.72006329262698,8.891891401501697,10.838707886667697
Random263
Raw:-4.7647804617634675,-8.045815156844464,-7.708439689911396,3.7486468788249745,-6.622739700372342,4.254341585833062,-17.999874400269945,-11.720063292626985,8.891891401501702,10.838707886667699
EFT:-4.76478046176347,-8.045815156844462,-7.708439689911395,3.7486468788249763,-6.622739700372345,4.254341585833061,-17.999874400269952,-11.72006329262698,8.891891401501697,10.838707886667697
Random264
Raw:-4.7647804617634675,-8.045815156844466,-7.708439689911392,3.7486468788249763,-6.622739700372343,4.254341585833057,-17.999874400269952,-11.72006329262698,8.891891401501695,10.838707886667697
EFT:-4.76478046176347,-8.045815156844464,-7.708439689911394,3.7486468788249776,-6.622739700372347,4.25434158583306,-17.999874400269952,-11.72006329262698,8.891891401501697,10.838707886667699
Random265
Raw:-4.764780461763469,-8.045815156844467,-7.708439689911399,3.7486468788249776,-6.622739700372346,4.254341585833064,-17.999874400269956,-11.720063292626985,8.891891401501699,10.8387078866677
EFT:-4.76478046176347,-8.045815156844462,-7.708439689911395,3.7486468788249767,-6.622739700372345,4.254341585833061,-17.999874400269952,-11.72006329262698,8.891891401501697,10.838707886667697
Random266
Raw:-4.764780461763468,-8.045815156844466,-7.708439689911395,3.748646878824977,-6.622739700372351,4.254341585833062,-17.99987440026995,-11.720063292626985,8.8918914015017,10.838707886667697
EFT:-4.76478046176347,-8.045815156844462,-7.708439689911395,3.7486468788249767,-6.622739700372345,4.254341585833061,-17.999874400269952,-11.72006329262698,8.891891401501697,10.838707886667699
Random267
Raw:-4.764780461763472,-8.045815156844464,-7.708439689911399,3.74864687882498,-6.622739700372348,4.254341585833059,-17.99987440026996,-11.720063292626984,8.891891401501695,10.838707886667697
EFT:-4.76478046176347,-8.045815156844462,-7.708439689911395,3.7486468788249763,-6.622739700372345,4.254341585833061,-17.999874400269952,-11.720063292626978,8.891891401501697,10.838707886667697
Random268
Raw:-4.7647804617634755,-8.045815156844466,-7.708439689911401,3.748646878824979,-6.622739700372346,4.25434158583307,-17.999874400269952,-11.720063292626989,8.891891401501697,10.838707886667699
EFT:-4.764780461763469,-8.045815156844462,-7.708439689911395,3.7486468788249767,-6.622739700372346,4.254341585833061,-17.999874400269952,-11.72006329262698,8.891891401501697,10.838707886667699
Random269
Raw:-4.764780461763463,-8.045815156844462,-7.708439689911387,3.748646878824974,-6.622739700372345,4.25434158583306,-17.999874400269945,-11.72006329262698,8.891891401501699,10.838707886667697
EFT:-4.76478046176347,-8.045815156844462,-7.708439689911394,3.748646878824977,-6.622739700372347,4.25434158583306,-17.999874400269952,-11.72006329262698,8.891891401501697,10.838707886667697
Random270
Raw:-4.764780461763468,-8.045815156844466,-7.708439689911398,3.748646878824978,-6.622739700372346,4.254341585833064,-17.999874400269956,-11.720063292626984,8.891891401501699,10.838707886667699
EFT:-4.764780461763469,-8.045815156844464,-7.708439689911395,3.7486468788249767,-6.622739700372346,4.254341585833061,-17.999874400269952,-11.72006329262698,8.891891401501697,10.838707886667699
Random271
Raw:-4.764780461763467,-8.045815156844464,-7.708439689911394,3.7486468788249785,-6.622739700372341,4.2543415858330595,-17.999874400269956,-11.720063292626977,8.891891401501693,10.838707886667699
EFT:-4.76478046176347,-8.045815156844462,-7.708439689911394,3.7486468788249776,-6.622739700372347,4.25434158583306,-17.999874400269952,-11.72006329262698,8.891891401501697,10.838707886667699
Random272
Raw:-4.764780461763472,-8.045815156844464,-7.708439689911399,3.7486468788249803,-6.622739700372346,4.254341585833066,-17.99987440026996,-11.720063292626985,8.891891401501693,10.8387078866677
EFT:-4.764780461763469,-8.045815156844462,-7.708439689911395,3.7486468788249767,-6.622739700372346,4.254341585833061,-17.999874400269952,-11.72006329262698,8.891891401501697,10.838707886667699
Random273
Raw:-4.764780461763468,-8.04581515684446,-7.708439689911387,3.7486468788249745,-6.622739700372349,4.254341585833054,-17.999874400269952,-11.720063292626978,8.891891401501697,10.838707886667692
EFT:-4.76478046176347,-8.045815156844462,-7.708439689911395,3.7486468788249767,-6.622739700372345,4.254341585833061,-17.999874400269952,-11.72006329262698,8.891891401501697,10.838707886667699
Random274
Raw:-4.764780461763468,-8.045815156844464,-7.708439689911394,3.74864687882498,-6.622739700372347,4.254341585833056,-17.999874400269952,-11.720063292626982,8.891891401501695,10.8387078866677
EFT:-4.76478046176347,-8.045815156844462,-7.708439689911394,3.748646878824977,-6.622739700372347,4.25434158583306,-17.999874400269952,-11.72006329262698,8.891891401501697,10.838707886667697
Random275
Raw:-4.764780461763465,-8.045815156844464,-7.708439689911392,3.7486468788249794,-6.622739700372347,4.2543415858330595,-17.999874400269952,-11.720063292626982,8.891891401501697,10.8387078866677
EFT:-4.76478046176347,-8.045815156844462,-7.708439689911394,3.748646878824977,-6.622739700372347,4.25434158583306,-17.999874400269952,-11.72006329262698,8.891891401501697,10.838707886667697
Random276
Raw:-4.764780461763469,-8.045815156844464,-7.708439689911398,3.7486468788249763,-6.622739700372344,4.254341585833063,-17.999874400269952,-11.720063292626984,8.891891401501697,10.8387078866677
EFT:-4.76478046176347,-8.045815156844462,-7.708439689911394,3.748646878824977,-6.622739700372347,4.25434158583306,-17.999874400269952,-11.72006329262698,8.891891401501697,10.838707886667697
Random277
Raw:-4.764780461763471,-8.045815156844457,-7.708439689911394,3.7486468788249776,-6.6227397003723505,4.254341585833058,-17.999874400269952,-11.720063292626987,8.891891401501697,10.838707886667695
EFT:-4.76478046176347,-8.045815156844462,-7.708439689911394,3.748646878824977,-6.622739700372347,4.25434158583306,-17.999874400269952,-11.72006329262698,8.891891401501697,10.838707886667697
Random278
Raw:-4.764780461763472,-8.045815156844462,-7.708439689911397,3.74864687882498,-6.622739700372346,4.2543415858330595,-17.999874400269963,-11.720063292626982,8.891891401501695,10.838707886667699
EFT:-4.76478046176347,-8.045815156844462,-7.708439689911394,3.748646878824977,-6.622739700372347,4.25434158583306,-17.999874400269952,-11.72006329262698,8.891891401501697,10.838707886667697
Random279
Raw:-4.764780461763462,-8.045815156844464,-7.708439689911389,3.7486468788249763,-6.622739700372345,4.254341585833053,-17.999874400269952,-11.720063292626977,8.891891401501697,10.838707886667692
EFT:-4.76478046176347,-8.045815156844462,-7.708439689911395,3.7486468788249763,-6.622739700372345,4.254341585833061,-17.999874400269952,-11.72006329262698,8.891891401501697,10.838707886667697
Random280
Raw:-4.764780461763471,-8.045815156844467,-7.708439689911396,3.7486468788249803,-6.622739700372347,4.254341585833056,-17.999874400269952,-11.720063292626978,8.891891401501699,10.838707886667697
EFT:-4.76478046176347,-8.045815156844462,-7.708439689911394,3.748646878824977,-6.622739700372347,4.25434158583306,-17.999874400269952,-11.72006329262698,8.891891401501697,10.838707886667697
Random281
Raw:-4.76478046176347,-8.045815156844466,-7.708439689911395,3.7486468788249794,-6.622739700372345,4.25434158583306,-17.99987440026995,-11.720063292626989,8.891891401501697,10.838707886667697
EFT:-4.76478046176347,-8.045815156844462,-7.708439689911394,3.748646878824977,-6.622739700372347,4.25434158583306,-17.999874400269952,-11.72006329262698,8.891891401501697,10.838707886667697
Random282
Raw:-4.764780461763475,-8.045815156844464,-7.7084396899113985,3.748646878824978,-6.62273970037235,4.254341585833062,-17.999874400269956,-11.720063292626987,8.891891401501697,10.8387078866677
EFT:-4.764780461763469,-8.045815156844464,-7.708439689911395,3.7486468788249767,-6.622739700372346,4.254341585833061,-17.999874400269952,-11.72006329262698,8.891891401501697,10.838707886667699
Random283
Raw:-4.764780461763468,-8.045815156844462,-7.708439689911393,3.7486468788249763,-6.6227397003723505,4.254341585833058,-17.99987440026995,-11.72006329262698,8.8918914015017,10.838707886667693
EFT:-4.764780461763469,-8.045815156844464,-7.708439689911394,3.7486468788249767,-6.622739700372346,4.254341585833061,-17.999874400269952,-11.72006329262698,8.891891401501697,10.838707886667699
Random284
Raw:-4.764780461763471,-8.045815156844466,-7.708439689911391,3.748646878824979,-6.622739700372348,4.254341585833052,-17.99987440026996,-11.72006329262698,8.8918914015017,10.838707886667695
EFT:-4.76478046176347,-8.045815156844462,-7.708439689911394,3.748646878824977,-6.622739700372347,4.25434158583306,-17.999874400269952,-11.72006329262698,8.891891401501697,10.838707886667697
Random285
Raw:-4.764780461763472,-8.045815156844464,-7.708439689911397,3.748646878824979,-6.622739700372347,4.254341585833063,-17.999874400269956,-11.720063292626977,8.891891401501695,10.8387078866677
EFT:-4.76478046176347,-8.045815156844462,-7.708439689911395,3.7486468788249763,-6.622739700372345,4.254341585833061,-17.999874400269952,-11.720063292626978,8.891891401501697,10.838707886667697
Random286
Raw:-4.7647804617634675,-8.045815156844464,-7.708439689911396,3.748646878824977,-6.622739700372344,4.254341585833057,-17.99987440026995,-11.720063292626982,8.891891401501695,10.838707886667697
EFT:-4.76478046176347,-8.045815156844462,-7.708439689911394,3.748646878824977,-6.622739700372347,4.25434158583306,-17.999874400269952,-11.72006329262698,8.891891401501697,10.838707886667697
Random287
Raw:-4.764780461763474,-8.045815156844467,-7.708439689911399,3.748646878824977,-6.622739700372343,4.254341585833064,-17.999874400269952,-11.720063292626984,8.8918914015017,10.838707886667695
EFT:-4.76478046176347,-8.045815156844462,-7.708439689911395,3.7486468788249763,-6.622739700372345,4.254341585833061,-17.999874400269952,-11.720063292626978,8.891891401501697,10.838707886667697
Random288
Raw:-4.764780461763467,-8.045815156844464,-7.7084396899113905,3.748646878824978,-6.622739700372346,4.254341585833061,-17.99987440026995,-11.72006329262698,8.891891401501697,10.838707886667697
EFT:-4.76478046176347,-8.045815156844462,-7.708439689911395,3.7486468788249767,-6.622739700372345,4.254341585833061,-17.999874400269952,-11.72006329262698,8.891891401501697,10.838707886667699
Random289
Raw:-4.764780461763468,-8.045815156844464,-7.708439689911398,3.748646878824979,-6.622739700372345,4.254341585833059,-17.999874400269952,-11.720063292626982,8.891891401501695,10.8387078866677
EFT:-4.76478046176347,-8.045815156844462,-7.708439689911394,3.748646878824977,-6.622739700372347,4.25434158583306,-17.999874400269952,-11.72006329262698,8.891891401501697,10.838707886667697
Random290
Raw:-4.764780461763471,-8.045815156844464,-7.708439689911402,3.748646878824976,-6.62273970037234,4.254341585833066,-17.999874400269952,-11.720063292626982,8.891891401501699,10.838707886667704
EFT:-4.76478046176347,-8.045815156844462,-7.708439689911394,3.748646878824977,-6.622739700372347,4.25434158583306,-17.999874400269952,-11.72006329262698,8.891891401501697,10.838707886667697
Random291
Raw:-4.7647804617634675,-8.045815156844467,-7.708439689911396,3.7486468788249767,-6.622739700372349,4.254341585833064,-17.99987440026995,-11.720063292626984,8.891891401501697,10.838707886667697
EFT:-4.764780461763469,-8.045815156844464,-7.708439689911395,3.7486468788249767,-6.622739700372346,4.254341585833061,-17.999874400269952,-11.72006329262698,8.891891401501697,10.838707886667699
Random292
Raw:-4.764780461763468,-8.045815156844462,-7.708439689911398,3.7486468788249763,-6.6227397003723425,4.254341585833061,-17.99987440026996,-11.720063292626978,8.891891401501695,10.8387078866677
EFT:-4.76478046176347,-8.045815156844462,-7.708439689911394,3.748646878824977,-6.622739700372347,4.25434158583306,-17.999874400269952,-11.72006329262698,8.891891401501697,10.838707886667697
Random293
Raw:-4.764780461763468,-8.04581515684446,-7.7084396899113905,3.748646878824977,-6.622739700372345,4.254341585833065,-17.99987440026995,-11.720063292626978,8.891891401501693,10.838707886667695
EFT:-4.76478046176347,-8.045815156844462,-7.708439689911394,3.748646878824977,-6.622739700372347,4.25434158583306,-17.999874400269952,-11.72006329262698,8.891891401501697,10.838707886667697
Random294
Raw:-4.7647804617634675,-8.045815156844462,-7.7084396899113905,3.748646878824977,-6.622739700372351,4.254341585833058,-17.999874400269952,-11.72006329262698,8.891891401501699,10.838707886667693
EFT:-4.76478046176347,-8.045815156844462,-7.708439689911395,3.7486468788249767,-6.622739700372345,4.254341585833061,-17.999874400269952,-11.72006329262698,8.891891401501697,10.838707886667699
Random295
Raw:-4.7647804617634675,-8.045815156844464,-7.708439689911386,3.748646878824977,-6.622739700372352,4.254341585833053,-17.99987440026995,-11.720063292626977,8.891891401501699,10.838707886667693
EFT:-4.76478046176347,-8.045815156844462,-7.708439689911394,3.7486468788249776,-6.622739700372347,4.25434158583306,-17.999874400269952,-11.72006329262698,8.891891401501697,10.838707886667699
Random296
Raw:-4.764780461763473,-8.045815156844462,-7.708439689911394,3.7486468788249785,-6.622739700372349,4.254341585833066,-17.999874400269952,-11.720063292626987,8.891891401501695,10.838707886667697
EFT:-4.76478046176347,-8.045815156844462,-7.708439689911394,3.748646878824977,-6.622739700372347,4.25434158583306,-17.999874400269952,-11.72006329262698,8.891891401501697,10.838707886667697
Random297
Raw:-4.764780461763468,-8.045815156844464,-7.708439689911396,3.7486468788249776,-6.622739700372343,4.2543415858330595,-17.999874400269952,-11.720063292626982,8.891891401501695,10.838707886667699
EFT:-4.76478046176347,-8.045815156844462,-7.708439689911394,3.7486468788249776,-6.622739700372347,4.25434158583306,-17.999874400269952,-11.72006329262698,8.891891401501697,10.838707886667697
Random298
Raw:-4.764780461763469,-8.045815156844464,-7.7084396899113905,3.748646878824976,-6.62273970037235,4.254341585833061,-17.99987440026995,-11.72006329262698,8.891891401501697,10.838707886667693
EFT:-4.764780461763469,-8.045815156844462,-7.708439689911394,3.7486468788249767,-6.622739700372346,4.254341585833061,-17.999874400269952,-11.72006329262698,8.891891401501697,10.838707886667699
Random299
Raw:-4.764780461763467,-8.045815156844464,-7.708439689911391,3.7486468788249754,-6.622739700372341,4.254341585833058,-17.99987440026995,-11.720063292626977,8.891891401501693,10.838707886667697
EFT:-4.76478046176347,-8.045815156844462,-7.708439689911394,3.748646878824977,-6.622739700372347,4.25434158583306,-17.999874400269952,-11.72006329262698,8.891891401501697,10.838707886667697
Random300
Raw:-4.76478046176347,-8.045815156844462,-7.708439689911391,3.7486468788249754,-6.622739700372349,4.254341585833058,-17.999874400269956,-11.720063292626977,8.891891401501699,10.838707886667693
EFT:-4.76478046176347,-8.045815156844462,-7.708439689911394,3.748646878824977,-6.622739700372347,4.25434158583306,-17.999874400269952,-11.72006329262698,8.891891401501697,10.838707886667697
Random301
Raw:-4.764780461763469,-8.045815156844466,-7.708439689911396,3.748646878824979,-6.622739700372342,4.25434158583306,-17.999874400269952,-11.72006329262698,8.891891401501697,10.838707886667699
EFT:-4.764780461763469,-8.045815156844462,-7.708439689911395,3.7486468788249767,-6.622739700372346,4.254341585833061,-17.999874400269952,-11.72006329262698,8.891891401501697,10.838707886667699
Random302
Raw:-4.764780461763468,-8.045815156844458,-7.708439689911389,3.7486468788249754,-6.6227397003723505,4.254341585833059,-17.99987440026995,-11.720063292626982,8.891891401501695,10.838707886667693
EFT:-4.76478046176347,-8.045815156844462,-7.708439689911394,3.748646878824977,-6.622739700372347,4.25434158583306,-17.999874400269952,-11.72006329262698,8.891891401501697,10.838707886667697
Random303
Raw:-4.764780461763473,-8.04581515684447,-7.708439689911402,3.748646878824983,-6.622739700372348,4.254341585833067,-17.999874400269956,-11.720063292626987,8.891891401501693,10.8387078866677
EFT:-4.764780461763469,-8.045815156844462,-7.708439689911395,3.7486468788249767,-6.622739700372346,4.254341585833061,-17.999874400269952,-11.72006329262698,8.891891401501697,10.838707886667699
Random304
Raw:-4.764780461763468,-8.045815156844464,-7.708439689911396,3.748646878824976,-6.622739700372345,4.254341585833064,-17.99987440026995,-11.72006329262698,8.891891401501699,10.838707886667699
EFT:-4.76478046176347,-8.045815156844462,-7.708439689911394,3.748646878824977,-6.622739700372347,4.25434158583306,-17.999874400269952,-11.72006329262698,8.891891401501697,10.838707886667697
Random305
Raw:-4.764780461763469,-8.045815156844462,-7.708439689911393,3.7486468788249745,-6.622739700372346,4.254341585833056,-17.99987440026995,-11.720063292626977,8.891891401501697,10.838707886667697
EFT:-4.76478046176347,-8.045815156844462,-7.708439689911395,3.7486468788249763,-6.622739700372345,4.254341585833061,-17.999874400269952,-11.72006329262698,8.891891401501697,10.838707886667697
Random306
Raw:-4.76478046176347,-8.045815156844464,-7.708439689911401,3.7486468788249754,-6.622739700372346,4.254341585833066,-17.999874400269945,-11.720063292626982,8.891891401501697,10.838707886667704
EFT:-4.76478046176347,-8.045815156844462,-7.708439689911394,3.748646878824977,-6.622739700372347,4.25434158583306,-17.999874400269952,-11.72006329262698,8.891891401501697,10.838707886667697
Random307
Raw:-4.764780461763469,-8.045815156844462,-7.708439689911393,3.7486468788249763,-6.62273970037235,4.25434158583306,-17.999874400269942,-11.720063292626985,8.891891401501702,10.838707886667695
EFT:-4.764780461763469,-8.045815156844464,-7.708439689911395,3.7486468788249767,-6.622739700372346,4.254341585833061,-17.999874400269952,-11.72006329262698,8.891891401501697,10.838707886667699
Random308
Raw:-4.764780461763469,-8.045815156844458,-7.708439689911394,3.748646878824977,-6.622739700372348,4.254341585833059,-17.999874400269952,-11.720063292626984,8.8918914015017,10.838707886667699
EFT:-4.76478046176347,-8.045815156844462,-7.708439689911394,3.7486468788249776,-6.622739700372347,4.25434158583306,-17.999874400269952,-11.72006329262698,8.891891401501697,10.838707886667699
Random309
Raw:-4.764780461763465,-8.045815156844462,-7.708439689911388,3.7486468788249745,-6.622739700372344,4.2543415858330595,-17.99987440026995,-11.72006329262698,8.891891401501697,10.838707886667695
EFT:-4.76478046176347,-8.045815156844462,-7.708439689911395,3.7486468788249763,-6.622739700372345,4.254341585833061,-17.999874400269952,-11.72006329262698,8.891891401501697,10.838707886667697
Random310
Raw:-4.764780461763473,-8.045815156844462,-7.708439689911399,3.7486468788249785,-6.622739700372344,4.254341585833067,-17.99987440026996,-11.720063292626984,8.891891401501695,10.838707886667697
EFT:-4.764780461763469,-8.045815156844462,-7.708439689911395,3.7486468788249767,-6.622739700372346,4.254341585833061,-17.999874400269952,-11.72006329262698,8.891891401501697,10.838707886667699
Random311
Raw:-4.764780461763469,-8.045815156844462,-7.708439689911395,3.7486468788249763,-6.622739700372342,4.25434158583306,-17.999874400269952,-11.720063292626984,8.891891401501699,10.838707886667699
EFT:-4.76478046176347,-8.045815156844462,-7.708439689911395,3.7486468788249763,-6.622739700372345,4.254341585833061,-17.999874400269952,-11.72006329262698,8.891891401501697,10.838707886667697
Random312
Raw:-4.764780461763471,-8.045815156844462,-7.708439689911394,3.748646878824979,-6.622739700372347,4.2543415858330595,-17.999874400269952,-11.72006329262698,8.891891401501697,10.838707886667695
EFT:-4.76478046176347,-8.045815156844462,-7.708439689911394,3.748646878824977,-6.622739700372347,4.25434158583306,-17.999874400269952,-11.72006329262698,8.891891401501697,10.838707886667697
Random313
Raw:-4.764780461763468,-8.045815156844466,-7.7084396899114,3.748646878824978,-6.622739700372339,4.254341585833066,-17.99987440026996,-11.720063292626978,8.891891401501695,10.838707886667702
EFT:-4.76478046176347,-8.045815156844462,-7.708439689911394,3.748646878824977,-6.622739700372347,4.25434158583306,-17.999874400269952,-11.72006329262698,8.891891401501697,10.838707886667697
Random314
Raw:-4.7647804617634675,-8.045815156844462,-7.708439689911394,3.748646878824979,-6.622739700372348,4.25434158583306,-17.999874400269952,-11.720063292626982,8.891891401501697,10.838707886667695
EFT:-4.76478046176347,-8.045815156844462,-7.708439689911394,3.748646878824977,-6.622739700372347,4.25434158583306,-17.999874400269952,-11.72006329262698,8.891891401501697,10.838707886667697
Random315
Raw:-4.764780461763472,-8.045815156844464,-7.708439689911402,3.748646878824978,-6.622739700372345,4.254341585833064,-17.999874400269956,-11.720063292626982,8.891891401501699,10.8387078866677
EFT:-4.76478046176347,-8.045815156844462,-7.708439689911395,3.7486468788249767,-6.622739700372345,4.254341585833061,-17.999874400269952,-11.72006329262698,8.891891401501697,10.838707886667699
Random316
Raw:-4.76478046176347,-8.04581515684446,-7.7084396899113905,3.7486468788249763,-6.622739700372346,4.254341585833063,-17.999874400269952,-11.720063292626977,8.891891401501693,10.838707886667697
EFT:-4.764780461763469,-8.045815156844464,-7.708439689911395,3.7486468788249767,-6.622739700372346,4.254341585833061,-17.999874400269952,-11.72006329262698,8.891891401501697,10.838707886667699
Random317
Raw:-4.764780461763466,-8.045815156844466,-7.708439689911394,3.748646878824977,-6.622739700372343,4.2543415858330595,-17.999874400269952,-11.720063292626982,8.8918914015017,10.8387078866677
EFT:-4.76478046176347,-8.045815156844462,-7.708439689911395,3.7486468788249767,-6.622739700372345,4.254341585833061,-17.999874400269952,-11.72006329262698,8.891891401501697,10.838707886667699
Random318
Raw:-4.76478046176347,-8.045815156844464,-7.708439689911392,3.7486468788249776,-6.622739700372346,4.254341585833065,-17.99987440026996,-11.720063292626984,8.89189140150169,10.838707886667697
EFT:-4.76478046176347,-8.045815156844462,-7.708439689911394,3.7486468788249776,-6.622739700372347,4.25434158583306,-17.999874400269952,-11.72006329262698,8.891891401501697,10.838707886667699
Random319
Raw:-4.764780461763468,-8.045815156844462,-7.708439689911397,3.7486468788249745,-6.622739700372345,4.2543415858330595,-17.99987440026995,-11.720063292626982,8.891891401501699,10.838707886667697
EFT:-4.76478046176347,-8.045815156844462,-7.708439689911394,3.748646878824977,-6.622739700372347,4.25434158583306,-17.999874400269952,-11.72006329262698,8.891891401501697,10.838707886667697
Random320
Raw:-4.764780461763468,-8.045815156844464,-7.708439689911394,3.748646878824979,-6.622739700372347,4.254341585833051,-17.99987440026996,-11.720063292626977,8.891891401501697,10.8387078866677
EFT:-4.76478046176347,-8.045815156844462,-7.708439689911394,3.748646878824977,-6.622739700372347,4.25434158583306,-17.999874400269952,-11.72006329262698,8.891891401501697,10.838707886667697
Random321
Raw:-4.764780461763469,-8.045815156844467,-7.708439689911403,3.7486468788249776,-6.622739700372338,4.254341585833065,-17.999874400269956,-11.720063292626985,8.891891401501697,10.838707886667704
EFT:-4.76478046176347,-8.045815156844462,-7.708439689911394,3.748646878824977,-6.622739700372347,4.25434158583306,-17.999874400269952,-11.72006329262698,8.891891401501697,10.838707886667697
Random322
Raw:-4.764780461763468,-8.045815156844462,-7.708439689911392,3.7486468788249727,-6.622739700372345,4.254341585833063,-17.99987440026995,-11.720063292626982,8.891891401501699,10.838707886667699
EFT:-4.76478046176347,-8.045815156844464,-7.708439689911394,3.7486468788249776,-6.622739700372347,4.254341585833061,-17.999874400269952,-11.72006329262698,8.891891401501697,10.838707886667699
Random323
Raw:-4.764780461763469,-8.045815156844464,-7.708439689911399,3.7486468788249763,-6.622739700372341,4.254341585833065,-17.999874400269945,-11.72006329262698,8.891891401501695,10.8387078866677
EFT:-4.76478046176347,-8.045815156844462,-7.708439689911394,3.748646878824977,-6.622739700372347,4.25434158583306,-17.999874400269952,-11.72006329262698,8.891891401501697,10.838707886667697
Random324
Raw:-4.764780461763472,-8.045815156844462,-7.708439689911399,3.748646878824976,-6.622739700372343,4.254341585833063,-17.999874400269945,-11.720063292626978,8.891891401501699,10.838707886667702
EFT:-4.764780461763469,-8.045815156844462,-7.708439689911395,3.7486468788249767,-6.622739700372346,4.254341585833061,-17.999874400269952,-11.72006329262698,8.891891401501697,10.838707886667699
Random325
Raw:-4.764780461763473,-8.045815156844467,-7.708439689911399,3.748646878824981,-6.622739700372348,4.254341585833062,-17.99987440026996,-11.720063292626985,8.891891401501697,10.838707886667697
EFT:-4.76478046176347,-8.045815156844462,-7.708439689911395,3.7486468788249767,-6.622739700372345,4.254341585833061,-17.999874400269952,-11.720063292626978,8.891891401501697,10.838707886667699
Random326
Raw:-4.764780461763475,-8.045815156844462,-7.7084396899114,3.748646878824978,-6.6227397003723425,4.254341585833066,-17.999874400269952,-11.720063292626984,8.891891401501693,10.8387078866677
EFT:-4.76478046176347,-8.045815156844462,-7.708439689911395,3.7486468788249776,-6.622739700372347,4.254341585833061,-17.999874400269952,-11.72006329262698,8.891891401501697,10.838707886667699
Random327
Raw:-4.764780461763471,-8.045815156844462,-7.7084396899114,3.7486468788249803,-6.62273970037235,4.254341585833059,-17.999874400269956,-11.720063292626984,8.891891401501693,10.838707886667699
EFT:-4.76478046176347,-8.045815156844462,-7.708439689911395,3.7486468788249763,-6.622739700372345,4.254341585833061,-17.999874400269952,-11.720063292626978,8.891891401501697,10.838707886667697
Random328
Raw:-4.764780461763465,-8.045815156844464,-7.708439689911394,3.7486468788249754,-6.622739700372343,4.254341585833059,-17.99987440026995,-11.72006329262698,8.891891401501697,10.838707886667699
EFT:-4.764780461763469,-8.045815156844464,-7.708439689911395,3.7486468788249767,-6.622739700372346,4.254341585833061,-17.999874400269952,-11.72006329262698,8.891891401501697,10.838707886667699
Random329
Raw:-4.764780461763468,-8.045815156844467,-7.708439689911399,3.7486468788249767,-6.622739700372343,4.254341585833061,-17.99987440026995,-11.720063292626977,8.891891401501695,10.8387078866677
EFT:-4.76478046176347,-8.045815156844462,-7.708439689911395,3.7486468788249763,-6.622739700372345,4.254341585833061,-17.999874400269952,-11.720063292626978,8.891891401501697,10.838707886667697
Random330
Raw:-4.764780461763468,-8.045815156844464,-7.708439689911396,3.748646878824974,-6.6227397003723425,4.254341585833063,-17.99987440026995,-11.720063292626982,8.891891401501699,10.838707886667699
EFT:-4.76478046176347,-8.045815156844462,-7.708439689911394,3.748646878824977,-6.622739700372347,4.25434158583306,-17.999874400269952,-11.72006329262698,8.891891401501697,10.838707886667697
Random331
Raw:-4.76478046176347,-8.045815156844466,-7.7084396899113985,3.74864687882498,-6.6227397003723425,4.254341585833062,-17.999874400269956,-11.720063292626984,8.891891401501695,10.8387078866677
EFT:-4.764780461763469,-8.045815156844464,-7.708439689911395,3.7486468788249767,-6.622739700372346,4.254341585833061,-17.999874400269952,-11.72006329262698,8.891891401501697,10.838707886667699
Random332
Raw:-4.7647804617634755,-8.045815156844464,-7.708439689911406,3.7486468788249825,-6.622739700372347,4.254341585833066,-17.999874400269963,-11.720063292626985,8.891891401501695,10.838707886667702
EFT:-4.76478046176347,-8.045815156844462,-7.708439689911394,3.748646878824977,-6.622739700372347,4.25434158583306,-17.999874400269952,-11.72006329262698,8.891891401501697,10.838707886667697
Random333
Raw:-4.764780461763471,-8.045815156844464,-7.708439689911398,3.7486468788249776,-6.622739700372342,4.254341585833063,-17.999874400269952,-11.72006329262698,8.891891401501693,10.8387078866677
EFT:-4.76478046176347,-8.045815156844462,-7.708439689911395,3.7486468788249767,-6.622739700372345,4.254341585833061,-17.999874400269952,-11.72006329262698,8.891891401501695,10.838707886667697
Random334
Raw:-4.764780461763468,-8.045815156844466,-7.708439689911397,3.7486468788249807,-6.622739700372348,4.254341585833057,-17.99987440026996,-11.720063292626978,8.891891401501693,10.838707886667699
EFT:-4.76478046176347,-8.045815156844462,-7.708439689911394,3.748646878824977,-6.622739700372347,4.25434158583306,-17.999874400269952,-11.72006329262698,8.891891401501697,10.838707886667697
Random335
Raw:-4.764780461763467,-8.045815156844457,-7.708439689911395,3.748646878824976,-6.622739700372346,4.254341585833055,-17.99987440026995,-11.72006329262698,8.891891401501699,10.838707886667702
EFT:-4.76478046176347,-8.045815156844462,-7.708439689911395,3.7486468788249767,-6.622739700372345,4.254341585833061,-17.999874400269952,-11.72006329262698,8.891891401501697,10.838707886667699
Random336
Raw:-4.7647804617634675,-8.04581515684446,-7.708439689911389,3.7486468788249754,-6.622739700372349,4.254341585833059,-17.99987440026995,-11.720063292626982,8.891891401501695,10.838707886667699
EFT:-4.76478046176347,-8.045815156844462,-7.708439689911394,3.748646878824977,-6.622739700372347,4.25434158583306,-17.999874400269952,-11.72006329262698,8.891891401501697,10.838707886667697
Random337
Raw:-4.764780461763467,-8.045815156844464,-7.708439689911394,3.7486468788249776,-6.622739700372338,4.254341585833053,-17.999874400269945,-11.720063292626977,8.891891401501695,10.838707886667695
EFT:-4.76478046176347,-8.045815156844462,-7.708439689911395,3.7486468788249767,-6.622739700372345,4.254341585833061,-17.999874400269952,-11.72006329262698,8.891891401501697,10.838707886667697
Random338
Raw:-4.764780461763473,-8.045815156844466,-7.7084396899113985,3.7486468788249803,-6.622739700372343,4.254341585833064,-17.99987440026996,-11.72006329262698,8.891891401501695,10.838707886667704
EFT:-4.76478046176347,-8.045815156844462,-7.708439689911394,3.748646878824977,-6.622739700372347,4.25434158583306,-17.999874400269952,-11.72006329262698,8.891891401501697,10.838707886667697
Random339
Raw:-4.764780461763472,-8.045815156844458,-7.708439689911394,3.7486468788249745,-6.622739700372343,4.254341585833058,-17.99987440026995,-11.720063292626982,8.891891401501697,10.83870788666769
EFT:-4.764780461763469,-8.045815156844464,-7.708439689911395,3.7486468788249767,-6.622739700372346,4.254341585833061,-17.999874400269952,-11.72006329262698,8.891891401501697,10.838707886667699
Random340
Raw:-4.764780461763472,-8.045815156844466,-7.708439689911397,3.7486468788249776,-6.622739700372347,4.254341585833064,-17.999874400269952,-11.720063292626982,8.891891401501697,10.8387078866677
EFT:-4.76478046176347,-8.045815156844464,-7.708439689911394,3.7486468788249776,-6.622739700372347,4.25434158583306,-17.999874400269952,-11.72006329262698,8.891891401501697,10.838707886667699
Random341
Raw:-4.764780461763469,-8.045815156844466,-7.708439689911396,3.7486468788249763,-6.6227397003723425,4.254341585833063,-17.99987440026995,-11.72006329262698,8.891891401501697,10.838707886667704
EFT:-4.76478046176347,-8.045815156844462,-7.708439689911395,3.7486468788249763,-6.622739700372345,4.254341585833061,-17.999874400269952,-11.72006329262698,8.891891401501697,10.838707886667697
Random342
Raw:-4.76478046176347,-8.04581515684446,-7.708439689911392,3.748646878824974,-6.622739700372347,4.254341585833059,-17.999874400269945,-11.72006329262698,8.891891401501697,10.838707886667693
EFT:-4.76478046176347,-8.045815156844462,-7.708439689911394,3.748646878824977,-6.622739700372347,4.25434158583306,-17.999874400269952,-11.72006329262698,8.891891401501697,10.838707886667697
Random343
Raw:-4.764780461763471,-8.045815156844464,-7.708439689911394,3.7486468788249803,-6.622739700372338,4.2543415858330595,-17.999874400269952,-11.720063292626978,8.891891401501692,10.838707886667697
EFT:-4.76478046176347,-8.045815156844462,-7.708439689911394,3.748646878824977,-6.622739700372347,4.25434158583306,-17.999874400269952,-11.72006329262698,8.891891401501697,10.838707886667697
Random344
Raw:-4.764780461763472,-8.045815156844462,-7.708439689911396,3.748646878824978,-6.6227397003723505,4.254341585833062,-17.999874400269952,-11.72006329262698,8.891891401501693,10.838707886667699
EFT:-4.76478046176347,-8.045815156844462,-7.708439689911394,3.7486468788249776,-6.622739700372347,4.25434158583306,-17.999874400269952,-11.72006329262698,8.891891401501697,10.838707886667699
Random345
Raw:-4.764780461763469,-8.045815156844464,-7.708439689911393,3.7486468788249803,-6.62273970037235,4.254341585833055,-17.99987440026996,-11.72006329262698,8.891891401501697,10.8387078866677
EFT:-4.76478046176347,-8.045815156844462,-7.708439689911395,3.7486468788249767,-6.622739700372345,4.254341585833061,-17.999874400269952,-11.72006329262698,8.891891401501697,10.838707886667699
Random346
Raw:-4.764780461763468,-8.045815156844462,-7.708439689911399,3.7486468788249794,-6.622739700372342,4.254341585833061,-17.999874400269956,-11.720063292626982,8.891891401501699,10.838707886667702
EFT:-4.76478046176347,-8.045815156844462,-7.708439689911394,3.748646878824977,-6.622739700372347,4.25434158583306,-17.999874400269952,-11.72006329262698,8.891891401501697,10.838707886667697
Random347
Raw:-4.764780461763472,-8.045815156844464,-7.708439689911393,3.7486468788249767,-6.622739700372346,4.254341585833056,-17.99987440026996,-11.72006329262698,8.891891401501702,10.838707886667697
EFT:-4.76478046176347,-8.045815156844462,-7.708439689911394,3.748646878824977,-6.622739700372347,4.25434158583306,-17.999874400269952,-11.72006329262698,8.891891401501697,10.838707886667697
Random348
Raw:-4.764780461763474,-8.045815156844462,-7.708439689911397,3.7486468788249803,-6.622739700372352,4.254341585833063,-17.999874400269952,-11.720063292626987,8.891891401501697,10.838707886667699
EFT:-4.764780461763469,-8.045815156844464,-7.708439689911395,3.748646878824977,-6.622739700372346,4.254341585833061,-17.999874400269952,-11.72006329262698,8.891891401501697,10.838707886667699
Random349
Raw:-4.764780461763472,-8.045815156844462,-7.708439689911396,3.748646878824977,-6.622739700372343,4.254341585833064,-17.99987440026995,-11.720063292626982,8.891891401501697,10.838707886667699
EFT:-4.76478046176347,-8.045815156844462,-7.708439689911395,3.7486468788249767,-6.622739700372345,4.254341585833061,-17.999874400269952,-11.720063292626978,8.891891401501697,10.838707886667699
Random350
Raw:-4.76478046176347,-8.045815156844464,-7.708439689911393,3.7486468788249754,-6.622739700372344,4.254341585833065,-17.999874400269945,-11.720063292626982,8.891891401501699,10.838707886667699
EFT:-4.76478046176347,-8.045815156844462,-7.708439689911395,3.7486468788249763,-6.622739700372345,4.254341585833061,-17.999874400269952,-11.720063292626978,8.891891401501697,10.838707886667697
Random351
Raw:-4.764780461763468,-8.045815156844464,-7.708439689911397,3.7486468788249745,-6.622739700372342,4.2543415858330595,-17.999874400269952,-11.720063292626978,8.891891401501692,10.8387078866677
EFT:-4.76478046176347,-8.045815156844462,-7.708439689911394,3.7486468788249776,-6.622739700372347,4.25434158583306,-17.999874400269952,-11.72006329262698,8.891891401501697,10.838707886667699
Random352
Raw:-4.764780461763473,-8.04581515684446,-7.708439689911396,3.748646878824975,-6.622739700372345,4.25434158583306,-17.99987440026995,-11.720063292626978,8.891891401501695,10.838707886667697
EFT:-4.76478046176347,-8.045815156844462,-7.708439689911394,3.748646878824977,-6.622739700372347,4.25434158583306,-17.999874400269952,-11.72006329262698,8.891891401501697,10.838707886667697
Random353
Raw:-4.7647804617634675,-8.045815156844464,-7.708439689911396,3.748646878824977,-6.6227397003723425,4.254341585833061,-17.999874400269945,-11.720063292626982,8.891891401501699,10.8387078866677
EFT:-4.764780461763469,-8.045815156844462,-7.708439689911394,3.7486468788249767,-6.622739700372346,4.254341585833061,-17.999874400269952,-11.72006329262698,8.891891401501697,10.838707886667699
Random354
Raw:-4.764780461763468,-8.045815156844462,-7.7084396899113985,3.748646878824979,-6.622739700372342,4.25434158583306,-17.99987440026995,-11.720063292626982,8.891891401501693,10.838707886667699
EFT:-4.76478046176347,-8.045815156844462,-7.708439689911394,3.748646878824977,-6.622739700372347,4.25434158583306,-17.999874400269952,-11.72006329262698,8.891891401501697,10.838707886667697
Random355
Raw:-4.764780461763468,-8.045815156844466,-7.708439689911396,3.7486468788249785,-6.62273970037235,4.25434158583306,-17.999874400269956,-11.720063292626984,8.8918914015017,10.838707886667699
EFT:-4.76478046176347,-8.045815156844462,-7.708439689911395,3.7486468788249763,-6.622739700372345,4.254341585833061,-17.999874400269952,-11.72006329262698,8.891891401501697,10.838707886667697
Random356
Raw:-4.7647804617634675,-8.045815156844464,-7.708439689911394,3.7486468788249727,-6.622739700372347,4.254341585833065,-17.999874400269952,-11.720063292626985,8.891891401501699,10.838707886667699
EFT:-4.76478046176347,-8.045815156844462,-7.708439689911395,3.7486468788249763,-6.622739700372345,4.254341585833061,-17.999874400269952,-11.720063292626978,8.891891401501697,10.838707886667697
Random357
Raw:-4.76478046176347,-8.045815156844462,-7.708439689911394,3.7486468788249763,-6.6227397003723425,4.254341585833056,-17.999874400269952,-11.72006329262698,8.8918914015017,10.838707886667699
EFT:-4.76478046176347,-8.045815156844462,-7.708439689911395,3.7486468788249767,-6.622739700372345,4.254341585833061,-17.999874400269952,-11.720063292626978,8.891891401501697,10.838707886667699
Random358
Raw:-4.764780461763468,-8.045815156844471,-7.708439689911395,3.7486468788249794,-6.622739700372338,4.25434158583306,-17.999874400269945,-11.720063292626982,8.891891401501695,10.838707886667695
EFT:-4.76478046176347,-8.045815156844462,-7.708439689911394,3.7486468788249776,-6.622739700372347,4.25434158583306,-17.999874400269952,-11.72006329262698,8.891891401501697,10.838707886667697
Random359
Raw:-4.764780461763469,-8.04581515684446,-7.708439689911397,3.748646878824977,-6.622739700372346,4.2543415858330595,-17.999874400269956,-11.720063292626985,8.891891401501697,10.838707886667699
EFT:-4.76478046176347,-8.045815156844462,-7.708439689911395,3.7486468788249767,-6.622739700372345,4.254341585833061,-17.999874400269952,-11.720063292626978,8.891891401501697,10.838707886667699
Random360
Raw:-4.764780461763474,-8.045815156844466,-7.708439689911401,3.7486468788249776,-6.62273970037234,4.2543415858330675,-17.99987440026996,-11.720063292626987,8.891891401501695,10.838707886667704
EFT:-4.76478046176347,-8.045815156844462,-7.708439689911395,3.7486468788249763,-6.622739700372345,4.254341585833061,-17.999874400269952,-11.72006329262698,8.891891401501697,10.838707886667697
Random361
Raw:-4.764780461763468,-8.045815156844464,-7.7084396899113905,3.7486468788249763,-6.622739700372344,4.254341585833057,-17.99987440026995,-11.720063292626982,8.891891401501695,10.838707886667697
EFT:-4.76478046176347,-8.045815156844462,-7.708439689911394,3.7486468788249776,-6.622739700372347,4.25434158583306,-17.999874400269952,-11.72006329262698,8.891891401501697,10.838707886667697
Random362
Raw:-4.764780461763475,-8.045815156844464,-7.708439689911392,3.748646878824979,-6.622739700372349,4.254341585833054,-17.99987440026995,-11.72006329262698,8.891891401501697,10.838707886667693
EFT:-4.76478046176347,-8.045815156844462,-7.708439689911395,3.7486468788249767,-6.622739700372345,4.254341585833061,-17.999874400269952,-11.72006329262698,8.891891401501697,10.838707886667699
Random363
Raw:-4.76478046176347,-8.045815156844462,-7.708439689911396,3.7486468788249754,-6.622739700372344,4.254341585833062,-17.999874400269952,-11.720063292626984,8.891891401501697,10.8387078866677
EFT:-4.764780461763469,-8.045815156844464,-7.708439689911395,3.7486468788249767,-6.622739700372346,4.254341585833061,-17.999874400269952,-11.72006329262698,8.891891401501697,10.838707886667699
Random364
Raw:-4.7647804617634675,-8.045815156844462,-7.708439689911396,3.7486468788249763,-6.622739700372344,4.25434158583306,-17.99987440026995,-11.720063292626982,8.891891401501695,10.838707886667695
EFT:-4.76478046176347,-8.045815156844462,-7.708439689911394,3.748646878824977,-6.622739700372347,4.25434158583306,-17.999874400269952,-11.72006329262698,8.891891401501697,10.838707886667697
Random365
Raw:-4.764780461763468,-8.045815156844464,-7.7084396899114,3.7486468788249745,-6.622739700372341,4.25434158583306,-17.999874400269952,-11.720063292626978,8.891891401501699,10.8387078866677
EFT:-4.76478046176347,-8.045815156844462,-7.708439689911394,3.748646878824977,-6.622739700372347,4.25434158583306,-17.999874400269952,-11.72006329262698,8.891891401501697,10.838707886667697
Random366
Raw:-4.764780461763473,-8.045815156844462,-7.7084396899114,3.748646878824978,-6.6227397003723425,4.25434158583306,-17.999874400269956,-11.720063292626984,8.891891401501699,10.8387078866677
EFT:-4.76478046176347,-8.045815156844462,-7.708439689911394,3.748646878824977,-6.622739700372347,4.25434158583306,-17.999874400269952,-11.72006329262698,8.891891401501697,10.838707886667697
Random367
Raw:-4.76478046176347,-8.045815156844462,-7.708439689911396,3.748646878824978,-6.622739700372348,4.254341585833061,-17.999874400269945,-11.720063292626985,8.8918914015017,10.838707886667692
EFT:-4.76478046176347,-8.045815156844462,-7.708439689911395,3.7486468788249767,-6.622739700372345,4.254341585833061,-17.999874400269952,-11.72006329262698,8.891891401501697,10.838707886667699
Random368
Raw:-4.764780461763467,-8.045815156844464,-7.7084396899113905,3.7486468788249767,-6.622739700372341,4.25434158583306,-17.999874400269952,-11.720063292626978,8.891891401501692,10.838707886667702
EFT:-4.76478046176347,-8.045815156844462,-7.708439689911395,3.7486468788249767,-6.622739700372345,4.254341585833061,-17.999874400269952,-11.72006329262698,8.891891401501697,10.838707886667697
Random369
Raw:-4.764780461763465,-8.045815156844466,-7.708439689911391,3.748646878824973,-6.622739700372343,4.254341585833056,-17.99987440026995,-11.720063292626982,8.891891401501699,10.838707886667693
EFT:-4.76478046176347,-8.045815156844462,-7.708439689911395,3.7486468788249767,-6.622739700372345,4.254341585833061,-17.999874400269952,-11.720063292626978,8.891891401501697,10.838707886667697
Random370
Raw:-4.764780461763468,-8.04581515684447,-7.708439689911399,3.748646878824977,-6.622739700372349,4.254341585833062,-17.99987440026995,-11.720063292626985,8.891891401501702,10.838707886667702
EFT:-4.764780461763469,-8.045815156844462,-7.708439689911395,3.7486468788249767,-6.622739700372346,4.254341585833061,-17.999874400269952,-11.72006329262698,8.891891401501697,10.838707886667699
Random371
Raw:-4.7647804617634755,-8.045815156844466,-7.708439689911398,3.7486468788249794,-6.622739700372343,4.254341585833067,-17.99987440026996,-11.720063292626978,8.891891401501693,10.838707886667704
EFT:-4.76478046176347,-8.045815156844462,-7.708439689911394,3.748646878824977,-6.622739700372347,4.25434158583306,-17.999874400269952,-11.72006329262698,8.891891401501697,10.838707886667697
Random372
Raw:-4.7647804617634675,-8.045815156844462,-7.708439689911392,3.7486468788249736,-6.622739700372345,4.254341585833056,-17.999874400269945,-11.72006329262698,8.8918914015017,10.838707886667695
EFT:-4.764780461763469,-8.045815156844464,-7.708439689911395,3.7486468788249767,-6.622739700372346,4.254341585833061,-17.999874400269952,-11.72006329262698,8.891891401501697,10.838707886667699
Random373
Raw:-4.764780461763472,-8.045815156844464,-7.708439689911392,3.748646878824977,-6.622739700372347,4.254341585833054,-17.999874400269952,-11.720063292626982,8.891891401501699,10.838707886667695
EFT:-4.76478046176347,-8.045815156844462,-7.708439689911394,3.748646878824977,-6.622739700372347,4.25434158583306,-17.999874400269952,-11.72006329262698,8.891891401501697,10.838707886667697
Random374
Raw:-4.764780461763472,-8.045815156844464,-7.7084396899114,3.7486468788249763,-6.622739700372341,4.254341585833067,-17.999874400269956,-11.720063292626978,8.891891401501692,10.838707886667704
EFT:-4.764780461763469,-8.045815156844462,-7.708439689911395,3.7486468788249767,-6.622739700372346,4.254341585833061,-17.999874400269952,-11.72006329262698,8.891891401501697,10.838707886667699
Random375
Raw:-4.764780461763471,-8.045815156844462,-7.708439689911396,3.748646878824977,-6.6227397003723425,4.254341585833064,-17.99987440026995,-11.720063292626982,8.891891401501697,10.838707886667697
EFT:-4.76478046176347,-8.045815156844462,-7.708439689911394,3.748646878824977,-6.622739700372347,4.25434158583306,-17.999874400269952,-11.72006329262698,8.891891401501697,10.838707886667697
Random376
Raw:-4.764780461763466,-8.045815156844458,-7.70843968991139,3.7486468788249727,-6.622739700372344,4.2543415858330595,-17.999874400269952,-11.720063292626978,8.8918914015017,10.838707886667699
EFT:-4.76478046176347,-8.045815156844462,-7.708439689911395,3.7486468788249767,-6.622739700372345,4.254341585833061,-17.999874400269952,-11.72006329262698,8.891891401501697,10.838707886667699
Random377
Raw:-4.764780461763473,-8.045815156844464,-7.708439689911397,3.7486468788249763,-6.622739700372342,4.254341585833065,-17.99987440026995,-11.720063292626984,8.891891401501697,10.838707886667702
EFT:-4.76478046176347,-8.045815156844462,-7.708439689911394,3.748646878824977,-6.622739700372347,4.25434158583306,-17.999874400269952,-11.72006329262698,8.891891401501697,10.838707886667697
Random378
Raw:-4.764780461763468,-8.045815156844462,-7.708439689911395,3.7486468788249776,-6.622739700372343,4.2543415858330595,-17.999874400269945,-11.720063292626977,8.89189140150169,10.838707886667695
EFT:-4.76478046176347,-8.045815156844462,-7.708439689911394,3.748646878824977,-6.622739700372347,4.25434158583306,-17.999874400269952,-11.72006329262698,8.891891401501697,10.838707886667697
Random379
Raw:-4.764780461763471,-8.045815156844464,-7.708439689911395,3.7486468788249794,-6.622739700372349,4.25434158583306,-17.99987440026995,-11.720063292626978,8.891891401501693,10.838707886667697
EFT:-4.76478046176347,-8.045815156844462,-7.708439689911394,3.748646878824977,-6.622739700372347,4.25434158583306,-17.999874400269952,-11.72006329262698,8.891891401501697,10.838707886667697
Random380
Raw:-4.764780461763471,-8.045815156844467,-7.7084396899114,3.7486468788249803,-6.622739700372348,4.254341585833065,-17.999874400269956,-11.720063292626984,8.891891401501697,10.838707886667699
EFT:-4.76478046176347,-8.045815156844462,-7.708439689911395,3.7486468788249763,-6.622739700372345,4.254341585833061,-17.999874400269952,-11.720063292626978,8.891891401501697,10.838707886667697
Random381
Raw:-4.76478046176347,-8.045815156844462,-7.708439689911394,3.7486468788249763,-6.622739700372339,4.254341585833058,-17.99987440026995,-11.72006329262698,8.891891401501697,10.8387078866677
EFT:-4.76478046176347,-8.045815156844462,-7.708439689911394,3.748646878824977,-6.622739700372347,4.25434158583306,-17.999874400269952,-11.72006329262698,8.891891401501697,10.838707886667697
Random382
Raw:-4.764780461763474,-8.04581515684446,-7.708439689911394,3.7486468788249763,-6.622739700372348,4.254341585833064,-17.99987440026995,-11.720063292626982,8.8918914015017,10.838707886667697
EFT:-4.76478046176347,-8.045815156844462,-7.708439689911395,3.7486468788249763,-6.622739700372345,4.254341585833061,-17.999874400269952,-11.72006329262698,8.891891401501697,10.838707886667697
Random383
Raw:-4.764780461763471,-8.045815156844467,-7.708439689911398,3.748646878824979,-6.622739700372344,4.254341585833062,-17.999874400269956,-11.720063292626982,8.891891401501697,10.838707886667702
EFT:-4.76478046176347,-8.045815156844462,-7.708439689911394,3.748646878824977,-6.622739700372347,4.25434158583306,-17.999874400269952,-11.72006329262698,8.891891401501697,10.838707886667697
Random384
Raw:-4.76478046176347,-8.045815156844466,-7.708439689911394,3.748646878824978,-6.622739700372343,4.254341585833057,-17.999874400269952,-11.720063292626977,8.891891401501697,10.838707886667704
EFT:-4.764780461763469,-8.045815156844464,-7.708439689911395,3.7486468788249767,-6.622739700372346,4.254341585833061,-17.999874400269952,-11.72006329262698,8.891891401501697,10.838707886667699
Random385
Raw:-4.764780461763472,-8.04581515684447,-7.7084396899113985,3.748646878824983,-6.622739700372349,4.254341585833062,-17.99987440026995,-11.720063292626989,8.891891401501699,10.838707886667702
EFT:-4.76478046176347,-8.045815156844462,-7.708439689911394,3.748646878824977,-6.622739700372347,4.25434158583306,-17.999874400269952,-11.72006329262698,8.891891401501697,10.838707886667697
Random386
Raw:-4.764780461763469,-8.045815156844464,-7.708439689911395,3.7486468788249776,-6.622739700372343,4.254341585833059,-17.999874400269952,-11.720063292626982,8.891891401501695,10.838707886667699
EFT:-4.76478046176347,-8.045815156844462,-7.708439689911394,3.748646878824977,-6.622739700372347,4.25434158583306,-17.999874400269952,-11.72006329262698,8.891891401501697,10.838707886667697
Random387
Raw:-4.764780461763469,-8.045815156844462,-7.708439689911392,3.7486468788249763,-6.622739700372346,4.254341585833058,-17.999874400269952,-11.72006329262698,8.891891401501702,10.838707886667697
EFT:-4.76478046176347,-8.045815156844462,-7.708439689911394,3.748646878824977,-6.622739700372347,4.25434158583306,-17.999874400269952,-11.72006329262698,8.891891401501697,10.838707886667697
Random388
Raw:-4.764780461763465,-8.045815156844462,-7.708439689911389,3.748646878824974,-6.622739700372346,4.254341585833062,-17.99987440026995,-11.72006329262698,8.8918914015017,10.838707886667693
EFT:-4.764780461763469,-8.045815156844462,-7.708439689911395,3.7486468788249767,-6.622739700372346,4.254341585833061,-17.999874400269952,-11.72006329262698,8.891891401501697,10.838707886667699
Random389
Raw:-4.764780461763468,-8.045815156844464,-7.708439689911399,3.748646878824975,-6.62273970037234,4.254341585833068,-17.999874400269945,-11.720063292626984,8.891891401501699,10.838707886667702
EFT:-4.76478046176347,-8.045815156844462,-7.708439689911395,3.7486468788249763,-6.622739700372345,4.254341585833061,-17.999874400269952,-11.72006329262698,8.891891401501697,10.838707886667697
Random390
Raw:-4.764780461763469,-8.045815156844464,-7.708439689911392,3.7486468788249745,-6.622739700372345,4.254341585833061,-17.999874400269945,-11.720063292626982,8.8918914015017,10.838707886667697
EFT:-4.76478046176347,-8.045815156844462,-7.708439689911395,3.7486468788249767,-6.622739700372345,4.254341585833061,-17.999874400269952,-11.72006329262698,8.891891401501697,10.838707886667699
Random391
Raw:-4.76478046176347,-8.045815156844464,-7.708439689911392,3.7486468788249767,-6.622739700372347,4.254341585833058,-17.999874400269945,-11.720063292626982,8.891891401501697,10.838707886667702
EFT:-4.76478046176347,-8.045815156844462,-7.708439689911395,3.7486468788249767,-6.622739700372345,4.254341585833061,-17.999874400269952,-11.72006329262698,8.891891401501697,10.838707886667697
Random392
Raw:-4.7647804617634675,-8.045815156844464,-7.708439689911397,3.7486468788249763,-6.622739700372342,4.254341585833064,-17.999874400269956,-11.720063292626977,8.891891401501693,10.838707886667704
EFT:-4.76478046176347,-8.045815156844462,-7.708439689911394,3.748646878824977,-6.622739700372347,4.25434158583306,-17.999874400269952,-11.72006329262698,8.891891401501697,10.838707886667697
Random393
Raw:-4.76478046176347,-8.04581515684446,-7.708439689911395,3.748646878824978,-6.622739700372344,4.254341585833061,-17.99987440026995,-11.720063292626982,8.891891401501695,10.8387078866677
EFT:-4.764780461763469,-8.045815156844464,-7.708439689911395,3.7486468788249767,-6.622739700372346,4.254341585833061,-17.999874400269952,-11.72006329262698,8.891891401501697,10.838707886667699
Random394
Raw:-4.764780461763471,-8.04581515684447,-7.7084396899113985,3.748646878824979,-6.622739700372346,4.254341585833061,-17.99987440026996,-11.720063292626987,8.891891401501699,10.8387078866677
EFT:-4.76478046176347,-8.045815156844462,-7.708439689911395,3.7486468788249767,-6.622739700372345,4.254341585833061,-17.999874400269952,-11.72006329262698,8.891891401501697,10.838707886667699
Random395
Raw:-4.764780461763468,-8.045815156844462,-7.708439689911393,3.748646878824977,-6.622739700372346,4.254341585833056,-17.999874400269952,-11.720063292626982,8.891891401501697,10.8387078866677
EFT:-4.76478046176347,-8.045815156844462,-7.708439689911395,3.7486468788249767,-6.622739700372345,4.254341585833061,-17.999874400269952,-11.72006329262698,8.891891401501697,10.838707886667699
Random396
Raw:-4.764780461763477,-8.045815156844466,-7.7084396899114,3.7486468788249816,-6.622739700372345,4.254341585833067,-17.99987440026996,-11.72006329262698,8.891891401501693,10.8387078866677
EFT:-4.76478046176347,-8.045815156844462,-7.708439689911394,3.748646878824977,-6.622739700372347,4.25434158583306,-17.999874400269952,-11.72006329262698,8.891891401501697,10.838707886667697
Random397
Raw:-4.764780461763468,-8.045815156844462,-7.708439689911393,3.748646878824978,-6.622739700372347,4.254341585833058,-17.999874400269956,-11.720063292626982,8.891891401501693,10.838707886667699
EFT:-4.76478046176347,-8.045815156844462,-7.708439689911395,3.7486468788249763,-6.622739700372345,4.254341585833061,-17.999874400269952,-11.72006329262698,8.891891401501697,10.838707886667697
Random398
Raw:-4.764780461763465,-8.045815156844464,-7.7084396899113905,3.7486468788249763,-6.622739700372347,4.254341585833055,-17.999874400269945,-11.72006329262698,8.8918914015017,10.838707886667692
EFT:-4.76478046176347,-8.045815156844462,-7.708439689911395,3.7486468788249767,-6.622739700372345,4.254341585833061,-17.999874400269952,-11.72006329262698,8.891891401501697,10.838707886667699
Random399
Raw:-4.764780461763461,-8.045815156844458,-7.70843968991139,3.748646878824975,-6.622739700372343,4.254341585833059,-17.999874400269956,-11.720063292626977,8.891891401501693,10.838707886667692
EFT:-4.76478046176347,-8.045815156844462,-7.708439689911395,3.7486468788249763,-6.622739700372345,4.254341585833061,-17.999874400269952,-11.72006329262698,8.891891401501697,10.838707886667697
Random400
Raw:-4.764780461763472,-8.04581515684446,-7.708439689911397,3.748646878824977,-6.6227397003723505,4.254341585833061,-17.99987440026995,-11.720063292626985,8.891891401501697,10.838707886667695
EFT:-4.76478046176347,-8.045815156844462,-7.708439689911394,3.748646878824977,-6.622739700372347,4.25434158583306,-17.999874400269952,-11.72006329262698,8.891891401501697,10.838707886667697
Random401
Raw:-4.7647804617634675,-8.045815156844462,-7.708439689911398,3.748646878824978,-6.622739700372344,4.254341585833066,-17.999874400269945,-11.720063292626978,8.891891401501692,10.838707886667699
EFT:-4.76478046176347,-8.045815156844462,-7.708439689911395,3.7486468788249767,-6.622739700372345,4.254341585833061,-17.999874400269952,-11.72006329262698,8.891891401501697,10.838707886667697
Random402
Raw:-4.764780461763472,-8.045815156844464,-7.708439689911397,3.7486468788249803,-6.622739700372348,4.254341585833055,-17.999874400269963,-11.72006329262698,8.891891401501697,10.8387078866677
EFT:-4.76478046176347,-8.045815156844462,-7.708439689911395,3.7486468788249767,-6.622739700372345,4.254341585833061,-17.999874400269952,-11.72006329262698,8.891891401501695,10.838707886667697
Random403
Raw:-4.764780461763472,-8.045815156844466,-7.708439689911398,3.748646878824978,-6.622739700372344,4.254341585833065,-17.999874400269952,-11.720063292626984,8.891891401501695,10.838707886667697
EFT:-4.76478046176347,-8.045815156844462,-7.708439689911394,3.748646878824977,-6.622739700372347,4.25434158583306,-17.999874400269952,-11.72006329262698,8.891891401501697,10.838707886667697
Random404
Raw:-4.764780461763468,-8.045815156844462,-7.708439689911392,3.748646878824977,-6.6227397003723505,4.254341585833063,-17.99987440026995,-11.72006329262698,8.891891401501697,10.838707886667693
EFT:-4.76478046176347,-8.045815156844462,-7.708439689911394,3.748646878824977,-6.622739700372347,4.25434158583306,-17.999874400269952,-11.72006329262698,8.891891401501697,10.838707886667697
Random405
Raw:-4.764780461763467,-8.045815156844462,-7.708439689911396,3.7486468788249736,-6.6227397003723345,4.254341585833059,-17.99987440026995,-11.720063292626977,8.891891401501699,10.8387078866677
EFT:-4.76478046176347,-8.045815156844462,-7.708439689911394,3.748646878824977,-6.622739700372347,4.25434158583306,-17.999874400269952,-11.72006329262698,8.891891401501697,10.838707886667697
Random406
Raw:-4.764780461763477,-8.04581515684447,-7.708439689911406,3.7486468788249803,-6.622739700372348,4.2543415858330675,-17.99987440026996,-11.720063292626985,8.891891401501697,10.838707886667702
EFT:-4.76478046176347,-8.045815156844462,-7.708439689911395,3.7486468788249763,-6.622739700372345,4.254341585833061,-17.999874400269952,-11.720063292626978,8.891891401501697,10.838707886667697
Random407
Raw:-4.764780461763472,-8.045815156844466,-7.708439689911398,3.7486468788249767,-6.622739700372349,4.254341585833068,-17.99987440026995,-11.720063292626982,8.891891401501699,10.838707886667697
EFT:-4.76478046176347,-8.045815156844462,-7.708439689911394,3.748646878824977,-6.622739700372347,4.25434158583306,-17.999874400269952,-11.72006329262698,8.891891401501697,10.838707886667697
Random408
Raw:-4.7647804617634675,-8.045815156844464,-7.708439689911396,3.74864687882498,-6.622739700372349,4.254341585833063,-17.999874400269956,-11.720063292626982,8.891891401501699,10.838707886667704
EFT:-4.76478046176347,-8.045815156844464,-7.708439689911394,3.7486468788249776,-6.622739700372347,4.254341585833061,-17.999874400269952,-11.72006329262698,8.891891401501697,10.838707886667699
Random409
Raw:-4.764780461763465,-8.04581515684446,-7.708439689911392,3.7486468788249754,-6.6227397003723425,4.254341585833057,-17.99987440026995,-11.720063292626975,8.891891401501692,10.838707886667699
EFT:-4.76478046176347,-8.045815156844462,-7.708439689911394,3.748646878824977,-6.622739700372347,4.25434158583306,-17.999874400269952,-11.72006329262698,8.891891401501697,10.838707886667697
Random410
Raw:-4.7647804617634675,-8.045815156844464,-7.708439689911388,3.7486468788249767,-6.622739700372349,4.254341585833056,-17.99987440026995,-11.72006329262698,8.891891401501699,10.838707886667695
EFT:-4.76478046176347,-8.045815156844462,-7.708439689911394,3.7486468788249776,-6.622739700372347,4.25434158583306,-17.999874400269952,-11.72006329262698,8.891891401501697,10.838707886667697
Random411
Raw:-4.764780461763469,-8.045815156844464,-7.7084396899113985,3.748646878824976,-6.622739700372339,4.254341585833059,-17.999874400269942,-11.720063292626984,8.891891401501699,10.838707886667699
EFT:-4.76478046176347,-8.045815156844462,-7.708439689911394,3.748646878824977,-6.622739700372347,4.25434158583306,-17.999874400269952,-11.72006329262698,8.891891401501697,10.838707886667697
Random412
Raw:-4.764780461763468,-8.045815156844466,-7.708439689911398,3.7486468788249794,-6.6227397003723505,4.254341585833063,-17.99987440026996,-11.720063292626985,8.891891401501699,10.838707886667702
EFT:-4.76478046176347,-8.045815156844462,-7.708439689911394,3.748646878824977,-6.622739700372347,4.25434158583306,-17.999874400269952,-11.72006329262698,8.891891401501697,10.838707886667697
Random413
Raw:-4.764780461763469,-8.045815156844462,-7.708439689911394,3.748646878824977,-6.622739700372345,4.2543415858330675,-17.999874400269952,-11.72006329262698,8.891891401501693,10.8387078866677
EFT:-4.76478046176347,-8.045815156844462,-7.708439689911395,3.7486468788249763,-6.622739700372345,4.254341585833061,-17.999874400269952,-11.720063292626978,8.891891401501697,10.838707886667697
Random414
Raw:-4.764780461763475,-8.045815156844462,-7.7084396899114,3.7486468788249767,-6.6227397003723425,4.2543415858330675,-17.99987440026995,-11.720063292626978,8.891891401501695,10.838707886667699
EFT:-4.76478046176347,-8.045815156844462,-7.708439689911394,3.748646878824977,-6.622739700372347,4.25434158583306,-17.999874400269952,-11.72006329262698,8.891891401501697,10.838707886667697
Random415
Raw:-4.764780461763468,-8.04581515684446,-7.708439689911392,3.7486468788249754,-6.622739700372341,4.254341585833059,-17.99987440026995,-11.720063292626984,8.891891401501697,10.838707886667692
EFT:-4.76478046176347,-8.045815156844462,-7.708439689911394,3.7486468788249776,-6.622739700372347,4.25434158583306,-17.999874400269952,-11.72006329262698,8.891891401501697,10.838707886667699
Random416
Raw:-4.764780461763471,-8.04581515684447,-7.708439689911397,3.748646878824978,-6.622739700372344,4.25434158583306,-17.999874400269952,-11.720063292626985,8.891891401501699,10.838707886667699
EFT:-4.76478046176347,-8.045815156844462,-7.708439689911394,3.7486468788249776,-6.622739700372347,4.25434158583306,-17.999874400269952,-11.72006329262698,8.891891401501697,10.838707886667697
Random417
Raw:-4.764780461763472,-8.04581515684447,-7.708439689911399,3.7486468788249776,-6.622739700372341,4.254341585833063,-17.999874400269956,-11.72006329262698,8.891891401501697,10.838707886667702
EFT:-4.76478046176347,-8.045815156844462,-7.708439689911394,3.748646878824977,-6.622739700372347,4.25434158583306,-17.999874400269952,-11.72006329262698,8.891891401501697,10.838707886667697
Random418
Raw:-4.764780461763471,-8.045815156844467,-7.708439689911396,3.7486468788249763,-6.622739700372343,4.254341585833063,-17.999874400269952,-11.720063292626987,8.891891401501697,10.838707886667697
EFT:-4.76478046176347,-8.045815156844462,-7.708439689911395,3.7486468788249767,-6.622739700372345,4.254341585833061,-17.999874400269952,-11.720063292626978,8.891891401501697,10.838707886667697
Random419
Raw:-4.764780461763471,-8.045815156844464,-7.708439689911395,3.748646878824976,-6.622739700372342,4.2543415858330675,-17.999874400269952,-11.720063292626984,8.891891401501699,10.8387078866677
EFT:-4.76478046176347,-8.045815156844462,-7.708439689911395,3.7486468788249767,-6.622739700372345,4.254341585833061,-17.999874400269952,-11.72006329262698,8.891891401501697,10.838707886667699
Random420
Raw:-4.764780461763468,-8.045815156844466,-7.708439689911396,3.748646878824978,-6.622739700372348,4.254341585833061,-17.999874400269945,-11.720063292626984,8.891891401501695,10.838707886667699
EFT:-4.76478046176347,-8.045815156844462,-7.708439689911395,3.7486468788249767,-6.622739700372345,4.254341585833061,-17.999874400269952,-11.72006329262698,8.891891401501697,10.838707886667697
Random421
Raw:-4.764780461763469,-8.04581515684446,-7.708439689911397,3.7486468788249767,-6.622739700372346,4.254341585833065,-17.99987440026995,-11.720063292626985,8.891891401501695,10.838707886667697
EFT:-4.76478046176347,-8.045815156844462,-7.708439689911394,3.7486468788249776,-6.622739700372347,4.25434158583306,-17.999874400269952,-11.72006329262698,8.891891401501697,10.838707886667697
Random422
Raw:-4.764780461763473,-8.045815156844462,-7.708439689911401,3.748646878824976,-6.622739700372342,4.254341585833067,-17.999874400269952,-11.720063292626982,8.891891401501695,10.838707886667699
EFT:-4.764780461763469,-8.045815156844462,-7.708439689911395,3.7486468788249767,-6.622739700372346,4.254341585833061,-17.999874400269952,-11.72006329262698,8.891891401501697,10.838707886667699
Random423
Raw:-4.7647804617634675,-8.045815156844466,-7.708439689911394,3.748646878824975,-6.622739700372351,4.25434158583306,-17.99987440026995,-11.720063292626982,8.891891401501697,10.8387078866677
EFT:-4.76478046176347,-8.045815156844462,-7.708439689911394,3.748646878824977,-6.622739700372347,4.25434158583306,-17.999874400269952,-11.72006329262698,8.891891401501697,10.838707886667697
Random424
Raw:-4.764780461763469,-8.045815156844464,-7.7084396899113985,3.748646878824977,-6.622739700372342,4.254341585833063,-17.999874400269956,-11.720063292626982,8.891891401501693,10.8387078866677
EFT:-4.76478046176347,-8.045815156844462,-7.708439689911395,3.7486468788249767,-6.622739700372345,4.254341585833061,-17.999874400269952,-11.72006329262698,8.891891401501697,10.838707886667699
Random425
Raw:-4.764780461763471,-8.045815156844464,-7.708439689911396,3.7486468788249776,-6.622739700372348,4.2543415858330595,-17.999874400269956,-11.72006329262698,8.8918914015017,10.838707886667699
EFT:-4.76478046176347,-8.045815156844462,-7.708439689911395,3.7486468788249763,-6.622739700372345,4.254341585833061,-17.999874400269952,-11.72006329262698,8.891891401501697,10.838707886667697
Random426
Raw:-4.76478046176347,-8.045815156844464,-7.708439689911396,3.7486468788249767,-6.6227397003723425,4.25434158583306,-17.99987440026996,-11.720063292626984,8.891891401501699,10.838707886667697
EFT:-4.76478046176347,-8.045815156844462,-7.708439689911394,3.748646878824977,-6.622739700372347,4.25434158583306,-17.999874400269952,-11.72006329262698,8.891891401501697,10.838707886667697
Random427
Raw:-4.764780461763467,-8.045815156844464,-7.708439689911396,3.748646878824978,-6.622739700372342,4.2543415858330595,-17.99987440026995,-11.72006329262698,8.891891401501697,10.8387078866677
EFT:-4.76478046176347,-8.045815156844462,-7.708439689911395,3.7486468788249767,-6.622739700372345,4.254341585833061,-17.999874400269952,-11.72006329262698,8.891891401501697,10.838707886667697
Random428
Raw:-4.764780461763472,-8.045815156844467,-7.708439689911396,3.748646878824981,-6.622739700372352,4.25434158583306,-17.99987440026996,-11.720063292626985,8.891891401501697,10.838707886667699
EFT:-4.76478046176347,-8.045815156844462,-7.708439689911394,3.748646878824977,-6.622739700372347,4.25434158583306,-17.999874400269952,-11.72006329262698,8.891891401501697,10.838707886667697
Random429
Raw:-4.764780461763472,-8.045815156844467,-7.7084396899114,3.748646878824983,-6.622739700372351,4.254341585833066,-17.999874400269956,-11.720063292626984,8.891891401501692,10.8387078866677
EFT:-4.764780461763469,-8.045815156844462,-7.708439689911395,3.7486468788249767,-6.622739700372346,4.254341585833061,-17.999874400269952,-11.72006329262698,8.891891401501697,10.838707886667699
Random430
Raw:-4.7647804617634675,-8.04581515684446,-7.708439689911392,3.7486468788249754,-6.622739700372348,4.254341585833056,-17.999874400269945,-11.720063292626978,8.891891401501697,10.838707886667695
EFT:-4.76478046176347,-8.045815156844462,-7.708439689911394,3.748646878824977,-6.622739700372347,4.25434158583306,-17.999874400269952,-11.72006329262698,8.891891401501697,10.838707886667697
Random431
Raw:-4.764780461763471,-8.045815156844458,-7.708439689911398,3.748646878824975,-6.62273970037234,4.254341585833067,-17.999874400269952,-11.720063292626975,8.891891401501693,10.838707886667704
EFT:-4.76478046176347,-8.045815156844462,-7.708439689911394,3.748646878824977,-6.622739700372347,4.25434158583306,-17.999874400269952,-11.72006329262698,8.891891401501697,10.838707886667697
Random432
Raw:-4.764780461763468,-8.045815156844462,-7.7084396899113905,3.7486468788249767,-6.622739700372346,4.254341585833059,-17.999874400269945,-11.720063292626982,8.891891401501702,10.838707886667697
EFT:-4.764780461763469,-8.045815156844464,-7.708439689911395,3.7486468788249767,-6.622739700372346,4.254341585833061,-17.999874400269952,-11.72006329262698,8.891891401501697,10.838707886667699
Random433
Raw:-4.764780461763472,-8.045815156844466,-7.708439689911404,3.7486468788249767,-6.622739700372335,4.254341585833064,-17.999874400269956,-11.720063292626984,8.891891401501699,10.838707886667708
EFT:-4.76478046176347,-8.045815156844462,-7.708439689911394,3.748646878824977,-6.622739700372347,4.25434158583306,-17.999874400269952,-11.72006329262698,8.891891401501697,10.838707886667697
Random434
Raw:-4.764780461763471,-8.045815156844466,-7.7084396899113905,3.7486468788249754,-6.622739700372346,4.254341585833063,-17.99987440026995,-11.720063292626982,8.891891401501695,10.838707886667695
EFT:-4.76478046176347,-8.045815156844462,-7.708439689911395,3.7486468788249767,-6.622739700372345,4.254341585833061,-17.999874400269952,-11.72006329262698,8.891891401501697,10.838707886667697
Random435
Raw:-4.764780461763468,-8.045815156844462,-7.708439689911395,3.7486468788249754,-6.622739700372344,4.2543415858330675,-17.999874400269956,-11.720063292626982,8.891891401501693,10.838707886667697
EFT:-4.76478046176347,-8.045815156844462,-7.708439689911395,3.7486468788249767,-6.622739700372345,4.254341585833061,-17.999874400269952,-11.720063292626978,8.891891401501697,10.838707886667697
Random436
Raw:-4.764780461763472,-8.045815156844466,-7.7084396899114,3.748646878824978,-6.622739700372349,4.254341585833061,-17.999874400269952,-11.720063292626982,8.8918914015017,10.838707886667702
EFT:-4.76478046176347,-8.045815156844462,-7.708439689911394,3.748646878824977,-6.622739700372347,4.25434158583306,-17.999874400269952,-11.72006329262698,8.891891401501697,10.838707886667697
Random437
Raw:-4.764780461763468,-8.045815156844464,-7.708439689911396,3.7486468788249754,-6.62273970037235,4.254341585833062,-17.999874400269945,-11.720063292626982,8.8918914015017,10.838707886667697
EFT:-4.764780461763469,-8.045815156844462,-7.708439689911395,3.7486468788249767,-6.622739700372346,4.254341585833061,-17.999874400269952,-11.72006329262698,8.891891401501697,10.838707886667699
Random438
Raw:-4.764780461763472,-8.045815156844462,-7.708439689911395,3.748646878824979,-6.622739700372348,4.25434158583306,-17.999874400269952,-11.720063292626985,8.891891401501695,10.838707886667693
EFT:-4.76478046176347,-8.045815156844462,-7.708439689911394,3.748646878824977,-6.622739700372347,4.25434158583306,-17.999874400269952,-11.72006329262698,8.891891401501697,10.838707886667697
Random439
Raw:-4.764780461763472,-8.045815156844464,-7.708439689911395,3.748646878824976,-6.622739700372348,4.254341585833061,-17.99987440026995,-11.720063292626985,8.891891401501695,10.838707886667697
EFT:-4.764780461763469,-8.045815156844462,-7.708439689911395,3.7486468788249767,-6.622739700372346,4.254341585833061,-17.999874400269952,-11.72006329262698,8.891891401501697,10.838707886667699
Random440
Raw:-4.764780461763469,-8.045815156844467,-7.708439689911392,3.748646878824981,-6.6227397003723505,4.254341585833057,-17.999874400269956,-11.720063292626982,8.8918914015017,10.838707886667695
EFT:-4.76478046176347,-8.045815156844462,-7.708439689911395,3.7486468788249763,-6.622739700372345,4.254341585833061,-17.999874400269952,-11.720063292626978,8.891891401501697,10.838707886667697
Random441
Raw:-4.764780461763471,-8.04581515684447,-7.708439689911397,3.74864687882498,-6.622739700372345,4.254341585833058,-17.999874400269952,-11.720063292626984,8.891891401501697,10.838707886667697
EFT:-4.76478046176347,-8.045815156844462,-7.708439689911394,3.7486468788249776,-6.622739700372347,4.25434158583306,-17.999874400269952,-11.72006329262698,8.891891401501697,10.838707886667699
Random442
Raw:-4.764780461763469,-8.045815156844466,-7.708439689911399,3.748646878824979,-6.622739700372346,4.254341585833063,-17.999874400269952,-11.720063292626987,8.8918914015017,10.838707886667697
EFT:-4.764780461763469,-8.045815156844464,-7.708439689911395,3.748646878824977,-6.622739700372346,4.254341585833061,-17.999874400269952,-11.72006329262698,8.891891401501697,10.838707886667699
Random443
Raw:-4.76478046176347,-8.045815156844462,-7.708439689911398,3.7486468788249763,-6.622739700372342,4.254341585833061,-17.999874400269952,-11.720063292626978,8.891891401501693,10.8387078866677
EFT:-4.76478046176347,-8.045815156844462,-7.708439689911395,3.7486468788249767,-6.622739700372345,4.254341585833061,-17.999874400269952,-11.72006329262698,8.891891401501697,10.838707886667699
Random444
Raw:-4.764780461763475,-8.045815156844466,-7.708439689911397,3.748646878824978,-6.622739700372346,4.254341585833063,-17.99987440026996,-11.720063292626982,8.891891401501699,10.838707886667702
EFT:-4.76478046176347,-8.045815156844462,-7.708439689911394,3.748646878824977,-6.622739700372347,4.25434158583306,-17.999874400269952,-11.72006329262698,8.891891401501697,10.838707886667697
Random445
Raw:-4.764780461763467,-8.045815156844464,-7.708439689911396,3.7486468788249754,-6.622739700372342,4.254341585833063,-17.999874400269945,-11.72006329262698,8.891891401501697,10.8387078866677
EFT:-4.76478046176347,-8.045815156844462,-7.708439689911394,3.748646878824977,-6.622739700372347,4.25434158583306,-17.999874400269952,-11.72006329262698,8.891891401501697,10.838707886667697
Random446
Raw:-4.764780461763471,-8.045815156844462,-7.708439689911398,3.7486468788249776,-6.6227397003723505,4.254341585833065,-17.999874400269952,-11.720063292626985,8.891891401501697,10.838707886667697
EFT:-4.76478046176347,-8.045815156844462,-7.708439689911394,3.748646878824977,-6.622739700372347,4.25434158583306,-17.999874400269952,-11.72006329262698,8.891891401501697,10.838707886667697
Random447
Raw:-4.764780461763469,-8.045815156844464,-7.708439689911395,3.7486468788249785,-6.622739700372347,4.254341585833063,-17.999874400269952,-11.720063292626982,8.891891401501695,10.838707886667695
EFT:-4.76478046176347,-8.045815156844462,-7.708439689911395,3.7486468788249767,-6.622739700372345,4.254341585833061,-17.999874400269952,-11.720063292626978,8.891891401501697,10.838707886667697
Random448
Raw:-4.764780461763469,-8.045815156844466,-7.708439689911394,3.7486468788249745,-6.622739700372342,4.254341585833059,-17.999874400269945,-11.720063292626977,8.891891401501697,10.838707886667699
EFT:-4.76478046176347,-8.045815156844462,-7.708439689911395,3.7486468788249763,-6.622739700372345,4.254341585833061,-17.999874400269952,-11.720063292626978,8.891891401501697,10.838707886667697
Random449
Raw:-4.764780461763474,-8.04581515684446,-7.708439689911394,3.7486468788249776,-6.622739700372346,4.254341585833064,-17.99987440026996,-11.720063292626982,8.891891401501695,10.838707886667704
EFT:-4.76478046176347,-8.045815156844462,-7.708439689911395,3.7486468788249767,-6.622739700372345,4.254341585833061,-17.999874400269952,-11.72006329262698,8.891891401501697,10.838707886667697
Random450
Raw:-4.764780461763477,-8.045815156844464,-7.708439689911402,3.7486468788249816,-6.6227397003723505,4.254341585833067,-17.999874400269952,-11.72006329262698,8.891891401501692,10.838707886667697
EFT:-4.764780461763469,-8.045815156844464,-7.708439689911395,3.7486468788249767,-6.622739700372346,4.254341585833061,-17.999874400269952,-11.72006329262698,8.891891401501697,10.838707886667699
Random451
Raw:-4.764780461763472,-8.045815156844462,-7.708439689911396,3.7486468788249794,-6.622739700372345,4.254341585833058,-17.999874400269956,-11.720063292626984,8.891891401501695,10.838707886667697
EFT:-4.76478046176347,-8.045815156844462,-7.708439689911395,3.7486468788249767,-6.622739700372345,4.254341585833061,-17.999874400269952,-11.720063292626978,8.891891401501697,10.838707886667697
Random452
Raw:-4.764780461763471,-8.04581515684446,-7.708439689911399,3.7486468788249763,-6.622739700372343,4.254341585833063,-17.99987440026995,-11.720063292626982,8.891891401501697,10.838707886667697
EFT:-4.76478046176347,-8.045815156844462,-7.708439689911394,3.748646878824977,-6.622739700372347,4.25434158583306,-17.999874400269952,-11.72006329262698,8.891891401501697,10.838707886667697
Random453
Raw:-4.764780461763463,-8.045815156844466,-7.708439689911393,3.7486468788249754,-6.622739700372341,4.254341585833061,-17.999874400269942,-11.72006329262698,8.891891401501697,10.8387078866677
EFT:-4.76478046176347,-8.045815156844462,-7.708439689911395,3.7486468788249767,-6.622739700372345,4.254341585833061,-17.999874400269952,-11.72006329262698,8.891891401501697,10.838707886667699
Random454
Raw:-4.764780461763466,-8.04581515684447,-7.708439689911401,3.748646878824977,-6.62273970037234,4.2543415858330595,-17.99987440026995,-11.720063292626984,8.891891401501699,10.838707886667702
EFT:-4.76478046176347,-8.045815156844462,-7.708439689911395,3.7486468788249767,-6.622739700372345,4.254341585833061,-17.999874400269952,-11.72006329262698,8.891891401501697,10.838707886667699
Random455
Raw:-4.764780461763468,-8.045815156844464,-7.708439689911395,3.7486468788249776,-6.622739700372342,4.254341585833059,-17.999874400269942,-11.720063292626982,8.891891401501693,10.838707886667695
EFT:-4.76478046176347,-8.045815156844462,-7.708439689911394,3.748646878824977,-6.622739700372347,4.25434158583306,-17.999874400269952,-11.72006329262698,8.891891401501697,10.838707886667697
Random456
Raw:-4.764780461763467,-8.045815156844462,-7.708439689911393,3.748646878824974,-6.622739700372344,4.254341585833063,-17.999874400269942,-11.720063292626978,8.891891401501699,10.8387078866677
EFT:-4.76478046176347,-8.045815156844462,-7.708439689911394,3.748646878824977,-6.622739700372347,4.25434158583306,-17.999874400269952,-11.72006329262698,8.891891401501697,10.838707886667697
Random457
Raw:-4.764780461763468,-8.045815156844462,-7.708439689911396,3.7486468788249767,-6.622739700372344,4.254341585833063,-17.999874400269956,-11.72006329262698,8.8918914015017,10.838707886667697
EFT:-4.76478046176347,-8.045815156844462,-7.708439689911395,3.7486468788249767,-6.622739700372345,4.254341585833061,-17.999874400269952,-11.72006329262698,8.891891401501697,10.838707886667697
Random458
Raw:-4.76478046176347,-8.045815156844462,-7.708439689911394,3.7486468788249763,-6.622739700372346,4.25434158583306,-17.99987440026995,-11.720063292626982,8.891891401501697,10.838707886667699
EFT:-4.76478046176347,-8.045815156844462,-7.708439689911395,3.7486468788249767,-6.622739700372345,4.254341585833061,-17.999874400269952,-11.720063292626978,8.891891401501697,10.838707886667697
Random459
Raw:-4.764780461763467,-8.045815156844464,-7.708439689911392,3.748646878824975,-6.622739700372346,4.254341585833062,-17.999874400269956,-11.72006329262698,8.891891401501699,10.8387078866677
EFT:-4.76478046176347,-8.045815156844462,-7.708439689911395,3.7486468788249767,-6.622739700372345,4.254341585833061,-17.999874400269952,-11.720063292626978,8.891891401501697,10.838707886667697
Random460
Raw:-4.764780461763468,-8.045815156844466,-7.70843968991139,3.748646878824977,-6.622739700372354,4.254341585833059,-17.99987440026995,-11.720063292626984,8.891891401501697,10.838707886667695
EFT:-4.76478046176347,-8.045815156844462,-7.708439689911394,3.748646878824977,-6.622739700372347,4.25434158583306,-17.999874400269952,-11.72006329262698,8.891891401501697,10.838707886667697
Random461
Raw:-4.76478046176347,-8.045815156844462,-7.708439689911398,3.748646878824978,-6.622739700372347,4.254341585833063,-17.999874400269952,-11.72006329262698,8.89189140150169,10.838707886667702
EFT:-4.76478046176347,-8.045815156844462,-7.708439689911394,3.7486468788249776,-6.622739700372347,4.25434158583306,-17.999874400269952,-11.72006329262698,8.891891401501697,10.838707886667699
Random462
Raw:-4.764780461763466,-8.045815156844464,-7.708439689911398,3.748646878824975,-6.622739700372345,4.254341585833062,-17.999874400269956,-11.720063292626982,8.891891401501693,10.838707886667704
EFT:-4.76478046176347,-8.045815156844462,-7.708439689911394,3.748646878824977,-6.622739700372347,4.25434158583306,-17.999874400269952,-11.72006329262698,8.891891401501697,10.838707886667697
Random463
Raw:-4.76478046176347,-8.045815156844466,-7.708439689911393,3.7486468788249807,-6.622739700372347,4.254341585833054,-17.999874400269952,-11.720063292626985,8.8918914015017,10.838707886667695
EFT:-4.76478046176347,-8.045815156844462,-7.708439689911395,3.7486468788249763,-6.622739700372345,4.254341585833061,-17.999874400269952,-11.720063292626978,8.891891401501697,10.838707886667697
Random464
Raw:-4.764780461763467,-8.04581515684446,-7.708439689911393,3.748646878824978,-6.622739700372353,4.25434158583306,-17.999874400269952,-11.720063292626984,8.891891401501697,10.838707886667695
EFT:-4.76478046176347,-8.045815156844462,-7.708439689911395,3.7486468788249767,-6.622739700372345,4.254341585833061,-17.999874400269952,-11.72006329262698,8.891891401501697,10.838707886667697
Random465
Raw:-4.764780461763468,-8.045815156844467,-7.708439689911397,3.748646878824977,-6.622739700372342,4.254341585833055,-17.999874400269956,-11.72006329262698,8.891891401501695,10.8387078866677
EFT:-4.76478046176347,-8.045815156844462,-7.708439689911395,3.7486468788249763,-6.622739700372345,4.254341585833061,-17.999874400269952,-11.720063292626978,8.891891401501697,10.838707886667697
Random466
Raw:-4.7647804617634675,-8.045815156844466,-7.708439689911396,3.7486468788249776,-6.622739700372347,4.2543415858330595,-17.999874400269956,-11.72006329262698,8.891891401501699,10.8387078866677
EFT:-4.76478046176347,-8.045815156844462,-7.708439689911394,3.748646878824977,-6.622739700372347,4.25434158583306,-17.999874400269952,-11.72006329262698,8.891891401501697,10.838707886667697
Random467
Raw:-4.764780461763468,-8.045815156844464,-7.708439689911397,3.748646878824978,-6.62273970037234,4.254341585833059,-17.999874400269952,-11.720063292626982,8.891891401501697,10.838707886667702
EFT:-4.76478046176347,-8.045815156844462,-7.708439689911394,3.7486468788249776,-6.622739700372347,4.25434158583306,-17.999874400269952,-11.72006329262698,8.891891401501697,10.838707886667699
Random468
Raw:-4.764780461763471,-8.045815156844464,-7.708439689911392,3.748646878824977,-6.62273970037235,4.254341585833063,-17.999874400269952,-11.720063292626984,8.891891401501695,10.838707886667693
EFT:-4.76478046176347,-8.045815156844462,-7.708439689911395,3.7486468788249767,-6.622739700372345,4.254341585833061,-17.999874400269952,-11.72006329262698,8.891891401501697,10.838707886667699
Random469
Raw:-4.7647804617634755,-8.045815156844462,-7.708439689911402,3.7486468788249776,-6.622739700372345,4.254341585833068,-17.999874400269952,-11.720063292626984,8.891891401501692,10.8387078866677
EFT:-4.76478046176347,-8.045815156844462,-7.708439689911394,3.748646878824977,-6.622739700372347,4.25434158583306,-17.999874400269952,-11.72006329262698,8.891891401501697,10.838707886667697
Random470
Raw:-4.76478046176347,-8.045815156844464,-7.708439689911395,3.748646878824977,-6.622739700372348,4.254341585833062,-17.999874400269952,-11.72006329262698,8.891891401501695,10.838707886667699
EFT:-4.764780461763469,-8.045815156844464,-7.708439689911395,3.7486468788249767,-6.622739700372346,4.254341585833061,-17.999874400269952,-11.72006329262698,8.891891401501697,10.838707886667699
Random471
Raw:-4.764780461763465,-8.04581515684446,-7.70843968991139,3.748646878824974,-6.622739700372344,4.254341585833057,-17.999874400269956,-11.72006329262698,8.891891401501697,10.838707886667697
EFT:-4.76478046176347,-8.045815156844462,-7.708439689911394,3.7486468788249776,-6.622739700372347,4.25434158583306,-17.999874400269952,-11.72006329262698,8.891891401501697,10.838707886667699
Random472
Raw:-4.764780461763471,-8.045815156844464,-7.708439689911395,3.7486468788249803,-6.622739700372349,4.254341585833062,-17.999874400269956,-11.720063292626982,8.891891401501693,10.838707886667693
EFT:-4.76478046176347,-8.045815156844462,-7.708439689911394,3.748646878824977,-6.622739700372347,4.25434158583306,-17.999874400269952,-11.72006329262698,8.891891401501697,10.838707886667697
Random473
Raw:-4.764780461763473,-8.045815156844462,-7.708439689911395,3.7486468788249785,-6.622739700372346,4.25434158583306,-17.999874400269956,-11.72006329262698,8.891891401501697,10.838707886667695
EFT:-4.76478046176347,-8.045815156844462,-7.708439689911394,3.748646878824977,-6.622739700372347,4.25434158583306,-17.999874400269952,-11.72006329262698,8.891891401501697,10.838707886667697
Random474
Raw:-4.764780461763474,-8.045815156844462,-7.708439689911401,3.748646878824979,-6.622739700372344,4.254341585833064,-17.999874400269952,-11.72006329262698,8.891891401501688,10.838707886667699
EFT:-4.764780461763469,-8.045815156844464,-7.708439689911395,3.7486468788249767,-6.622739700372346,4.254341585833061,-17.999874400269952,-11.72006329262698,8.891891401501697,10.838707886667699
Random475
Raw:-4.7647804617634675,-8.045815156844462,-7.708439689911396,3.7486468788249763,-6.6227397003723425,4.254341585833058,-17.99987440026996,-11.72006329262698,8.891891401501697,10.838707886667699
EFT:-4.764780461763469,-8.045815156844462,-7.708439689911395,3.7486468788249767,-6.622739700372346,4.254341585833061,-17.999874400269952,-11.72006329262698,8.891891401501697,10.838707886667699
Random476
Raw:-4.764780461763467,-8.04581515684446,-7.708439689911391,3.7486468788249745,-6.622739700372343,4.254341585833059,-17.999874400269952,-11.720063292626978,8.891891401501692,10.838707886667699
EFT:-4.76478046176347,-8.045815156844462,-7.708439689911394,3.748646878824977,-6.622739700372347,4.25434158583306,-17.999874400269952,-11.72006329262698,8.891891401501697,10.838707886667697
Random477
Raw:-4.764780461763471,-8.04581515684446,-7.708439689911395,3.748646878824977,-6.622739700372345,4.254341585833065,-17.999874400269952,-11.720063292626978,8.891891401501693,10.838707886667697
EFT:-4.764780461763469,-8.045815156844464,-7.708439689911394,3.7486468788249767,-6.622739700372346,4.254341585833061,-17.999874400269952,-11.72006329262698,8.891891401501697,10.838707886667699
Random478
Raw:-4.76478046176347,-8.045815156844466,-7.7084396899113985,3.7486468788249745,-6.622739700372342,4.254341585833064,-17.99987440026995,-11.720063292626978,8.891891401501697,10.838707886667702
EFT:-4.76478046176347,-8.045815156844462,-7.708439689911395,3.7486468788249767,-6.622739700372345,4.254341585833061,-17.999874400269952,-11.72006329262698,8.891891401501697,10.838707886667699
Random479
Raw:-4.76478046176347,-8.045815156844464,-7.708439689911394,3.748646878824978,-6.622739700372353,4.254341585833062,-17.99987440026995,-11.72006329262698,8.8918914015017,10.838707886667693
EFT:-4.76478046176347,-8.045815156844462,-7.708439689911395,3.7486468788249767,-6.622739700372345,4.254341585833061,-17.999874400269952,-11.720063292626978,8.891891401501697,10.838707886667697
Random480
Raw:-4.764780461763469,-8.045815156844462,-7.708439689911393,3.748646878824975,-6.622739700372345,4.254341585833063,-17.999874400269945,-11.720063292626984,8.891891401501699,10.838707886667699
EFT:-4.76478046176347,-8.045815156844462,-7.708439689911394,3.7486468788249776,-6.622739700372347,4.25434158583306,-17.999874400269952,-11.72006329262698,8.891891401501697,10.838707886667699
Random481
Raw:-4.764780461763471,-8.045815156844467,-7.7084396899114,3.74864687882498,-6.622739700372345,4.25434158583306,-17.999874400269956,-11.720063292626985,8.891891401501697,10.838707886667704
EFT:-4.764780461763469,-8.045815156844462,-7.708439689911395,3.748646878824977,-6.622739700372346,4.254341585833061,-17.999874400269952,-11.72006329262698,8.891891401501697,10.838707886667699
Random482
Raw:-4.764780461763472,-8.045815156844466,-7.708439689911394,3.748646878824979,-6.62273970037235,4.254341585833062,-17.999874400269963,-11.720063292626982,8.891891401501695,10.838707886667699
EFT:-4.76478046176347,-8.045815156844462,-7.708439689911394,3.748646878824977,-6.622739700372347,4.25434158583306,-17.999874400269952,-11.72006329262698,8.891891401501697,10.838707886667697
Random483
Raw:-4.764780461763473,-8.045815156844462,-7.708439689911399,3.748646878824976,-6.622739700372341,4.25434158583306,-17.999874400269952,-11.720063292626982,8.891891401501697,10.838707886667702
EFT:-4.76478046176347,-8.045815156844462,-7.708439689911395,3.7486468788249767,-6.622739700372345,4.254341585833061,-17.999874400269952,-11.72006329262698,8.891891401501697,10.838707886667697
Random484
Raw:-4.764780461763474,-8.045815156844464,-7.708439689911393,3.7486468788249785,-6.622739700372353,4.254341585833062,-17.99987440026995,-11.720063292626985,8.8918914015017,10.838707886667695
EFT:-4.76478046176347,-8.045815156844462,-7.708439689911395,3.7486468788249763,-6.622739700372345,4.254341585833061,-17.999874400269952,-11.72006329262698,8.891891401501697,10.838707886667697
Random485
Raw:-4.764780461763469,-8.045815156844462,-7.708439689911394,3.748646878824977,-6.62273970037235,4.254341585833061,-17.999874400269952,-11.720063292626978,8.891891401501695,10.838707886667697
EFT:-4.76478046176347,-8.045815156844462,-7.708439689911394,3.748646878824977,-6.622739700372347,4.25434158583306,-17.999874400269952,-11.72006329262698,8.891891401501697,10.838707886667697
Random486
Raw:-4.764780461763473,-8.045815156844464,-7.708439689911395,3.7486468788249794,-6.622739700372349,4.254341585833061,-17.999874400269956,-11.720063292626984,8.891891401501702,10.838707886667699
EFT:-4.76478046176347,-8.045815156844462,-7.708439689911394,3.748646878824977,-6.622739700372347,4.25434158583306,-17.999874400269952,-11.72006329262698,8.891891401501697,10.838707886667697
Random487
Raw:-4.76478046176347,-8.045815156844458,-7.708439689911392,3.7486468788249754,-6.622739700372349,4.254341585833062,-17.999874400269945,-11.720063292626984,8.891891401501697,10.838707886667697
EFT:-4.76478046176347,-8.045815156844462,-7.708439689911394,3.748646878824977,-6.622739700372347,4.25434158583306,-17.999874400269952,-11.72006329262698,8.891891401501697,10.838707886667697
Random488
Raw:-4.764780461763473,-8.04581515684446,-7.708439689911392,3.748646878824978,-6.622739700372347,4.254341585833059,-17.999874400269956,-11.720063292626978,8.891891401501693,10.838707886667699
EFT:-4.76478046176347,-8.045815156844462,-7.708439689911395,3.7486468788249767,-6.622739700372345,4.254341585833061,-17.999874400269952,-11.72006329262698,8.891891401501697,10.838707886667697
Random489
Raw:-4.764780461763466,-8.045815156844462,-7.708439689911388,3.7486468788249754,-6.622739700372352,4.254341585833055,-17.999874400269945,-11.720063292626977,8.891891401501699,10.838707886667692
EFT:-4.76478046176347,-8.045815156844462,-7.708439689911394,3.748646878824977,-6.622739700372347,4.25434158583306,-17.999874400269952,-11.72006329262698,8.891891401501697,10.838707886667697
Random490
Raw:-4.76478046176347,-8.045815156844462,-7.708439689911397,3.748646878824977,-6.622739700372341,4.254341585833059,-17.999874400269952,-11.72006329262698,8.891891401501699,10.8387078866677
EFT:-4.76478046176347,-8.045815156844462,-7.708439689911395,3.7486468788249767,-6.622739700372345,4.254341585833061,-17.999874400269952,-11.720063292626978,8.891891401501697,10.838707886667697
Random491
Raw:-4.76478046176347,-8.045815156844462,-7.708439689911395,3.748646878824979,-6.622739700372353,4.25434158583306,-17.999874400269956,-11.720063292626987,8.891891401501693,10.838707886667697
EFT:-4.76478046176347,-8.045815156844462,-7.708439689911395,3.7486468788249767,-6.622739700372345,4.254341585833061,-17.999874400269952,-11.720063292626978,8.891891401501697,10.838707886667697
Random492
Raw:-4.764780461763466,-8.045815156844464,-7.708439689911395,3.748646878824978,-6.622739700372347,4.254341585833064,-17.99987440026996,-11.720063292626982,8.891891401501693,10.8387078866677
EFT:-4.76478046176347,-8.045815156844462,-7.708439689911394,3.748646878824977,-6.622739700372347,4.25434158583306,-17.999874400269952,-11.72006329262698,8.891891401501697,10.838707886667697
Random493
Raw:-4.76478046176347,-8.045815156844464,-7.708439689911398,3.748646878824979,-6.622739700372348,4.254341585833062,-17.99987440026996,-11.720063292626982,8.891891401501692,10.8387078866677
EFT:-4.76478046176347,-8.045815156844462,-7.708439689911394,3.748646878824977,-6.622739700372347,4.25434158583306,-17.999874400269952,-11.72006329262698,8.891891401501697,10.838707886667697
Random494
Raw:-4.764780461763471,-8.04581515684446,-7.7084396899113985,3.748646878824978,-6.622739700372345,4.254341585833063,-17.99987440026996,-11.720063292626984,8.891891401501692,10.8387078866677
EFT:-4.76478046176347,-8.045815156844462,-7.708439689911395,3.7486468788249767,-6.622739700372345,4.254341585833061,-17.999874400269952,-11.720063292626978,8.891891401501697,10.838707886667697
Random495
Raw:-4.764780461763469,-8.045815156844466,-7.708439689911395,3.748646878824976,-6.622739700372343,4.254341585833059,-17.999874400269956,-11.72006329262698,8.891891401501693,10.838707886667702
EFT:-4.76478046176347,-8.045815156844462,-7.708439689911394,3.7486468788249776,-6.622739700372347,4.25434158583306,-17.999874400269952,-11.72006329262698,8.891891401501697,10.838707886667699
Random496
Raw:-4.7647804617634675,-8.045815156844462,-7.708439689911394,3.7486468788249776,-6.622739700372343,4.254341585833059,-17.999874400269952,-11.720063292626982,8.891891401501697,10.838707886667697
EFT:-4.76478046176347,-8.045815156844462,-7.708439689911394,3.748646878824977,-6.622739700372347,4.25434158583306,-17.999874400269952,-11.72006329262698,8.891891401501697,10.838707886667697
Random497
Raw:-4.76478046176347,-8.045815156844464,-7.7084396899113985,3.748646878824977,-6.622739700372343,4.254341585833066,-17.999874400269952,-11.720063292626984,8.891891401501697,10.838707886667699
EFT:-4.76478046176347,-8.045815156844462,-7.708439689911394,3.7486468788249776,-6.622739700372347,4.25434158583306,-17.999874400269952,-11.72006329262698,8.891891401501697,10.838707886667697
Random498
Raw:-4.764780461763471,-8.045815156844464,-7.708439689911396,3.7486468788249785,-6.6227397003723425,4.254341585833062,-17.999874400269952,-11.720063292626977,8.891891401501695,10.838707886667699
EFT:-4.76478046176347,-8.045815156844462,-7.708439689911394,3.748646878824977,-6.622739700372347,4.25434158583306,-17.999874400269952,-11.72006329262698,8.891891401501697,10.838707886667699
Random499
Raw:-4.764780461763471,-8.045815156844466,-7.7084396899113985,3.7486468788249776,-6.622739700372343,4.254341585833058,-17.99987440026996,-11.720063292626982,8.891891401501695,10.8387078866677
EFT:-4.76478046176347,-8.045815156844462,-7.708439689911395,3.7486468788249767,-6.622739700372345,4.254341585833061,-17.999874400269952,-11.72006329262698,8.891891401501697,10.838707886667697
Random500
Raw:-4.764780461763467,-8.045815156844464,-7.708439689911393,3.7486468788249763,-6.622739700372348,4.254341585833062,-17.999874400269952,-11.720063292626984,8.8918914015017,10.838707886667697
EFT:-4.76478046176347,-8.045815156844462,-7.708439689911395,3.7486468788249767,-6.622739700372345,4.254341585833061,-17.999874400269952,-11.72006329262698,8.891891401501697,10.838707886667699
Random501
Raw:-4.764780461763472,-8.045815156844462,-7.7084396899113985,3.7486468788249767,-6.622739700372345,4.254341585833065,-17.999874400269952,-11.720063292626984,8.891891401501693,10.838707886667704
EFT:-4.76478046176347,-8.045815156844462,-7.708439689911394,3.748646878824977,-6.622739700372347,4.25434158583306,-17.999874400269952,-11.72006329262698,8.891891401501697,10.838707886667697
Random502
Raw:-4.764780461763475,-8.045815156844466,-7.708439689911396,3.748646878824979,-6.62273970037235,4.254341585833066,-17.999874400269956,-11.720063292626989,8.891891401501699,10.838707886667699
EFT:-4.76478046176347,-8.045815156844464,-7.708439689911395,3.7486468788249776,-6.622739700372347,4.254341585833061,-17.999874400269952,-11.72006329262698,8.891891401501697,10.838707886667699
Random503
Raw:-4.76478046176347,-8.04581515684446,-7.708439689911392,3.748646878824977,-6.6227397003723425,4.254341585833061,-17.999874400269956,-11.720063292626978,8.891891401501695,10.838707886667702
EFT:-4.76478046176347,-8.045815156844462,-7.708439689911394,3.748646878824977,-6.622739700372347,4.25434158583306,-17.999874400269952,-11.72006329262698,8.891891401501697,10.838707886667697
Random504
Raw:-4.764780461763467,-8.045815156844466,-7.708439689911393,3.748646878824979,-6.622739700372346,4.2543415858330595,-17.99987440026996,-11.720063292626984,8.891891401501699,10.838707886667699
EFT:-4.76478046176347,-8.045815156844462,-7.708439689911395,3.7486468788249767,-6.622739700372345,4.254341585833061,-17.999874400269952,-11.720063292626978,8.891891401501697,10.838707886667697
Random505
Raw:-4.764780461763472,-8.045815156844467,-7.708439689911395,3.7486468788249794,-6.622739700372349,4.254341585833059,-17.999874400269956,-11.720063292626982,8.8918914015017,10.838707886667695
EFT:-4.76478046176347,-8.045815156844462,-7.708439689911395,3.7486468788249763,-6.622739700372345,4.254341585833061,-17.999874400269952,-11.72006329262698,8.891891401501697,10.838707886667697
Random506
Raw:-4.7647804617634755,-8.045815156844464,-7.708439689911397,3.748646878824978,-6.622739700372344,4.254341585833067,-17.999874400269952,-11.720063292626982,8.891891401501695,10.8387078866677
EFT:-4.76478046176347,-8.045815156844462,-7.708439689911395,3.7486468788249767,-6.622739700372345,4.254341585833061,-17.999874400269952,-11.72006329262698,8.891891401501697,10.838707886667699
Random507
Raw:-4.764780461763467,-8.045815156844462,-7.708439689911394,3.748646878824976,-6.622739700372348,4.254341585833065,-17.999874400269952,-11.720063292626982,8.891891401501699,10.83870788666769
EFT:-4.76478046176347,-8.045815156844462,-7.708439689911394,3.748646878824977,-6.622739700372347,4.25434158583306,-17.999874400269952,-11.72006329262698,8.891891401501697,10.838707886667697
Random508
Raw:-4.764780461763472,-8.045815156844462,-7.708439689911394,3.7486468788249776,-6.622739700372345,4.254341585833059,-17.999874400269952,-11.720063292626982,8.891891401501697,10.838707886667697
EFT:-4.76478046176347,-8.045815156844462,-7.708439689911395,3.7486468788249767,-6.622739700372345,4.254341585833061,-17.999874400269952,-11.72006329262698,8.891891401501697,10.838707886667697
Random509
Raw:-4.764780461763469,-8.045815156844462,-7.708439689911402,3.7486468788249754,-6.622739700372341,4.254341585833066,-17.999874400269952,-11.720063292626978,8.891891401501697,10.838707886667699
EFT:-4.76478046176347,-8.045815156844462,-7.708439689911394,3.748646878824977,-6.622739700372347,4.25434158583306,-17.999874400269952,-11.72006329262698,8.891891401501697,10.838707886667697
Random510
Raw:-4.764780461763471,-8.045815156844466,-7.708439689911396,3.748646878824979,-6.622739700372344,4.25434158583306,-17.999874400269956,-11.720063292626984,8.891891401501695,10.838707886667699
EFT:-4.76478046176347,-8.045815156844462,-7.708439689911395,3.7486468788249767,-6.622739700372345,4.254341585833061,-17.999874400269952,-11.72006329262698,8.891891401501697,10.838707886667697
Random511
Raw:-4.764780461763472,-8.04581515684446,-7.708439689911398,3.7486468788249745,-6.622739700372344,4.254341585833063,-17.999874400269952,-11.720063292626984,8.891891401501699,10.838707886667702
EFT:-4.76478046176347,-8.045815156844462,-7.708439689911395,3.7486468788249767,-6.622739700372345,4.254341585833061,-17.999874400269952,-11.720063292626978,8.891891401501697,10.838707886667697
Random512
Raw:-4.764780461763472,-8.045815156844462,-7.708439689911398,3.7486468788249794,-6.622739700372343,4.254341585833067,-17.999874400269952,-11.720063292626984,8.891891401501693,10.8387078866677
EFT:-4.76478046176347,-8.045815156844462,-7.708439689911394,3.748646878824977,-6.622739700372347,4.25434158583306,-17.999874400269952,-11.72006329262698,8.891891401501697,10.838707886667697
Random513
Raw:-4.764780461763471,-8.045815156844466,-7.708439689911395,3.7486468788249763,-6.622739700372348,4.25434158583306,-17.99987440026995,-11.720063292626984,8.891891401501702,10.838707886667697
EFT:-4.76478046176347,-8.045815156844462,-7.708439689911394,3.748646878824977,-6.622739700372347,4.25434158583306,-17.999874400269952,-11.72006329262698,8.891891401501697,10.838707886667697
Random514
Raw:-4.764780461763466,-8.045815156844464,-7.708439689911397,3.748646878824977,-6.622739700372347,4.254341585833064,-17.999874400269945,-11.720063292626982,8.891891401501697,10.838707886667695
EFT:-4.76478046176347,-8.045815156844462,-7.708439689911394,3.748646878824977,-6.622739700372347,4.25434158583306,-17.999874400269952,-11.72006329262698,8.891891401501697,10.838707886667697
Random515
Raw:-4.764780461763474,-8.045815156844466,-7.7084396899113985,3.7486468788249803,-6.62273970037235,4.254341585833062,-17.99987440026995,-11.720063292626984,8.8918914015017,10.838707886667695
EFT:-4.76478046176347,-8.045815156844462,-7.708439689911395,3.7486468788249767,-6.622739700372345,4.254341585833061,-17.999874400269952,-11.72006329262698,8.891891401501697,10.838707886667697
Random516
Raw:-4.76478046176347,-8.045815156844462,-7.708439689911392,3.7486468788249776,-6.622739700372348,4.254341585833063,-17.999874400269945,-11.720063292626985,8.891891401501699,10.838707886667695
EFT:-4.76478046176347,-8.045815156844462,-7.708439689911394,3.748646878824977,-6.622739700372347,4.25434158583306,-17.999874400269952,-11.72006329262698,8.891891401501697,10.838707886667697
Random517
Raw:-4.764780461763472,-8.045815156844467,-7.7084396899113985,3.7486468788249803,-6.622739700372343,4.254341585833064,-17.999874400269952,-11.720063292626984,8.891891401501693,10.838707886667699
EFT:-4.76478046176347,-8.045815156844462,-7.708439689911395,3.7486468788249767,-6.622739700372345,4.254341585833061,-17.999874400269952,-11.720063292626978,8.891891401501697,10.838707886667697
Random518
Raw:-4.764780461763465,-8.045815156844466,-7.708439689911393,3.7486468788249763,-6.6227397003723505,4.25434158583306,-17.999874400269945,-11.72006329262698,8.891891401501699,10.8387078866677
EFT:-4.764780461763469,-8.045815156844462,-7.708439689911395,3.7486468788249767,-6.622739700372346,4.254341585833061,-17.999874400269952,-11.72006329262698,8.891891401501697,10.838707886667699
Random519
Raw:-4.764780461763473,-8.045815156844464,-7.708439689911399,3.748646878824977,-6.622739700372348,4.254341585833062,-17.999874400269952,-11.720063292626982,8.891891401501693,10.838707886667704
EFT:-4.76478046176347,-8.045815156844462,-7.708439689911395,3.7486468788249763,-6.622739700372345,4.254341585833061,-17.999874400269952,-11.720063292626978,8.891891401501697,10.838707886667697
Random520
Raw:-4.764780461763465,-8.045815156844458,-7.7084396899113905,3.748646878824975,-6.622739700372343,4.25434158583306,-17.999874400269945,-11.720063292626978,8.891891401501697,10.838707886667697
EFT:-4.76478046176347,-8.045815156844462,-7.708439689911394,3.748646878824977,-6.622739700372347,4.25434158583306,-17.999874400269952,-11.72006329262698,8.891891401501697,10.838707886667697
Random521
Raw:-4.764780461763465,-8.045815156844464,-7.7084396899113905,3.748646878824974,-6.622739700372343,4.254341585833058,-17.999874400269945,-11.720063292626984,8.891891401501704,10.8387078866677
EFT:-4.76478046176347,-8.045815156844462,-7.708439689911394,3.748646878824977,-6.622739700372347,4.25434158583306,-17.999874400269952,-11.72006329262698,8.891891401501697,10.838707886667697
Random522
Raw:-4.764780461763471,-8.045815156844464,-7.708439689911394,3.7486468788249803,-6.622739700372344,4.254341585833063,-17.999874400269952,-11.72006329262698,8.891891401501693,10.8387078866677
EFT:-4.76478046176347,-8.045815156844462,-7.708439689911395,3.7486468788249767,-6.622739700372345,4.254341585833061,-17.999874400269952,-11.72006329262698,8.891891401501697,10.838707886667699
Random523
Raw:-4.764780461763468,-8.045815156844464,-7.708439689911392,3.7486468788249776,-6.622739700372349,4.254341585833059,-17.999874400269956,-11.720063292626982,8.891891401501695,10.838707886667699
EFT:-4.76478046176347,-8.045815156844462,-7.708439689911395,3.7486468788249763,-6.622739700372345,4.254341585833061,-17.999874400269952,-11.720063292626978,8.891891401501697,10.838707886667697
Random524
Raw:-4.764780461763474,-8.045815156844462,-7.708439689911399,3.7486468788249785,-6.622739700372349,4.254341585833068,-17.999874400269956,-11.720063292626985,8.891891401501693,10.8387078866677
EFT:-4.76478046176347,-8.045815156844462,-7.708439689911394,3.748646878824977,-6.622739700372347,4.25434158583306,-17.999874400269952,-11.72006329262698,8.891891401501697,10.838707886667697
Random525
Raw:-4.764780461763468,-8.045815156844464,-7.7084396899113905,3.7486468788249754,-6.62273970037235,4.254341585833058,-17.999874400269952,-11.72006329262698,8.891891401501697,10.838707886667692
EFT:-4.76478046176347,-8.045815156844462,-7.708439689911394,3.748646878824977,-6.622739700372347,4.25434158583306,-17.999874400269952,-11.72006329262698,8.891891401501697,10.838707886667697
Random526
Raw:-4.764780461763469,-8.045815156844464,-7.708439689911392,3.7486468788249754,-6.622739700372349,4.2543415858330595,-17.99987440026995,-11.720063292626978,8.8918914015017,10.838707886667693
EFT:-4.76478046176347,-8.045815156844462,-7.708439689911395,3.7486468788249767,-6.622739700372345,4.254341585833061,-17.999874400269952,-11.72006329262698,8.891891401501697,10.838707886667699
Random527
Raw:-4.764780461763469,-8.045815156844464,-7.708439689911394,3.748646878824975,-6.622739700372343,4.2543415858330595,-17.999874400269952,-11.720063292626982,8.891891401501697,10.838707886667699
EFT:-4.76478046176347,-8.045815156844462,-7.708439689911394,3.748646878824977,-6.622739700372347,4.25434158583306,-17.999874400269952,-11.72006329262698,8.891891401501697,10.838707886667697
Random528
Raw:-4.764780461763467,-8.045815156844462,-7.708439689911387,3.748646878824975,-6.62273970037235,4.25434158583306,-17.999874400269942,-11.720063292626978,8.891891401501699,10.838707886667697
EFT:-4.76478046176347,-8.045815156844462,-7.708439689911394,3.748646878824977,-6.622739700372347,4.25434158583306,-17.999874400269952,-11.72006329262698,8.891891401501697,10.838707886667697
Random529
Raw:-4.764780461763467,-8.04581515684446,-7.70843968991139,3.7486468788249767,-6.622739700372349,4.254341585833058,-17.999874400269952,-11.720063292626984,8.891891401501704,10.838707886667693
EFT:-4.76478046176347,-8.045815156844462,-7.708439689911395,3.7486468788249767,-6.622739700372345,4.254341585833061,-17.999874400269952,-11.72006329262698,8.891891401501697,10.838707886667699
Random530
Raw:-4.764780461763466,-8.045815156844464,-7.708439689911396,3.7486468788249745,-6.622739700372338,4.254341585833056,-17.999874400269952,-11.720063292626984,8.8918914015017,10.838707886667704
EFT:-4.764780461763469,-8.045815156844464,-7.708439689911395,3.7486468788249767,-6.622739700372346,4.254341585833061,-17.999874400269952,-11.72006329262698,8.891891401501697,10.838707886667699
Random531
Raw:-4.764780461763469,-8.045815156844462,-7.708439689911397,3.748646878824976,-6.6227397003723425,4.254341585833062,-17.999874400269952,-11.72006329262698,8.891891401501693,10.838707886667699
EFT:-4.76478046176347,-8.045815156844462,-7.708439689911394,3.748646878824977,-6.622739700372347,4.25434158583306,-17.999874400269952,-11.72006329262698,8.891891401501697,10.838707886667697
Random532
Raw:-4.764780461763468,-8.045815156844464,-7.708439689911398,3.7486468788249754,-6.62273970037234,4.254341585833062,-17.999874400269952,-11.72006329262698,8.891891401501697,10.8387078866677
EFT:-4.76478046176347,-8.045815156844462,-7.708439689911395,3.7486468788249767,-6.622739700372345,4.254341585833061,-17.999874400269952,-11.720063292626978,8.891891401501697,10.838707886667697
Random533
Raw:-4.7647804617634755,-8.045815156844462,-7.708439689911396,3.748646878824979,-6.622739700372358,4.254341585833062,-17.999874400269952,-11.720063292626977,8.891891401501699,10.838707886667693
EFT:-4.76478046176347,-8.045815156844462,-7.708439689911394,3.748646878824977,-6.622739700372347,4.25434158583306,-17.999874400269952,-11.72006329262698,8.891891401501697,10.838707886667697
Random534
Raw:-4.76478046176347,-8.045815156844464,-7.708439689911403,3.7486468788249785,-6.622739700372342,4.254341585833063,-17.999874400269956,-11.72006329262698,8.891891401501693,10.838707886667697
EFT:-4.764780461763469,-8.045815156844462,-7.708439689911394,3.7486468788249767,-6.622739700372346,4.254341585833061,-17.999874400269952,-11.72006329262698,8.891891401501697,10.838707886667699
Random535
Raw:-4.764780461763473,-8.045815156844464,-7.708439689911398,3.74864687882498,-6.622739700372348,4.254341585833064,-17.999874400269945,-11.72006329262698,8.891891401501693,10.838707886667697
EFT:-4.76478046176347,-8.045815156844462,-7.708439689911394,3.748646878824977,-6.622739700372347,4.25434158583306,-17.999874400269952,-11.72006329262698,8.891891401501697,10.838707886667697
Random536
Raw:-4.764780461763472,-8.045815156844464,-7.708439689911398,3.74864687882498,-6.622739700372346,4.254341585833061,-17.999874400269956,-11.720063292626982,8.891891401501695,10.838707886667699
EFT:-4.764780461763469,-8.045815156844464,-7.708439689911394,3.7486468788249767,-6.622739700372346,4.254341585833061,-17.999874400269952,-11.72006329262698,8.891891401501697,10.838707886667699
Random537
Raw:-4.764780461763469,-8.045815156844462,-7.708439689911394,3.748646878824978,-6.622739700372346,4.254341585833058,-17.99987440026995,-11.72006329262698,8.891891401501692,10.838707886667697
EFT:-4.76478046176347,-8.045815156844462,-7.708439689911395,3.7486468788249763,-6.622739700372345,4.254341585833061,-17.999874400269952,-11.720063292626978,8.891891401501697,10.838707886667697
Random538
Raw:-4.76478046176347,-8.04581515684446,-7.708439689911389,3.7486468788249745,-6.622739700372343,4.254341585833054,-17.999874400269945,-11.720063292626982,8.891891401501702,10.8387078866677
EFT:-4.76478046176347,-8.045815156844462,-7.708439689911395,3.7486468788249767,-6.622739700372345,4.254341585833061,-17.999874400269952,-11.72006329262698,8.891891401501697,10.838707886667697
Random539
Raw:-4.76478046176347,-8.045815156844464,-7.708439689911399,3.7486468788249745,-6.622739700372338,4.254341585833061,-17.99987440026995,-11.720063292626982,8.891891401501697,10.8387078866677
EFT:-4.76478046176347,-8.045815156844462,-7.708439689911394,3.7486468788249776,-6.622739700372347,4.25434158583306,-17.999874400269952,-11.72006329262698,8.891891401501697,10.838707886667697
Random540
Raw:-4.764780461763469,-8.045815156844462,-7.708439689911395,3.7486468788249763,-6.622739700372344,4.25434158583306,-17.99987440026995,-11.720063292626978,8.891891401501699,10.838707886667699
EFT:-4.76478046176347,-8.045815156844462,-7.708439689911395,3.7486468788249763,-6.622739700372345,4.254341585833061,-17.999874400269952,-11.720063292626978,8.891891401501697,10.838707886667697
Random541
Raw:-4.764780461763467,-8.045815156844464,-7.708439689911391,3.7486468788249763,-6.622739700372352,4.25434158583306,-17.99987440026995,-11.72006329262698,8.891891401501699,10.838707886667692
EFT:-4.76478046176347,-8.045815156844462,-7.708439689911395,3.7486468788249763,-6.622739700372345,4.254341585833061,-17.999874400269952,-11.72006329262698,8.891891401501697,10.838707886667697
Random542
Raw:-4.76478046176347,-8.045815156844467,-7.708439689911397,3.7486468788249767,-6.62273970037234,4.2543415858330675,-17.999874400269945,-11.720063292626985,8.891891401501699,10.8387078866677
EFT:-4.76478046176347,-8.045815156844462,-7.708439689911395,3.7486468788249767,-6.622739700372345,4.254341585833061,-17.999874400269952,-11.72006329262698,8.891891401501697,10.838707886667697
Random543
Raw:-4.764780461763465,-8.045815156844466,-7.708439689911392,3.7486468788249763,-6.622739700372341,4.254341585833056,-17.999874400269945,-11.720063292626982,8.891891401501699,10.838707886667699
EFT:-4.764780461763469,-8.045815156844464,-7.708439689911394,3.7486468788249767,-6.622739700372346,4.254341585833061,-17.999874400269952,-11.72006329262698,8.891891401501697,10.838707886667699
Random544
Raw:-4.764780461763476,-8.045815156844466,-7.708439689911408,3.748646878824985,-6.622739700372345,4.254341585833066,-17.999874400269956,-11.720063292626985,8.891891401501692,10.8387078866677
EFT:-4.76478046176347,-8.045815156844462,-7.708439689911394,3.748646878824977,-6.622739700372347,4.25434158583306,-17.999874400269952,-11.72006329262698,8.891891401501697,10.838707886667697
Random545
Raw:-4.764780461763469,-8.045815156844462,-7.708439689911394,3.748646878824977,-6.622739700372348,4.254341585833057,-17.99987440026996,-11.72006329262698,8.891891401501693,10.838707886667702
EFT:-4.76478046176347,-8.045815156844462,-7.708439689911394,3.748646878824977,-6.622739700372347,4.25434158583306,-17.999874400269952,-11.72006329262698,8.891891401501697,10.838707886667697
Random546
Raw:-4.764780461763468,-8.045815156844464,-7.708439689911392,3.7486468788249776,-6.622739700372345,4.254341585833052,-17.999874400269952,-11.72006329262698,8.891891401501697,10.838707886667697
EFT:-4.76478046176347,-8.045815156844464,-7.708439689911394,3.7486468788249776,-6.622739700372347,4.254341585833061,-17.999874400269952,-11.72006329262698,8.891891401501697,10.838707886667699
Random547
Raw:-4.764780461763472,-8.045815156844467,-7.708439689911397,3.7486468788249803,-6.622739700372346,4.254341585833059,-17.999874400269956,-11.720063292626982,8.891891401501697,10.8387078866677
EFT:-4.76478046176347,-8.045815156844462,-7.708439689911394,3.748646878824977,-6.622739700372347,4.25434158583306,-17.999874400269952,-11.72006329262698,8.891891401501697,10.838707886667697
Random548
Raw:-4.764780461763473,-8.045815156844464,-7.708439689911394,3.748646878824975,-6.622739700372348,4.254341585833063,-17.999874400269942,-11.720063292626987,8.891891401501704,10.838707886667695
EFT:-4.764780461763469,-8.045815156844462,-7.708439689911395,3.7486468788249767,-6.622739700372346,4.254341585833061,-17.999874400269952,-11.72006329262698,8.891891401501697,10.838707886667699
Random549
Raw:-4.764780461763473,-8.045815156844466,-7.708439689911404,3.7486468788249803,-6.622739700372341,4.254341585833061,-17.999874400269956,-11.72006329262698,8.891891401501697,10.838707886667699
EFT:-4.76478046176347,-8.045815156844462,-7.708439689911394,3.7486468788249776,-6.622739700372347,4.25434158583306,-17.999874400269952,-11.72006329262698,8.891891401501697,10.838707886667697
Random550
Raw:-4.764780461763469,-8.045815156844464,-7.708439689911396,3.748646878824979,-6.622739700372342,4.254341585833061,-17.999874400269952,-11.720063292626978,8.891891401501692,10.838707886667699
EFT:-4.76478046176347,-8.045815156844462,-7.708439689911395,3.7486468788249767,-6.622739700372345,4.254341585833061,-17.999874400269952,-11.720063292626978,8.891891401501697,10.838707886667697
Random551
Raw:-4.764780461763474,-8.045815156844462,-7.708439689911398,3.7486468788249763,-6.622739700372345,4.254341585833058,-17.999874400269952,-11.720063292626984,8.891891401501697,10.8387078866677
EFT:-4.76478046176347,-8.045815156844462,-7.708439689911395,3.7486468788249763,-6.622739700372345,4.254341585833061,-17.999874400269952,-11.72006329262698,8.891891401501697,10.838707886667697
Random552
Raw:-4.764780461763474,-8.045815156844466,-7.708439689911398,3.748646878824977,-6.62273970037234,4.254341585833061,-17.999874400269945,-11.720063292626985,8.891891401501697,10.838707886667697
EFT:-4.76478046176347,-8.045815156844462,-7.708439689911394,3.748646878824977,-6.622739700372347,4.25434158583306,-17.999874400269952,-11.72006329262698,8.891891401501697,10.838707886667697
Random553
Raw:-4.764780461763472,-8.045815156844464,-7.708439689911393,3.7486468788249803,-6.622739700372348,4.25434158583306,-17.999874400269956,-11.720063292626982,8.891891401501693,10.838707886667697
EFT:-4.76478046176347,-8.045815156844462,-7.708439689911394,3.748646878824977,-6.622739700372347,4.25434158583306,-17.999874400269952,-11.72006329262698,8.891891401501697,10.838707886667697
Random554
Raw:-4.76478046176347,-8.045815156844464,-7.708439689911397,3.748646878824978,-6.622739700372344,4.254341585833062,-17.999874400269952,-11.720063292626982,8.891891401501699,10.838707886667702
EFT:-4.76478046176347,-8.045815156844462,-7.708439689911394,3.748646878824977,-6.622739700372347,4.25434158583306,-17.999874400269952,-11.72006329262698,8.891891401501697,10.838707886667697
Random555
Raw:-4.76478046176347,-8.04581515684446,-7.708439689911396,3.7486468788249767,-6.622739700372349,4.254341585833058,-17.999874400269956,-11.720063292626982,8.891891401501695,10.838707886667699
EFT:-4.76478046176347,-8.045815156844462,-7.708439689911395,3.7486468788249767,-6.622739700372345,4.254341585833061,-17.999874400269952,-11.72006329262698,8.891891401501697,10.838707886667697
Random556
Raw:-4.764780461763465,-8.045815156844464,-7.708439689911397,3.7486468788249754,-6.622739700372342,4.254341585833062,-17.99987440026995,-11.720063292626984,8.891891401501697,10.8387078866677
EFT:-4.76478046176347,-8.045815156844462,-7.708439689911395,3.7486468788249767,-6.622739700372345,4.254341585833061,-17.999874400269952,-11.72006329262698,8.891891401501697,10.838707886667697
Random557
Raw:-4.764780461763467,-8.045815156844462,-7.708439689911389,3.748646878824975,-6.622739700372346,4.254341585833062,-17.99987440026995,-11.72006329262698,8.891891401501697,10.838707886667697
EFT:-4.76478046176347,-8.045815156844462,-7.708439689911394,3.7486468788249776,-6.622739700372347,4.25434158583306,-17.999874400269952,-11.72006329262698,8.891891401501697,10.838707886667697
Random558
Raw:-4.764780461763471,-8.045815156844462,-7.708439689911397,3.7486468788249785,-6.6227397003723505,4.254341585833062,-17.99987440026996,-11.720063292626982,8.891891401501695,10.838707886667697
EFT:-4.76478046176347,-8.045815156844462,-7.708439689911395,3.7486468788249763,-6.622739700372345,4.254341585833061,-17.999874400269952,-11.72006329262698,8.891891401501697,10.838707886667697
Random559
Raw:-4.764780461763472,-8.045815156844467,-7.708439689911398,3.7486468788249816,-6.622739700372348,4.254341585833064,-17.999874400269963,-11.720063292626985,8.891891401501695,10.838707886667699
EFT:-4.76478046176347,-8.045815156844464,-7.708439689911395,3.7486468788249776,-6.622739700372347,4.254341585833061,-17.999874400269952,-11.72006329262698,8.891891401501697,10.838707886667699
Random560
Raw:-4.76478046176347,-8.045815156844467,-7.708439689911398,3.7486468788249785,-6.6227397003723425,4.254341585833061,-17.99987440026996,-11.720063292626982,8.891891401501695,10.8387078866677
EFT:-4.76478046176347,-8.045815156844462,-7.708439689911395,3.7486468788249767,-6.622739700372345,4.254341585833061,-17.999874400269952,-11.72006329262698,8.891891401501697,10.838707886667699
Random561
Raw:-4.764780461763469,-8.045815156844462,-7.708439689911394,3.7486468788249763,-6.622739700372342,4.254341585833061,-17.99987440026995,-11.720063292626978,8.891891401501695,10.838707886667699
EFT:-4.76478046176347,-8.045815156844462,-7.708439689911395,3.7486468788249767,-6.622739700372345,4.254341585833061,-17.999874400269952,-11.72006329262698,8.891891401501697,10.838707886667697
Random562
Raw:-4.76478046176347,-8.045815156844467,-7.708439689911394,3.7486468788249803,-6.622739700372348,4.254341585833058,-17.999874400269952,-11.720063292626985,8.8918914015017,10.838707886667697
EFT:-4.76478046176347,-8.045815156844462,-7.708439689911394,3.748646878824977,-6.622739700372347,4.25434158583306,-17.999874400269952,-11.72006329262698,8.891891401501697,10.838707886667697
Random563
Raw:-4.764780461763471,-8.04581515684447,-7.708439689911399,3.7486468788249816,-6.622739700372346,4.254341585833065,-17.99987440026996,-11.720063292626985,8.891891401501693,10.8387078866677
EFT:-4.764780461763469,-8.045815156844464,-7.708439689911395,3.748646878824977,-6.622739700372346,4.254341585833061,-17.999874400269952,-11.72006329262698,8.891891401501697,10.838707886667699
Random564
Raw:-4.764780461763473,-8.04581515684446,-7.7084396899113985,3.7486468788249794,-6.622739700372344,4.254341585833063,-17.99987440026995,-11.720063292626982,8.891891401501692,10.838707886667697
EFT:-4.76478046176347,-8.045815156844462,-7.708439689911394,3.748646878824977,-6.622739700372347,4.25434158583306,-17.999874400269952,-11.72006329262698,8.891891401501697,10.838707886667697
Random565
Raw:-4.764780461763469,-8.045815156844464,-7.708439689911392,3.7486468788249754,-6.622739700372347,4.254341585833056,-17.999874400269952,-11.720063292626978,8.891891401501697,10.838707886667699
EFT:-4.76478046176347,-8.045815156844462,-7.708439689911394,3.748646878824977,-6.622739700372347,4.25434158583306,-17.999874400269952,-11.72006329262698,8.891891401501697,10.838707886667697
Random566
Raw:-4.76478046176347,-8.04581515684446,-7.7084396899113905,3.7486468788249776,-6.622739700372351,4.25434158583306,-17.999874400269942,-11.720063292626984,8.891891401501704,10.838707886667693
EFT:-4.764780461763469,-8.045815156844464,-7.708439689911395,3.7486468788249767,-6.622739700372346,4.254341585833061,-17.999874400269952,-11.72006329262698,8.891891401501697,10.838707886667699
Random567
Raw:-4.76478046176347,-8.045815156844462,-7.708439689911391,3.7486468788249767,-6.622739700372345,4.254341585833057,-17.999874400269952,-11.720063292626978,8.891891401501697,10.838707886667693
EFT:-4.76478046176347,-8.045815156844462,-7.708439689911394,3.748646878824977,-6.622739700372347,4.25434158583306,-17.999874400269952,-11.72006329262698,8.891891401501697,10.838707886667697
Random568
Raw:-4.764780461763468,-8.045815156844466,-7.7084396899113985,3.748646878824978,-6.622739700372344,4.254341585833061,-17.999874400269956,-11.72006329262698,8.891891401501695,10.8387078866677
EFT:-4.76478046176347,-8.045815156844462,-7.708439689911394,3.748646878824977,-6.622739700372347,4.25434158583306,-17.999874400269952,-11.72006329262698,8.891891401501697,10.838707886667697
Random569
Raw:-4.764780461763468,-8.04581515684446,-7.708439689911391,3.748646878824976,-6.6227397003723425,4.254341585833059,-17.999874400269952,-11.720063292626977,8.89189140150169,10.838707886667697
EFT:-4.76478046176347,-8.045815156844462,-7.708439689911395,3.7486468788249767,-6.622739700372345,4.254341585833061,-17.999874400269952,-11.72006329262698,8.891891401501697,10.838707886667699
Random570
Raw:-4.764780461763469,-8.045815156844466,-7.708439689911396,3.7486468788249776,-6.622739700372345,4.25434158583306,-17.99987440026995,-11.720063292626985,8.891891401501697,10.838707886667702
EFT:-4.76478046176347,-8.045815156844464,-7.708439689911394,3.7486468788249776,-6.622739700372347,4.254341585833061,-17.999874400269952,-11.72006329262698,8.891891401501697,10.838707886667699
Random571
Raw:-4.764780461763469,-8.045815156844464,-7.708439689911394,3.748646878824979,-6.622739700372346,4.254341585833052,-17.999874400269963,-11.720063292626977,8.891891401501695,10.838707886667702
EFT:-4.76478046176347,-8.045815156844462,-7.708439689911394,3.748646878824977,-6.622739700372347,4.25434158583306,-17.999874400269952,-11.72006329262698,8.891891401501697,10.838707886667697
Random572
Raw:-4.764780461763473,-8.045815156844464,-7.708439689911399,3.748646878824978,-6.6227397003723425,4.254341585833064,-17.999874400269956,-11.720063292626985,8.891891401501695,10.838707886667706
EFT:-4.76478046176347,-8.045815156844462,-7.708439689911394,3.748646878824977,-6.622739700372347,4.25434158583306,-17.999874400269952,-11.72006329262698,8.891891401501697,10.838707886667697
Random573
Raw:-4.764780461763465,-8.045815156844466,-7.708439689911393,3.7486468788249754,-6.6227397003723425,4.254341585833059,-17.999874400269945,-11.720063292626982,8.891891401501699,10.8387078866677
EFT:-4.76478046176347,-8.045815156844462,-7.708439689911395,3.7486468788249767,-6.622739700372345,4.254341585833061,-17.999874400269952,-11.72006329262698,8.891891401501697,10.838707886667699
Random574
Raw:-4.764780461763465,-8.045815156844464,-7.708439689911392,3.7486468788249763,-6.622739700372346,4.25434158583306,-17.999874400269956,-11.720063292626978,8.891891401501697,10.838707886667697
EFT:-4.76478046176347,-8.045815156844462,-7.708439689911395,3.7486468788249767,-6.622739700372345,4.254341585833061,-17.999874400269952,-11.72006329262698,8.891891401501695,10.838707886667697
Random575
Raw:-4.764780461763464,-8.045815156844464,-7.708439689911394,3.748646878824973,-6.622739700372339,4.254341585833058,-17.999874400269952,-11.720063292626977,8.891891401501697,10.838707886667704
EFT:-4.76478046176347,-8.045815156844462,-7.708439689911394,3.748646878824977,-6.622739700372347,4.25434158583306,-17.999874400269952,-11.72006329262698,8.891891401501697,10.838707886667697
Random576
Raw:-4.764780461763468,-8.045815156844466,-7.7084396899114,3.748646878824978,-6.62273970037234,4.25434158583306,-17.999874400269956,-11.720063292626984,8.891891401501697,10.838707886667702
EFT:-4.76478046176347,-8.045815156844462,-7.708439689911395,3.7486468788249767,-6.622739700372345,4.254341585833061,-17.999874400269952,-11.72006329262698,8.891891401501697,10.838707886667697
Random577
Raw:-4.764780461763465,-8.045815156844458,-7.708439689911391,3.7486468788249763,-6.622739700372345,4.254341585833057,-17.999874400269952,-11.720063292626984,8.8918914015017,10.8387078866677
EFT:-4.76478046176347,-8.045815156844462,-7.708439689911395,3.7486468788249763,-6.622739700372345,4.254341585833061,-17.999874400269952,-11.720063292626978,8.891891401501697,10.838707886667697
Random578
Raw:-4.764780461763471,-8.045815156844467,-7.708439689911393,3.7486468788249767,-6.62273970037234,4.254341585833059,-17.999874400269945,-11.720063292626984,8.891891401501699,10.838707886667699
EFT:-4.764780461763469,-8.045815156844462,-7.708439689911394,3.7486468788249767,-6.622739700372346,4.254341585833061,-17.999874400269952,-11.72006329262698,8.891891401501697,10.838707886667699
Random579
Raw:-4.764780461763472,-8.045815156844462,-7.708439689911396,3.7486468788249803,-6.622739700372347,4.254341585833062,-17.999874400269956,-11.720063292626984,8.891891401501699,10.838707886667699
EFT:-4.76478046176347,-8.045815156844462,-7.708439689911394,3.748646878824977,-6.622739700372347,4.25434158583306,-17.999874400269952,-11.72006329262698,8.891891401501697,10.838707886667697
Random580
Raw:-4.764780461763474,-8.045815156844466,-7.7084396899113985,3.7486468788249794,-6.622739700372345,4.254341585833062,-17.999874400269952,-11.720063292626987,8.891891401501697,10.838707886667699
EFT:-4.76478046176347,-8.045815156844462,-7.708439689911395,3.7486468788249763,-6.622739700372345,4.254341585833061,-17.999874400269952,-11.72006329262698,8.891891401501697,10.838707886667697
Random581
Raw:-4.764780461763469,-8.045815156844466,-7.708439689911392,3.748646878824975,-6.6227397003723505,4.254341585833057,-17.999874400269945,-11.720063292626984,8.891891401501708,10.838707886667699
EFT:-4.764780461763469,-8.045815156844464,-7.708439689911395,3.7486468788249767,-6.622739700372346,4.254341585833061,-17.999874400269952,-11.72006329262698,8.891891401501697,10.838707886667699
Random582
Raw:-4.764780461763473,-8.045815156844462,-7.708439689911394,3.7486468788249763,-6.6227397003723505,4.2543415858330595,-17.999874400269952,-11.720063292626978,8.891891401501697,10.838707886667697
EFT:-4.76478046176347,-8.045815156844462,-7.708439689911394,3.748646878824977,-6.622739700372347,4.25434158583306,-17.999874400269952,-11.72006329262698,8.891891401501697,10.838707886667697
Random583
Raw:-4.764780461763474,-8.045815156844462,-7.708439689911403,3.7486468788249785,-6.6227397003723425,4.254341585833066,-17.99987440026996,-11.720063292626982,8.891891401501693,10.8387078866677
EFT:-4.76478046176347,-8.045815156844462,-7.708439689911395,3.7486468788249767,-6.622739700372345,4.254341585833061,-17.999874400269952,-11.72006329262698,8.891891401501697,10.838707886667697
Random584
Raw:-4.7647804617634675,-8.045815156844462,-7.708439689911394,3.748646878824979,-6.62273970037235,4.254341585833058,-17.999874400269956,-11.720063292626984,8.891891401501695,10.838707886667697
EFT:-4.76478046176347,-8.045815156844462,-7.708439689911394,3.748646878824977,-6.622739700372347,4.25434158583306,-17.999874400269952,-11.72006329262698,8.891891401501697,10.838707886667697
Random585
Raw:-4.76478046176347,-8.045815156844466,-7.7084396899114,3.748646878824979,-6.622739700372344,4.254341585833064,-17.999874400269956,-11.720063292626984,8.891891401501695,10.838707886667699
EFT:-4.76478046176347,-8.045815156844462,-7.708439689911394,3.748646878824977,-6.622739700372347,4.25434158583306,-17.999874400269952,-11.72006329262698,8.891891401501697,10.838707886667697
Random586
Raw:-4.764780461763469,-8.04581515684447,-7.708439689911399,3.748646878824978,-6.622739700372347,4.254341585833059,-17.999874400269952,-11.720063292626985,8.891891401501699,10.8387078866677
EFT:-4.76478046176347,-8.045815156844462,-7.708439689911395,3.7486468788249763,-6.622739700372345,4.254341585833061,-17.999874400269952,-11.72006329262698,8.891891401501697,10.838707886667697
Random587
Raw:-4.76478046176347,-8.04581515684446,-7.708439689911392,3.7486468788249794,-6.622739700372347,4.254341585833059,-17.99987440026996,-11.720063292626982,8.891891401501693,10.838707886667697
EFT:-4.76478046176347,-8.045815156844462,-7.708439689911395,3.7486468788249763,-6.622739700372345,4.254341585833061,-17.999874400269952,-11.720063292626978,8.891891401501697,10.838707886667697
Random588
Raw:-4.76478046176347,-8.045815156844462,-7.708439689911396,3.7486468788249754,-6.622739700372347,4.254341585833066,-17.999874400269952,-11.720063292626984,8.891891401501697,10.838707886667695
EFT:-4.76478046176347,-8.045815156844462,-7.708439689911395,3.7486468788249767,-6.622739700372345,4.254341585833061,-17.999874400269952,-11.72006329262698,8.891891401501697,10.838707886667697
Random589
Raw:-4.7647804617634675,-8.045815156844464,-7.708439689911398,3.748646878824979,-6.622739700372346,4.254341585833056,-17.99987440026996,-11.720063292626982,8.891891401501697,10.838707886667702
EFT:-4.76478046176347,-8.045815156844462,-7.708439689911395,3.7486468788249767,-6.622739700372345,4.254341585833061,-17.999874400269952,-11.72006329262698,8.891891401501697,10.838707886667699
Random590
Raw:-4.7647804617634675,-8.04581515684446,-7.708439689911394,3.748646878824978,-6.622739700372345,4.254341585833059,-17.99987440026996,-11.720063292626978,8.891891401501692,10.838707886667697
EFT:-4.76478046176347,-8.045815156844462,-7.708439689911394,3.7486468788249776,-6.622739700372347,4.25434158583306,-17.999874400269952,-11.72006329262698,8.891891401501697,10.838707886667699
Random591
Raw:-4.764780461763468,-8.045815156844467,-7.708439689911394,3.7486468788249803,-6.622739700372348,4.2543415858330595,-17.99987440026996,-11.720063292626984,8.891891401501695,10.8387078866677
EFT:-4.76478046176347,-8.045815156844462,-7.708439689911394,3.748646878824977,-6.622739700372347,4.25434158583306,-17.999874400269952,-11.72006329262698,8.891891401501697,10.838707886667697
Random592
Raw:-4.764780461763469,-8.04581515684446,-7.7084396899113985,3.7486468788249763,-6.622739700372343,4.254341585833065,-17.999874400269952,-11.720063292626978,8.891891401501692,10.838707886667697
EFT:-4.764780461763469,-8.045815156844464,-7.708439689911395,3.7486468788249767,-6.622739700372346,4.254341585833061,-17.999874400269952,-11.72006329262698,8.891891401501697,10.838707886667699
Random593
Raw:-4.76478046176347,-8.04581515684446,-7.708439689911391,3.748646878824977,-6.622739700372345,4.254341585833056,-17.999874400269956,-11.720063292626978,8.891891401501693,10.838707886667693
EFT:-4.76478046176347,-8.045815156844462,-7.708439689911395,3.7486468788249767,-6.622739700372345,4.254341585833061,-17.999874400269952,-11.72006329262698,8.891891401501697,10.838707886667699
Random594
Raw:-4.764780461763471,-8.045815156844466,-7.708439689911395,3.7486468788249767,-6.622739700372342,4.254341585833062,-17.999874400269945,-11.720063292626982,8.891891401501697,10.838707886667693
EFT:-4.76478046176347,-8.045815156844462,-7.708439689911394,3.748646878824977,-6.622739700372347,4.25434158583306,-17.999874400269952,-11.72006329262698,8.891891401501697,10.838707886667697
Random595
Raw:-4.764780461763472,-8.045815156844466,-7.708439689911396,3.748646878824978,-6.622739700372343,4.2543415858330595,-17.999874400269956,-11.72006329262698,8.891891401501693,10.838707886667697
EFT:-4.76478046176347,-8.045815156844462,-7.708439689911395,3.7486468788249767,-6.622739700372345,4.254341585833061,-17.999874400269952,-11.72006329262698,8.891891401501697,10.838707886667697
Random596
Raw:-4.7647804617634755,-8.045815156844464,-7.708439689911398,3.7486468788249807,-6.622739700372354,4.254341585833067,-17.99987440026996,-11.720063292626984,8.891891401501697,10.838707886667699
EFT:-4.76478046176347,-8.045815156844462,-7.708439689911395,3.7486468788249767,-6.622739700372345,4.254341585833061,-17.999874400269952,-11.72006329262698,8.891891401501697,10.838707886667697
Random597
Raw:-4.76478046176347,-8.04581515684446,-7.708439689911396,3.7486468788249763,-6.622739700372339,4.25434158583306,-17.999874400269956,-11.72006329262698,8.891891401501695,10.8387078866677
EFT:-4.76478046176347,-8.045815156844462,-7.708439689911395,3.7486468788249767,-6.622739700372345,4.254341585833061,-17.999874400269952,-11.72006329262698,8.891891401501697,10.838707886667697
Random598
Raw:-4.76478046176347,-8.045815156844467,-7.708439689911395,3.74864687882498,-6.622739700372348,4.254341585833059,-17.999874400269956,-11.720063292626985,8.891891401501699,10.838707886667699
EFT:-4.76478046176347,-8.045815156844462,-7.708439689911394,3.748646878824977,-6.622739700372347,4.25434158583306,-17.999874400269952,-11.72006329262698,8.891891401501697,10.838707886667697
Random599
Raw:-4.764780461763473,-8.045815156844458,-7.7084396899113985,3.748646878824978,-6.622739700372344,4.254341585833065,-17.999874400269956,-11.72006329262698,8.891891401501695,10.838707886667699
EFT:-4.76478046176347,-8.045815156844462,-7.708439689911394,3.748646878824977,-6.622739700372347,4.25434158583306,-17.999874400269952,-11.72006329262698,8.891891401501697,10.838707886667697
Random600
Raw:-4.764780461763473,-8.045815156844467,-7.708439689911403,3.7486468788249816,-6.622739700372346,4.254341585833064,-17.99987440026996,-11.720063292626987,8.891891401501699,10.838707886667704
EFT:-4.76478046176347,-8.045815156844462,-7.708439689911394,3.748646878824977,-6.622739700372347,4.25434158583306,-17.999874400269952,-11.72006329262698,8.891891401501697,10.838707886667697
Random601
Raw:-4.7647804617634675,-8.045815156844462,-7.708439689911397,3.748646878824979,-6.622739700372345,4.254341585833058,-17.99987440026996,-11.720063292626984,8.891891401501697,10.838707886667699
EFT:-4.764780461763469,-8.045815156844462,-7.708439689911394,3.7486468788249767,-6.622739700372346,4.254341585833061,-17.999874400269952,-11.72006329262698,8.891891401501697,10.838707886667699
Random602
Raw:-4.764780461763468,-8.04581515684447,-7.708439689911399,3.7486468788249763,-6.622739700372337,4.254341585833063,-17.999874400269956,-11.720063292626982,8.891891401501697,10.838707886667702
EFT:-4.76478046176347,-8.045815156844462,-7.708439689911394,3.7486468788249776,-6.622739700372347,4.25434158583306,-17.999874400269952,-11.72006329262698,8.891891401501697,10.838707886667699
Random603
Raw:-4.7647804617634675,-8.045815156844464,-7.708439689911393,3.748646878824973,-6.622739700372341,4.254341585833061,-17.99987440026994,-11.72006329262698,8.8918914015017,10.838707886667699
EFT:-4.76478046176347,-8.045815156844462,-7.708439689911395,3.7486468788249767,-6.622739700372345,4.254341585833061,-17.999874400269952,-11.72006329262698,8.891891401501697,10.838707886667697
Random604
Raw:-4.764780461763472,-8.045815156844466,-7.708439689911399,3.748646878824979,-6.6227397003723425,4.2543415858330595,-17.999874400269956,-11.720063292626985,8.891891401501699,10.8387078866677
EFT:-4.76478046176347,-8.045815156844462,-7.708439689911394,3.748646878824977,-6.622739700372347,4.25434158583306,-17.999874400269952,-11.72006329262698,8.891891401501697,10.838707886667697
Random605
Raw:-4.764780461763468,-8.04581515684446,-7.708439689911394,3.748646878824975,-6.622739700372342,4.254341585833061,-17.999874400269945,-11.72006329262698,8.891891401501697,10.838707886667693
EFT:-4.764780461763469,-8.045815156844464,-7.708439689911395,3.748646878824977,-6.622739700372346,4.254341585833061,-17.999874400269952,-11.72006329262698,8.891891401501697,10.838707886667699
Random606
Raw:-4.764780461763475,-8.045815156844466,-7.708439689911399,3.7486468788249763,-6.6227397003723425,4.254341585833067,-17.999874400269945,-11.720063292626982,8.891891401501704,10.838707886667697
EFT:-4.764780461763469,-8.045815156844464,-7.708439689911395,3.7486468788249767,-6.622739700372346,4.254341585833061,-17.999874400269952,-11.72006329262698,8.891891401501697,10.838707886667699
Random607
Raw:-4.764780461763472,-8.045815156844466,-7.7084396899113985,3.748646878824979,-6.622739700372348,4.25434158583306,-17.999874400269956,-11.720063292626982,8.891891401501697,10.838707886667699
EFT:-4.76478046176347,-8.045815156844462,-7.708439689911395,3.7486468788249763,-6.622739700372345,4.254341585833061,-17.999874400269952,-11.720063292626978,8.891891401501697,10.838707886667697
Random608
Raw:-4.764780461763467,-8.045815156844464,-7.7084396899113905,3.748646878824972,-6.622739700372345,4.254341585833061,-17.99987440026994,-11.720063292626982,8.891891401501697,10.838707886667697
EFT:-4.76478046176347,-8.045815156844462,-7.708439689911395,3.7486468788249763,-6.622739700372345,4.254341585833061,-17.999874400269952,-11.72006329262698,8.891891401501697,10.838707886667697
Random609
Raw:-4.76478046176347,-8.045815156844466,-7.708439689911396,3.748646878824977,-6.622739700372348,4.25434158583306,-17.999874400269952,-11.72006329262698,8.8918914015017,10.838707886667697
EFT:-4.76478046176347,-8.045815156844462,-7.708439689911394,3.748646878824977,-6.622739700372347,4.25434158583306,-17.999874400269952,-11.72006329262698,8.891891401501697,10.838707886667697
Random610
Raw:-4.7647804617634675,-8.045815156844467,-7.708439689911393,3.7486468788249763,-6.622739700372348,4.254341585833061,-17.99987440026995,-11.720063292626982,8.8918914015017,10.8387078866677
EFT:-4.76478046176347,-8.045815156844462,-7.708439689911394,3.748646878824977,-6.622739700372347,4.25434158583306,-17.999874400269952,-11.72006329262698,8.891891401501697,10.838707886667697
Random611
Raw:-4.76478046176347,-8.045815156844464,-7.708439689911394,3.7486468788249736,-6.622739700372348,4.254341585833066,-17.999874400269945,-11.720063292626984,8.891891401501699,10.838707886667699
EFT:-4.76478046176347,-8.045815156844462,-7.708439689911394,3.748646878824977,-6.622739700372347,4.25434158583306,-17.999874400269952,-11.72006329262698,8.891891401501697,10.838707886667697
Random612
Raw:-4.764780461763467,-8.04581515684446,-7.708439689911394,3.748646878824977,-6.622739700372346,4.254341585833055,-17.999874400269952,-11.720063292626982,8.891891401501693,10.838707886667695
EFT:-4.76478046176347,-8.045815156844462,-7.708439689911394,3.748646878824977,-6.622739700372347,4.25434158583306,-17.999874400269952,-11.72006329262698,8.891891401501697,10.838707886667697
Random613
Raw:-4.764780461763473,-8.045815156844467,-7.708439689911407,3.7486468788249785,-6.622739700372332,4.254341585833066,-17.999874400269956,-11.720063292626985,8.891891401501693,10.838707886667704
EFT:-4.76478046176347,-8.045815156844462,-7.708439689911395,3.7486468788249767,-6.622739700372345,4.254341585833061,-17.999874400269952,-11.720063292626978,8.891891401501697,10.838707886667697
Random614
Raw:-4.764780461763469,-8.045815156844466,-7.708439689911393,3.748646878824977,-6.6227397003723425,4.254341585833057,-17.999874400269952,-11.720063292626978,8.891891401501695,10.838707886667702
EFT:-4.76478046176347,-8.045815156844462,-7.708439689911394,3.748646878824977,-6.622739700372347,4.25434158583306,-17.999874400269952,-11.72006329262698,8.891891401501697,10.838707886667697
Random615
Raw:-4.764780461763471,-8.045815156844464,-7.708439689911398,3.748646878824976,-6.622739700372341,4.254341585833058,-17.999874400269952,-11.72006329262698,8.891891401501697,10.838707886667699
EFT:-4.76478046176347,-8.045815156844462,-7.708439689911394,3.748646878824977,-6.622739700372347,4.25434158583306,-17.999874400269952,-11.72006329262698,8.891891401501697,10.838707886667697
Random616
Raw:-4.764780461763463,-8.045815156844466,-7.708439689911395,3.7486468788249745,-6.622739700372338,4.254341585833058,-17.99987440026995,-11.720063292626975,8.891891401501695,10.838707886667702
EFT:-4.764780461763469,-8.045815156844464,-7.708439689911394,3.7486468788249767,-6.622739700372346,4.254341585833061,-17.999874400269952,-11.72006329262698,8.891891401501697,10.838707886667699
Random617
Raw:-4.764780461763473,-8.045815156844464,-7.708439689911401,3.7486468788249785,-6.622739700372342,4.254341585833063,-17.999874400269956,-11.720063292626984,8.891891401501692,10.8387078866677
EFT:-4.76478046176347,-8.045815156844462,-7.708439689911394,3.748646878824977,-6.622739700372347,4.25434158583306,-17.999874400269952,-11.72006329262698,8.891891401501697,10.838707886667697
Random618
Raw:-4.7647804617634675,-8.045815156844462,-7.708439689911394,3.7486468788249776,-6.622739700372345,4.254341585833059,-17.999874400269945,-11.72006329262698,8.891891401501695,10.838707886667699
EFT:-4.76478046176347,-8.045815156844462,-7.708439689911395,3.7486468788249763,-6.622739700372345,4.254341585833061,-17.999874400269952,-11.720063292626978,8.891891401501697,10.838707886667697
Random619
Raw:-4.764780461763472,-8.045815156844462,-7.708439689911398,3.7486468788249763,-6.622739700372346,4.2543415858330595,-17.999874400269952,-11.720063292626982,8.891891401501693,10.838707886667699
EFT:-4.76478046176347,-8.045815156844462,-7.708439689911394,3.748646878824977,-6.622739700372347,4.25434158583306,-17.999874400269952,-11.72006329262698,8.891891401501697,10.838707886667697
Random620
Raw:-4.764780461763468,-8.045815156844466,-7.708439689911398,3.748646878824979,-6.622739700372345,4.25434158583306,-17.999874400269956,-11.720063292626982,8.891891401501702,10.838707886667699
EFT:-4.76478046176347,-8.045815156844462,-7.708439689911394,3.748646878824977,-6.622739700372347,4.25434158583306,-17.999874400269952,-11.72006329262698,8.891891401501697,10.838707886667697
Random621
Raw:-4.764780461763469,-8.045815156844464,-7.708439689911398,3.748646878824979,-6.622739700372344,4.254341585833059,-17.999874400269956,-11.720063292626982,8.891891401501695,10.838707886667697
EFT:-4.76478046176347,-8.045815156844462,-7.708439689911395,3.7486468788249763,-6.622739700372345,4.254341585833061,-17.999874400269952,-11.72006329262698,8.891891401501697,10.838707886667697
Random622
Raw:-4.764780461763466,-8.045815156844466,-7.708439689911396,3.7486468788249763,-6.62273970037235,4.254341585833064,-17.99987440026995,-11.720063292626984,8.891891401501697,10.838707886667702
EFT:-4.76478046176347,-8.045815156844462,-7.708439689911395,3.7486468788249767,-6.622739700372345,4.254341585833061,-17.999874400269952,-11.72006329262698,8.891891401501697,10.838707886667697
Random623
Raw:-4.764780461763461,-8.04581515684447,-7.708439689911394,3.7486468788249763,-6.622739700372346,4.254341585833059,-17.99987440026995,-11.720063292626984,8.891891401501695,10.838707886667702
EFT:-4.76478046176347,-8.045815156844462,-7.708439689911395,3.7486468788249763,-6.622739700372345,4.254341585833061,-17.999874400269952,-11.720063292626978,8.891891401501697,10.838707886667697
Random624
Raw:-4.764780461763471,-8.045815156844466,-7.708439689911393,3.748646878824978,-6.62273970037235,4.254341585833057,-17.999874400269956,-11.72006329262698,8.891891401501699,10.838707886667695
EFT:-4.76478046176347,-8.045815156844462,-7.708439689911395,3.7486468788249767,-6.622739700372345,4.254341585833061,-17.999874400269952,-11.720063292626978,8.891891401501697,10.838707886667697
Random625
Raw:-4.764780461763471,-8.045815156844467,-7.7084396899113985,3.748646878824979,-6.622739700372342,4.254341585833063,-17.99987440026996,-11.720063292626987,8.891891401501697,10.838707886667702
EFT:-4.76478046176347,-8.045815156844462,-7.708439689911394,3.748646878824977,-6.622739700372347,4.25434158583306,-17.999874400269952,-11.72006329262698,8.891891401501697,10.838707886667697
Random626
Raw:-4.764780461763471,-8.045815156844467,-7.708439689911403,3.74864687882498,-6.622739700372345,4.254341585833064,-17.99987440026996,-11.72006329262698,8.891891401501693,10.838707886667708
EFT:-4.76478046176347,-8.045815156844462,-7.708439689911395,3.7486468788249767,-6.622739700372345,4.254341585833061,-17.999874400269952,-11.72006329262698,8.891891401501697,10.838707886667699
Random627
Raw:-4.76478046176347,-8.045815156844464,-7.708439689911394,3.748646878824979,-6.622739700372345,4.254341585833057,-17.999874400269956,-11.720063292626982,8.891891401501697,10.838707886667702
EFT:-4.76478046176347,-8.045815156844462,-7.708439689911394,3.7486468788249776,-6.622739700372347,4.25434158583306,-17.999874400269952,-11.72006329262698,8.891891401501697,10.838707886667699
Random628
Raw:-4.764780461763472,-8.045815156844464,-7.708439689911399,3.7486468788249803,-6.62273970037235,4.254341585833062,-17.99987440026996,-11.720063292626984,8.891891401501695,10.838707886667702
EFT:-4.764780461763469,-8.045815156844462,-7.708439689911394,3.7486468788249767,-6.622739700372346,4.254341585833061,-17.999874400269952,-11.72006329262698,8.891891401501697,10.838707886667699
Random629
Raw:-4.764780461763472,-8.045815156844462,-7.708439689911397,3.7486468788249785,-6.6227397003723425,4.254341585833054,-17.99987440026996,-11.720063292626978,8.891891401501695,10.8387078866677
EFT:-4.764780461763469,-8.045815156844464,-7.708439689911395,3.7486468788249767,-6.622739700372346,4.254341585833061,-17.999874400269952,-11.72006329262698,8.891891401501697,10.838707886667699
Random630
Raw:-4.764780461763473,-8.045815156844462,-7.708439689911397,3.7486468788249785,-6.622739700372343,4.254341585833061,-17.999874400269952,-11.720063292626982,8.891891401501699,10.8387078866677
EFT:-4.764780461763469,-8.045815156844464,-7.708439689911395,3.7486468788249767,-6.622739700372346,4.254341585833061,-17.999874400269952,-11.72006329262698,8.891891401501697,10.838707886667699
Random631
Raw:-4.764780461763472,-8.045815156844458,-7.708439689911396,3.7486468788249763,-6.622739700372345,4.2543415858330595,-17.99987440026995,-11.72006329262698,8.891891401501697,10.838707886667699
EFT:-4.76478046176347,-8.045815156844462,-7.708439689911394,3.748646878824977,-6.622739700372347,4.25434158583306,-17.999874400269952,-11.72006329262698,8.891891401501697,10.838707886667697
Random632
Raw:-4.76478046176347,-8.045815156844464,-7.7084396899113985,3.7486468788249785,-6.622739700372341,4.2543415858330595,-17.99987440026996,-11.720063292626984,8.89189140150169,10.8387078866677
EFT:-4.76478046176347,-8.045815156844462,-7.708439689911394,3.748646878824977,-6.622739700372347,4.25434158583306,-17.999874400269952,-11.72006329262698,8.891891401501697,10.838707886667697
Random633
Raw:-4.7647804617634675,-8.045815156844462,-7.708439689911393,3.7486468788249727,-6.622739700372344,4.254341585833058,-17.999874400269945,-11.720063292626978,8.891891401501697,10.8387078866677
EFT:-4.76478046176347,-8.045815156844462,-7.708439689911395,3.7486468788249763,-6.622739700372345,4.254341585833061,-17.999874400269952,-11.72006329262698,8.891891401501697,10.838707886667697
Random634
Raw:-4.764780461763472,-8.045815156844467,-7.708439689911399,3.7486468788249794,-6.622739700372346,4.25434158583306,-17.999874400269956,-11.720063292626984,8.8918914015017,10.8387078866677
EFT:-4.76478046176347,-8.045815156844462,-7.708439689911394,3.748646878824977,-6.622739700372347,4.25434158583306,-17.999874400269952,-11.72006329262698,8.891891401501697,10.838707886667697
Random635
Raw:-4.764780461763467,-8.045815156844462,-7.708439689911392,3.748646878824975,-6.622739700372346,4.254341585833061,-17.99987440026995,-11.720063292626982,8.891891401501699,10.838707886667697
EFT:-4.76478046176347,-8.045815156844462,-7.708439689911394,3.7486468788249776,-6.622739700372347,4.25434158583306,-17.999874400269952,-11.72006329262698,8.891891401501697,10.838707886667697
Random636
Raw:-4.764780461763474,-8.045815156844462,-7.708439689911398,3.748646878824977,-6.622739700372343,4.254341585833062,-17.999874400269952,-11.720063292626984,8.891891401501692,10.838707886667697
EFT:-4.76478046176347,-8.045815156844462,-7.708439689911394,3.748646878824977,-6.622739700372347,4.25434158583306,-17.999874400269952,-11.72006329262698,8.891891401501697,10.838707886667697
Random637
Raw:-4.764780461763472,-8.045815156844462,-7.708439689911391,3.748646878824977,-6.622739700372346,4.254341585833062,-17.999874400269952,-11.72006329262698,8.891891401501695,10.838707886667697
EFT:-4.76478046176347,-8.045815156844462,-7.708439689911395,3.7486468788249767,-6.622739700372345,4.254341585833061,-17.999874400269952,-11.720063292626978,8.891891401501697,10.838707886667697
Random638
Raw:-4.764780461763471,-8.045815156844464,-7.708439689911394,3.7486468788249754,-6.622739700372344,4.254341585833061,-17.99987440026995,-11.720063292626984,8.891891401501697,10.8387078866677
EFT:-4.76478046176347,-8.045815156844462,-7.708439689911394,3.748646878824977,-6.622739700372347,4.25434158583306,-17.999874400269952,-11.72006329262698,8.891891401501697,10.838707886667697
Random639
Raw:-4.76478046176347,-8.045815156844464,-7.708439689911398,3.748646878824977,-6.6227397003723425,4.25434158583306,-17.999874400269945,-11.72006329262698,8.891891401501699,10.838707886667702
EFT:-4.76478046176347,-8.045815156844462,-7.708439689911395,3.7486468788249767,-6.622739700372345,4.254341585833061,-17.999874400269952,-11.72006329262698,8.891891401501697,10.838707886667697
Random640
Raw:-4.764780461763473,-8.045815156844462,-7.708439689911393,3.748646878824977,-6.6227397003723505,4.254341585833059,-17.999874400269952,-11.720063292626982,8.891891401501697,10.838707886667697
EFT:-4.76478046176347,-8.045815156844462,-7.708439689911395,3.7486468788249763,-6.622739700372345,4.254341585833061,-17.999874400269952,-11.72006329262698,8.891891401501697,10.838707886667697
Random641
Raw:-4.764780461763469,-8.045815156844462,-7.708439689911387,3.748646878824973,-6.622739700372349,4.254341585833058,-17.99987440026995,-11.720063292626982,8.891891401501699,10.83870788666769
EFT:-4.76478046176347,-8.045815156844462,-7.708439689911394,3.748646878824977,-6.622739700372347,4.25434158583306,-17.999874400269952,-11.72006329262698,8.891891401501697,10.838707886667697
Random642
Raw:-4.764780461763468,-8.045815156844464,-7.708439689911394,3.748646878824976,-6.622739700372347,4.2543415858330595,-17.999874400269952,-11.720063292626984,8.891891401501702,10.8387078866677
EFT:-4.76478046176347,-8.045815156844462,-7.708439689911395,3.7486468788249763,-6.622739700372345,4.254341585833061,-17.999874400269952,-11.72006329262698,8.891891401501697,10.838707886667697
Random643
Raw:-4.764780461763466,-8.045815156844464,-7.708439689911392,3.748646878824977,-6.622739700372347,4.25434158583306,-17.999874400269945,-11.720063292626982,8.891891401501699,10.838707886667693
EFT:-4.764780461763469,-8.045815156844464,-7.708439689911395,3.7486468788249767,-6.622739700372346,4.254341585833061,-17.999874400269952,-11.72006329262698,8.891891401501697,10.838707886667699
Random644
Raw:-4.76478046176347,-8.045815156844462,-7.708439689911395,3.748646878824979,-6.62273970037235,4.254341585833061,-17.99987440026995,-11.720063292626984,8.891891401501697,10.838707886667695
EFT:-4.76478046176347,-8.045815156844462,-7.708439689911394,3.7486468788249776,-6.622739700372347,4.25434158583306,-17.999874400269952,-11.72006329262698,8.891891401501697,10.838707886667699
Random645
Raw:-4.764780461763475,-8.045815156844466,-7.708439689911405,3.7486468788249803,-6.622739700372343,4.254341585833067,-17.999874400269956,-11.720063292626985,8.891891401501695,10.838707886667702
EFT:-4.76478046176347,-8.045815156844462,-7.708439689911395,3.7486468788249763,-6.622739700372345,4.254341585833061,-17.999874400269952,-11.72006329262698,8.891891401501697,10.838707886667697
Random646
Raw:-4.764780461763469,-8.045815156844464,-7.708439689911396,3.748646878824979,-6.622739700372345,4.254341585833055,-17.999874400269942,-11.72006329262698,8.891891401501699,10.838707886667699
EFT:-4.76478046176347,-8.045815156844462,-7.708439689911395,3.7486468788249763,-6.622739700372345,4.254341585833061,-17.999874400269952,-11.72006329262698,8.891891401501697,10.838707886667697
Random647
Raw:-4.764780461763468,-8.045815156844462,-7.708439689911395,3.748646878824977,-6.6227397003723425,4.254341585833058,-17.999874400269952,-11.72006329262698,8.891891401501699,10.838707886667699
EFT:-4.76478046176347,-8.045815156844462,-7.708439689911394,3.748646878824977,-6.622739700372347,4.25434158583306,-17.999874400269952,-11.72006329262698,8.891891401501697,10.838707886667697
Random648
Raw:-4.7647804617634675,-8.045815156844462,-7.70843968991139,3.7486468788249763,-6.622739700372349,4.2543415858330595,-17.999874400269945,-11.720063292626982,8.891891401501695,10.838707886667692
EFT:-4.76478046176347,-8.045815156844462,-7.708439689911394,3.748646878824977,-6.622739700372347,4.25434158583306,-17.999874400269952,-11.72006329262698,8.891891401501697,10.838707886667697
Random649
Raw:-4.764780461763469,-8.04581515684447,-7.708439689911398,3.74864687882498,-6.622739700372344,4.254341585833059,-17.99987440026996,-11.720063292626985,8.891891401501695,10.838707886667702
EFT:-4.76478046176347,-8.045815156844462,-7.708439689911394,3.748646878824977,-6.622739700372347,4.25434158583306,-17.999874400269952,-11.72006329262698,8.891891401501697,10.838707886667697
Random650
Raw:-4.764780461763465,-8.04581515684446,-7.708439689911396,3.7486468788249754,-6.622739700372343,4.254341585833063,-17.999874400269956,-11.720063292626978,8.891891401501693,10.8387078866677
EFT:-4.76478046176347,-8.045815156844462,-7.708439689911395,3.7486468788249763,-6.622739700372345,4.254341585833061,-17.999874400269952,-11.72006329262698,8.891891401501697,10.838707886667697
Random651
Raw:-4.764780461763468,-8.045815156844464,-7.708439689911393,3.7486468788249763,-6.622739700372345,4.25434158583306,-17.999874400269952,-11.72006329262698,8.891891401501697,10.838707886667697
EFT:-4.76478046176347,-8.045815156844462,-7.708439689911395,3.7486468788249763,-6.622739700372345,4.254341585833061,-17.999874400269952,-11.720063292626978,8.891891401501697,10.838707886667697
Random652
Raw:-4.764780461763471,-8.045815156844467,-7.708439689911397,3.748646878824979,-6.62273970037235,4.25434158583306,-17.999874400269952,-11.720063292626982,8.891891401501697,10.838707886667702
EFT:-4.764780461763469,-8.045815156844464,-7.708439689911395,3.7486468788249767,-6.622739700372346,4.254341585833061,-17.999874400269952,-11.72006329262698,8.891891401501697,10.838707886667699
Random653
Raw:-4.764780461763468,-8.045815156844467,-7.708439689911398,3.748646878824979,-6.6227397003723425,4.254341585833064,-17.999874400269956,-11.720063292626978,8.89189140150169,10.838707886667704
EFT:-4.76478046176347,-8.045815156844462,-7.708439689911394,3.748646878824977,-6.622739700372347,4.25434158583306,-17.999874400269952,-11.72006329262698,8.891891401501697,10.838707886667697
Random654
Raw:-4.7647804617634675,-8.045815156844464,-7.708439689911398,3.748646878824979,-6.622739700372344,4.254341585833061,-17.999874400269956,-11.72006329262698,8.891891401501697,10.838707886667697
EFT:-4.76478046176347,-8.045815156844462,-7.708439689911395,3.7486468788249767,-6.622739700372345,4.254341585833061,-17.999874400269952,-11.72006329262698,8.891891401501697,10.838707886667699
Random655
Raw:-4.764780461763473,-8.045815156844462,-7.7084396899113985,3.74864687882498,-6.622739700372349,4.254341585833061,-17.99987440026996,-11.720063292626987,8.891891401501693,10.838707886667695
EFT:-4.76478046176347,-8.045815156844462,-7.708439689911395,3.7486468788249763,-6.622739700372345,4.254341585833061,-17.999874400269952,-11.720063292626978,8.891891401501697,10.838707886667697
Random656
Raw:-4.764780461763467,-8.045815156844462,-7.708439689911392,3.748646878824977,-6.622739700372347,4.254341585833061,-17.999874400269956,-11.720063292626985,8.891891401501697,10.838707886667702
EFT:-4.76478046176347,-8.045815156844462,-7.708439689911395,3.7486468788249763,-6.622739700372345,4.254341585833061,-17.999874400269952,-11.720063292626978,8.891891401501697,10.838707886667697
Random657
Raw:-4.764780461763472,-8.045815156844466,-7.708439689911396,3.7486468788249763,-6.6227397003723425,4.25434158583306,-17.999874400269952,-11.720063292626984,8.891891401501699,10.838707886667706
EFT:-4.76478046176347,-8.045815156844462,-7.708439689911395,3.7486468788249767,-6.622739700372345,4.254341585833061,-17.999874400269952,-11.720063292626978,8.891891401501697,10.838707886667697
Random658
Raw:-4.76478046176347,-8.04581515684446,-7.708439689911397,3.7486468788249763,-6.622739700372344,4.254341585833061,-17.999874400269952,-11.720063292626982,8.891891401501699,10.8387078866677
EFT:-4.76478046176347,-8.045815156844462,-7.708439689911395,3.7486468788249767,-6.622739700372345,4.254341585833061,-17.999874400269952,-11.72006329262698,8.891891401501697,10.838707886667697
Random659
Raw:-4.764780461763465,-8.045815156844464,-7.708439689911395,3.748646878824977,-6.6227397003723425,4.254341585833054,-17.999874400269952,-11.720063292626978,8.891891401501693,10.838707886667699
EFT:-4.76478046176347,-8.045815156844462,-7.708439689911394,3.748646878824977,-6.622739700372347,4.25434158583306,-17.999874400269952,-11.72006329262698,8.891891401501697,10.838707886667697
Random660
Raw:-4.76478046176347,-8.045815156844462,-7.708439689911396,3.7486468788249754,-6.622739700372345,4.254341585833064,-17.999874400269956,-11.72006329262698,8.891891401501697,10.838707886667699
EFT:-4.76478046176347,-8.045815156844462,-7.708439689911394,3.748646878824977,-6.622739700372347,4.25434158583306,-17.999874400269952,-11.72006329262698,8.891891401501697,10.838707886667697
Random661
Raw:-4.764780461763467,-8.045815156844464,-7.708439689911392,3.7486468788249754,-6.622739700372347,4.254341585833065,-17.99987440026995,-11.72006329262698,8.891891401501697,10.838707886667697
EFT:-4.76478046176347,-8.045815156844462,-7.708439689911394,3.748646878824977,-6.622739700372347,4.25434158583306,-17.999874400269952,-11.72006329262698,8.891891401501697,10.838707886667697
Random662
Raw:-4.764780461763468,-8.045815156844464,-7.708439689911394,3.748646878824979,-6.622739700372349,4.254341585833061,-17.999874400269952,-11.720063292626985,8.891891401501695,10.838707886667699
EFT:-4.76478046176347,-8.045815156844462,-7.708439689911395,3.7486468788249767,-6.622739700372345,4.254341585833061,-17.999874400269952,-11.72006329262698,8.891891401501697,10.838707886667697
Random663
Raw:-4.764780461763469,-8.045815156844466,-7.708439689911396,3.7486468788249763,-6.622739700372343,4.254341585833064,-17.99987440026996,-11.720063292626984,8.891891401501695,10.838707886667704
EFT:-4.76478046176347,-8.045815156844462,-7.708439689911394,3.748646878824977,-6.622739700372347,4.25434158583306,-17.999874400269952,-11.72006329262698,8.891891401501697,10.838707886667697
Random664
Raw:-4.7647804617634675,-8.045815156844462,-7.708439689911396,3.7486468788249763,-6.622739700372344,4.254341585833058,-17.999874400269956,-11.720063292626977,8.891891401501693,10.838707886667699
EFT:-4.76478046176347,-8.045815156844462,-7.708439689911395,3.7486468788249776,-6.622739700372347,4.254341585833061,-17.999874400269952,-11.72006329262698,8.891891401501697,10.838707886667699
Random665
Raw:-4.76478046176347,-8.045815156844462,-7.708439689911395,3.7486468788249776,-6.622739700372345,4.254341585833058,-17.999874400269945,-11.72006329262698,8.891891401501697,10.838707886667693
EFT:-4.764780461763469,-8.045815156844464,-7.708439689911395,3.7486468788249767,-6.622739700372346,4.254341585833061,-17.999874400269952,-11.72006329262698,8.891891401501697,10.838707886667699
Random666
Raw:-4.764780461763467,-8.045815156844458,-7.708439689911395,3.7486468788249745,-6.622739700372342,4.25434158583306,-17.999874400269942,-11.720063292626982,8.8918914015017,10.838707886667697
EFT:-4.76478046176347,-8.045815156844462,-7.708439689911394,3.748646878824977,-6.622739700372347,4.25434158583306,-17.999874400269952,-11.72006329262698,8.891891401501697,10.838707886667697
Random667
Raw:-4.764780461763467,-8.04581515684447,-7.708439689911396,3.7486468788249785,-6.622739700372343,4.254341585833057,-17.999874400269952,-11.720063292626985,8.891891401501699,10.838707886667699
EFT:-4.76478046176347,-8.045815156844464,-7.708439689911394,3.7486468788249776,-6.622739700372347,4.25434158583306,-17.999874400269952,-11.72006329262698,8.891891401501697,10.838707886667699
Random668
Raw:-4.764780461763473,-8.045815156844462,-7.7084396899113985,3.7486468788249754,-6.622739700372342,4.254341585833062,-17.999874400269952,-11.720063292626982,8.891891401501697,10.8387078866677
EFT:-4.76478046176347,-8.045815156844462,-7.708439689911394,3.748646878824977,-6.622739700372347,4.25434158583306,-17.999874400269952,-11.72006329262698,8.891891401501697,10.838707886667697
Random669
Raw:-4.7647804617634675,-8.045815156844462,-7.708439689911396,3.7486468788249763,-6.622739700372346,4.2543415858330595,-17.999874400269956,-11.720063292626985,8.891891401501697,10.838707886667697
EFT:-4.764780461763469,-8.045815156844462,-7.708439689911395,3.7486468788249767,-6.622739700372346,4.254341585833061,-17.999874400269952,-11.72006329262698,8.891891401501697,10.838707886667699
Random670
Raw:-4.764780461763471,-8.045815156844462,-7.708439689911394,3.7486468788249754,-6.62273970037235,4.254341585833065,-17.999874400269956,-11.720063292626984,8.891891401501693,10.8387078866677
EFT:-4.76478046176347,-8.045815156844462,-7.708439689911394,3.748646878824977,-6.622739700372347,4.25434158583306,-17.999874400269952,-11.72006329262698,8.891891401501697,10.838707886667697
Random671
Raw:-4.764780461763463,-8.045815156844464,-7.7084396899113905,3.7486468788249754,-6.622739700372349,4.254341585833056,-17.999874400269956,-11.720063292626984,8.8918914015017,10.838707886667695
EFT:-4.76478046176347,-8.045815156844462,-7.708439689911395,3.7486468788249763,-6.622739700372345,4.254341585833061,-17.999874400269952,-11.720063292626978,8.891891401501697,10.838707886667697
Random672
Raw:-4.764780461763474,-8.045815156844466,-7.708439689911397,3.7486468788249776,-6.622739700372348,4.254341585833058,-17.999874400269956,-11.720063292626984,8.891891401501697,10.838707886667697
EFT:-4.76478046176347,-8.045815156844462,-7.708439689911394,3.748646878824977,-6.622739700372347,4.25434158583306,-17.999874400269952,-11.72006329262698,8.891891401501697,10.838707886667697
Random673
Raw:-4.7647804617634755,-8.045815156844467,-7.708439689911399,3.7486468788249807,-6.622739700372343,4.254341585833063,-17.999874400269956,-11.720063292626984,8.89189140150169,10.838707886667697
EFT:-4.76478046176347,-8.045815156844462,-7.708439689911395,3.7486468788249767,-6.622739700372345,4.254341585833061,-17.999874400269952,-11.72006329262698,8.891891401501695,10.838707886667697
Random674
Raw:-4.76478046176347,-8.045815156844466,-7.708439689911397,3.7486468788249794,-6.622739700372346,4.254341585833062,-17.99987440026996,-11.720063292626982,8.891891401501695,10.838707886667706
EFT:-4.76478046176347,-8.045815156844464,-7.708439689911394,3.7486468788249776,-6.622739700372347,4.25434158583306,-17.999874400269952,-11.72006329262698,8.891891401501697,10.838707886667697
Random675
Raw:-4.76478046176347,-8.04581515684446,-7.7084396899113905,3.748646878824977,-6.622739700372348,4.254341585833058,-17.999874400269952,-11.720063292626984,8.891891401501697,10.838707886667695
EFT:-4.76478046176347,-8.045815156844462,-7.708439689911395,3.7486468788249763,-6.622739700372345,4.254341585833061,-17.999874400269952,-11.72006329262698,8.891891401501697,10.838707886667697
Random676
Raw:-4.764780461763465,-8.045815156844462,-7.708439689911396,3.7486468788249754,-6.6227397003723425,4.254341585833062,-17.99987440026995,-11.720063292626982,8.891891401501697,10.8387078866677
EFT:-4.76478046176347,-8.045815156844462,-7.708439689911394,3.748646878824977,-6.622739700372347,4.25434158583306,-17.999874400269952,-11.72006329262698,8.891891401501697,10.838707886667697
Random677
Raw:-4.764780461763472,-8.045815156844464,-7.708439689911401,3.748646878824979,-6.6227397003723425,4.254341585833067,-17.999874400269952,-11.720063292626987,8.891891401501693,10.838707886667699
EFT:-4.76478046176347,-8.045815156844462,-7.708439689911395,3.7486468788249767,-6.622739700372345,4.254341585833061,-17.999874400269952,-11.720063292626978,8.891891401501697,10.838707886667699
Random678
Raw:-4.764780461763472,-8.04581515684446,-7.708439689911393,3.748646878824976,-6.622739700372345,4.254341585833063,-17.99987440026995,-11.72006329262698,8.891891401501699,10.838707886667693
EFT:-4.764780461763469,-8.045815156844462,-7.708439689911395,3.748646878824977,-6.622739700372346,4.254341585833061,-17.999874400269952,-11.72006329262698,8.891891401501697,10.838707886667699
Random679
Raw:-4.764780461763467,-8.045815156844466,-7.708439689911392,3.748646878824976,-6.622739700372345,4.254341585833058,-17.999874400269945,-11.720063292626982,8.891891401501706,10.838707886667702
EFT:-4.76478046176347,-8.045815156844462,-7.708439689911394,3.748646878824977,-6.622739700372347,4.25434158583306,-17.999874400269952,-11.72006329262698,8.891891401501697,10.838707886667697
Random680
Raw:-4.76478046176347,-8.045815156844462,-7.708439689911399,3.748646878824976,-6.622739700372342,4.254341585833067,-17.999874400269942,-11.720063292626977,8.891891401501697,10.838707886667704
EFT:-4.76478046176347,-8.045815156844462,-7.708439689911394,3.748646878824977,-6.622739700372347,4.25434158583306,-17.999874400269952,-11.72006329262698,8.891891401501697,10.838707886667697
Random681
Raw:-4.7647804617634675,-8.045815156844462,-7.708439689911395,3.748646878824978,-6.622739700372346,4.254341585833055,-17.999874400269952,-11.720063292626977,8.891891401501699,10.8387078866677
EFT:-4.76478046176347,-8.045815156844462,-7.708439689911394,3.7486468788249776,-6.622739700372347,4.25434158583306,-17.999874400269952,-11.72006329262698,8.891891401501697,10.838707886667697
Random682
Raw:-4.764780461763468,-8.045815156844464,-7.7084396899113905,3.748646878824978,-6.622739700372347,4.2543415858330595,-17.999874400269952,-11.720063292626982,8.891891401501697,10.838707886667699
EFT:-4.76478046176347,-8.045815156844462,-7.708439689911395,3.7486468788249767,-6.622739700372345,4.254341585833061,-17.999874400269952,-11.72006329262698,8.891891401501697,10.838707886667699
Random683
Raw:-4.764780461763468,-8.045815156844457,-7.7084396899113905,3.7486468788249745,-6.622739700372343,4.254341585833061,-17.999874400269945,-11.720063292626975,8.891891401501693,10.838707886667697
EFT:-4.764780461763469,-8.045815156844464,-7.708439689911394,3.7486468788249767,-6.622739700372346,4.254341585833061,-17.999874400269952,-11.72006329262698,8.891891401501697,10.838707886667699
Random684
Raw:-4.764780461763465,-8.045815156844462,-7.708439689911395,3.7486468788249754,-6.622739700372341,4.254341585833066,-17.999874400269956,-11.720063292626978,8.891891401501693,10.838707886667702
EFT:-4.76478046176347,-8.045815156844462,-7.708439689911395,3.7486468788249767,-6.622739700372345,4.254341585833061,-17.999874400269952,-11.72006329262698,8.891891401501697,10.838707886667697
Random685
Raw:-4.7647804617634675,-8.045815156844467,-7.708439689911395,3.748646878824975,-6.62273970037234,4.25434158583306,-17.99987440026995,-11.720063292626978,8.891891401501699,10.838707886667699
EFT:-4.76478046176347,-8.045815156844462,-7.708439689911395,3.7486468788249763,-6.622739700372345,4.254341585833061,-17.999874400269952,-11.72006329262698,8.891891401501697,10.838707886667697
Random686
Raw:-4.764780461763472,-8.045815156844464,-7.7084396899113985,3.748646878824978,-6.6227397003723425,4.254341585833066,-17.999874400269956,-11.72006329262698,8.891891401501693,10.838707886667702
EFT:-4.76478046176347,-8.045815156844462,-7.708439689911394,3.748646878824977,-6.622739700372347,4.25434158583306,-17.999874400269952,-11.72006329262698,8.891891401501697,10.838707886667697
Random687
Raw:-4.7647804617634755,-8.045815156844462,-7.708439689911395,3.748646878824979,-6.622739700372349,4.2543415858330595,-17.999874400269952,-11.720063292626984,8.8918914015017,10.838707886667697
EFT:-4.76478046176347,-8.045815156844462,-7.708439689911395,3.7486468788249763,-6.622739700372345,4.254341585833061,-17.999874400269952,-11.72006329262698,8.891891401501697,10.838707886667697
Random688
Raw:-4.764780461763468,-8.045815156844464,-7.708439689911395,3.748646878824976,-6.622739700372346,4.254341585833062,-17.99987440026995,-11.720063292626984,8.891891401501699,10.8387078866677
EFT:-4.76478046176347,-8.045815156844462,-7.708439689911395,3.7486468788249767,-6.622739700372345,4.254341585833061,-17.999874400269952,-11.72006329262698,8.891891401501697,10.838707886667697
Random689
Raw:-4.764780461763468,-8.045815156844464,-7.708439689911398,3.7486468788249794,-6.622739700372344,4.254341585833062,-17.999874400269952,-11.720063292626984,8.891891401501697,10.838707886667697
EFT:-4.764780461763469,-8.045815156844462,-7.708439689911395,3.7486468788249767,-6.622739700372346,4.254341585833061,-17.999874400269952,-11.72006329262698,8.891891401501697,10.838707886667699
Random690
Raw:-4.764780461763467,-8.045815156844462,-7.708439689911393,3.748646878824974,-6.622739700372343,4.25434158583306,-17.999874400269945,-11.72006329262698,8.891891401501702,10.838707886667693
EFT:-4.76478046176347,-8.045815156844462,-7.708439689911394,3.7486468788249776,-6.622739700372347,4.25434158583306,-17.999874400269952,-11.72006329262698,8.891891401501697,10.838707886667699
Random691
Raw:-4.764780461763465,-8.045815156844462,-7.708439689911397,3.7486468788249754,-6.62273970037234,4.2543415858330595,-17.999874400269952,-11.720063292626982,8.8918914015017,10.838707886667699
EFT:-4.76478046176347,-8.045815156844462,-7.708439689911395,3.7486468788249767,-6.622739700372345,4.254341585833061,-17.999874400269952,-11.72006329262698,8.891891401501697,10.838707886667697
Random692
Raw:-4.764780461763471,-8.045815156844466,-7.708439689911393,3.7486468788249776,-6.62273970037235,4.25434158583306,-17.999874400269942,-11.720063292626984,8.891891401501699,10.838707886667693
EFT:-4.764780461763469,-8.045815156844462,-7.708439689911394,3.7486468788249767,-6.622739700372346,4.254341585833061,-17.999874400269952,-11.72006329262698,8.891891401501697,10.838707886667699
Random693
Raw:-4.764780461763466,-8.04581515684447,-7.708439689911394,3.748646878824974,-6.6227397003723425,4.254341585833061,-17.999874400269945,-11.720063292626985,8.8918914015017,10.838707886667695
EFT:-4.76478046176347,-8.045815156844462,-7.708439689911394,3.7486468788249776,-6.622739700372347,4.25434158583306,-17.999874400269952,-11.72006329262698,8.891891401501697,10.838707886667697
Random694
Raw:-4.7647804617634675,-8.045815156844462,-7.708439689911386,3.748646878824978,-6.622739700372354,4.254341585833059,-17.999874400269956,-11.720063292626977,8.891891401501692,10.838707886667692
EFT:-4.76478046176347,-8.045815156844464,-7.708439689911394,3.7486468788249776,-6.622739700372347,4.25434158583306,-17.999874400269952,-11.72006329262698,8.891891401501697,10.838707886667699
Random695
Raw:-4.764780461763474,-8.04581515684446,-7.708439689911394,3.7486468788249745,-6.622739700372346,4.254341585833062,-17.99987440026995,-11.72006329262698,8.891891401501697,10.8387078866677
EFT:-4.76478046176347,-8.045815156844462,-7.708439689911394,3.748646878824977,-6.622739700372347,4.25434158583306,-17.999874400269952,-11.72006329262698,8.891891401501697,10.838707886667697
Random696
Raw:-4.7647804617634675,-8.045815156844462,-7.708439689911391,3.7486468788249763,-6.622739700372353,4.254341585833057,-17.99987440026995,-11.720063292626985,8.891891401501699,10.838707886667695
EFT:-4.76478046176347,-8.045815156844462,-7.708439689911395,3.7486468788249767,-6.622739700372345,4.254341585833061,-17.999874400269952,-11.72006329262698,8.891891401501697,10.838707886667699
Random697
Raw:-4.764780461763466,-8.045815156844462,-7.708439689911389,3.748646878824975,-6.6227397003723505,4.254341585833054,-17.999874400269945,-11.720063292626978,8.891891401501702,10.838707886667692
EFT:-4.76478046176347,-8.045815156844462,-7.708439689911395,3.7486468788249767,-6.622739700372345,4.254341585833061,-17.999874400269952,-11.72006329262698,8.891891401501697,10.838707886667697
Random698
Raw:-4.76478046176347,-8.045815156844466,-7.708439689911397,3.748646878824977,-6.622739700372348,4.254341585833063,-17.99987440026995,-11.720063292626984,8.8918914015017,10.838707886667697
EFT:-4.76478046176347,-8.045815156844462,-7.708439689911394,3.748646878824977,-6.622739700372347,4.25434158583306,-17.999874400269952,-11.72006329262698,8.891891401501697,10.838707886667697
Random699
Raw:-4.764780461763471,-8.045815156844466,-7.7084396899114,3.748646878824978,-6.622739700372343,4.254341585833058,-17.999874400269956,-11.720063292626985,8.891891401501695,10.838707886667697
EFT:-4.76478046176347,-8.045815156844462,-7.708439689911394,3.748646878824977,-6.622739700372347,4.25434158583306,-17.999874400269952,-11.72006329262698,8.891891401501697,10.838707886667697
Random700
Raw:-4.76478046176347,-8.045815156844464,-7.708439689911395,3.7486468788249763,-6.6227397003723425,4.25434158583306,-17.999874400269956,-11.72006329262698,8.891891401501699,10.838707886667697
EFT:-4.764780461763469,-8.045815156844464,-7.708439689911395,3.7486468788249767,-6.622739700372346,4.254341585833061,-17.999874400269952,-11.72006329262698,8.891891401501697,10.838707886667699
Random701
Raw:-4.764780461763469,-8.045815156844464,-7.708439689911403,3.7486468788249776,-6.6227397003723425,4.254341585833068,-17.999874400269956,-11.720063292626984,8.891891401501697,10.838707886667706
EFT:-4.764780461763469,-8.045815156844464,-7.708439689911394,3.7486468788249767,-6.622739700372346,4.254341585833061,-17.999874400269952,-11.72006329262698,8.891891401501697,10.838707886667699
Random702
Raw:-4.76478046176347,-8.045815156844466,-7.708439689911394,3.748646878824977,-6.622739700372349,4.25434158583306,-17.99987440026995,-11.720063292626982,8.891891401501697,10.838707886667697
EFT:-4.764780461763469,-8.045815156844462,-7.708439689911394,3.7486468788249767,-6.622739700372346,4.254341585833061,-17.999874400269952,-11.72006329262698,8.891891401501697,10.838707886667699
Random703
Raw:-4.764780461763472,-8.045815156844467,-7.708439689911399,3.748646878824978,-6.622739700372342,4.254341585833058,-17.999874400269952,-11.720063292626982,8.891891401501699,10.8387078866677
EFT:-4.76478046176347,-8.045815156844462,-7.708439689911394,3.7486468788249776,-6.622739700372347,4.25434158583306,-17.999874400269952,-11.72006329262698,8.891891401501697,10.838707886667699
Random704
Raw:-4.764780461763472,-8.045815156844462,-7.708439689911396,3.748646878824977,-6.622739700372348,4.254341585833064,-17.999874400269945,-11.720063292626982,8.891891401501697,10.838707886667695
EFT:-4.76478046176347,-8.045815156844462,-7.708439689911395,3.7486468788249767,-6.622739700372345,4.254341585833061,-17.999874400269952,-11.72006329262698,8.891891401501697,10.838707886667697
Random705
Raw:-4.764780461763472,-8.045815156844464,-7.708439689911395,3.7486468788249767,-6.622739700372341,4.254341585833063,-17.99987440026995,-11.72006329262698,8.891891401501695,10.8387078866677
EFT:-4.764780461763469,-8.045815156844462,-7.708439689911395,3.748646878824977,-6.622739700372346,4.254341585833061,-17.999874400269952,-11.72006329262698,8.891891401501697,10.838707886667699
Random706
Raw:-4.764780461763473,-8.045815156844464,-7.708439689911397,3.7486468788249767,-6.622739700372342,4.2543415858330595,-17.999874400269956,-11.720063292626982,8.891891401501695,10.8387078866677
EFT:-4.764780461763469,-8.045815156844462,-7.708439689911395,3.7486468788249767,-6.622739700372346,4.254341585833061,-17.999874400269952,-11.72006329262698,8.891891401501697,10.838707886667699
Random707
Raw:-4.764780461763471,-8.045815156844466,-7.708439689911397,3.748646878824977,-6.622739700372346,4.254341585833059,-17.999874400269956,-11.72006329262698,8.891891401501695,10.838707886667697
EFT:-4.76478046176347,-8.045815156844462,-7.708439689911394,3.748646878824977,-6.622739700372347,4.25434158583306,-17.999874400269952,-11.72006329262698,8.891891401501697,10.838707886667697
Random708
Raw:-4.7647804617634675,-8.04581515684447,-7.708439689911395,3.74864687882498,-6.622739700372345,4.254341585833058,-17.999874400269956,-11.72006329262698,8.891891401501697,10.838707886667699
EFT:-4.76478046176347,-8.045815156844462,-7.708439689911394,3.748646878824977,-6.622739700372347,4.25434158583306,-17.999874400269952,-11.72006329262698,8.891891401501697,10.838707886667697
Random709
Raw:-4.764780461763468,-8.045815156844464,-7.7084396899113985,3.748646878824977,-6.622739700372341,4.254341585833063,-17.999874400269956,-11.720063292626985,8.891891401501699,10.838707886667702
EFT:-4.76478046176347,-8.045815156844462,-7.708439689911395,3.7486468788249763,-6.622739700372345,4.254341585833061,-17.999874400269952,-11.72006329262698,8.891891401501697,10.838707886667697
Random710
Raw:-4.764780461763462,-8.045815156844467,-7.708439689911391,3.748646878824977,-6.622739700372345,4.254341585833058,-17.999874400269945,-11.720063292626982,8.891891401501695,10.838707886667702
EFT:-4.76478046176347,-8.045815156844462,-7.708439689911394,3.748646878824977,-6.622739700372347,4.25434158583306,-17.999874400269952,-11.72006329262698,8.891891401501697,10.838707886667697
Random711
Raw:-4.764780461763471,-8.04581515684447,-7.708439689911401,3.74864687882498,-6.622739700372346,4.254341585833065,-17.999874400269952,-11.720063292626987,8.891891401501697,10.838707886667699
EFT:-4.76478046176347,-8.045815156844462,-7.708439689911395,3.7486468788249763,-6.622739700372345,4.254341585833061,-17.999874400269952,-11.720063292626978,8.891891401501697,10.838707886667697
Random712
Raw:-4.764780461763472,-8.045815156844466,-7.708439689911398,3.748646878824978,-6.622739700372347,4.254341585833062,-17.999874400269952,-11.720063292626982,8.891891401501697,10.838707886667697
EFT:-4.76478046176347,-8.045815156844462,-7.708439689911394,3.748646878824977,-6.622739700372347,4.25434158583306,-17.999874400269952,-11.72006329262698,8.891891401501697,10.838707886667697
Random713
Raw:-4.764780461763471,-8.045815156844466,-7.708439689911399,3.7486468788249807,-6.622739700372342,4.254341585833058,-17.99987440026996,-11.720063292626984,8.891891401501697,10.838707886667702
EFT:-4.76478046176347,-8.045815156844462,-7.708439689911394,3.7486468788249776,-6.622739700372347,4.25434158583306,-17.999874400269952,-11.72006329262698,8.891891401501697,10.838707886667699
Random714
Raw:-4.76478046176347,-8.045815156844464,-7.708439689911403,3.748646878824978,-6.6227397003723425,4.254341585833072,-17.999874400269952,-11.72006329262698,8.891891401501692,10.838707886667702
EFT:-4.76478046176347,-8.045815156844462,-7.708439689911394,3.748646878824977,-6.622739700372347,4.25434158583306,-17.999874400269952,-11.72006329262698,8.891891401501697,10.838707886667697
Random715
Raw:-4.764780461763469,-8.045815156844466,-7.708439689911399,3.7486468788249785,-6.6227397003723425,4.2543415858330675,-17.99987440026995,-11.720063292626982,8.891891401501697,10.8387078866677
EFT:-4.76478046176347,-8.045815156844462,-7.708439689911395,3.7486468788249767,-6.622739700372345,4.254341585833061,-17.999874400269952,-11.72006329262698,8.891891401501697,10.838707886667699
Random716
Raw:-4.7647804617634675,-8.045815156844464,-7.708439689911391,3.748646878824974,-6.622739700372342,4.254341585833063,-17.999874400269945,-11.720063292626982,8.891891401501699,10.838707886667699
EFT:-4.76478046176347,-8.045815156844462,-7.708439689911394,3.748646878824977,-6.622739700372347,4.25434158583306,-17.999874400269952,-11.72006329262698,8.891891401501697,10.838707886667697
Random717
Raw:-4.764780461763465,-8.04581515684446,-7.708439689911387,3.748646878824975,-6.622739700372347,4.2543415858330595,-17.99987440026995,-11.720063292626978,8.891891401501695,10.838707886667693
EFT:-4.76478046176347,-8.045815156844462,-7.708439689911394,3.748646878824977,-6.622739700372347,4.25434158583306,-17.999874400269952,-11.72006329262698,8.891891401501697,10.838707886667697
Random718
Raw:-4.764780461763468,-8.045815156844466,-7.708439689911393,3.7486468788249754,-6.622739700372344,4.25434158583306,-17.999874400269952,-11.720063292626982,8.891891401501697,10.838707886667695
EFT:-4.76478046176347,-8.045815156844462,-7.708439689911394,3.7486468788249776,-6.622739700372347,4.254341585833061,-17.999874400269952,-11.72006329262698,8.891891401501697,10.838707886667699
Random719
Raw:-4.764780461763468,-8.045815156844462,-7.708439689911392,3.7486468788249763,-6.622739700372347,4.254341585833062,-17.99987440026995,-11.720063292626978,8.891891401501699,10.8387078866677
EFT:-4.76478046176347,-8.045815156844462,-7.708439689911394,3.748646878824977,-6.622739700372347,4.25434158583306,-17.999874400269952,-11.72006329262698,8.891891401501697,10.838707886667697
Random720
Raw:-4.764780461763468,-8.045815156844464,-7.708439689911396,3.7486468788249763,-6.622739700372348,4.254341585833061,-17.99987440026995,-11.720063292626982,8.891891401501699,10.838707886667697
EFT:-4.76478046176347,-8.045815156844462,-7.708439689911394,3.748646878824977,-6.622739700372347,4.25434158583306,-17.999874400269952,-11.72006329262698,8.891891401501697,10.838707886667697
Random721
Raw:-4.764780461763471,-8.045815156844466,-7.708439689911394,3.748646878824979,-6.6227397003723505,4.254341585833059,-17.999874400269963,-11.720063292626982,8.891891401501695,10.838707886667695
EFT:-4.76478046176347,-8.045815156844462,-7.708439689911395,3.7486468788249763,-6.622739700372345,4.254341585833061,-17.999874400269952,-11.720063292626978,8.891891401501697,10.838707886667697
Random722
Raw:-4.764780461763467,-8.045815156844467,-7.708439689911396,3.748646878824977,-6.622739700372348,4.254341585833061,-17.999874400269952,-11.720063292626982,8.8918914015017,10.8387078866677
EFT:-4.76478046176347,-8.045815156844462,-7.708439689911394,3.748646878824977,-6.622739700372347,4.25434158583306,-17.999874400269952,-11.72006329262698,8.891891401501697,10.838707886667697
Random723
Raw:-4.76478046176347,-8.045815156844467,-7.708439689911396,3.748646878824977,-6.622739700372342,4.254341585833061,-17.999874400269952,-11.72006329262698,8.891891401501695,10.838707886667695
EFT:-4.76478046176347,-8.045815156844462,-7.708439689911394,3.748646878824977,-6.622739700372347,4.25434158583306,-17.999874400269952,-11.72006329262698,8.891891401501697,10.838707886667697
Random724
Raw:-4.764780461763474,-8.045815156844467,-7.708439689911398,3.7486468788249803,-6.622739700372346,4.254341585833061,-17.999874400269967,-11.720063292626984,8.891891401501695,10.8387078866677
EFT:-4.76478046176347,-8.045815156844462,-7.708439689911395,3.7486468788249763,-6.622739700372345,4.254341585833061,-17.999874400269952,-11.72006329262698,8.891891401501697,10.838707886667697
Random725
Raw:-4.764780461763471,-8.045815156844467,-7.708439689911397,3.7486468788249807,-6.622739700372345,4.254341585833055,-17.99987440026996,-11.72006329262698,8.891891401501697,10.8387078866677
EFT:-4.76478046176347,-8.045815156844462,-7.708439689911395,3.7486468788249767,-6.622739700372345,4.254341585833061,-17.999874400269952,-11.72006329262698,8.891891401501697,10.838707886667699
Random726
Raw:-4.764780461763465,-8.045815156844462,-7.708439689911387,3.7486468788249745,-6.622739700372345,4.254341585833055,-17.999874400269952,-11.720063292626973,8.891891401501695,10.838707886667702
EFT:-4.76478046176347,-8.045815156844462,-7.708439689911394,3.7486468788249776,-6.622739700372347,4.254341585833061,-17.999874400269952,-11.72006329262698,8.891891401501697,10.838707886667699
Random727
Raw:-4.764780461763472,-8.045815156844464,-7.708439689911398,3.7486468788249807,-6.622739700372347,4.254341585833062,-17.99987440026996,-11.720063292626982,8.89189140150169,10.838707886667704
EFT:-4.76478046176347,-8.045815156844462,-7.708439689911395,3.7486468788249763,-6.622739700372345,4.254341585833061,-17.999874400269952,-11.720063292626978,8.891891401501697,10.838707886667697
Random728
Raw:-4.764780461763469,-8.04581515684447,-7.708439689911395,3.7486468788249794,-6.622739700372349,4.254341585833057,-17.999874400269952,-11.720063292626982,8.891891401501697,10.838707886667702
EFT:-4.76478046176347,-8.045815156844462,-7.708439689911394,3.748646878824977,-6.622739700372347,4.25434158583306,-17.999874400269952,-11.72006329262698,8.891891401501697,10.838707886667697
Random729
Raw:-4.764780461763475,-8.045815156844467,-7.708439689911403,3.7486468788249807,-6.622739700372343,4.254341585833066,-17.999874400269956,-11.720063292626987,8.891891401501693,10.838707886667704
EFT:-4.76478046176347,-8.045815156844462,-7.708439689911395,3.7486468788249763,-6.622739700372345,4.254341585833061,-17.999874400269952,-11.72006329262698,8.891891401501697,10.838707886667697
Random730
Raw:-4.7647804617634675,-8.045815156844466,-7.708439689911393,3.748646878824975,-6.622739700372342,4.254341585833061,-17.99987440026995,-11.720063292626985,8.891891401501699,10.838707886667695
EFT:-4.76478046176347,-8.045815156844462,-7.708439689911395,3.7486468788249767,-6.622739700372345,4.254341585833061,-17.999874400269952,-11.72006329262698,8.891891401501697,10.838707886667699
Random731
Raw:-4.764780461763469,-8.045815156844462,-7.708439689911398,3.74864687882498,-6.622739700372346,4.254341585833061,-17.999874400269956,-11.720063292626985,8.891891401501695,10.838707886667697
EFT:-4.76478046176347,-8.045815156844462,-7.708439689911394,3.748646878824977,-6.622739700372347,4.25434158583306,-17.999874400269952,-11.72006329262698,8.891891401501697,10.838707886667697
Random732
Raw:-4.764780461763472,-8.045815156844464,-7.7084396899113985,3.7486468788249816,-6.622739700372355,4.254341585833066,-17.999874400269956,-11.72006329262699,8.891891401501693,10.838707886667697
EFT:-4.76478046176347,-8.045815156844462,-7.708439689911394,3.748646878824977,-6.622739700372347,4.25434158583306,-17.999874400269952,-11.72006329262698,8.891891401501697,10.838707886667697
Random733
Raw:-4.764780461763468,-8.045815156844464,-7.708439689911396,3.748646878824977,-6.622739700372345,4.254341585833058,-17.999874400269952,-11.720063292626982,8.891891401501699,10.838707886667697
EFT:-4.76478046176347,-8.045815156844462,-7.708439689911394,3.748646878824977,-6.622739700372347,4.25434158583306,-17.999874400269952,-11.72006329262698,8.891891401501697,10.838707886667697
Random734
Raw:-4.764780461763467,-8.045815156844464,-7.708439689911392,3.7486468788249763,-6.622739700372348,4.254341585833057,-17.999874400269942,-11.72006329262698,8.891891401501697,10.838707886667697
EFT:-4.76478046176347,-8.045815156844462,-7.708439689911394,3.748646878824977,-6.622739700372347,4.25434158583306,-17.999874400269952,-11.72006329262698,8.891891401501697,10.838707886667697
Random735
Raw:-4.764780461763468,-8.045815156844464,-7.708439689911392,3.7486468788249767,-6.62273970037235,4.254341585833063,-17.999874400269952,-11.720063292626984,8.891891401501699,10.8387078866677
EFT:-4.764780461763469,-8.045815156844462,-7.708439689911395,3.7486468788249767,-6.622739700372346,4.254341585833061,-17.999874400269952,-11.72006329262698,8.891891401501697,10.838707886667699
Random736
Raw:-4.76478046176347,-8.045815156844466,-7.708439689911399,3.7486468788249785,-6.622739700372344,4.254341585833066,-17.99987440026995,-11.720063292626987,8.891891401501697,10.838707886667702
EFT:-4.76478046176347,-8.045815156844462,-7.708439689911395,3.7486468788249767,-6.622739700372345,4.254341585833061,-17.999874400269952,-11.72006329262698,8.891891401501695,10.838707886667697
Random737
Raw:-4.764780461763468,-8.045815156844464,-7.708439689911395,3.7486468788249767,-6.62273970037235,4.254341585833059,-17.99987440026995,-11.720063292626978,8.891891401501695,10.838707886667693
EFT:-4.76478046176347,-8.045815156844462,-7.708439689911394,3.7486468788249776,-6.622739700372347,4.25434158583306,-17.999874400269952,-11.72006329262698,8.891891401501697,10.838707886667699
Random738
Raw:-4.76478046176347,-8.045815156844464,-7.708439689911394,3.748646878824979,-6.62273970037235,4.254341585833059,-17.999874400269956,-11.720063292626984,8.891891401501693,10.838707886667699
EFT:-4.76478046176347,-8.045815156844462,-7.708439689911395,3.7486468788249767,-6.622739700372345,4.254341585833061,-17.999874400269952,-11.72006329262698,8.891891401501697,10.838707886667699
Random739
Raw:-4.764780461763471,-8.04581515684447,-7.708439689911396,3.748646878824977,-6.622739700372349,4.254341585833061,-17.999874400269952,-11.720063292626985,8.891891401501702,10.838707886667699
EFT:-4.76478046176347,-8.045815156844462,-7.708439689911394,3.748646878824977,-6.622739700372347,4.25434158583306,-17.999874400269952,-11.72006329262698,8.891891401501697,10.838707886667697
Random740
Raw:-4.764780461763471,-8.045815156844464,-7.7084396899113985,3.7486468788249776,-6.622739700372341,4.25434158583306,-17.999874400269952,-11.720063292626984,8.891891401501697,10.838707886667704
EFT:-4.76478046176347,-8.045815156844462,-7.708439689911394,3.7486468788249776,-6.622739700372347,4.25434158583306,-17.999874400269952,-11.72006329262698,8.891891401501697,10.838707886667699
Random741
Raw:-4.764780461763469,-8.045815156844466,-7.7084396899113905,3.7486468788249767,-6.6227397003723505,4.254341585833056,-17.99987440026995,-11.72006329262698,8.891891401501699,10.838707886667695
EFT:-4.76478046176347,-8.045815156844462,-7.708439689911395,3.7486468788249767,-6.622739700372345,4.254341585833061,-17.999874400269952,-11.72006329262698,8.891891401501697,10.838707886667699
Random742
Raw:-4.764780461763472,-8.04581515684447,-7.708439689911398,3.748646878824981,-6.622739700372346,4.254341585833064,-17.999874400269956,-11.720063292626982,8.891891401501693,10.8387078866677
EFT:-4.76478046176347,-8.045815156844462,-7.708439689911395,3.7486468788249767,-6.622739700372345,4.254341585833061,-17.999874400269952,-11.72006329262698,8.891891401501697,10.838707886667699
Random743
Raw:-4.764780461763464,-8.045815156844462,-7.708439689911387,3.748646878824974,-6.622739700372342,4.254341585833062,-17.999874400269952,-11.720063292626977,8.891891401501692,10.838707886667702
EFT:-4.76478046176347,-8.045815156844462,-7.708439689911395,3.7486468788249767,-6.622739700372345,4.254341585833061,-17.999874400269952,-11.72006329262698,8.891891401501697,10.838707886667697
Random744
Raw:-4.76478046176347,-8.045815156844464,-7.708439689911396,3.7486468788249767,-6.622739700372342,4.25434158583306,-17.99987440026995,-11.720063292626982,8.891891401501697,10.838707886667704
EFT:-4.76478046176347,-8.045815156844464,-7.708439689911394,3.7486468788249776,-6.622739700372347,4.254341585833061,-17.999874400269952,-11.72006329262698,8.891891401501697,10.838707886667699
Random745
Raw:-4.764780461763465,-8.045815156844462,-7.708439689911395,3.748646878824976,-6.622739700372344,4.2543415858330595,-17.999874400269952,-11.72006329262698,8.891891401501693,10.838707886667699
EFT:-4.76478046176347,-8.045815156844462,-7.708439689911394,3.7486468788249776,-6.622739700372347,4.25434158583306,-17.999874400269952,-11.72006329262698,8.891891401501697,10.838707886667699
Random746
Raw:-4.76478046176347,-8.045815156844462,-7.708439689911392,3.748646878824977,-6.62273970037235,4.254341585833058,-17.99987440026995,-11.72006329262698,8.891891401501693,10.838707886667693
EFT:-4.76478046176347,-8.045815156844462,-7.708439689911394,3.7486468788249776,-6.622739700372347,4.25434158583306,-17.999874400269952,-11.72006329262698,8.891891401501697,10.838707886667699
Random747
Raw:-4.764780461763468,-8.045815156844458,-7.708439689911392,3.7486468788249767,-6.622739700372345,4.254341585833058,-17.999874400269956,-11.72006329262698,8.891891401501693,10.838707886667695
EFT:-4.76478046176347,-8.045815156844462,-7.708439689911395,3.7486468788249763,-6.622739700372345,4.254341585833061,-17.999874400269952,-11.72006329262698,8.891891401501697,10.838707886667697
Random748
Raw:-4.764780461763469,-8.045815156844466,-7.708439689911398,3.7486468788249785,-6.622739700372339,4.254341585833056,-17.999874400269967,-11.72006329262698,8.891891401501697,10.838707886667699
EFT:-4.76478046176347,-8.045815156844462,-7.708439689911394,3.7486468788249776,-6.622739700372347,4.25434158583306,-17.999874400269952,-11.72006329262698,8.891891401501697,10.838707886667699
Random749
Raw:-4.764780461763465,-8.045815156844462,-7.7084396899113905,3.7486468788249754,-6.622739700372347,4.254341585833058,-17.99987440026995,-11.72006329262698,8.891891401501699,10.838707886667695
EFT:-4.764780461763469,-8.045815156844462,-7.708439689911395,3.7486468788249767,-6.622739700372346,4.254341585833061,-17.999874400269952,-11.72006329262698,8.891891401501697,10.838707886667699
Random750
Raw:-4.764780461763471,-8.045815156844466,-7.708439689911393,3.748646878824978,-6.622739700372347,4.254341585833065,-17.999874400269952,-11.720063292626982,8.8918914015017,10.838707886667702
EFT:-4.76478046176347,-8.045815156844462,-7.708439689911395,3.7486468788249767,-6.622739700372345,4.254341585833061,-17.999874400269952,-11.72006329262698,8.891891401501697,10.838707886667697
Random751
Raw:-4.764780461763467,-8.045815156844466,-7.708439689911392,3.748646878824974,-6.622739700372345,4.254341585833055,-17.99987440026995,-11.720063292626978,8.891891401501695,10.838707886667695
EFT:-4.76478046176347,-8.045815156844462,-7.708439689911394,3.748646878824977,-6.622739700372347,4.25434158583306,-17.999874400269952,-11.72006329262698,8.891891401501697,10.838707886667697
Random752
Raw:-4.764780461763473,-8.045815156844467,-7.708439689911402,3.7486468788249776,-6.62273970037234,4.254341585833064,-17.99987440026996,-11.720063292626984,8.891891401501693,10.838707886667708
EFT:-4.76478046176347,-8.045815156844462,-7.708439689911395,3.7486468788249767,-6.622739700372345,4.254341585833061,-17.999874400269952,-11.72006329262698,8.891891401501697,10.838707886667699
Random753
Raw:-4.764780461763472,-8.045815156844466,-7.7084396899113985,3.7486468788249816,-6.622739700372345,4.25434158583306,-17.99987440026996,-11.720063292626984,8.891891401501695,10.8387078866677
EFT:-4.76478046176347,-8.045815156844462,-7.708439689911394,3.748646878824977,-6.622739700372347,4.25434158583306,-17.999874400269952,-11.72006329262698,8.891891401501697,10.838707886667697
Random754
Raw:-4.764780461763471,-8.045815156844462,-7.708439689911396,3.7486468788249785,-6.622739700372346,4.254341585833058,-17.99987440026996,-11.720063292626978,8.891891401501695,10.838707886667699
EFT:-4.76478046176347,-8.045815156844462,-7.708439689911395,3.7486468788249763,-6.622739700372345,4.254341585833061,-17.999874400269952,-11.72006329262698,8.891891401501697,10.838707886667697
Random755
Raw:-4.764780461763468,-8.045815156844464,-7.708439689911397,3.7486468788249754,-6.622739700372344,4.254341585833065,-17.999874400269945,-11.720063292626982,8.891891401501697,10.8387078866677
EFT:-4.76478046176347,-8.045815156844462,-7.708439689911394,3.7486468788249776,-6.622739700372347,4.25434158583306,-17.999874400269952,-11.72006329262698,8.891891401501697,10.838707886667699
Random756
Raw:-4.764780461763468,-8.045815156844464,-7.708439689911395,3.7486468788249785,-6.622739700372344,4.254341585833067,-17.999874400269952,-11.720063292626982,8.891891401501695,10.838707886667699
EFT:-4.764780461763469,-8.045815156844464,-7.708439689911395,3.748646878824977,-6.622739700372346,4.254341585833061,-17.999874400269952,-11.72006329262698,8.891891401501697,10.838707886667699
Random757
Raw:-4.764780461763469,-8.045815156844457,-7.708439689911392,3.7486468788249754,-6.622739700372347,4.254341585833063,-17.999874400269945,-11.72006329262698,8.891891401501693,10.838707886667692
EFT:-4.76478046176347,-8.045815156844462,-7.708439689911394,3.748646878824977,-6.622739700372347,4.25434158583306,-17.999874400269952,-11.72006329262698,8.891891401501697,10.838707886667697
Random758
Raw:-4.764780461763473,-8.04581515684446,-7.708439689911397,3.7486468788249763,-6.62273970037235,4.254341585833068,-17.99987440026995,-11.720063292626984,8.8918914015017,10.838707886667697
EFT:-4.76478046176347,-8.045815156844462,-7.708439689911394,3.7486468788249776,-6.622739700372347,4.254341585833061,-17.999874400269952,-11.72006329262698,8.891891401501697,10.838707886667699
Random759
Raw:-4.764780461763465,-8.045815156844462,-7.708439689911396,3.748646878824975,-6.62273970037234,4.2543415858330595,-17.999874400269956,-11.720063292626977,8.891891401501692,10.8387078866677
EFT:-4.76478046176347,-8.045815156844462,-7.708439689911394,3.7486468788249776,-6.622739700372347,4.25434158583306,-17.999874400269952,-11.72006329262698,8.891891401501697,10.838707886667697
Random760
Raw:-4.7647804617634675,-8.045815156844467,-7.708439689911392,3.748646878824978,-6.622739700372349,4.2543415858330595,-17.999874400269956,-11.720063292626984,8.891891401501697,10.838707886667697
EFT:-4.76478046176347,-8.045815156844462,-7.708439689911395,3.7486468788249763,-6.622739700372345,4.254341585833061,-17.999874400269952,-11.720063292626978,8.891891401501697,10.838707886667697
Random761
Raw:-4.76478046176347,-8.045815156844462,-7.708439689911396,3.748646878824978,-6.622739700372343,4.25434158583306,-17.999874400269952,-11.72006329262698,8.891891401501695,10.838707886667697
EFT:-4.76478046176347,-8.045815156844462,-7.708439689911394,3.748646878824977,-6.622739700372347,4.25434158583306,-17.999874400269952,-11.72006329262698,8.891891401501697,10.838707886667699
Random762
Raw:-4.764780461763467,-8.045815156844466,-7.708439689911394,3.7486468788249754,-6.622739700372346,4.254341585833061,-17.99987440026995,-11.720063292626984,8.891891401501699,10.838707886667699
EFT:-4.764780461763469,-8.045815156844464,-7.708439689911395,3.748646878824977,-6.622739700372346,4.254341585833061,-17.999874400269952,-11.72006329262698,8.891891401501697,10.838707886667699
Random763
Raw:-4.764780461763463,-8.045815156844462,-7.708439689911392,3.7486468788249763,-6.622739700372348,4.254341585833057,-17.999874400269956,-11.720063292626984,8.891891401501693,10.838707886667699
EFT:-4.76478046176347,-8.045815156844462,-7.708439689911394,3.748646878824977,-6.622739700372347,4.25434158583306,-17.999874400269952,-11.72006329262698,8.891891401501697,10.838707886667697
Random764
Raw:-4.764780461763468,-8.045815156844462,-7.708439689911395,3.7486468788249736,-6.622739700372346,4.254341585833059,-17.999874400269942,-11.72006329262698,8.891891401501697,10.838707886667693
EFT:-4.76478046176347,-8.045815156844464,-7.708439689911394,3.7486468788249776,-6.622739700372347,4.25434158583306,-17.999874400269952,-11.72006329262698,8.891891401501697,10.838707886667697
Random765
Raw:-4.76478046176347,-8.045815156844467,-7.7084396899113985,3.748646878824979,-6.622739700372343,4.25434158583306,-17.999874400269956,-11.720063292626984,8.891891401501702,10.838707886667702
EFT:-4.76478046176347,-8.045815156844462,-7.708439689911395,3.7486468788249763,-6.622739700372345,4.254341585833061,-17.999874400269952,-11.72006329262698,8.891891401501697,10.838707886667697
Random766
Raw:-4.76478046176347,-8.045815156844467,-7.708439689911397,3.74864687882498,-6.622739700372347,4.254341585833058,-17.999874400269956,-11.720063292626978,8.891891401501693,10.8387078866677
EFT:-4.764780461763469,-8.045815156844462,-7.708439689911395,3.7486468788249767,-6.622739700372346,4.254341585833061,-17.999874400269952,-11.72006329262698,8.891891401501697,10.838707886667699
Random767
Raw:-4.764780461763474,-8.045815156844462,-7.708439689911401,3.7486468788249763,-6.622739700372342,4.2543415858330675,-17.999874400269952,-11.720063292626982,8.891891401501699,10.838707886667704
EFT:-4.76478046176347,-8.045815156844462,-7.708439689911394,3.7486468788249776,-6.622739700372347,4.25434158583306,-17.999874400269952,-11.72006329262698,8.891891401501697,10.838707886667697
Random768
Raw:-4.764780461763469,-8.045815156844467,-7.708439689911394,3.748646878824979,-6.622739700372346,4.2543415858330516,-17.999874400269952,-11.720063292626982,8.891891401501699,10.838707886667697
EFT:-4.76478046176347,-8.045815156844462,-7.708439689911394,3.7486468788249776,-6.622739700372347,4.25434158583306,-17.999874400269952,-11.72006329262698,8.891891401501697,10.838707886667699
Random769
Raw:-4.764780461763474,-8.045815156844464,-7.708439689911404,3.7486468788249794,-6.622739700372343,4.2543415858330675,-17.99987440026996,-11.72006329262698,8.89189140150169,10.838707886667699
EFT:-4.764780461763469,-8.045815156844462,-7.708439689911394,3.7486468788249767,-6.622739700372346,4.254341585833061,-17.999874400269952,-11.72006329262698,8.891891401501697,10.838707886667699
Random770
Raw:-4.764780461763472,-8.045815156844462,-7.708439689911399,3.7486468788249785,-6.622739700372344,4.254341585833065,-17.999874400269952,-11.720063292626984,8.891891401501699,10.838707886667699
EFT:-4.76478046176347,-8.045815156844462,-7.708439689911394,3.748646878824977,-6.622739700372347,4.25434158583306,-17.999874400269952,-11.72006329262698,8.891891401501697,10.838707886667697
Random771
Raw:-4.7647804617634675,-8.045815156844464,-7.70843968991139,3.748646878824975,-6.6227397003723505,4.254341585833058,-17.99987440026995,-11.720063292626978,8.8918914015017,10.838707886667693
EFT:-4.76478046176347,-8.045815156844462,-7.708439689911394,3.748646878824977,-6.622739700372347,4.25434158583306,-17.999874400269952,-11.72006329262698,8.891891401501697,10.838707886667697
Random772
Raw:-4.764780461763468,-8.045815156844462,-7.708439689911394,3.748646878824974,-6.622739700372347,4.254341585833058,-17.999874400269956,-11.720063292626984,8.891891401501697,10.838707886667697
EFT:-4.76478046176347,-8.045815156844462,-7.708439689911394,3.748646878824977,-6.622739700372347,4.25434158583306,-17.999874400269952,-11.72006329262698,8.891891401501697,10.838707886667699
Random773
Raw:-4.764780461763469,-8.045815156844466,-7.708439689911395,3.748646878824981,-6.622739700372349,4.254341585833058,-17.999874400269956,-11.720063292626984,8.891891401501695,10.838707886667699
EFT:-4.76478046176347,-8.045815156844462,-7.708439689911395,3.7486468788249767,-6.622739700372345,4.254341585833061,-17.999874400269952,-11.72006329262698,8.891891401501695,10.838707886667697
Random774
Raw:-4.76478046176347,-8.045815156844462,-7.708439689911394,3.7486468788249745,-6.622739700372344,4.254341585833062,-17.999874400269945,-11.72006329262698,8.891891401501693,10.838707886667695
EFT:-4.76478046176347,-8.045815156844462,-7.708439689911394,3.748646878824977,-6.622739700372347,4.25434158583306,-17.999874400269952,-11.72006329262698,8.891891401501697,10.838707886667697
Random775
Raw:-4.764780461763471,-8.045815156844462,-7.708439689911399,3.748646878824977,-6.622739700372342,4.254341585833062,-17.99987440026995,-11.720063292626978,8.891891401501695,10.838707886667699
EFT:-4.76478046176347,-8.045815156844462,-7.708439689911395,3.7486468788249767,-6.622739700372345,4.254341585833061,-17.999874400269952,-11.72006329262698,8.891891401501697,10.838707886667697
Random776
Raw:-4.764780461763471,-8.045815156844466,-7.708439689911394,3.748646878824977,-6.622739700372349,4.254341585833059,-17.999874400269952,-11.72006329262698,8.891891401501693,10.838707886667697
EFT:-4.76478046176347,-8.045815156844462,-7.708439689911395,3.7486468788249767,-6.622739700372345,4.254341585833061,-17.999874400269952,-11.720063292626978,8.891891401501697,10.838707886667697
Random777
Raw:-4.764780461763475,-8.045815156844464,-7.708439689911397,3.7486468788249794,-6.622739700372346,4.254341585833064,-17.999874400269952,-11.720063292626984,8.891891401501697,10.838707886667697
EFT:-4.76478046176347,-8.045815156844462,-7.708439689911395,3.7486468788249763,-6.622739700372345,4.254341585833061,-17.999874400269952,-11.72006329262698,8.891891401501697,10.838707886667697
Random778
Raw:-4.76478046176347,-8.045815156844466,-7.708439689911398,3.748646878824978,-6.622739700372347,4.254341585833058,-17.999874400269952,-11.720063292626982,8.891891401501695,10.838707886667693
EFT:-4.76478046176347,-8.045815156844462,-7.708439689911394,3.748646878824977,-6.622739700372347,4.25434158583306,-17.999874400269952,-11.72006329262698,8.891891401501697,10.838707886667697
Random779
Raw:-4.764780461763468,-8.045815156844464,-7.708439689911395,3.748646878824975,-6.622739700372344,4.254341585833065,-17.99987440026995,-11.72006329262698,8.891891401501695,10.838707886667697
EFT:-4.76478046176347,-8.045815156844462,-7.708439689911395,3.7486468788249767,-6.622739700372345,4.254341585833061,-17.999874400269952,-11.72006329262698,8.891891401501697,10.838707886667699
Random780
Raw:-4.764780461763473,-8.045815156844462,-7.708439689911398,3.7486468788249776,-6.6227397003723425,4.254341585833068,-17.999874400269952,-11.720063292626982,8.891891401501695,10.838707886667702
EFT:-4.76478046176347,-8.045815156844462,-7.708439689911395,3.7486468788249767,-6.622739700372345,4.254341585833061,-17.999874400269952,-11.72006329262698,8.891891401501697,10.838707886667697
Random781
Raw:-4.764780461763467,-8.045815156844462,-7.708439689911387,3.748646878824976,-6.6227397003723425,4.254341585833056,-17.999874400269956,-11.720063292626975,8.891891401501695,10.8387078866677
EFT:-4.76478046176347,-8.045815156844462,-7.708439689911394,3.748646878824977,-6.622739700372347,4.25434158583306,-17.999874400269952,-11.72006329262698,8.891891401501697,10.838707886667697
Random782
Raw:-4.76478046176347,-8.04581515684446,-7.708439689911395,3.7486468788249785,-6.622739700372349,4.254341585833064,-17.999874400269952,-11.720063292626978,8.891891401501695,10.838707886667692
EFT:-4.76478046176347,-8.045815156844462,-7.708439689911395,3.7486468788249767,-6.622739700372345,4.254341585833061,-17.999874400269952,-11.72006329262698,8.891891401501697,10.838707886667697
Random783
Raw:-4.76478046176347,-8.04581515684446,-7.708439689911398,3.748646878824978,-6.622739700372346,4.25434158583306,-17.999874400269952,-11.720063292626982,8.891891401501693,10.838707886667697
EFT:-4.76478046176347,-8.045815156844462,-7.708439689911394,3.748646878824977,-6.622739700372347,4.25434158583306,-17.999874400269952,-11.72006329262698,8.891891401501697,10.838707886667697
Random784
Raw:-4.764780461763468,-8.045815156844464,-7.708439689911391,3.748646878824976,-6.622739700372347,4.254341585833062,-17.999874400269945,-11.720063292626982,8.891891401501702,10.838707886667697
EFT:-4.76478046176347,-8.045815156844462,-7.708439689911394,3.7486468788249776,-6.622739700372347,4.254341585833061,-17.999874400269952,-11.72006329262698,8.891891401501697,10.838707886667699
Random785
Raw:-4.764780461763469,-8.045815156844464,-7.708439689911401,3.7486468788249785,-6.622739700372346,4.254341585833067,-17.99987440026995,-11.720063292626982,8.891891401501695,10.8387078866677
EFT:-4.76478046176347,-8.045815156844462,-7.708439689911394,3.7486468788249776,-6.622739700372347,4.25434158583306,-17.999874400269952,-11.72006329262698,8.891891401501697,10.838707886667699
Random786
Raw:-4.764780461763471,-8.045815156844466,-7.708439689911396,3.748646878824978,-6.6227397003723505,4.254341585833061,-17.999874400269952,-11.720063292626985,8.8918914015017,10.838707886667697
EFT:-4.76478046176347,-8.045815156844462,-7.708439689911394,3.748646878824977,-6.622739700372347,4.25434158583306,-17.999874400269952,-11.72006329262698,8.891891401501697,10.838707886667697
Random787
Raw:-4.76478046176347,-8.04581515684446,-7.708439689911393,3.748646878824975,-6.62273970037234,4.2543415858330595,-17.999874400269952,-11.72006329262698,8.891891401501693,10.838707886667693
EFT:-4.76478046176347,-8.045815156844462,-7.708439689911395,3.7486468788249763,-6.622739700372345,4.254341585833061,-17.999874400269952,-11.72006329262698,8.891891401501697,10.838707886667697
Random788
Raw:-4.7647804617634755,-8.045815156844467,-7.708439689911397,3.7486468788249816,-6.622739700372352,4.2543415858330595,-17.999874400269952,-11.720063292626989,8.8918914015017,10.838707886667697
EFT:-4.76478046176347,-8.045815156844462,-7.708439689911394,3.748646878824977,-6.622739700372347,4.25434158583306,-17.999874400269952,-11.72006329262698,8.891891401501697,10.838707886667697
Random789
Raw:-4.764780461763473,-8.045815156844462,-7.708439689911403,3.7486468788249776,-6.622739700372345,4.254341585833064,-17.999874400269952,-11.720063292626984,8.891891401501699,10.838707886667702
EFT:-4.76478046176347,-8.045815156844462,-7.708439689911394,3.748646878824977,-6.622739700372347,4.25434158583306,-17.999874400269952,-11.72006329262698,8.891891401501697,10.838707886667699
Random790
Raw:-4.764780461763468,-8.045815156844464,-7.708439689911394,3.7486468788249785,-6.622739700372344,4.2543415858330595,-17.999874400269956,-11.720063292626982,8.891891401501695,10.838707886667702
EFT:-4.76478046176347,-8.045815156844462,-7.708439689911395,3.7486468788249767,-6.622739700372345,4.254341585833061,-17.999874400269952,-11.72006329262698,8.891891401501697,10.838707886667699
Random791
Raw:-4.764780461763471,-8.045815156844462,-7.708439689911396,3.748646878824978,-6.622739700372346,4.25434158583306,-17.999874400269952,-11.720063292626978,8.891891401501697,10.8387078866677
EFT:-4.76478046176347,-8.045815156844462,-7.708439689911394,3.748646878824977,-6.622739700372347,4.25434158583306,-17.999874400269952,-11.72006329262698,8.891891401501697,10.838707886667697
Random792
Raw:-4.76478046176347,-8.045815156844466,-7.708439689911396,3.748646878824979,-6.6227397003723505,4.254341585833063,-17.999874400269952,-11.720063292626984,8.891891401501699,10.838707886667697
EFT:-4.76478046176347,-8.045815156844462,-7.708439689911394,3.748646878824977,-6.622739700372347,4.25434158583306,-17.999874400269952,-11.72006329262698,8.891891401501697,10.838707886667697
Random793
Raw:-4.764780461763469,-8.045815156844467,-7.708439689911394,3.7486468788249763,-6.622739700372344,4.25434158583306,-17.99987440026995,-11.720063292626978,8.891891401501695,10.838707886667695
EFT:-4.76478046176347,-8.045815156844462,-7.708439689911394,3.748646878824977,-6.622739700372347,4.25434158583306,-17.999874400269952,-11.72006329262698,8.891891401501697,10.838707886667697
Random794
Raw:-4.764780461763468,-8.045815156844462,-7.7084396899113905,3.7486468788249754,-6.62273970037235,4.254341585833058,-17.999874400269952,-11.720063292626982,8.891891401501697,10.838707886667699
EFT:-4.764780461763469,-8.045815156844464,-7.708439689911394,3.7486468788249767,-6.622739700372346,4.254341585833061,-17.999874400269952,-11.72006329262698,8.891891401501697,10.838707886667699
Random795
Raw:-4.764780461763473,-8.045815156844466,-7.7084396899113985,3.7486468788249776,-6.622739700372348,4.254341585833062,-17.999874400269956,-11.720063292626984,8.891891401501697,10.8387078866677
EFT:-4.76478046176347,-8.045815156844462,-7.708439689911394,3.748646878824977,-6.622739700372347,4.25434158583306,-17.999874400269952,-11.72006329262698,8.891891401501697,10.838707886667697
Random796
Raw:-4.764780461763471,-8.045815156844458,-7.708439689911396,3.7486468788249785,-6.6227397003723425,4.254341585833065,-17.999874400269952,-11.720063292626977,8.89189140150169,10.838707886667697
EFT:-4.76478046176347,-8.045815156844462,-7.708439689911394,3.748646878824977,-6.622739700372347,4.25434158583306,-17.999874400269952,-11.72006329262698,8.891891401501697,10.838707886667697
Random797
Raw:-4.76478046176347,-8.045815156844464,-7.708439689911401,3.7486468788249803,-6.622739700372348,4.254341585833066,-17.999874400269956,-11.720063292626984,8.891891401501695,10.8387078866677
EFT:-4.764780461763469,-8.045815156844464,-7.708439689911395,3.7486468788249767,-6.622739700372346,4.254341585833061,-17.999874400269952,-11.72006329262698,8.891891401501697,10.838707886667699
Random798
Raw:-4.764780461763472,-8.045815156844466,-7.708439689911394,3.748646878824978,-6.622739700372347,4.254341585833059,-17.99987440026995,-11.720063292626987,8.891891401501704,10.8387078866677
EFT:-4.76478046176347,-8.045815156844462,-7.708439689911394,3.748646878824977,-6.622739700372347,4.25434158583306,-17.999874400269952,-11.72006329262698,8.891891401501697,10.838707886667697
Random799
Raw:-4.764780461763472,-8.045815156844466,-7.708439689911398,3.7486468788249785,-6.622739700372347,4.254341585833069,-17.999874400269952,-11.720063292626987,8.891891401501697,10.838707886667697
EFT:-4.764780461763469,-8.045815156844464,-7.708439689911395,3.7486468788249767,-6.622739700372346,4.254341585833061,-17.999874400269952,-11.72006329262698,8.891891401501697,10.838707886667699
Random800
Raw:-4.764780461763471,-8.04581515684447,-7.708439689911398,3.7486468788249767,-6.622739700372339,4.254341585833063,-17.999874400269956,-11.72006329262698,8.891891401501699,10.838707886667702
EFT:-4.76478046176347,-8.045815156844462,-7.708439689911394,3.748646878824977,-6.622739700372347,4.25434158583306,-17.999874400269952,-11.72006329262698,8.891891401501697,10.838707886667697
Random801
Raw:-4.7647804617634675,-8.045815156844464,-7.708439689911393,3.748646878824977,-6.622739700372347,4.254341585833061,-17.999874400269952,-11.72006329262698,8.891891401501697,10.838707886667695
EFT:-4.76478046176347,-8.045815156844462,-7.708439689911395,3.7486468788249767,-6.622739700372345,4.254341585833061,-17.999874400269952,-11.72006329262698,8.891891401501697,10.838707886667697
Random802
Raw:-4.764780461763466,-8.045815156844466,-7.7084396899113985,3.748646878824977,-6.622739700372342,4.25434158583306,-17.999874400269952,-11.72006329262698,8.891891401501699,10.838707886667704
EFT:-4.764780461763469,-8.045815156844464,-7.708439689911395,3.7486468788249767,-6.622739700372346,4.254341585833061,-17.999874400269952,-11.72006329262698,8.891891401501697,10.838707886667699
Random803
Raw:-4.764780461763474,-8.045815156844467,-7.708439689911403,3.7486468788249816,-6.622739700372351,4.2543415858330675,-17.999874400269967,-11.720063292626985,8.891891401501693,10.838707886667702
EFT:-4.76478046176347,-8.045815156844462,-7.708439689911394,3.748646878824977,-6.622739700372347,4.25434158583306,-17.999874400269952,-11.72006329262698,8.891891401501697,10.838707886667697
Random804
Raw:-4.764780461763468,-8.045815156844464,-7.708439689911395,3.7486468788249776,-6.622739700372344,4.254341585833062,-17.999874400269945,-11.720063292626978,8.891891401501697,10.838707886667697
EFT:-4.76478046176347,-8.045815156844462,-7.708439689911394,3.748646878824977,-6.622739700372347,4.25434158583306,-17.999874400269952,-11.72006329262698,8.891891401501697,10.838707886667697
Random805
Raw:-4.764780461763468,-8.045815156844462,-7.7084396899113985,3.7486468788249785,-6.622739700372346,4.254341585833061,-17.999874400269956,-11.720063292626982,8.891891401501695,10.8387078866677
EFT:-4.76478046176347,-8.045815156844462,-7.708439689911395,3.7486468788249767,-6.622739700372345,4.254341585833061,-17.999874400269952,-11.72006329262698,8.891891401501697,10.838707886667697
Random806
Raw:-4.7647804617634675,-8.045815156844464,-7.708439689911392,3.748646878824978,-6.622739700372341,4.254341585833054,-17.999874400269956,-11.720063292626982,8.891891401501697,10.8387078866677
EFT:-4.76478046176347,-8.045815156844462,-7.708439689911394,3.748646878824977,-6.622739700372347,4.25434158583306,-17.999874400269952,-11.72006329262698,8.891891401501697,10.838707886667697
Random807
Raw:-4.764780461763467,-8.045815156844462,-7.708439689911392,3.7486468788249763,-6.622739700372353,4.254341585833061,-17.999874400269952,-11.720063292626978,8.891891401501697,10.838707886667697
EFT:-4.76478046176347,-8.045815156844462,-7.708439689911395,3.7486468788249763,-6.622739700372345,4.254341585833061,-17.999874400269952,-11.72006329262698,8.891891401501697,10.838707886667697
Random808
Raw:-4.764780461763472,-8.045815156844462,-7.7084396899114,3.7486468788249754,-6.622739700372344,4.254341585833065,-17.999874400269945,-11.720063292626984,8.891891401501697,10.838707886667704
EFT:-4.76478046176347,-8.045815156844462,-7.708439689911394,3.748646878824977,-6.622739700372347,4.25434158583306,-17.999874400269952,-11.72006329262698,8.891891401501697,10.838707886667697
Random809
Raw:-4.764780461763466,-8.045815156844467,-7.7084396899114,3.7486468788249794,-6.622739700372341,4.254341585833062,-17.999874400269952,-11.720063292626984,8.891891401501699,10.8387078866677
EFT:-4.764780461763469,-8.045815156844462,-7.708439689911395,3.7486468788249767,-6.622739700372346,4.254341585833061,-17.999874400269952,-11.72006329262698,8.891891401501697,10.838707886667699
Random810
Raw:-4.76478046176347,-8.045815156844458,-7.708439689911393,3.748646878824976,-6.622739700372346,4.254341585833061,-17.99987440026995,-11.720063292626973,8.891891401501692,10.838707886667693
EFT:-4.76478046176347,-8.045815156844462,-7.708439689911394,3.7486468788249776,-6.622739700372347,4.25434158583306,-17.999874400269952,-11.72006329262698,8.891891401501697,10.838707886667699
Random811
Raw:-4.764780461763469,-8.045815156844466,-7.708439689911398,3.748646878824977,-6.622739700372342,4.254341585833062,-17.99987440026995,-11.720063292626982,8.891891401501699,10.838707886667697
EFT:-4.76478046176347,-8.045815156844462,-7.708439689911394,3.748646878824977,-6.622739700372347,4.25434158583306,-17.999874400269952,-11.72006329262698,8.891891401501697,10.838707886667697
Random812
Raw:-4.764780461763467,-8.045815156844464,-7.708439689911393,3.7486468788249754,-6.6227397003723425,4.2543415858330595,-17.99987440026995,-11.720063292626978,8.891891401501693,10.8387078866677
EFT:-4.76478046176347,-8.045815156844462,-7.708439689911395,3.7486468788249767,-6.622739700372345,4.254341585833061,-17.999874400269952,-11.72006329262698,8.891891401501697,10.838707886667699
Random813
Raw:-4.7647804617634675,-8.045815156844464,-7.708439689911392,3.7486468788249763,-6.622739700372344,4.254341585833052,-17.999874400269952,-11.72006329262698,8.891891401501697,10.838707886667699
EFT:-4.76478046176347,-8.045815156844462,-7.708439689911394,3.748646878824977,-6.622739700372347,4.25434158583306,-17.999874400269952,-11.72006329262698,8.891891401501697,10.838707886667697
Random814
Raw:-4.764780461763469,-8.045815156844464,-7.708439689911398,3.748646878824978,-6.622739700372343,4.254341585833061,-17.999874400269956,-11.720063292626977,8.891891401501692,10.838707886667699
EFT:-4.76478046176347,-8.045815156844462,-7.708439689911395,3.7486468788249763,-6.622739700372345,4.254341585833061,-17.999874400269952,-11.720063292626978,8.891891401501697,10.838707886667697
Random815
Raw:-4.7647804617634675,-8.045815156844462,-7.7084396899113905,3.748646878824978,-6.622739700372352,4.254341585833055,-17.999874400269956,-11.720063292626982,8.891891401501702,10.838707886667693
EFT:-4.764780461763469,-8.045815156844464,-7.708439689911395,3.7486468788249767,-6.622739700372346,4.254341585833061,-17.999874400269952,-11.72006329262698,8.891891401501697,10.838707886667699
Random816
Raw:-4.764780461763471,-8.045815156844464,-7.708439689911395,3.748646878824979,-6.622739700372349,4.254341585833061,-17.999874400269956,-11.72006329262698,8.891891401501699,10.838707886667697
EFT:-4.76478046176347,-8.045815156844462,-7.708439689911394,3.748646878824977,-6.622739700372347,4.25434158583306,-17.999874400269952,-11.72006329262698,8.891891401501697,10.838707886667697
Random817
Raw:-4.764780461763467,-8.04581515684446,-7.708439689911392,3.748646878824978,-6.622739700372346,4.254341585833061,-17.999874400269945,-11.72006329262698,8.891891401501693,10.838707886667695
EFT:-4.76478046176347,-8.045815156844462,-7.708439689911395,3.7486468788249767,-6.622739700372345,4.254341585833061,-17.999874400269952,-11.72006329262698,8.891891401501697,10.838707886667697
Random818
Raw:-4.764780461763464,-8.045815156844466,-7.708439689911399,3.7486468788249785,-6.62273970037234,4.254341585833054,-17.999874400269945,-11.72006329262698,8.891891401501699,10.838707886667699
EFT:-4.76478046176347,-8.045815156844462,-7.708439689911395,3.7486468788249767,-6.622739700372345,4.254341585833061,-17.999874400269952,-11.72006329262698,8.891891401501697,10.838707886667697
Random819
Raw:-4.764780461763471,-8.04581515684446,-7.708439689911392,3.748646878824976,-6.622739700372344,4.2543415858330595,-17.999874400269945,-11.72006329262698,8.891891401501695,10.838707886667697
EFT:-4.76478046176347,-8.045815156844462,-7.708439689911394,3.748646878824977,-6.622739700372347,4.25434158583306,-17.999874400269952,-11.72006329262698,8.891891401501697,10.838707886667697
Random820
Raw:-4.764780461763472,-8.045815156844462,-7.708439689911398,3.748646878824977,-6.62273970037234,4.254341585833065,-17.999874400269956,-11.720063292626982,8.891891401501693,10.838707886667702
EFT:-4.76478046176347,-8.045815156844464,-7.708439689911394,3.7486468788249776,-6.622739700372347,4.25434158583306,-17.999874400269952,-11.72006329262698,8.891891401501697,10.838707886667699
Random821
Raw:-4.764780461763468,-8.045815156844466,-7.708439689911399,3.748646878824978,-6.622739700372347,4.254341585833064,-17.999874400269956,-11.720063292626985,8.891891401501699,10.838707886667693
EFT:-4.76478046176347,-8.045815156844462,-7.708439689911394,3.748646878824977,-6.622739700372347,4.25434158583306,-17.999874400269952,-11.72006329262698,8.891891401501697,10.838707886667697
Random822
Raw:-4.76478046176347,-8.045815156844457,-7.708439689911395,3.748646878824978,-6.62273970037235,4.254341585833065,-17.999874400269952,-11.72006329262698,8.891891401501693,10.838707886667697
EFT:-4.76478046176347,-8.045815156844462,-7.708439689911395,3.7486468788249767,-6.622739700372345,4.254341585833061,-17.999874400269952,-11.72006329262698,8.891891401501697,10.838707886667699
Random823
Raw:-4.764780461763473,-8.045815156844464,-7.708439689911397,3.7486468788249785,-6.622739700372343,4.254341585833064,-17.999874400269952,-11.720063292626984,8.891891401501693,10.838707886667699
EFT:-4.76478046176347,-8.045815156844462,-7.708439689911394,3.748646878824977,-6.622739700372347,4.25434158583306,-17.999874400269952,-11.72006329262698,8.891891401501697,10.838707886667697
Random824
Raw:-4.764780461763472,-8.045815156844464,-7.708439689911396,3.7486468788249794,-6.6227397003723505,4.254341585833061,-17.999874400269956,-11.720063292626984,8.891891401501695,10.8387078866677
EFT:-4.764780461763469,-8.045815156844464,-7.708439689911395,3.748646878824977,-6.622739700372346,4.254341585833061,-17.999874400269952,-11.72006329262698,8.891891401501697,10.838707886667699
Random825
Raw:-4.76478046176347,-8.045815156844464,-7.708439689911396,3.7486468788249785,-6.622739700372344,4.25434158583306,-17.999874400269956,-11.720063292626982,8.891891401501693,10.838707886667699
EFT:-4.76478046176347,-8.045815156844462,-7.708439689911394,3.748646878824977,-6.622739700372347,4.25434158583306,-17.999874400269952,-11.72006329262698,8.891891401501697,10.838707886667697
Random826
Raw:-4.764780461763469,-8.045815156844466,-7.708439689911392,3.748646878824978,-6.622739700372348,4.254341585833053,-17.99987440026995,-11.72006329262698,8.891891401501697,10.838707886667699
EFT:-4.764780461763469,-8.045815156844464,-7.708439689911394,3.7486468788249767,-6.622739700372346,4.254341585833061,-17.999874400269952,-11.72006329262698,8.891891401501697,10.838707886667699
Random827
Raw:-4.7647804617634675,-8.045815156844464,-7.708439689911396,3.748646878824978,-6.622739700372342,4.254341585833053,-17.999874400269952,-11.720063292626978,8.891891401501695,10.838707886667704
EFT:-4.76478046176347,-8.045815156844462,-7.708439689911395,3.7486468788249763,-6.622739700372345,4.254341585833061,-17.999874400269952,-11.72006329262698,8.891891401501697,10.838707886667697
Random828
Raw:-4.764780461763468,-8.045815156844467,-7.708439689911395,3.7486468788249776,-6.622739700372347,4.254341585833066,-17.99987440026996,-11.72006329262698,8.891891401501695,10.838707886667706
EFT:-4.76478046176347,-8.045815156844464,-7.708439689911394,3.7486468788249776,-6.622739700372347,4.254341585833061,-17.999874400269952,-11.72006329262698,8.891891401501697,10.838707886667699
Random829
Raw:-4.764780461763469,-8.045815156844464,-7.708439689911395,3.748646878824977,-6.622739700372343,4.254341585833061,-17.99987440026995,-11.72006329262698,8.891891401501693,10.838707886667697
EFT:-4.76478046176347,-8.045815156844464,-7.708439689911394,3.7486468788249776,-6.622739700372347,4.25434158583306,-17.999874400269952,-11.72006329262698,8.891891401501697,10.838707886667699
Random830
Raw:-4.764780461763473,-8.045815156844467,-7.708439689911399,3.748646878824979,-6.622739700372345,4.254341585833062,-17.999874400269963,-11.720063292626985,8.891891401501697,10.838707886667702
EFT:-4.76478046176347,-8.045815156844462,-7.708439689911394,3.748646878824977,-6.622739700372347,4.25434158583306,-17.999874400269952,-11.72006329262698,8.891891401501697,10.838707886667697
Random831
Raw:-4.7647804617634675,-8.04581515684446,-7.708439689911393,3.7486468788249754,-6.622739700372342,4.254341585833056,-17.999874400269952,-11.720063292626977,8.891891401501697,10.838707886667697
EFT:-4.76478046176347,-8.045815156844462,-7.708439689911394,3.748646878824977,-6.622739700372347,4.25434158583306,-17.999874400269952,-11.72006329262698,8.891891401501697,10.838707886667697
Random832
Raw:-4.764780461763473,-8.045815156844466,-7.708439689911397,3.748646878824977,-6.622739700372343,4.254341585833059,-17.999874400269952,-11.720063292626982,8.891891401501697,10.838707886667702
EFT:-4.76478046176347,-8.045815156844462,-7.708439689911394,3.748646878824977,-6.622739700372347,4.25434158583306,-17.999874400269952,-11.72006329262698,8.891891401501697,10.838707886667697
Random833
Raw:-4.764780461763467,-8.045815156844466,-7.708439689911396,3.748646878824976,-6.622739700372342,4.254341585833061,-17.999874400269945,-11.720063292626984,8.891891401501697,10.8387078866677
EFT:-4.76478046176347,-8.045815156844462,-7.708439689911394,3.748646878824977,-6.622739700372347,4.25434158583306,-17.999874400269952,-11.72006329262698,8.891891401501697,10.838707886667697
Random834
Raw:-4.764780461763468,-8.045815156844462,-7.708439689911391,3.7486468788249776,-6.622739700372343,4.254341585833055,-17.999874400269945,-11.720063292626978,8.891891401501697,10.838707886667699
EFT:-4.76478046176347,-8.045815156844462,-7.708439689911395,3.7486468788249767,-6.622739700372345,4.254341585833061,-17.999874400269952,-11.72006329262698,8.891891401501697,10.838707886667697
Random835
Raw:-4.764780461763474,-8.045815156844464,-7.708439689911402,3.748646878824977,-6.622739700372343,4.254341585833064,-17.999874400269952,-11.720063292626982,8.891891401501695,10.838707886667702
EFT:-4.76478046176347,-8.045815156844462,-7.708439689911395,3.7486468788249767,-6.622739700372345,4.254341585833061,-17.999874400269952,-11.72006329262698,8.891891401501697,10.838707886667699
Random836
Raw:-4.764780461763468,-8.04581515684446,-7.708439689911397,3.7486468788249767,-6.622739700372345,4.25434158583306,-17.999874400269942,-11.720063292626977,8.89189140150169,10.838707886667699
EFT:-4.76478046176347,-8.045815156844462,-7.708439689911394,3.748646878824977,-6.622739700372347,4.25434158583306,-17.999874400269952,-11.72006329262698,8.891891401501697,10.838707886667697
Random837
Raw:-4.764780461763472,-8.045815156844462,-7.708439689911394,3.7486468788249754,-6.622739700372347,4.254341585833061,-17.99987440026995,-11.720063292626985,8.8918914015017,10.838707886667697
EFT:-4.76478046176347,-8.045815156844462,-7.708439689911395,3.7486468788249763,-6.622739700372345,4.254341585833061,-17.999874400269952,-11.720063292626978,8.891891401501697,10.838707886667697
Random838
Raw:-4.764780461763472,-8.04581515684446,-7.7084396899114,3.748646878824978,-6.622739700372343,4.254341585833068,-17.999874400269952,-11.72006329262698,8.891891401501693,10.8387078866677
EFT:-4.76478046176347,-8.045815156844462,-7.708439689911395,3.7486468788249767,-6.622739700372345,4.254341585833061,-17.999874400269952,-11.72006329262698,8.891891401501697,10.838707886667699
Random839
Raw:-4.764780461763466,-8.04581515684446,-7.708439689911391,3.7486468788249745,-6.622739700372348,4.254341585833058,-17.99987440026995,-11.72006329262698,8.891891401501695,10.83870788666769
EFT:-4.76478046176347,-8.045815156844462,-7.708439689911395,3.7486468788249767,-6.622739700372345,4.254341585833061,-17.999874400269952,-11.720063292626978,8.891891401501697,10.838707886667697
Random840
Raw:-4.764780461763471,-8.045815156844464,-7.708439689911401,3.7486468788249803,-6.622739700372345,4.2543415858330595,-17.99987440026996,-11.720063292626982,8.891891401501695,10.838707886667699
EFT:-4.764780461763469,-8.045815156844464,-7.708439689911395,3.7486468788249767,-6.622739700372346,4.254341585833061,-17.999874400269952,-11.72006329262698,8.891891401501697,10.838707886667699
Random841
Raw:-4.764780461763475,-8.045815156844464,-7.708439689911402,3.748646878824977,-6.62273970037234,4.2543415858330675,-17.99987440026995,-11.720063292626982,8.8918914015017,10.8387078866677
EFT:-4.76478046176347,-8.045815156844462,-7.708439689911395,3.7486468788249767,-6.622739700372345,4.254341585833061,-17.999874400269952,-11.72006329262698,8.891891401501697,10.838707886667699
Random842
Raw:-4.764780461763473,-8.045815156844464,-7.708439689911402,3.7486468788249785,-6.622739700372346,4.254341585833062,-17.99987440026995,-11.720063292626982,8.891891401501697,10.838707886667699
EFT:-4.76478046176347,-8.045815156844462,-7.708439689911395,3.7486468788249763,-6.622739700372345,4.254341585833061,-17.999874400269952,-11.720063292626978,8.891891401501697,10.838707886667697
Random843
Raw:-4.764780461763468,-8.045815156844464,-7.708439689911394,3.7486468788249767,-6.622739700372343,4.254341585833057,-17.999874400269945,-11.72006329262698,8.891891401501697,10.838707886667697
EFT:-4.76478046176347,-8.045815156844462,-7.708439689911394,3.748646878824977,-6.622739700372347,4.25434158583306,-17.999874400269952,-11.72006329262698,8.891891401501697,10.838707886667697
Random844
Raw:-4.764780461763469,-8.045815156844462,-7.708439689911395,3.748646878824975,-6.622739700372349,4.254341585833061,-17.99987440026995,-11.720063292626984,8.8918914015017,10.838707886667693
EFT:-4.76478046176347,-8.045815156844462,-7.708439689911394,3.748646878824977,-6.622739700372347,4.25434158583306,-17.999874400269952,-11.72006329262698,8.891891401501697,10.838707886667697
Random845
Raw:-4.76478046176347,-8.045815156844466,-7.7084396899113985,3.74864687882498,-6.6227397003723425,4.2543415858330595,-17.999874400269952,-11.72006329262698,8.891891401501693,10.8387078866677
EFT:-4.76478046176347,-8.045815156844462,-7.708439689911394,3.748646878824977,-6.622739700372347,4.25434158583306,-17.999874400269952,-11.72006329262698,8.891891401501697,10.838707886667697
Random846
Raw:-4.764780461763477,-8.045815156844466,-7.708439689911402,3.748646878824981,-6.622739700372342,4.2543415858330675,-17.999874400269956,-11.72006329262698,8.891891401501693,10.838707886667704
EFT:-4.76478046176347,-8.045815156844462,-7.708439689911395,3.7486468788249767,-6.622739700372345,4.254341585833061,-17.999874400269952,-11.72006329262698,8.891891401501697,10.838707886667699
Random847
Raw:-4.764780461763465,-8.045815156844466,-7.708439689911392,3.748646878824976,-6.622739700372342,4.254341585833059,-17.999874400269963,-11.720063292626985,8.891891401501699,10.838707886667699
EFT:-4.76478046176347,-8.045815156844462,-7.708439689911395,3.7486468788249767,-6.622739700372345,4.254341585833061,-17.999874400269952,-11.72006329262698,8.891891401501695,10.838707886667697
Random848
Raw:-4.764780461763469,-8.045815156844464,-7.708439689911399,3.7486468788249763,-6.622739700372344,4.254341585833061,-17.999874400269952,-11.720063292626984,8.891891401501697,10.838707886667697
EFT:-4.76478046176347,-8.045815156844462,-7.708439689911395,3.7486468788249763,-6.622739700372345,4.254341585833061,-17.999874400269952,-11.72006329262698,8.891891401501697,10.838707886667697
Random849
Raw:-4.764780461763468,-8.045815156844464,-7.708439689911397,3.748646878824974,-6.622739700372343,4.254341585833064,-17.99987440026995,-11.72006329262698,8.891891401501697,10.838707886667702
EFT:-4.76478046176347,-8.045815156844462,-7.708439689911394,3.748646878824977,-6.622739700372347,4.25434158583306,-17.999874400269952,-11.72006329262698,8.891891401501697,10.838707886667697
Random850
Raw:-4.7647804617634675,-8.045815156844464,-7.708439689911396,3.7486468788249763,-6.622739700372343,4.254341585833055,-17.99987440026996,-11.72006329262698,8.891891401501693,10.8387078866677
EFT:-4.76478046176347,-8.045815156844462,-7.708439689911394,3.748646878824977,-6.622739700372347,4.25434158583306,-17.999874400269952,-11.72006329262698,8.891891401501697,10.838707886667697
Random851
Raw:-4.76478046176347,-8.04581515684446,-7.708439689911398,3.7486468788249767,-6.62273970037234,4.254341585833055,-17.999874400269963,-11.720063292626977,8.891891401501695,10.838707886667699
EFT:-4.76478046176347,-8.045815156844464,-7.708439689911394,3.7486468788249776,-6.622739700372347,4.25434158583306,-17.999874400269952,-11.72006329262698,8.891891401501697,10.838707886667697
Random852
Raw:-4.764780461763475,-8.04581515684446,-7.708439689911396,3.748646878824979,-6.622739700372348,4.254341585833066,-17.99987440026996,-11.720063292626985,8.891891401501693,10.838707886667699
EFT:-4.76478046176347,-8.045815156844462,-7.708439689911394,3.748646878824977,-6.622739700372347,4.25434158583306,-17.999874400269952,-11.72006329262698,8.891891401501697,10.838707886667697
Random853
Raw:-4.764780461763472,-8.04581515684447,-7.7084396899113985,3.7486468788249803,-6.622739700372352,4.254341585833061,-17.999874400269963,-11.720063292626984,8.891891401501702,10.8387078866677
EFT:-4.76478046176347,-8.045815156844462,-7.708439689911395,3.7486468788249763,-6.622739700372345,4.254341585833061,-17.999874400269952,-11.72006329262698,8.891891401501697,10.838707886667697
Random854
Raw:-4.764780461763469,-8.045815156844464,-7.708439689911396,3.7486468788249763,-6.622739700372348,4.254341585833062,-17.99987440026995,-11.72006329262698,8.891891401501697,10.838707886667695
EFT:-4.76478046176347,-8.045815156844462,-7.708439689911394,3.7486468788249776,-6.622739700372347,4.25434158583306,-17.999874400269952,-11.72006329262698,8.891891401501697,10.838707886667697
Random855
Raw:-4.764780461763472,-8.045815156844467,-7.708439689911396,3.74864687882498,-6.622739700372349,4.254341585833061,-17.999874400269956,-11.720063292626987,8.891891401501697,10.838707886667702
EFT:-4.76478046176347,-8.045815156844462,-7.708439689911394,3.748646878824977,-6.622739700372347,4.25434158583306,-17.999874400269952,-11.72006329262698,8.891891401501697,10.838707886667697
Random856
Raw:-4.764780461763468,-8.045815156844462,-7.708439689911394,3.748646878824977,-6.622739700372345,4.2543415858330595,-17.999874400269952,-11.720063292626978,8.891891401501695,10.838707886667699
EFT:-4.76478046176347,-8.045815156844462,-7.708439689911394,3.748646878824977,-6.622739700372347,4.25434158583306,-17.999874400269952,-11.72006329262698,8.891891401501697,10.838707886667697
Random857
Raw:-4.764780461763469,-8.04581515684446,-7.708439689911392,3.7486468788249754,-6.62273970037235,4.254341585833061,-17.99987440026995,-11.72006329262698,8.891891401501697,10.838707886667692
EFT:-4.76478046176347,-8.045815156844462,-7.708439689911394,3.748646878824977,-6.622739700372347,4.25434158583306,-17.999874400269952,-11.72006329262698,8.891891401501697,10.838707886667697
Random858
Raw:-4.76478046176347,-8.045815156844466,-7.708439689911398,3.7486468788249794,-6.622739700372352,4.254341585833072,-17.999874400269952,-11.720063292626989,8.8918914015017,10.838707886667699
EFT:-4.764780461763469,-8.045815156844462,-7.708439689911395,3.7486468788249767,-6.622739700372346,4.254341585833061,-17.999874400269952,-11.72006329262698,8.891891401501697,10.838707886667699
Random859
Raw:-4.764780461763466,-8.045815156844462,-7.708439689911393,3.748646878824975,-6.62273970037235,4.254341585833061,-17.99987440026995,-11.720063292626982,8.8918914015017,10.838707886667693
EFT:-4.76478046176347,-8.045815156844462,-7.708439689911394,3.748646878824977,-6.622739700372347,4.25434158583306,-17.999874400269952,-11.72006329262698,8.891891401501697,10.838707886667697
Random860
Raw:-4.7647804617634675,-8.045815156844462,-7.708439689911398,3.7486468788249776,-6.622739700372341,4.254341585833064,-17.99987440026995,-11.720063292626978,8.891891401501693,10.838707886667702
EFT:-4.764780461763469,-8.045815156844464,-7.708439689911395,3.7486468788249767,-6.622739700372346,4.254341585833061,-17.999874400269952,-11.72006329262698,8.891891401501697,10.838707886667699
Random861
Raw:-4.764780461763473,-8.045815156844462,-7.708439689911392,3.7486468788249776,-6.622739700372344,4.2543415858330595,-17.999874400269956,-11.720063292626978,8.891891401501695,10.838707886667699
EFT:-4.76478046176347,-8.045815156844462,-7.708439689911395,3.7486468788249763,-6.622739700372345,4.254341585833061,-17.999874400269952,-11.72006329262698,8.891891401501697,10.838707886667697
Random862
Raw:-4.76478046176347,-8.045815156844462,-7.708439689911396,3.7486468788249794,-6.622739700372345,4.254341585833063,-17.999874400269956,-11.720063292626985,8.891891401501697,10.8387078866677
EFT:-4.76478046176347,-8.045815156844462,-7.708439689911394,3.748646878824977,-6.622739700372347,4.25434158583306,-17.999874400269952,-11.72006329262698,8.891891401501697,10.838707886667697
Random863
Raw:-4.7647804617634675,-8.045815156844462,-7.708439689911396,3.748646878824977,-6.622739700372347,4.2543415858330595,-17.999874400269963,-11.720063292626978,8.891891401501697,10.8387078866677
EFT:-4.76478046176347,-8.045815156844462,-7.708439689911395,3.7486468788249763,-6.622739700372345,4.254341585833061,-17.999874400269952,-11.72006329262698,8.891891401501697,10.838707886667697
Random864
Raw:-4.764780461763471,-8.045815156844462,-7.708439689911394,3.7486468788249785,-6.622739700372349,4.254341585833055,-17.999874400269956,-11.720063292626984,8.891891401501699,10.838707886667697
EFT:-4.76478046176347,-8.045815156844462,-7.708439689911395,3.7486468788249767,-6.622739700372345,4.254341585833061,-17.999874400269952,-11.72006329262698,8.891891401501697,10.838707886667697
Random865
Raw:-4.764780461763468,-8.045815156844466,-7.708439689911399,3.7486468788249816,-6.622739700372349,4.2543415858330595,-17.99987440026996,-11.720063292626982,8.8918914015017,10.838707886667697
EFT:-4.76478046176347,-8.045815156844462,-7.708439689911395,3.7486468788249763,-6.622739700372345,4.254341585833061,-17.999874400269952,-11.72006329262698,8.891891401501697,10.838707886667697
Random866
Raw:-4.764780461763472,-8.04581515684447,-7.7084396899114,3.74864687882498,-6.622739700372346,4.2543415858330595,-17.999874400269952,-11.720063292626987,8.891891401501695,10.838707886667702
EFT:-4.76478046176347,-8.045815156844462,-7.708439689911395,3.7486468788249763,-6.622739700372345,4.254341585833061,-17.999874400269952,-11.72006329262698,8.891891401501697,10.838707886667697
Random867
Raw:-4.764780461763472,-8.045815156844462,-7.7084396899114,3.7486468788249785,-6.622739700372342,4.2543415858330595,-17.999874400269952,-11.720063292626985,8.891891401501697,10.838707886667699
EFT:-4.764780461763469,-8.045815156844462,-7.708439689911395,3.7486468788249767,-6.622739700372346,4.254341585833061,-17.999874400269952,-11.72006329262698,8.891891401501697,10.838707886667699
Random868
Raw:-4.764780461763471,-8.04581515684446,-7.708439689911392,3.748646878824977,-6.622739700372347,4.254341585833063,-17.999874400269945,-11.72006329262698,8.891891401501695,10.838707886667697
EFT:-4.76478046176347,-8.045815156844462,-7.708439689911394,3.748646878824977,-6.622739700372347,4.25434158583306,-17.999874400269952,-11.72006329262698,8.891891401501697,10.838707886667697
Random869
Raw:-4.764780461763465,-8.045815156844464,-7.708439689911395,3.748646878824976,-6.622739700372335,4.254341585833058,-17.99987440026996,-11.720063292626977,8.891891401501693,10.838707886667704
EFT:-4.764780461763469,-8.045815156844464,-7.708439689911395,3.7486468788249767,-6.622739700372346,4.254341585833061,-17.999874400269952,-11.72006329262698,8.891891401501697,10.838707886667699
Random870
Raw:-4.764780461763473,-8.045815156844462,-7.7084396899113985,3.748646878824977,-6.622739700372345,4.254341585833065,-17.99987440026996,-11.72006329262698,8.891891401501692,10.838707886667699
EFT:-4.76478046176347,-8.045815156844462,-7.708439689911394,3.7486468788249776,-6.622739700372347,4.25434158583306,-17.999874400269952,-11.72006329262698,8.891891401501697,10.838707886667697
Random871
Raw:-4.764780461763468,-8.045815156844464,-7.708439689911399,3.7486468788249767,-6.6227397003723425,4.254341585833064,-17.999874400269952,-11.72006329262698,8.891891401501699,10.8387078866677
EFT:-4.76478046176347,-8.045815156844462,-7.708439689911395,3.7486468788249767,-6.622739700372345,4.254341585833061,-17.999874400269952,-11.72006329262698,8.891891401501695,10.838707886667697
Random872
Raw:-4.764780461763469,-8.045815156844462,-7.708439689911398,3.7486468788249763,-6.6227397003723425,4.254341585833064,-17.999874400269952,-11.72006329262698,8.891891401501692,10.838707886667693
EFT:-4.76478046176347,-8.045815156844462,-7.708439689911395,3.7486468788249763,-6.622739700372345,4.254341585833061,-17.999874400269952,-11.72006329262698,8.891891401501697,10.838707886667697
Random873
Raw:-4.764780461763468,-8.045815156844464,-7.708439689911392,3.7486468788249776,-6.622739700372344,4.254341585833058,-17.999874400269952,-11.720063292626982,8.891891401501697,10.838707886667699
EFT:-4.76478046176347,-8.045815156844462,-7.708439689911394,3.748646878824977,-6.622739700372347,4.25434158583306,-17.999874400269952,-11.72006329262698,8.891891401501697,10.838707886667697
Random874
Raw:-4.764780461763465,-8.045815156844467,-7.708439689911391,3.7486468788249776,-6.622739700372349,4.254341585833064,-17.999874400269945,-11.720063292626984,8.891891401501699,10.838707886667697
EFT:-4.76478046176347,-8.045815156844462,-7.708439689911395,3.7486468788249767,-6.622739700372345,4.254341585833061,-17.999874400269952,-11.72006329262698,8.891891401501697,10.838707886667699
Random875
Raw:-4.764780461763469,-8.04581515684446,-7.708439689911393,3.748646878824978,-6.622739700372347,4.25434158583306,-17.999874400269952,-11.72006329262698,8.891891401501693,10.838707886667695
EFT:-4.76478046176347,-8.045815156844462,-7.708439689911394,3.748646878824977,-6.622739700372347,4.25434158583306,-17.999874400269952,-11.72006329262698,8.891891401501697,10.838707886667697
Random876
Raw:-4.7647804617634755,-8.045815156844462,-7.708439689911401,3.748646878824978,-6.622739700372343,4.2543415858330675,-17.999874400269952,-11.720063292626978,8.891891401501688,10.838707886667699
EFT:-4.76478046176347,-8.045815156844464,-7.708439689911394,3.7486468788249776,-6.622739700372347,4.25434158583306,-17.999874400269952,-11.72006329262698,8.891891401501697,10.838707886667697
Random877
Raw:-4.764780461763469,-8.045815156844467,-7.708439689911396,3.7486468788249785,-6.622739700372346,4.254341585833058,-17.99987440026996,-11.720063292626982,8.8918914015017,10.8387078866677
EFT:-4.764780461763469,-8.045815156844462,-7.708439689911395,3.7486468788249767,-6.622739700372346,4.254341585833061,-17.999874400269952,-11.72006329262698,8.891891401501697,10.838707886667699
Random878
Raw:-4.764780461763465,-8.045815156844462,-7.708439689911394,3.7486468788249727,-6.622739700372339,4.25434158583306,-17.999874400269945,-11.720063292626977,8.891891401501695,10.838707886667699
EFT:-4.76478046176347,-8.045815156844462,-7.708439689911394,3.748646878824977,-6.622739700372347,4.25434158583306,-17.999874400269952,-11.72006329262698,8.891891401501697,10.838707886667697
Random879
Raw:-4.764780461763471,-8.045815156844462,-7.7084396899113905,3.7486468788249763,-6.622739700372347,4.254341585833059,-17.999874400269952,-11.720063292626984,8.8918914015017,10.838707886667697
EFT:-4.76478046176347,-8.045815156844462,-7.708439689911395,3.7486468788249763,-6.622739700372345,4.254341585833061,-17.999874400269952,-11.72006329262698,8.891891401501697,10.838707886667697
Random880
Raw:-4.76478046176347,-8.045815156844464,-7.708439689911404,3.748646878824977,-6.622739700372342,4.254341585833064,-17.999874400269952,-11.720063292626984,8.891891401501697,10.838707886667702
EFT:-4.76478046176347,-8.045815156844462,-7.708439689911394,3.748646878824977,-6.622739700372347,4.25434158583306,-17.999874400269952,-11.72006329262698,8.891891401501697,10.838707886667697
Random881
Raw:-4.764780461763469,-8.045815156844466,-7.708439689911397,3.7486468788249803,-6.622739700372346,4.254341585833061,-17.99987440026996,-11.720063292626984,8.891891401501699,10.838707886667702
EFT:-4.76478046176347,-8.045815156844462,-7.708439689911395,3.7486468788249763,-6.622739700372345,4.254341585833061,-17.999874400269952,-11.720063292626978,8.891891401501697,10.838707886667697
Random882
Raw:-4.764780461763467,-8.045815156844464,-7.708439689911395,3.748646878824978,-6.622739700372342,4.25434158583306,-17.999874400269952,-11.720063292626977,8.891891401501693,10.838707886667702
EFT:-4.76478046176347,-8.045815156844462,-7.708439689911394,3.748646878824977,-6.622739700372347,4.25434158583306,-17.999874400269952,-11.72006329262698,8.891891401501697,10.838707886667697
Random883
Raw:-4.764780461763466,-8.04581515684446,-7.70843968991139,3.7486468788249745,-6.622739700372347,4.254341585833063,-17.99987440026995,-11.72006329262698,8.891891401501695,10.838707886667697
EFT:-4.76478046176347,-8.045815156844462,-7.708439689911395,3.7486468788249763,-6.622739700372345,4.254341585833061,-17.999874400269952,-11.720063292626978,8.891891401501697,10.838707886667697
Random884
Raw:-4.764780461763467,-8.045815156844462,-7.708439689911392,3.7486468788249785,-6.622739700372348,4.254341585833058,-17.999874400269956,-11.72006329262698,8.891891401501692,10.838707886667702
EFT:-4.76478046176347,-8.045815156844462,-7.708439689911394,3.748646878824977,-6.622739700372347,4.25434158583306,-17.999874400269952,-11.72006329262698,8.891891401501697,10.838707886667697
Random885
Raw:-4.7647804617634675,-8.045815156844464,-7.708439689911392,3.7486468788249767,-6.62273970037234,4.254341585833053,-17.999874400269956,-11.720063292626977,8.891891401501699,10.8387078866677
EFT:-4.76478046176347,-8.045815156844462,-7.708439689911395,3.7486468788249767,-6.622739700372345,4.254341585833061,-17.999874400269952,-11.72006329262698,8.891891401501697,10.838707886667699
Random886
Raw:-4.764780461763474,-8.045815156844462,-7.708439689911395,3.7486468788249803,-6.622739700372348,4.254341585833062,-17.99987440026996,-11.720063292626982,8.891891401501695,10.8387078866677
EFT:-4.76478046176347,-8.045815156844462,-7.708439689911395,3.7486468788249763,-6.622739700372345,4.254341585833061,-17.999874400269952,-11.720063292626978,8.891891401501697,10.838707886667697
Random887
Raw:-4.764780461763472,-8.045815156844462,-7.708439689911394,3.7486468788249767,-6.622739700372345,4.254341585833067,-17.99987440026995,-11.720063292626982,8.891891401501695,10.838707886667697
EFT:-4.76478046176347,-8.045815156844462,-7.708439689911395,3.7486468788249767,-6.622739700372345,4.254341585833061,-17.999874400269952,-11.72006329262698,8.891891401501697,10.838707886667699
Random888
Raw:-4.764780461763471,-8.045815156844464,-7.708439689911399,3.748646878824977,-6.622739700372348,4.254341585833064,-17.999874400269956,-11.720063292626987,8.891891401501704,10.838707886667697
EFT:-4.76478046176347,-8.045815156844462,-7.708439689911394,3.748646878824977,-6.622739700372347,4.25434158583306,-17.999874400269952,-11.72006329262698,8.891891401501697,10.838707886667697
Random889
Raw:-4.764780461763472,-8.045815156844467,-7.708439689911398,3.7486468788249807,-6.622739700372342,4.2543415858330595,-17.999874400269952,-11.720063292626984,8.891891401501693,10.838707886667702
EFT:-4.76478046176347,-8.045815156844462,-7.708439689911395,3.7486468788249763,-6.622739700372345,4.254341585833061,-17.999874400269952,-11.720063292626978,8.891891401501697,10.838707886667697
Random890
Raw:-4.764780461763466,-8.04581515684446,-7.708439689911392,3.748646878824974,-6.622739700372345,4.25434158583306,-17.99987440026995,-11.72006329262698,8.891891401501699,10.838707886667699
EFT:-4.76478046176347,-8.045815156844462,-7.708439689911395,3.7486468788249767,-6.622739700372345,4.254341585833061,-17.999874400269952,-11.72006329262698,8.891891401501697,10.838707886667697
Random891
Raw:-4.76478046176347,-8.045815156844467,-7.708439689911403,3.7486468788249825,-6.622739700372342,4.254341585833059,-17.99987440026996,-11.72006329262698,8.891891401501692,10.838707886667704
EFT:-4.76478046176347,-8.045815156844462,-7.708439689911395,3.7486468788249767,-6.622739700372345,4.254341585833061,-17.999874400269952,-11.72006329262698,8.891891401501697,10.838707886667699
Random892
Raw:-4.764780461763465,-8.045815156844462,-7.708439689911393,3.748646878824976,-6.622739700372347,4.254341585833059,-17.999874400269952,-11.720063292626977,8.891891401501692,10.838707886667699
EFT:-4.76478046176347,-8.045815156844462,-7.708439689911395,3.7486468788249763,-6.622739700372345,4.254341585833061,-17.999874400269952,-11.72006329262698,8.891891401501697,10.838707886667697
Random893
Raw:-4.764780461763464,-8.045815156844464,-7.708439689911389,3.7486468788249745,-6.622739700372348,4.254341585833054,-17.99987440026995,-11.720063292626975,8.891891401501699,10.838707886667695
EFT:-4.764780461763469,-8.045815156844462,-7.708439689911395,3.7486468788249767,-6.622739700372346,4.254341585833061,-17.999874400269952,-11.72006329262698,8.891891401501697,10.838707886667699
Random894
Raw:-4.764780461763468,-8.045815156844464,-7.708439689911393,3.7486468788249776,-6.622739700372344,4.254341585833065,-17.99987440026995,-11.72006329262698,8.891891401501695,10.838707886667699
EFT:-4.76478046176347,-8.045815156844462,-7.708439689911395,3.7486468788249767,-6.622739700372345,4.254341585833061,-17.999874400269952,-11.72006329262698,8.891891401501697,10.838707886667699
Random895
Raw:-4.764780461763467,-8.045815156844464,-7.708439689911396,3.7486468788249754,-6.622739700372345,4.254341585833061,-17.999874400269952,-11.720063292626982,8.891891401501697,10.838707886667702
EFT:-4.764780461763469,-8.045815156844464,-7.708439689911395,3.7486468788249767,-6.622739700372346,4.254341585833061,-17.999874400269952,-11.72006329262698,8.891891401501697,10.838707886667699
Random896
Raw:-4.76478046176347,-8.045815156844464,-7.708439689911394,3.748646878824976,-6.622739700372343,4.25434158583306,-17.999874400269956,-11.72006329262698,8.891891401501699,10.838707886667702
EFT:-4.76478046176347,-8.045815156844462,-7.708439689911394,3.7486468788249776,-6.622739700372347,4.25434158583306,-17.999874400269952,-11.72006329262698,8.891891401501697,10.838707886667699
Random897
Raw:-4.76478046176347,-8.045815156844462,-7.708439689911398,3.7486468788249785,-6.622739700372349,4.254341585833063,-17.999874400269952,-11.720063292626984,8.891891401501704,10.838707886667697
EFT:-4.76478046176347,-8.045815156844462,-7.708439689911394,3.748646878824977,-6.622739700372347,4.25434158583306,-17.999874400269952,-11.72006329262698,8.891891401501697,10.838707886667697
Random898
Raw:-4.764780461763466,-8.045815156844464,-7.708439689911393,3.7486468788249767,-6.622739700372345,4.254341585833058,-17.999874400269952,-11.72006329262698,8.8918914015017,10.838707886667699
EFT:-4.76478046176347,-8.045815156844462,-7.708439689911394,3.748646878824977,-6.622739700372347,4.25434158583306,-17.999874400269952,-11.72006329262698,8.891891401501697,10.838707886667697
Random899
Raw:-4.764780461763469,-8.045815156844462,-7.708439689911394,3.7486468788249745,-6.622739700372346,4.254341585833059,-17.999874400269952,-11.720063292626977,8.891891401501695,10.838707886667697
EFT:-4.76478046176347,-8.045815156844462,-7.708439689911395,3.7486468788249763,-6.622739700372345,4.254341585833061,-17.999874400269952,-11.72006329262698,8.891891401501697,10.838707886667697
Random900
Raw:-4.764780461763471,-8.045815156844462,-7.708439689911394,3.7486468788249763,-6.622739700372353,4.254341585833061,-17.99987440026995,-11.720063292626982,8.891891401501699,10.838707886667693
EFT:-4.76478046176347,-8.045815156844462,-7.708439689911395,3.7486468788249767,-6.622739700372345,4.254341585833061,-17.999874400269952,-11.720063292626978,8.891891401501697,10.838707886667697
Random901
Raw:-4.7647804617634675,-8.045815156844464,-7.708439689911393,3.7486468788249767,-6.622739700372339,4.25434158583306,-17.999874400269952,-11.720063292626977,8.891891401501697,10.838707886667699
EFT:-4.76478046176347,-8.045815156844462,-7.708439689911394,3.748646878824977,-6.622739700372347,4.25434158583306,-17.999874400269952,-11.72006329262698,8.891891401501697,10.838707886667697
Random902
Raw:-4.764780461763467,-8.045815156844462,-7.7084396899113905,3.7486468788249745,-6.622739700372346,4.2543415858330595,-17.999874400269952,-11.72006329262698,8.8918914015017,10.838707886667695
EFT:-4.76478046176347,-8.045815156844462,-7.708439689911394,3.748646878824977,-6.622739700372347,4.25434158583306,-17.999874400269952,-11.72006329262698,8.891891401501697,10.838707886667697
Random903
Raw:-4.764780461763471,-8.045815156844464,-7.708439689911396,3.748646878824978,-6.6227397003723425,4.254341585833057,-17.999874400269956,-11.72006329262698,8.891891401501697,10.838707886667699
EFT:-4.76478046176347,-8.045815156844462,-7.708439689911394,3.748646878824977,-6.622739700372347,4.25434158583306,-17.999874400269952,-11.72006329262698,8.891891401501697,10.838707886667697
Random904
Raw:-4.7647804617634675,-8.045815156844464,-7.708439689911396,3.7486468788249776,-6.622739700372344,4.254341585833061,-17.999874400269952,-11.720063292626985,8.891891401501695,10.838707886667699
EFT:-4.76478046176347,-8.045815156844462,-7.708439689911394,3.748646878824977,-6.622739700372347,4.25434158583306,-17.999874400269952,-11.72006329262698,8.891891401501697,10.838707886667697
Random905
Raw:-4.764780461763469,-8.045815156844464,-7.708439689911395,3.748646878824974,-6.622739700372343,4.2543415858330595,-17.999874400269952,-11.720063292626978,8.891891401501697,10.838707886667693
EFT:-4.76478046176347,-8.045815156844462,-7.708439689911395,3.7486468788249763,-6.622739700372345,4.254341585833061,-17.999874400269952,-11.720063292626978,8.891891401501697,10.838707886667697
Random906
Raw:-4.764780461763468,-8.04581515684446,-7.708439689911391,3.748646878824974,-6.622739700372347,4.254341585833058,-17.999874400269952,-11.720063292626977,8.891891401501695,10.838707886667697
EFT:-4.76478046176347,-8.045815156844462,-7.708439689911395,3.7486468788249763,-6.622739700372345,4.254341585833061,-17.999874400269952,-11.720063292626978,8.891891401501697,10.838707886667697
Random907
Raw:-4.7647804617634675,-8.045815156844467,-7.70843968991139,3.7486468788249767,-6.622739700372347,4.254341585833051,-17.99987440026995,-11.72006329262698,8.891891401501702,10.838707886667697
EFT:-4.76478046176347,-8.045815156844462,-7.708439689911395,3.7486468788249767,-6.622739700372345,4.254341585833061,-17.999874400269952,-11.720063292626978,8.891891401501697,10.838707886667699
Random908
Raw:-4.764780461763467,-8.04581515684446,-7.708439689911394,3.7486468788249767,-6.622739700372344,4.254341585833057,-17.999874400269952,-11.72006329262698,8.891891401501695,10.838707886667699
EFT:-4.76478046176347,-8.045815156844462,-7.708439689911395,3.7486468788249767,-6.622739700372345,4.254341585833061,-17.999874400269952,-11.720063292626978,8.891891401501697,10.838707886667697
Random909
Raw:-4.764780461763469,-8.04581515684446,-7.7084396899113985,3.7486468788249754,-6.622739700372344,4.254341585833067,-17.99987440026995,-11.720063292626982,8.891891401501695,10.838707886667699
EFT:-4.76478046176347,-8.045815156844462,-7.708439689911394,3.748646878824977,-6.622739700372347,4.25434158583306,-17.999874400269952,-11.72006329262698,8.891891401501697,10.838707886667697
Random910
Raw:-4.764780461763472,-8.04581515684446,-7.708439689911393,3.7486468788249763,-6.622739700372347,4.254341585833061,-17.999874400269952,-11.72006329262698,8.891891401501695,10.838707886667697
EFT:-4.76478046176347,-8.045815156844462,-7.708439689911395,3.7486468788249763,-6.622739700372345,4.254341585833061,-17.999874400269952,-11.72006329262698,8.891891401501697,10.838707886667697
Random911
Raw:-4.764780461763472,-8.045815156844462,-7.708439689911394,3.748646878824979,-6.622739700372338,4.254341585833056,-17.999874400269956,-11.72006329262698,8.891891401501693,10.838707886667699
EFT:-4.76478046176347,-8.045815156844462,-7.708439689911395,3.7486468788249767,-6.622739700372345,4.254341585833061,-17.999874400269952,-11.72006329262698,8.891891401501697,10.838707886667699
Random912
Raw:-4.764780461763471,-8.045815156844464,-7.7084396899114,3.7486468788249763,-6.622739700372347,4.254341585833066,-17.99987440026995,-11.720063292626987,8.8918914015017,10.838707886667695
EFT:-4.76478046176347,-8.045815156844462,-7.708439689911394,3.748646878824977,-6.622739700372347,4.25434158583306,-17.999874400269952,-11.72006329262698,8.891891401501697,10.838707886667697
Random913
Raw:-4.764780461763466,-8.04581515684447,-7.708439689911397,3.7486468788249776,-6.622739700372345,4.25434158583306,-17.999874400269952,-11.720063292626982,8.891891401501697,10.838707886667697
EFT:-4.76478046176347,-8.045815156844462,-7.708439689911395,3.7486468788249767,-6.622739700372345,4.254341585833061,-17.999874400269952,-11.72006329262698,8.891891401501697,10.838707886667697
Random914
Raw:-4.764780461763474,-8.045815156844462,-7.708439689911397,3.748646878824976,-6.622739700372343,4.254341585833059,-17.999874400269952,-11.720063292626978,8.891891401501695,10.838707886667697
EFT:-4.764780461763469,-8.045815156844464,-7.708439689911395,3.748646878824977,-6.622739700372346,4.254341585833061,-17.999874400269952,-11.72006329262698,8.891891401501697,10.838707886667699
Random915
Raw:-4.764780461763464,-8.04581515684446,-7.70843968991139,3.748646878824972,-6.6227397003723425,4.254341585833058,-17.999874400269945,-11.720063292626982,8.891891401501699,10.838707886667697
EFT:-4.76478046176347,-8.045815156844462,-7.708439689911395,3.7486468788249763,-6.622739700372345,4.254341585833061,-17.999874400269952,-11.72006329262698,8.891891401501697,10.838707886667697
Random916
Raw:-4.764780461763468,-8.045815156844464,-7.708439689911391,3.7486468788249767,-6.622739700372348,4.254341585833056,-17.99987440026995,-11.72006329262698,8.891891401501695,10.838707886667693
EFT:-4.76478046176347,-8.045815156844462,-7.708439689911395,3.7486468788249767,-6.622739700372345,4.254341585833061,-17.999874400269952,-11.72006329262698,8.891891401501697,10.838707886667699
Random917
Raw:-4.764780461763466,-8.045815156844466,-7.708439689911391,3.748646878824977,-6.622739700372347,4.2543415858330595,-17.99987440026995,-11.720063292626987,8.8918914015017,10.838707886667699
EFT:-4.76478046176347,-8.045815156844464,-7.708439689911394,3.7486468788249776,-6.622739700372347,4.25434158583306,-17.999874400269952,-11.72006329262698,8.891891401501697,10.838707886667699
Random918
Raw:-4.764780461763472,-8.045815156844462,-7.7084396899113985,3.748646878824979,-6.622739700372342,4.254341585833063,-17.999874400269956,-11.72006329262698,8.891891401501695,10.838707886667697
EFT:-4.76478046176347,-8.045815156844462,-7.708439689911394,3.748646878824977,-6.622739700372347,4.25434158583306,-17.999874400269952,-11.72006329262698,8.891891401501697,10.838707886667697
Random919
Raw:-4.764780461763467,-8.045815156844464,-7.708439689911392,3.7486468788249776,-6.622739700372351,4.254341585833062,-17.999874400269952,-11.720063292626978,8.891891401501693,10.838707886667697
EFT:-4.76478046176347,-8.045815156844462,-7.708439689911394,3.748646878824977,-6.622739700372347,4.25434158583306,-17.999874400269952,-11.72006329262698,8.891891401501697,10.838707886667697
Random920
Raw:-4.764780461763469,-8.045815156844462,-7.708439689911395,3.7486468788249785,-6.622739700372344,4.254341585833066,-17.999874400269942,-11.720063292626977,8.891891401501692,10.8387078866677
EFT:-4.76478046176347,-8.045815156844462,-7.708439689911394,3.748646878824977,-6.622739700372347,4.25434158583306,-17.999874400269952,-11.72006329262698,8.891891401501697,10.838707886667697
Random921
Raw:-4.764780461763468,-8.045815156844462,-7.708439689911394,3.748646878824978,-6.622739700372348,4.2543415858330595,-17.999874400269952,-11.72006329262698,8.8918914015017,10.8387078866677
EFT:-4.76478046176347,-8.045815156844462,-7.708439689911395,3.7486468788249767,-6.622739700372345,4.254341585833061,-17.999874400269952,-11.72006329262698,8.891891401501697,10.838707886667697
Random922
Raw:-4.764780461763468,-8.045815156844458,-7.708439689911393,3.748646878824974,-6.622739700372338,4.254341585833059,-17.99987440026995,-11.72006329262698,8.891891401501695,10.8387078866677
EFT:-4.76478046176347,-8.045815156844462,-7.708439689911394,3.7486468788249776,-6.622739700372347,4.25434158583306,-17.999874400269952,-11.72006329262698,8.891891401501697,10.838707886667697
Random923
Raw:-4.764780461763471,-8.045815156844462,-7.708439689911399,3.7486468788249776,-6.622739700372343,4.254341585833061,-17.999874400269956,-11.72006329262698,8.891891401501697,10.8387078866677
EFT:-4.76478046176347,-8.045815156844462,-7.708439689911394,3.748646878824977,-6.622739700372347,4.25434158583306,-17.999874400269952,-11.72006329262698,8.891891401501697,10.838707886667697
Random924
Raw:-4.764780461763472,-8.045815156844466,-7.7084396899113985,3.7486468788249794,-6.622739700372349,4.254341585833064,-17.999874400269952,-11.720063292626987,8.891891401501702,10.8387078866677
EFT:-4.764780461763469,-8.045815156844462,-7.708439689911395,3.7486468788249767,-6.622739700372346,4.254341585833061,-17.999874400269952,-11.72006329262698,8.891891401501697,10.838707886667699
Random925
Raw:-4.764780461763468,-8.045815156844464,-7.708439689911399,3.7486468788249776,-6.622739700372343,4.254341585833063,-17.99987440026995,-11.720063292626982,8.891891401501697,10.838707886667697
EFT:-4.76478046176347,-8.045815156844464,-7.708439689911394,3.7486468788249776,-6.622739700372347,4.25434158583306,-17.999874400269952,-11.72006329262698,8.891891401501697,10.838707886667697
Random926
Raw:-4.7647804617634755,-8.045815156844464,-7.708439689911398,3.7486468788249776,-6.622739700372347,4.254341585833066,-17.999874400269956,-11.720063292626984,8.891891401501702,10.838707886667704
EFT:-4.76478046176347,-8.045815156844464,-7.708439689911395,3.7486468788249776,-6.622739700372347,4.254341585833061,-17.999874400269952,-11.72006329262698,8.891891401501697,10.838707886667699
Random927
Raw:-4.7647804617634675,-8.045815156844464,-7.708439689911397,3.7486468788249763,-6.622739700372345,4.254341585833059,-17.999874400269956,-11.72006329262698,8.891891401501697,10.8387078866677
EFT:-4.76478046176347,-8.045815156844462,-7.708439689911395,3.7486468788249763,-6.622739700372345,4.254341585833061,-17.999874400269952,-11.720063292626978,8.891891401501697,10.838707886667697
Random928
Raw:-4.7647804617634675,-8.045815156844462,-7.708439689911394,3.748646878824976,-6.622739700372348,4.254341585833061,-17.999874400269945,-11.720063292626982,8.891891401501699,10.838707886667697
EFT:-4.76478046176347,-8.045815156844462,-7.708439689911394,3.748646878824977,-6.622739700372347,4.25434158583306,-17.999874400269952,-11.72006329262698,8.891891401501697,10.838707886667697
Random929
Raw:-4.764780461763466,-8.045815156844462,-7.708439689911395,3.748646878824978,-6.622739700372344,4.2543415858330595,-17.999874400269952,-11.720063292626984,8.891891401501695,10.8387078866677
EFT:-4.76478046176347,-8.045815156844462,-7.708439689911394,3.748646878824977,-6.622739700372347,4.25434158583306,-17.999874400269952,-11.72006329262698,8.891891401501697,10.838707886667697
Random930
Raw:-4.764780461763466,-8.045815156844462,-7.708439689911392,3.748646878824975,-6.6227397003723505,4.254341585833057,-17.99987440026995,-11.720063292626982,8.8918914015017,10.838707886667692
EFT:-4.76478046176347,-8.045815156844462,-7.708439689911395,3.7486468788249767,-6.622739700372345,4.254341585833061,-17.999874400269952,-11.72006329262698,8.891891401501697,10.838707886667699
Random931
Raw:-4.764780461763469,-8.045815156844466,-7.708439689911392,3.748646878824977,-6.622739700372349,4.254341585833058,-17.999874400269956,-11.720063292626982,8.891891401501695,10.838707886667702
EFT:-4.76478046176347,-8.045815156844462,-7.708439689911394,3.7486468788249776,-6.622739700372347,4.25434158583306,-17.999874400269952,-11.72006329262698,8.891891401501697,10.838707886667699
Random932
Raw:-4.764780461763466,-8.045815156844458,-7.708439689911395,3.7486468788249763,-6.622739700372345,4.254341585833062,-17.999874400269952,-11.720063292626978,8.891891401501693,10.838707886667699
EFT:-4.76478046176347,-8.045815156844462,-7.708439689911395,3.7486468788249763,-6.622739700372345,4.254341585833061,-17.999874400269952,-11.720063292626978,8.891891401501697,10.838707886667697
Random933
Raw:-4.764780461763472,-8.045815156844462,-7.7084396899113985,3.748646878824978,-6.622739700372347,4.25434158583306,-17.999874400269952,-11.720063292626984,8.891891401501693,10.838707886667699
EFT:-4.76478046176347,-8.045815156844462,-7.708439689911395,3.7486468788249763,-6.622739700372345,4.254341585833061,-17.999874400269952,-11.72006329262698,8.891891401501697,10.838707886667697
Random934
Raw:-4.76478046176347,-8.045815156844464,-7.708439689911394,3.748646878824978,-6.622739700372344,4.254341585833064,-17.999874400269952,-11.720063292626985,8.891891401501693,10.838707886667702
EFT:-4.76478046176347,-8.045815156844462,-7.708439689911395,3.7486468788249763,-6.622739700372345,4.254341585833061,-17.999874400269952,-11.72006329262698,8.891891401501697,10.838707886667697
Random935
Raw:-4.764780461763468,-8.045815156844464,-7.708439689911394,3.748646878824973,-6.622739700372346,4.2543415858330595,-17.99987440026995,-11.72006329262698,8.891891401501697,10.838707886667699
EFT:-4.76478046176347,-8.045815156844462,-7.708439689911394,3.748646878824977,-6.622739700372347,4.25434158583306,-17.999874400269952,-11.72006329262698,8.891891401501697,10.838707886667697
Random936
Raw:-4.764780461763467,-8.045815156844462,-7.708439689911392,3.748646878824975,-6.622739700372342,4.2543415858330595,-17.999874400269945,-11.720063292626982,8.891891401501699,10.838707886667697
EFT:-4.76478046176347,-8.045815156844462,-7.708439689911395,3.7486468788249763,-6.622739700372345,4.254341585833061,-17.999874400269952,-11.720063292626978,8.891891401501697,10.838707886667697
Random937
Raw:-4.764780461763472,-8.045815156844462,-7.708439689911398,3.748646878824979,-6.622739700372343,4.254341585833066,-17.999874400269956,-11.720063292626982,8.891891401501693,10.838707886667697
EFT:-4.76478046176347,-8.045815156844462,-7.708439689911394,3.748646878824977,-6.622739700372347,4.25434158583306,-17.999874400269952,-11.72006329262698,8.891891401501697,10.838707886667697
Random938
Raw:-4.764780461763468,-8.04581515684446,-7.708439689911396,3.7486468788249754,-6.622739700372345,4.254341585833059,-17.999874400269956,-11.720063292626978,8.891891401501693,10.838707886667699
EFT:-4.764780461763469,-8.045815156844462,-7.708439689911394,3.7486468788249767,-6.622739700372346,4.254341585833061,-17.999874400269952,-11.72006329262698,8.891891401501697,10.838707886667699
Random939
Raw:-4.764780461763468,-8.045815156844462,-7.708439689911392,3.7486468788249754,-6.622739700372346,4.25434158583306,-17.99987440026995,-11.72006329262698,8.891891401501699,10.838707886667695
EFT:-4.76478046176347,-8.045815156844462,-7.708439689911394,3.7486468788249776,-6.622739700372347,4.25434158583306,-17.999874400269952,-11.72006329262698,8.891891401501697,10.838707886667699
Random940
Raw:-4.764780461763474,-8.04581515684446,-7.708439689911398,3.748646878824976,-6.622739700372348,4.2543415858330675,-17.999874400269952,-11.720063292626984,8.891891401501697,10.8387078866677
EFT:-4.76478046176347,-8.045815156844462,-7.708439689911395,3.7486468788249767,-6.622739700372345,4.254341585833061,-17.999874400269952,-11.72006329262698,8.891891401501697,10.838707886667699
Random941
Raw:-4.764780461763467,-8.045815156844466,-7.708439689911392,3.7486468788249745,-6.622739700372344,4.254341585833056,-17.999874400269952,-11.720063292626978,8.891891401501693,10.838707886667697
EFT:-4.764780461763469,-8.045815156844462,-7.708439689911395,3.7486468788249767,-6.622739700372346,4.254341585833061,-17.999874400269952,-11.72006329262698,8.891891401501697,10.838707886667699
Random942
Raw:-4.764780461763468,-8.045815156844464,-7.708439689911396,3.748646878824978,-6.622739700372344,4.254341585833056,-17.999874400269952,-11.720063292626982,8.891891401501695,10.838707886667697
EFT:-4.76478046176347,-8.045815156844462,-7.708439689911395,3.7486468788249763,-6.622739700372345,4.254341585833061,-17.999874400269952,-11.720063292626978,8.891891401501697,10.838707886667697
Random943
Raw:-4.764780461763476,-8.045815156844466,-7.7084396899113985,3.7486468788249803,-6.622739700372349,4.254341585833063,-17.999874400269956,-11.720063292626985,8.891891401501697,10.838707886667699
EFT:-4.76478046176347,-8.045815156844462,-7.708439689911395,3.7486468788249767,-6.622739700372345,4.254341585833061,-17.999874400269952,-11.720063292626978,8.891891401501697,10.838707886667697
Random944
Raw:-4.764780461763471,-8.045815156844466,-7.7084396899113985,3.7486468788249763,-6.6227397003723425,4.254341585833067,-17.999874400269952,-11.720063292626982,8.891891401501697,10.838707886667702
EFT:-4.76478046176347,-8.045815156844462,-7.708439689911395,3.7486468788249763,-6.622739700372345,4.254341585833061,-17.999874400269952,-11.72006329262698,8.891891401501697,10.838707886667697
Random945
Raw:-4.764780461763471,-8.045815156844464,-7.708439689911397,3.748646878824978,-6.622739700372343,4.254341585833061,-17.999874400269952,-11.720063292626987,8.891891401501695,10.838707886667697
EFT:-4.76478046176347,-8.045815156844462,-7.708439689911395,3.7486468788249767,-6.622739700372345,4.254341585833061,-17.999874400269952,-11.72006329262698,8.891891401501697,10.838707886667697
Random946
Raw:-4.764780461763465,-8.045815156844462,-7.708439689911392,3.748646878824972,-6.622739700372341,4.254341585833057,-17.999874400269952,-11.720063292626982,8.891891401501699,10.838707886667699
EFT:-4.76478046176347,-8.045815156844462,-7.708439689911395,3.7486468788249763,-6.622739700372345,4.254341585833061,-17.999874400269952,-11.72006329262698,8.891891401501697,10.838707886667697
Random947
Raw:-4.764780461763465,-8.045815156844466,-7.708439689911394,3.748646878824978,-6.622739700372346,4.2543415858330595,-17.99987440026995,-11.720063292626984,8.891891401501697,10.8387078866677
EFT:-4.76478046176347,-8.045815156844462,-7.708439689911394,3.748646878824977,-6.622739700372347,4.25434158583306,-17.999874400269952,-11.72006329262698,8.891891401501697,10.838707886667697
Random948
Raw:-4.764780461763472,-8.04581515684447,-7.708439689911401,3.7486468788249776,-6.62273970037234,4.254341585833062,-17.999874400269945,-11.720063292626984,8.891891401501699,10.838707886667699
EFT:-4.76478046176347,-8.045815156844462,-7.708439689911395,3.7486468788249767,-6.622739700372345,4.254341585833061,-17.999874400269952,-11.72006329262698,8.891891401501697,10.838707886667699
Random949
Raw:-4.764780461763475,-8.045815156844464,-7.708439689911399,3.7486468788249816,-6.622739700372346,4.254341585833063,-17.99987440026996,-11.720063292626982,8.891891401501695,10.838707886667702
EFT:-4.76478046176347,-8.045815156844462,-7.708439689911394,3.748646878824977,-6.622739700372347,4.25434158583306,-17.999874400269952,-11.72006329262698,8.891891401501697,10.838707886667697
Random950
Raw:-4.764780461763468,-8.045815156844462,-7.7084396899113985,3.748646878824978,-6.622739700372342,4.254341585833067,-17.99987440026995,-11.720063292626982,8.891891401501692,10.838707886667699
EFT:-4.76478046176347,-8.045815156844462,-7.708439689911394,3.748646878824977,-6.622739700372347,4.25434158583306,-17.999874400269952,-11.72006329262698,8.891891401501697,10.838707886667697
Random951
Raw:-4.76478046176347,-8.045815156844464,-7.708439689911398,3.748646878824975,-6.622739700372338,4.254341585833064,-17.999874400269952,-11.720063292626982,8.891891401501699,10.838707886667699
EFT:-4.76478046176347,-8.045815156844462,-7.708439689911394,3.748646878824977,-6.622739700372347,4.25434158583306,-17.999874400269952,-11.72006329262698,8.891891401501697,10.838707886667697
Random952
Raw:-4.764780461763472,-8.045815156844464,-7.7084396899113985,3.748646878824979,-6.622739700372342,4.254341585833061,-17.999874400269952,-11.720063292626982,8.891891401501695,10.838707886667699
EFT:-4.76478046176347,-8.045815156844462,-7.708439689911394,3.748646878824977,-6.622739700372347,4.25434158583306,-17.999874400269952,-11.72006329262698,8.891891401501697,10.838707886667697
Random953
Raw:-4.764780461763471,-8.045815156844462,-7.708439689911394,3.7486468788249785,-6.622739700372349,4.254341585833065,-17.999874400269952,-11.720063292626982,8.8918914015017,10.838707886667697
EFT:-4.76478046176347,-8.045815156844462,-7.708439689911394,3.748646878824977,-6.622739700372347,4.25434158583306,-17.999874400269952,-11.72006329262698,8.891891401501697,10.838707886667697
Random954
Raw:-4.7647804617634675,-8.045815156844466,-7.7084396899114,3.7486468788249763,-6.622739700372342,4.254341585833063,-17.999874400269956,-11.72006329262698,8.891891401501695,10.838707886667704
EFT:-4.76478046176347,-8.045815156844462,-7.708439689911394,3.748646878824977,-6.622739700372347,4.25434158583306,-17.999874400269952,-11.72006329262698,8.891891401501697,10.838707886667697
Random955
Raw:-4.764780461763476,-8.045815156844462,-7.708439689911403,3.7486468788249785,-6.622739700372344,4.2543415858330675,-17.999874400269956,-11.720063292626982,8.891891401501697,10.838707886667699
EFT:-4.76478046176347,-8.045815156844462,-7.708439689911395,3.7486468788249767,-6.622739700372345,4.254341585833061,-17.999874400269952,-11.72006329262698,8.891891401501697,10.838707886667699
Random956
Raw:-4.764780461763469,-8.04581515684446,-7.7084396899113905,3.748646878824977,-6.6227397003723505,4.254341585833058,-17.99987440026995,-11.720063292626977,8.891891401501693,10.838707886667693
EFT:-4.76478046176347,-8.045815156844462,-7.708439689911394,3.7486468788249776,-6.622739700372347,4.25434158583306,-17.999874400269952,-11.72006329262698,8.891891401501697,10.838707886667699
Random957
Raw:-4.764780461763463,-8.045815156844464,-7.708439689911392,3.748646878824977,-6.622739700372342,4.254341585833052,-17.999874400269952,-11.720063292626977,8.89189140150169,10.838707886667697
EFT:-4.76478046176347,-8.045815156844462,-7.708439689911395,3.7486468788249767,-6.622739700372345,4.254341585833061,-17.999874400269952,-11.72006329262698,8.891891401501697,10.838707886667697
Random958
Raw:-4.764780461763466,-8.045815156844464,-7.708439689911393,3.7486468788249745,-6.622739700372346,4.254341585833059,-17.999874400269952,-11.720063292626982,8.891891401501699,10.8387078866677
EFT:-4.76478046176347,-8.045815156844464,-7.708439689911394,3.7486468788249776,-6.622739700372347,4.254341585833061,-17.999874400269952,-11.72006329262698,8.891891401501697,10.838707886667699
Random959
Raw:-4.764780461763467,-8.045815156844466,-7.708439689911396,3.748646878824977,-6.622739700372346,4.254341585833061,-17.999874400269956,-11.720063292626982,8.8918914015017,10.838707886667697
EFT:-4.76478046176347,-8.045815156844462,-7.708439689911394,3.7486468788249776,-6.622739700372347,4.25434158583306,-17.999874400269952,-11.72006329262698,8.891891401501697,10.838707886667699
Random960
Raw:-4.764780461763471,-8.045815156844462,-7.708439689911401,3.748646878824978,-6.6227397003723425,4.25434158583306,-17.999874400269952,-11.720063292626984,8.891891401501695,10.8387078866677
EFT:-4.764780461763469,-8.045815156844464,-7.708439689911395,3.7486468788249767,-6.622739700372346,4.254341585833061,-17.999874400269952,-11.72006329262698,8.891891401501697,10.838707886667699
Random961
Raw:-4.764780461763465,-8.045815156844464,-7.7084396899113985,3.7486468788249785,-6.622739700372344,4.25434158583306,-17.999874400269952,-11.720063292626982,8.891891401501697,10.838707886667697
EFT:-4.76478046176347,-8.045815156844462,-7.708439689911394,3.748646878824977,-6.622739700372347,4.25434158583306,-17.999874400269952,-11.72006329262698,8.891891401501697,10.838707886667697
Random962
Raw:-4.7647804617634675,-8.045815156844464,-7.708439689911395,3.7486468788249767,-6.622739700372343,4.254341585833065,-17.99987440026995,-11.720063292626982,8.891891401501697,10.8387078866677
EFT:-4.76478046176347,-8.045815156844462,-7.708439689911395,3.7486468788249763,-6.622739700372345,4.254341585833061,-17.999874400269952,-11.72006329262698,8.891891401501697,10.838707886667697
Random963
Raw:-4.764780461763468,-8.045815156844464,-7.708439689911397,3.7486468788249785,-6.622739700372344,4.254341585833059,-17.999874400269956,-11.720063292626984,8.891891401501695,10.838707886667695
EFT:-4.76478046176347,-8.045815156844462,-7.708439689911394,3.7486468788249776,-6.622739700372347,4.25434158583306,-17.999874400269952,-11.72006329262698,8.891891401501697,10.838707886667699
Random964
Raw:-4.764780461763467,-8.045815156844462,-7.708439689911394,3.748646878824975,-6.622739700372345,4.254341585833062,-17.999874400269942,-11.720063292626978,8.891891401501697,10.838707886667699
EFT:-4.76478046176347,-8.045815156844462,-7.708439689911395,3.7486468788249767,-6.622739700372345,4.254341585833061,-17.999874400269952,-11.72006329262698,8.891891401501695,10.838707886667697
Random965
Raw:-4.764780461763465,-8.045815156844464,-7.708439689911389,3.748646878824978,-6.622739700372346,4.254341585833055,-17.999874400269945,-11.72006329262698,8.8918914015017,10.838707886667693
EFT:-4.764780461763469,-8.045815156844464,-7.708439689911395,3.7486468788249767,-6.622739700372346,4.254341585833061,-17.999874400269952,-11.72006329262698,8.891891401501697,10.838707886667699
Random966
Raw:-4.764780461763473,-8.045815156844466,-7.708439689911397,3.7486468788249745,-6.622739700372344,4.25434158583306,-17.999874400269952,-11.720063292626984,8.8918914015017,10.8387078866677
EFT:-4.764780461763469,-8.045815156844464,-7.708439689911395,3.7486468788249767,-6.622739700372346,4.254341585833061,-17.999874400269952,-11.72006329262698,8.891891401501697,10.838707886667699
Random967
Raw:-4.764780461763475,-8.045815156844467,-7.708439689911398,3.748646878824976,-6.622739700372339,4.254341585833061,-17.99987440026995,-11.720063292626984,8.891891401501697,10.838707886667704
EFT:-4.76478046176347,-8.045815156844462,-7.708439689911394,3.748646878824977,-6.622739700372347,4.25434158583306,-17.999874400269952,-11.72006329262698,8.891891401501697,10.838707886667697
Random968
Raw:-4.764780461763468,-8.045815156844462,-7.708439689911394,3.748646878824978,-6.622739700372352,4.254341585833062,-17.99987440026996,-11.720063292626982,8.891891401501693,10.838707886667699
EFT:-4.764780461763469,-8.045815156844462,-7.708439689911395,3.7486468788249767,-6.622739700372346,4.254341585833061,-17.999874400269952,-11.72006329262698,8.891891401501697,10.838707886667699
Random969
Raw:-4.764780461763473,-8.045815156844466,-7.708439689911396,3.74864687882498,-6.622739700372349,4.2543415858330595,-17.99987440026995,-11.720063292626984,8.891891401501695,10.838707886667697
EFT:-4.764780461763469,-8.045815156844462,-7.708439689911395,3.748646878824977,-6.622739700372346,4.254341585833061,-17.999874400269952,-11.72006329262698,8.891891401501697,10.838707886667699
Random970
Raw:-4.764780461763465,-8.045815156844462,-7.708439689911388,3.7486468788249776,-6.622739700372353,4.254341585833057,-17.999874400269952,-11.720063292626978,8.891891401501697,10.838707886667697
EFT:-4.76478046176347,-8.045815156844462,-7.708439689911394,3.7486468788249776,-6.622739700372347,4.25434158583306,-17.999874400269952,-11.72006329262698,8.891891401501697,10.838707886667699
Random971
Raw:-4.764780461763468,-8.045815156844464,-7.708439689911394,3.7486468788249745,-6.622739700372342,4.25434158583306,-17.999874400269952,-11.72006329262698,8.891891401501697,10.838707886667702
EFT:-4.76478046176347,-8.045815156844462,-7.708439689911395,3.7486468788249763,-6.622739700372345,4.254341585833061,-17.999874400269952,-11.72006329262698,8.891891401501697,10.838707886667697
Random972
Raw:-4.764780461763472,-8.045815156844462,-7.7084396899113985,3.748646878824979,-6.622739700372345,4.254341585833065,-17.999874400269956,-11.720063292626985,8.891891401501695,10.838707886667695
EFT:-4.764780461763469,-8.045815156844462,-7.708439689911394,3.7486468788249767,-6.622739700372346,4.254341585833061,-17.999874400269952,-11.72006329262698,8.891891401501697,10.838707886667699
Random973
Raw:-4.7647804617634675,-8.045815156844466,-7.708439689911396,3.7486468788249754,-6.622739700372338,4.2543415858330595,-17.99987440026995,-11.72006329262698,8.8918914015017,10.8387078866677
EFT:-4.76478046176347,-8.045815156844462,-7.708439689911395,3.7486468788249763,-6.622739700372345,4.254341585833061,-17.999874400269952,-11.72006329262698,8.891891401501697,10.838707886667697
Random974
Raw:-4.764780461763468,-8.045815156844464,-7.708439689911396,3.748646878824977,-6.622739700372345,4.2543415858330595,-17.999874400269952,-11.720063292626978,8.891891401501699,10.838707886667695
EFT:-4.76478046176347,-8.045815156844462,-7.708439689911395,3.7486468788249767,-6.622739700372345,4.254341585833061,-17.999874400269952,-11.720063292626978,8.891891401501697,10.838707886667697
Random975
Raw:-4.764780461763474,-8.045815156844464,-7.7084396899114,3.748646878824977,-6.6227397003723425,4.254341585833064,-17.999874400269956,-11.720063292626982,8.891891401501697,10.838707886667702
EFT:-4.76478046176347,-8.045815156844462,-7.708439689911394,3.748646878824977,-6.622739700372347,4.25434158583306,-17.999874400269952,-11.72006329262698,8.891891401501697,10.838707886667697
Random976
Raw:-4.764780461763471,-8.045815156844462,-7.7084396899113905,3.748646878824976,-6.622739700372345,4.25434158583306,-17.999874400269952,-11.720063292626978,8.891891401501695,10.838707886667699
EFT:-4.76478046176347,-8.045815156844462,-7.708439689911395,3.7486468788249767,-6.622739700372345,4.254341585833061,-17.999874400269952,-11.72006329262698,8.891891401501695,10.838707886667697
Random977
Raw:-4.76478046176347,-8.045815156844462,-7.708439689911395,3.748646878824976,-6.622739700372342,4.25434158583306,-17.99987440026995,-11.720063292626984,8.8918914015017,10.838707886667699
EFT:-4.76478046176347,-8.045815156844462,-7.708439689911395,3.7486468788249767,-6.622739700372345,4.254341585833061,-17.999874400269952,-11.72006329262698,8.891891401501697,10.838707886667699
Random978
Raw:-4.764780461763467,-8.045815156844466,-7.708439689911389,3.7486468788249754,-6.622739700372348,4.254341585833057,-17.999874400269942,-11.72006329262698,8.891891401501697,10.838707886667693
EFT:-4.76478046176347,-8.045815156844462,-7.708439689911394,3.748646878824977,-6.622739700372347,4.25434158583306,-17.999874400269952,-11.72006329262698,8.891891401501697,10.838707886667697
Random979
Raw:-4.764780461763463,-8.045815156844462,-7.708439689911394,3.7486468788249736,-6.62273970037234,4.2543415858330595,-17.99987440026995,-11.720063292626982,8.891891401501704,10.838707886667699
EFT:-4.76478046176347,-8.045815156844462,-7.708439689911395,3.7486468788249767,-6.622739700372345,4.254341585833061,-17.999874400269952,-11.72006329262698,8.891891401501697,10.838707886667699
Random980
Raw:-4.764780461763472,-8.045815156844462,-7.708439689911402,3.7486468788249767,-6.622739700372344,4.254341585833064,-17.999874400269952,-11.720063292626984,8.891891401501695,10.838707886667702
EFT:-4.764780461763469,-8.045815156844464,-7.708439689911394,3.7486468788249767,-6.622739700372346,4.254341585833061,-17.999874400269952,-11.72006329262698,8.891891401501697,10.838707886667699
Random981
Raw:-4.764780461763467,-8.045815156844464,-7.708439689911396,3.748646878824977,-6.622739700372342,4.254341585833061,-17.999874400269952,-11.72006329262698,8.891891401501695,10.838707886667693
EFT:-4.76478046176347,-8.045815156844462,-7.708439689911394,3.748646878824977,-6.622739700372347,4.25434158583306,-17.999874400269952,-11.72006329262698,8.891891401501697,10.838707886667697
Random982
Raw:-4.764780461763474,-8.04581515684447,-7.7084396899113985,3.74864687882498,-6.622739700372351,4.254341585833061,-17.999874400269956,-11.720063292626985,8.8918914015017,10.838707886667695
EFT:-4.76478046176347,-8.045815156844462,-7.708439689911394,3.748646878824977,-6.622739700372347,4.25434158583306,-17.999874400269952,-11.72006329262698,8.891891401501697,10.838707886667697
Random983
Raw:-4.764780461763471,-8.045815156844464,-7.7084396899113985,3.748646878824978,-6.622739700372347,4.254341585833063,-17.999874400269952,-11.720063292626984,8.891891401501697,10.838707886667699
EFT:-4.76478046176347,-8.045815156844462,-7.708439689911394,3.748646878824977,-6.622739700372347,4.25434158583306,-17.999874400269952,-11.72006329262698,8.891891401501697,10.838707886667697
Random984
Raw:-4.764780461763472,-8.045815156844464,-7.708439689911398,3.748646878824977,-6.622739700372344,4.254341585833063,-17.99987440026995,-11.720063292626978,8.891891401501693,10.838707886667699
EFT:-4.76478046176347,-8.045815156844462,-7.708439689911394,3.7486468788249776,-6.622739700372347,4.25434158583306,-17.999874400269952,-11.72006329262698,8.891891401501697,10.838707886667697
Random985
Raw:-4.764780461763471,-8.045815156844458,-7.70843968991139,3.7486468788249776,-6.622739700372356,4.2543415858330595,-17.99987440026995,-11.720063292626984,8.891891401501697,10.838707886667693
EFT:-4.76478046176347,-8.045815156844462,-7.708439689911395,3.7486468788249763,-6.622739700372345,4.254341585833061,-17.999874400269952,-11.72006329262698,8.891891401501697,10.838707886667697
Random986
Raw:-4.764780461763471,-8.045815156844462,-7.708439689911397,3.748646878824978,-6.622739700372349,4.254341585833062,-17.999874400269952,-11.720063292626982,8.891891401501697,10.838707886667697
EFT:-4.76478046176347,-8.045815156844462,-7.708439689911395,3.7486468788249776,-6.622739700372347,4.254341585833061,-17.999874400269952,-11.72006329262698,8.891891401501697,10.838707886667699
Random987
Raw:-4.764780461763472,-8.045815156844462,-7.708439689911392,3.748646878824977,-6.622739700372348,4.254341585833056,-17.99987440026995,-11.720063292626984,8.891891401501697,10.838707886667695
EFT:-4.76478046176347,-8.045815156844462,-7.708439689911394,3.748646878824977,-6.622739700372347,4.25434158583306,-17.999874400269952,-11.72006329262698,8.891891401501697,10.838707886667697
Random988
Raw:-4.764780461763467,-8.045815156844462,-7.708439689911392,3.748646878824976,-6.622739700372345,4.254341585833061,-17.999874400269952,-11.720063292626978,8.891891401501692,10.838707886667695
EFT:-4.76478046176347,-8.045815156844462,-7.708439689911394,3.748646878824977,-6.622739700372347,4.25434158583306,-17.999874400269952,-11.72006329262698,8.891891401501697,10.838707886667697
Random989
Raw:-4.764780461763474,-8.045815156844464,-7.708439689911399,3.74864687882498,-6.622739700372347,4.254341585833064,-17.999874400269956,-11.720063292626987,8.891891401501695,10.838707886667695
EFT:-4.76478046176347,-8.045815156844462,-7.708439689911394,3.748646878824977,-6.622739700372347,4.25434158583306,-17.999874400269952,-11.72006329262698,8.891891401501697,10.838707886667697
Random990
Raw:-4.76478046176347,-8.045815156844462,-7.708439689911397,3.7486468788249754,-6.622739700372343,4.254341585833066,-17.999874400269952,-11.720063292626982,8.891891401501693,10.838707886667697
EFT:-4.76478046176347,-8.045815156844462,-7.708439689911394,3.748646878824977,-6.622739700372347,4.25434158583306,-17.999874400269952,-11.72006329262698,8.891891401501697,10.838707886667697
Random991
Raw:-4.764780461763469,-8.045815156844464,-7.708439689911395,3.7486468788249776,-6.622739700372349,4.2543415858330595,-17.999874400269956,-11.720063292626984,8.8918914015017,10.838707886667697
EFT:-4.76478046176347,-8.045815156844462,-7.708439689911395,3.7486468788249767,-6.622739700372345,4.254341585833061,-17.999874400269952,-11.72006329262698,8.891891401501697,10.838707886667697
Random992
Raw:-4.764780461763468,-8.045815156844462,-7.708439689911394,3.7486468788249754,-6.622739700372343,4.254341585833062,-17.999874400269952,-11.72006329262698,8.891891401501693,10.838707886667695
EFT:-4.76478046176347,-8.045815156844462,-7.708439689911394,3.748646878824977,-6.622739700372347,4.25434158583306,-17.999874400269952,-11.72006329262698,8.891891401501697,10.838707886667697
Random993
Raw:-4.764780461763472,-8.045815156844462,-7.708439689911403,3.74864687882498,-6.62273970037234,4.25434158583306,-17.99987440026996,-11.72006329262698,8.891891401501693,10.838707886667704
EFT:-4.76478046176347,-8.045815156844462,-7.708439689911394,3.748646878824977,-6.622739700372347,4.25434158583306,-17.999874400269952,-11.72006329262698,8.891891401501697,10.838707886667697
Random994
Raw:-4.764780461763468,-8.045815156844466,-7.708439689911396,3.748646878824978,-6.6227397003723425,4.254341585833057,-17.999874400269952,-11.720063292626982,8.891891401501697,10.838707886667702
EFT:-4.764780461763469,-8.045815156844462,-7.708439689911395,3.748646878824977,-6.622739700372346,4.254341585833061,-17.999874400269952,-11.72006329262698,8.891891401501697,10.838707886667699
Random995
Raw:-4.76478046176347,-8.045815156844466,-7.708439689911399,3.7486468788249776,-6.622739700372342,4.254341585833064,-17.99987440026996,-11.72006329262698,8.891891401501692,10.838707886667697
EFT:-4.76478046176347,-8.045815156844462,-7.708439689911395,3.7486468788249763,-6.622739700372345,4.254341585833061,-17.999874400269952,-11.72006329262698,8.891891401501697,10.838707886667697
Random996
Raw:-4.7647804617634675,-8.045815156844466,-7.708439689911394,3.7486468788249785,-6.6227397003723505,4.254341585833057,-17.999874400269956,-11.720063292626985,8.891891401501699,10.8387078866677
EFT:-4.76478046176347,-8.045815156844462,-7.708439689911394,3.748646878824977,-6.622739700372347,4.25434158583306,-17.999874400269952,-11.72006329262698,8.891891401501697,10.838707886667697
Random997
Raw:-4.76478046176347,-8.045815156844462,-7.708439689911393,3.748646878824975,-6.622739700372342,4.254341585833064,-17.999874400269952,-11.720063292626985,8.891891401501699,10.8387078866677
EFT:-4.76478046176347,-8.045815156844462,-7.708439689911395,3.7486468788249763,-6.622739700372345,4.254341585833061,-17.999874400269952,-11.72006329262698,8.891891401501697,10.838707886667697
Random998
Raw:-4.764780461763471,-8.045815156844467,-7.708439689911396,3.7486468788249803,-6.622739700372354,4.254341585833064,-17.999874400269952,-11.720063292626985,8.891891401501697,10.838707886667697
EFT:-4.76478046176347,-8.045815156844462,-7.708439689911394,3.748646878824977,-6.622739700372347,4.25434158583306,-17.999874400269952,-11.72006329262698,8.891891401501697,10.838707886667697
Random999
Raw:-4.7647804617634675,-8.045815156844462,-7.708439689911398,3.748646878824977,-6.622739700372342,4.254341585833061,-17.99987440026995,-11.720063292626984,8.891891401501697,10.838707886667697
EFT:-4.76478046176347,-8.045815156844462,-7.708439689911394,3.748646878824977,-6.622739700372347,4.25434158583306,-17.999874400269952,-11.72006329262698,8.891891401501697,10.838707886667697
Random1000
Raw:-4.764780461763472,-8.04581515684446,-7.708439689911398,3.748646878824974,-6.622739700372343,4.254341585833065,-17.99987440026995,-11.72006329262698,8.891891401501695,10.8387078866677
EFT:-4.764780461763469,-8.045815156844464,-7.708439689911394,3.7486468788249767,-6.622739700372346,4.254341585833061,-17.999874400269952,-11.72006329262698,8.891891401501697,10.838707886667699
