Ascend
Raw:1.361,-2.258,0.3315,-3.76,-5.71,-0.7354,1.842,-4.965,3.342,-1.391
EFT:1.363,-2.256,0.3281,-3.766,-5.71,-0.7363,1.847,-4.965,3.344,-1.394
Descend
Raw:1.356,-2.27,0.334,-3.777,-5.746,-0.759,1.839,-4.973,3.334,-1.411
EFT:1.363,-2.258,0.3281,-3.766,-5.71,-0.737,1.846,-4.965,3.344,-1.395
Random1
Raw:1.368,-2.256,0.3213,-3.777,-5.71,-0.734,1.855,-4.965,3.352,-1.395
EFT:1.363,-2.256,0.3281,-3.766,-5.71,-0.7363,1.847,-4.965,3.344,-1.394
Random2
Raw:1.366,-2.258,0.329,-3.775,-5.727,-0.753,1.848,-4.957,3.32,-1.406
EFT:1.363,-2.256,0.3281,-3.766,-5.71,-0.7363,1.847,-4.965,3.344,-1.394
Random3
Raw:1.367,-2.25,0.3242,-3.756,-5.69,-0.718,1.848,-4.965,3.357,-1.377
EFT:1.363,-2.256,0.3281,-3.766,-5.71,-0.7363,1.847,-4.965,3.344,-1.394
Random4
Raw:1.374,-2.254,0.3257,-3.768,-5.707,-0.7275,1.857,-4.97,3.342,-1.389
EFT:1.363,-2.256,0.3281,-3.766,-5.71,-0.7363,1.847,-4.965,3.344,-1.394
Random5
Raw:1.365,-2.258,0.3257,-3.766,-5.71,-0.7363,1.852,-4.96,3.34,-1.3955
EFT:1.363,-2.256,0.3281,-3.766,-5.71,-0.7363,1.847,-4.965,3.344,-1.394
Random6
Raw:1.38,-2.252,0.3247,-3.768,-5.695,-0.7246,1.859,-4.957,3.33,-1.383
EFT:1.363,-2.256,0.3281,-3.766,-5.71,-0.7363,1.847,-4.965,3.344,-1.394
Random7
Raw:1.358,-2.258,0.3271,-3.764,-5.71,-0.7275,1.839,-4.973,3.367,-1.387
EFT:1.363,-2.256,0.3281,-3.766,-5.71,-0.7363,1.847,-4.965,3.344,-1.394
Random8
Raw:1.369,-2.26,0.3247,-3.78,-5.723,-0.7466,1.857,-4.965,3.34,-1.403
EFT:1.363,-2.256,0.3281,-3.766,-5.71,-0.7363,1.847,-4.965,3.344,-1.394
Random9
Raw:1.36,-2.252,0.3303,-3.752,-5.695,-0.726,1.838,-4.965,3.357,-1.383
EFT:1.363,-2.256,0.3281,-3.766,-5.71,-0.7363,1.847,-4.965,3.344,-1.394
Random10
Raw:1.34,-2.268,0.3398,-3.764,-5.734,-0.7534,1.823,-4.977,3.352,-1.408
EFT:1.363,-2.256,0.3281,-3.766,-5.71,-0.7363,1.847,-4.965,3.344,-1.394
Random11
Raw:1.361,-2.252,0.3215,-3.76,-5.695,-0.72,1.848,-4.973,3.361,-1.388
EFT:1.363,-2.256,0.3281,-3.766,-5.71,-0.7363,1.847,-4.965,3.344,-1.394
Random12
Raw:1.365,-2.256,0.3242,-3.764,-5.707,-0.7324,1.848,-4.965,3.348,-1.39
EFT:1.363,-2.258,0.3281,-3.766,-5.71,-0.737,1.846,-4.965,3.344,-1.395
Random13
Raw:1.371,-2.252,0.3218,-3.766,-5.703,-0.726,1.857,-4.96,3.346,-1.385
EFT:1.363,-2.256,0.3281,-3.766,-5.71,-0.7363,1.847,-4.965,3.344,-1.394
Random14
Raw:1.374,-2.25,0.3184,-3.762,-5.7,-0.716,1.857,-4.965,3.36,-1.379
EFT:1.363,-2.256,0.3281,-3.766,-5.71,-0.7363,1.847,-4.965,3.344,-1.394
Random15
Raw:1.366,-2.254,0.3235,-3.77,-5.707,-0.733,1.849,-4.96,3.348,-1.39
EFT:1.363,-2.258,0.3281,-3.766,-5.71,-0.737,1.846,-4.965,3.344,-1.395
Random16
Raw:1.371,-2.258,0.3289,-3.77,-5.71,-0.734,1.854,-4.965,3.342,-1.392
EFT:1.363,-2.258,0.3281,-3.766,-5.71,-0.737,1.846,-4.965,3.344,-1.395
Random17
Raw:1.364,-2.256,0.3264,-3.764,-5.7,-0.721,1.848,-4.97,3.354,-1.387
EFT:1.363,-2.258,0.3281,-3.766,-5.71,-0.737,1.846,-4.965,3.344,-1.395
Random18
Raw:1.371,-2.256,0.3271,-3.766,-5.703,-0.7334,1.852,-4.957,3.332,-1.392
EFT:1.363,-2.258,0.3281,-3.766,-5.71,-0.737,1.846,-4.965,3.344,-1.395
Random19
Raw:1.362,-2.262,0.3289,-3.775,-5.734,-0.7437,1.844,-4.973,3.348,-1.404
EFT:1.363,-2.256,0.3281,-3.766,-5.71,-0.7363,1.847,-4.965,3.344,-1.394
Random20
Raw:1.354,-2.258,0.336,-3.76,-5.72,-0.744,1.837,-4.957,3.328,-1.4
EFT:1.363,-2.258,0.3281,-3.766,-5.71,-0.737,1.846,-4.965,3.344,-1.395
Random21
Raw:1.363,-2.262,0.3313,-3.768,-5.723,-0.7427,1.844,-4.973,3.34,-1.396
EFT:1.363,-2.256,0.3281,-3.766,-5.71,-0.7363,1.847,-4.965,3.344,-1.394
Random22
Raw:1.364,-2.254,0.3235,-3.766,-5.71,-0.734,1.847,-4.965,3.348,-1.394
EFT:1.363,-2.256,0.3281,-3.766,-5.71,-0.7363,1.847,-4.965,3.344,-1.394
Random23
Raw:1.361,-2.26,0.3271,-3.768,-5.71,-0.727,1.841,-4.973,3.365,-1.391
EFT:1.363,-2.256,0.3281,-3.766,-5.71,-0.7363,1.847,-4.965,3.344,-1.394
Random24
Raw:1.357,-2.268,0.3315,-3.781,-5.74,-0.75,1.846,-4.977,3.344,-1.407
EFT:1.363,-2.258,0.3281,-3.766,-5.71,-0.737,1.846,-4.965,3.344,-1.395
Random25
Raw:1.367,-2.25,0.3184,-3.762,-5.684,-0.708,1.849,-4.973,3.385,-1.373
EFT:1.363,-2.256,0.3281,-3.766,-5.71,-0.7363,1.847,-4.965,3.344,-1.394
Random26
Raw:1.365,-2.26,0.3289,-3.775,-5.723,-0.745,1.848,-4.965,3.34,-1.398
EFT:1.363,-2.256,0.3281,-3.766,-5.71,-0.7363,1.847,-4.965,3.344,-1.394
Random27
Raw:1.37,-2.26,0.3306,-3.771,-5.727,-0.7437,1.852,-4.965,3.336,-1.397
EFT:1.363,-2.258,0.3281,-3.766,-5.71,-0.737,1.846,-4.965,3.344,-1.395
Random28
Raw:1.369,-2.262,0.324,-3.781,-5.73,-0.7446,1.854,-4.973,3.344,-1.404
EFT:1.363,-2.256,0.3281,-3.766,-5.71,-0.7363,1.847,-4.965,3.344,-1.394
Random29
Raw:1.37,-2.25,0.3252,-3.762,-5.69,-0.7266,1.844,-4.953,3.35,-1.381
EFT:1.363,-2.256,0.3281,-3.766,-5.71,-0.7363,1.847,-4.965,3.344,-1.394
Random30
Raw:1.362,-2.262,0.3235,-3.771,-5.72,-0.7217,1.849,-4.99,3.375,-1.391
EFT:1.363,-2.256,0.3281,-3.766,-5.71,-0.7363,1.847,-4.965,3.344,-1.394
Random31
Raw:1.367,-2.252,0.3213,-3.76,-5.7,-0.722,1.848,-4.965,3.355,-1.386
EFT:1.363,-2.256,0.3281,-3.766,-5.71,-0.7363,1.847,-4.965,3.344,-1.394
Random32
Raw:1.368,-2.252,0.326,-3.754,-5.688,-0.7095,1.847,-4.973,3.371,-1.373
EFT:1.363,-2.258,0.3281,-3.766,-5.71,-0.737,1.846,-4.965,3.344,-1.395
Random33
Raw:1.368,-2.254,0.3306,-3.754,-5.695,-0.7197,1.846,-4.965,3.35,-1.383
EFT:1.363,-2.258,0.3281,-3.766,-5.71,-0.737,1.846,-4.965,3.344,-1.395
Random34
Raw:1.361,-2.254,0.3313,-3.764,-5.71,-0.74,1.847,-4.965,3.34,-1.3955
EFT:1.363,-2.256,0.3281,-3.766,-5.71,-0.7363,1.847,-4.965,3.344,-1.394
Random35
Raw:1.363,-2.258,0.3264,-3.764,-5.71,-0.726,1.848,-4.97,3.36,-1.388
EFT:1.363,-2.256,0.3281,-3.766,-5.71,-0.7363,1.847,-4.965,3.344,-1.394
Random36
Raw:1.375,-2.244,0.3196,-3.752,-5.67,-0.7056,1.853,-4.957,3.365,-1.369
EFT:1.363,-2.258,0.3281,-3.766,-5.71,-0.737,1.846,-4.965,3.344,-1.395
Random37
Raw:1.367,-2.248,0.3193,-3.762,-5.684,-0.7104,1.849,-4.965,3.367,-1.374
EFT:1.363,-2.256,0.3281,-3.766,-5.71,-0.7363,1.847,-4.965,3.344,-1.394
Random38
Raw:1.363,-2.258,0.3293,-3.766,-5.71,-0.7495,1.843,-4.957,3.328,-1.399
EFT:1.363,-2.258,0.3281,-3.766,-5.71,-0.737,1.846,-4.965,3.344,-1.395
Random39
Raw:1.372,-2.252,0.3218,-3.754,-5.688,-0.7104,1.85,-4.965,3.361,-1.377
EFT:1.363,-2.256,0.3281,-3.766,-5.71,-0.7363,1.847,-4.965,3.344,-1.394
Random40
Raw:1.354,-2.266,0.3381,-3.777,-5.75,-0.7695,1.841,-4.97,3.32,-1.417
EFT:1.363,-2.256,0.3281,-3.766,-5.71,-0.7363,1.847,-4.965,3.344,-1.394
Random41
Raw:1.366,-2.254,0.3257,-3.77,-5.71,-0.7246,1.85,-4.973,3.361,-1.385
EFT:1.363,-2.256,0.3281,-3.766,-5.71,-0.7363,1.847,-4.965,3.344,-1.394
Random42
Raw:1.355,-2.266,0.3423,-3.76,-5.727,-0.747,1.837,-4.97,3.332,-1.401
EFT:1.363,-2.256,0.3281,-3.766,-5.71,-0.7363,1.847,-4.965,3.344,-1.394
Random43
Raw:1.369,-2.252,0.3225,-3.764,-5.695,-0.726,1.852,-4.965,3.352,-1.385
EFT:1.363,-2.256,0.3281,-3.766,-5.71,-0.7363,1.847,-4.965,3.344,-1.394
Random44
Raw:1.357,-2.26,0.333,-3.771,-5.727,-0.7554,1.844,-4.96,3.324,-1.408
EFT:1.363,-2.258,0.3281,-3.766,-5.71,-0.737,1.846,-4.965,3.344,-1.395
Random45
Raw:1.373,-2.248,0.3167,-3.766,-5.688,-0.7095,1.857,-4.97,3.363,-1.376
EFT:1.363,-2.258,0.3281,-3.766,-5.71,-0.737,1.846,-4.965,3.344,-1.395
Random46
Raw:1.365,-2.264,0.3313,-3.773,-5.727,-0.75,1.844,-4.965,3.334,-1.4
EFT:1.363,-2.256,0.3281,-3.766,-5.71,-0.7363,1.847,-4.965,3.344,-1.394
Random47
Raw:1.372,-2.256,0.3225,-3.766,-5.71,-0.721,1.857,-4.977,3.357,-1.388
EFT:1.363,-2.256,0.3281,-3.766,-5.71,-0.7363,1.847,-4.965,3.344,-1.394
Random48
Raw:1.367,-2.258,0.3257,-3.773,-5.715,-0.737,1.852,-4.97,3.352,-1.395
EFT:1.363,-2.256,0.3281,-3.766,-5.71,-0.7363,1.847,-4.965,3.344,-1.394
Random49
Raw:1.374,-2.25,0.3147,-3.771,-5.703,-0.723,1.859,-4.97,3.36,-1.385
EFT:1.363,-2.256,0.3281,-3.766,-5.71,-0.7363,1.847,-4.965,3.344,-1.394
Random50
Raw:1.362,-2.256,0.3271,-3.764,-5.71,-0.7354,1.843,-4.96,3.34,-1.393
EFT:1.363,-2.256,0.3281,-3.766,-5.71,-0.7363,1.847,-4.965,3.344,-1.394
Random51
Raw:1.36,-2.258,0.3364,-3.76,-5.707,-0.7397,1.837,-4.957,3.33,-1.393
EFT:1.363,-2.258,0.3281,-3.766,-5.71,-0.737,1.846,-4.965,3.344,-1.395
Random52
Raw:1.367,-2.252,0.3206,-3.762,-5.688,-0.7114,1.848,-4.973,3.377,-1.376
EFT:1.363,-2.258,0.3281,-3.766,-5.71,-0.737,1.846,-4.965,3.344,-1.395
Random53
Raw:1.37,-2.252,0.3188,-3.77,-5.703,-0.722,1.857,-4.965,3.357,-1.386
EFT:1.363,-2.258,0.3281,-3.766,-5.71,-0.737,1.846,-4.965,3.344,-1.395
Random54
Raw:1.373,-2.254,0.3247,-3.764,-5.703,-0.7334,1.855,-4.957,3.33,-1.391
EFT:1.363,-2.256,0.3281,-3.766,-5.71,-0.7363,1.847,-4.965,3.344,-1.394
Random55
Raw:1.367,-2.254,0.3245,-3.764,-5.7,-0.726,1.849,-4.96,3.354,-1.383
EFT:1.363,-2.256,0.3281,-3.766,-5.71,-0.7363,1.847,-4.965,3.344,-1.394
Random56
Raw:1.371,-2.246,0.3179,-3.76,-5.68,-0.713,1.848,-4.96,3.371,-1.369
EFT:1.363,-2.256,0.3281,-3.766,-5.71,-0.7363,1.847,-4.965,3.344,-1.394
Random57
Raw:1.369,-2.25,0.3196,-3.762,-5.688,-0.711,1.854,-4.965,3.363,-1.379
EFT:1.363,-2.258,0.3281,-3.766,-5.71,-0.737,1.846,-4.965,3.344,-1.395
Random58
Raw:1.37,-2.254,0.3267,-3.764,-5.695,-0.723,1.851,-4.965,3.35,-1.383
EFT:1.363,-2.256,0.3281,-3.766,-5.71,-0.7363,1.847,-4.965,3.344,-1.394
Random59
Raw:1.36,-2.262,0.3271,-3.78,-5.73,-0.7427,1.853,-4.973,3.344,-1.404
EFT:1.363,-2.256,0.3281,-3.766,-5.71,-0.7363,1.847,-4.965,3.344,-1.394
Random60
Raw:1.373,-2.256,0.3281,-3.78,-5.72,-0.7476,1.854,-4.96,3.334,-1.396
EFT:1.363,-2.258,0.3281,-3.766,-5.71,-0.737,1.846,-4.965,3.344,-1.395
Random61
Raw:1.37,-2.254,0.3245,-3.76,-5.69,-0.7188,1.847,-4.965,3.361,-1.381
EFT:1.363,-2.258,0.3281,-3.766,-5.71,-0.737,1.846,-4.965,3.344,-1.395
Random62
Raw:1.363,-2.252,0.3267,-3.777,-5.715,-0.738,1.85,-4.965,3.34,-1.396
EFT:1.363,-2.256,0.3281,-3.766,-5.71,-0.7363,1.847,-4.965,3.344,-1.394
Random63
Raw:1.361,-2.258,0.329,-3.771,-5.72,-0.7397,1.848,-4.97,3.344,-1.396
EFT:1.363,-2.258,0.3281,-3.766,-5.71,-0.737,1.846,-4.965,3.344,-1.395
Random64
Raw:1.367,-2.25,0.328,-3.758,-5.695,-0.731,1.836,-4.95,3.344,-1.384
EFT:1.363,-2.256,0.3281,-3.766,-5.71,-0.7363,1.847,-4.965,3.344,-1.394
Random65
Raw:1.362,-2.256,0.3281,-3.756,-5.7,-0.7285,1.843,-4.96,3.348,-1.387
EFT:1.363,-2.256,0.3281,-3.766,-5.71,-0.7363,1.847,-4.965,3.344,-1.394
Random66
Raw:1.373,-2.256,0.3354,-3.77,-5.715,-0.749,1.85,-4.95,3.31,-1.397
EFT:1.363,-2.256,0.3281,-3.766,-5.71,-0.7363,1.847,-4.965,3.344,-1.394
Random67
Raw:1.357,-2.26,0.3315,-3.762,-5.71,-0.7275,1.839,-4.98,3.365,-1.393
EFT:1.363,-2.258,0.3281,-3.766,-5.71,-0.737,1.846,-4.965,3.344,-1.395
Random68
Raw:1.364,-2.252,0.3242,-3.764,-5.707,-0.729,1.85,-4.97,3.355,-1.39
EFT:1.363,-2.256,0.3281,-3.766,-5.71,-0.7363,1.847,-4.965,3.344,-1.394
Random69
Raw:1.368,-2.256,0.3306,-3.76,-5.715,-0.728,1.85,-4.965,3.346,-1.389
EFT:1.363,-2.256,0.3281,-3.766,-5.71,-0.7363,1.847,-4.965,3.344,-1.394
Random70
Raw:1.378,-2.25,0.3208,-3.76,-5.684,-0.7065,1.853,-4.965,3.363,-1.371
EFT:1.363,-2.256,0.3281,-3.766,-5.71,-0.7363,1.847,-4.965,3.344,-1.394
Random71
Raw:1.359,-2.26,0.3333,-3.76,-5.72,-0.734,1.84,-4.973,3.352,-1.395
EFT:1.363,-2.256,0.3281,-3.766,-5.71,-0.7363,1.847,-4.965,3.344,-1.394
Random72
Raw:1.371,-2.248,0.321,-3.764,-5.69,-0.721,1.853,-4.957,3.34,-1.383
EFT:1.363,-2.256,0.3281,-3.766,-5.71,-0.7363,1.847,-4.965,3.344,-1.394
Random73
Raw:1.366,-2.254,0.3223,-3.768,-5.707,-0.719,1.857,-4.98,3.36,-1.387
EFT:1.363,-2.258,0.3281,-3.766,-5.71,-0.737,1.846,-4.965,3.344,-1.395
Random74
Raw:1.371,-2.252,0.317,-3.771,-5.703,-0.726,1.855,-4.965,3.355,-1.387
EFT:1.363,-2.256,0.3281,-3.766,-5.71,-0.7363,1.847,-4.965,3.344,-1.394
Random75
Raw:1.369,-2.254,0.3276,-3.773,-5.71,-0.7427,1.853,-4.96,3.334,-1.3955
EFT:1.363,-2.258,0.3281,-3.766,-5.71,-0.737,1.846,-4.965,3.344,-1.395
Random76
Raw:1.37,-2.256,0.3257,-3.764,-5.703,-0.7295,1.85,-4.96,3.346,-1.386
EFT:1.363,-2.256,0.3281,-3.766,-5.71,-0.7363,1.847,-4.965,3.344,-1.394
Random77
Raw:1.366,-2.258,0.3267,-3.775,-5.71,-0.739,1.85,-4.965,3.34,-1.396
EFT:1.363,-2.258,0.3281,-3.766,-5.71,-0.737,1.846,-4.965,3.344,-1.395
Random78
Raw:1.369,-2.258,0.33,-3.766,-5.707,-0.7314,1.849,-4.965,3.344,-1.391
EFT:1.363,-2.256,0.3281,-3.766,-5.71,-0.7363,1.847,-4.965,3.344,-1.394
Random79
Raw:1.362,-2.254,0.3281,-3.764,-5.715,-0.738,1.846,-4.96,3.34,-1.393
EFT:1.363,-2.256,0.3281,-3.766,-5.71,-0.7363,1.847,-4.965,3.344,-1.394
Random80
Raw:1.367,-2.25,0.3262,-3.76,-5.695,-0.73,1.846,-4.96,3.342,-1.383
EFT:1.363,-2.258,0.3281,-3.766,-5.71,-0.737,1.846,-4.965,3.344,-1.395
Random81
Raw:1.362,-2.256,0.3308,-3.77,-5.707,-0.737,1.849,-4.96,3.338,-1.394
EFT:1.363,-2.256,0.3281,-3.766,-5.71,-0.7363,1.847,-4.965,3.344,-1.394
Random82
Raw:1.367,-2.244,0.3298,-3.748,-5.68,-0.7163,1.842,-4.95,3.342,-1.371
EFT:1.363,-2.256,0.3281,-3.766,-5.71,-0.7363,1.847,-4.965,3.344,-1.394
Random83
Raw:1.366,-2.258,0.3318,-3.768,-5.71,-0.7446,1.846,-4.96,3.332,-1.3955
EFT:1.363,-2.256,0.3281,-3.766,-5.71,-0.7363,1.847,-4.965,3.344,-1.394
Random84
Raw:1.367,-2.254,0.3193,-3.777,-5.72,-0.73,1.857,-4.973,3.355,-1.397
EFT:1.363,-2.256,0.3281,-3.766,-5.71,-0.7363,1.847,-4.965,3.344,-1.394
Random85
Raw:1.364,-2.254,0.333,-3.771,-5.72,-0.7505,1.851,-4.957,3.316,-1.402
EFT:1.363,-2.256,0.3281,-3.766,-5.71,-0.7363,1.847,-4.965,3.344,-1.394
Random86
Raw:1.37,-2.258,0.3254,-3.77,-5.71,-0.737,1.854,-4.965,3.34,-1.394
EFT:1.363,-2.256,0.3281,-3.766,-5.71,-0.7363,1.847,-4.965,3.344,-1.394
Random87
Raw:1.371,-2.25,0.3213,-3.758,-5.688,-0.71,1.853,-4.973,3.373,-1.377
EFT:1.363,-2.258,0.3281,-3.766,-5.71,-0.737,1.846,-4.965,3.344,-1.395
Random88
Raw:1.361,-2.252,0.3232,-3.76,-5.695,-0.713,1.85,-4.973,3.371,-1.382
EFT:1.363,-2.256,0.3281,-3.766,-5.71,-0.7363,1.847,-4.965,3.344,-1.394
Random89
Raw:1.365,-2.256,0.3325,-3.768,-5.71,-0.7554,1.847,-4.945,3.297,-1.404
EFT:1.363,-2.256,0.3281,-3.766,-5.71,-0.7363,1.847,-4.965,3.344,-1.394
Random90
Raw:1.357,-2.264,0.3335,-3.773,-5.73,-0.7534,1.84,-4.97,3.336,-1.408
EFT:1.363,-2.256,0.3281,-3.766,-5.71,-0.7363,1.847,-4.965,3.344,-1.394
Random91
Raw:1.386,-2.244,0.3157,-3.76,-5.68,-0.704,1.861,-4.957,3.36,-1.365
EFT:1.363,-2.256,0.3281,-3.766,-5.71,-0.7363,1.847,-4.965,3.344,-1.394
Random92
Raw:1.371,-2.254,0.3198,-3.78,-5.72,-0.7334,1.854,-4.965,3.352,-1.395
EFT:1.363,-2.258,0.3281,-3.766,-5.71,-0.737,1.846,-4.965,3.344,-1.395
Random93
Raw:1.355,-2.26,0.3345,-3.771,-5.727,-0.759,1.837,-4.957,3.324,-1.408
EFT:1.363,-2.256,0.3281,-3.766,-5.71,-0.7363,1.847,-4.965,3.344,-1.394
Random94
Raw:1.354,-2.27,0.3398,-3.787,-5.758,-0.7827,1.844,-4.965,3.295,-1.433
EFT:1.363,-2.256,0.3281,-3.766,-5.71,-0.7363,1.847,-4.965,3.344,-1.394
Random95
Raw:1.358,-2.254,0.3228,-3.766,-5.69,-0.7134,1.846,-4.977,3.379,-1.382
EFT:1.363,-2.256,0.3281,-3.766,-5.71,-0.7363,1.847,-4.965,3.344,-1.394
Random96
Raw:1.361,-2.262,0.3315,-3.762,-5.71,-0.738,1.838,-4.965,3.348,-1.393
EFT:1.363,-2.256,0.3281,-3.766,-5.71,-0.7363,1.847,-4.965,3.344,-1.394
Random97
Raw:1.355,-2.266,0.3384,-3.77,-5.74,-0.7593,1.838,-4.97,3.324,-1.41
EFT:1.363,-2.258,0.3281,-3.766,-5.71,-0.737,1.846,-4.965,3.344,-1.395
Random98
Raw:1.381,-2.256,0.316,-3.777,-5.71,-0.7163,1.867,-4.977,3.365,-1.385
EFT:1.363,-2.256,0.3281,-3.766,-5.71,-0.7363,1.847,-4.965,3.344,-1.394
Random99
Raw:1.367,-2.254,0.3254,-3.756,-5.688,-0.713,1.855,-4.965,3.355,-1.381
EFT:1.363,-2.256,0.3281,-3.766,-5.71,-0.7363,1.847,-4.965,3.344,-1.394
Random100
Raw:1.368,-2.26,0.326,-3.768,-5.7,-0.7197,1.848,-4.97,3.36,-1.385
EFT:1.363,-2.258,0.3281,-3.766,-5.71,-0.737,1.846,-4.965,3.344,-1.395
Random101
Raw:1.373,-2.248,0.321,-3.76,-5.7,-0.725,1.847,-4.957,3.346,-1.383
EFT:1.363,-2.256,0.3281,-3.766,-5.71,-0.7363,1.847,-4.965,3.344,-1.394
Random102
Raw:1.363,-2.252,0.3213,-3.764,-5.695,-0.7188,1.851,-4.973,3.367,-1.383
EFT:1.363,-2.258,0.3281,-3.766,-5.71,-0.737,1.846,-4.965,3.344,-1.395
Random103
Raw:1.353,-2.262,0.3354,-3.766,-5.723,-0.751,1.833,-4.96,3.334,-1.403
EFT:1.363,-2.256,0.3281,-3.766,-5.71,-0.7363,1.847,-4.965,3.344,-1.394
Random104
Raw:1.369,-2.256,0.33,-3.771,-5.71,-0.7397,1.848,-4.96,3.336,-1.393
EFT:1.363,-2.258,0.3281,-3.766,-5.71,-0.737,1.846,-4.965,3.344,-1.395
Random105
Raw:1.361,-2.256,0.3267,-3.766,-5.715,-0.7285,1.845,-4.973,3.363,-1.391
EFT:1.363,-2.256,0.3281,-3.766,-5.71,-0.7363,1.847,-4.965,3.344,-1.394
Random106
Raw:1.359,-2.26,0.3386,-3.766,-5.723,-0.7563,1.843,-4.95,3.307,-1.404
EFT:1.363,-2.256,0.3281,-3.766,-5.71,-0.7363,1.847,-4.965,3.344,-1.394
Random107
Raw:1.354,-2.264,0.333,-3.766,-5.727,-0.745,1.837,-4.97,3.348,-1.402
EFT:1.363,-2.258,0.3281,-3.766,-5.71,-0.737,1.846,-4.965,3.344,-1.395
Random108
Raw:1.358,-2.26,0.3335,-3.76,-5.715,-0.734,1.844,-4.965,3.338,-1.397
EFT:1.363,-2.256,0.3281,-3.766,-5.71,-0.7363,1.847,-4.965,3.344,-1.394
Random109
Raw:1.363,-2.258,0.3313,-3.76,-5.71,-0.7344,1.84,-4.96,3.346,-1.391
EFT:1.363,-2.256,0.3281,-3.766,-5.71,-0.7363,1.847,-4.965,3.344,-1.394
Random110
Raw:1.371,-2.246,0.324,-3.758,-5.684,-0.719,1.851,-4.957,3.344,-1.378
EFT:1.363,-2.258,0.3281,-3.766,-5.71,-0.737,1.846,-4.965,3.344,-1.395
Random111
Raw:1.359,-2.258,0.335,-3.76,-5.71,-0.742,1.836,-4.953,3.328,-1.396
EFT:1.363,-2.256,0.3281,-3.766,-5.71,-0.7363,1.847,-4.965,3.344,-1.394
Random112
Raw:1.373,-2.258,0.3254,-3.762,-5.7,-0.725,1.852,-4.965,3.346,-1.385
EFT:1.363,-2.258,0.3281,-3.766,-5.71,-0.737,1.846,-4.965,3.344,-1.395
Random113
Raw:1.366,-2.258,0.3245,-3.775,-5.71,-0.737,1.852,-4.97,3.346,-1.3955
EFT:1.363,-2.256,0.3281,-3.766,-5.71,-0.7363,1.847,-4.965,3.344,-1.394
Random114
Raw:1.369,-2.258,0.3235,-3.781,-5.727,-0.739,1.851,-4.97,3.348,-1.399
EFT:1.363,-2.256,0.3281,-3.766,-5.71,-0.7363,1.847,-4.965,3.344,-1.394
Random115
Raw:1.365,-2.252,0.3225,-3.764,-5.7,-0.726,1.852,-4.965,3.348,-1.386
EFT:1.363,-2.256,0.3281,-3.766,-5.71,-0.7363,1.847,-4.965,3.344,-1.394
Random116
Raw:1.362,-2.254,0.3257,-3.764,-5.707,-0.725,1.841,-4.977,3.365,-1.387
EFT:1.363,-2.256,0.3281,-3.766,-5.71,-0.7363,1.847,-4.965,3.344,-1.394
Random117
Raw:1.367,-2.252,0.3208,-3.764,-5.703,-0.7246,1.85,-4.965,3.352,-1.387
EFT:1.363,-2.256,0.3281,-3.766,-5.71,-0.7363,1.847,-4.965,3.344,-1.394
Random118
Raw:1.354,-2.258,0.3354,-3.762,-5.72,-0.7476,1.841,-4.957,3.322,-1.403
EFT:1.363,-2.256,0.3281,-3.766,-5.71,-0.7363,1.847,-4.965,3.344,-1.394
Random119
Raw:1.362,-2.26,0.3235,-3.775,-5.72,-0.738,1.846,-4.977,3.355,-1.396
EFT:1.363,-2.258,0.3281,-3.766,-5.71,-0.737,1.846,-4.965,3.344,-1.395
Random120
Raw:1.374,-2.252,0.3208,-3.771,-5.703,-0.727,1.857,-4.97,3.354,-1.388
EFT:1.363,-2.256,0.3281,-3.766,-5.71,-0.7363,1.847,-4.965,3.344,-1.394
Random121
Raw:1.363,-2.254,0.329,-3.77,-5.71,-0.74,1.848,-4.96,3.332,-1.396
EFT:1.363,-2.256,0.3281,-3.766,-5.71,-0.7363,1.847,-4.965,3.344,-1.394
Random122
Raw:1.358,-2.256,0.3276,-3.777,-5.727,-0.7407,1.848,-4.973,3.35,-1.4
EFT:1.363,-2.258,0.3281,-3.766,-5.71,-0.737,1.846,-4.965,3.344,-1.395
Random123
Raw:1.36,-2.262,0.337,-3.762,-5.72,-0.7417,1.844,-4.97,3.328,-1.4
EFT:1.363,-2.256,0.3281,-3.766,-5.71,-0.7363,1.847,-4.965,3.344,-1.394
Random124
Raw:1.373,-2.256,0.325,-3.758,-5.695,-0.719,1.853,-4.965,3.355,-1.381
EFT:1.363,-2.258,0.3281,-3.766,-5.71,-0.737,1.846,-4.965,3.344,-1.395
Random125
Raw:1.363,-2.254,0.327,-3.762,-5.707,-0.736,1.841,-4.96,3.346,-1.39
EFT:1.363,-2.256,0.3281,-3.766,-5.71,-0.7363,1.847,-4.965,3.344,-1.394
Random126
Raw:1.386,-2.248,0.3186,-3.762,-5.684,-0.703,1.867,-4.965,3.363,-1.37
EFT:1.363,-2.256,0.3281,-3.766,-5.71,-0.7363,1.847,-4.965,3.344,-1.394
Random127
Raw:1.361,-2.256,0.3262,-3.773,-5.715,-0.7383,1.844,-4.97,3.348,-1.398
EFT:1.363,-2.256,0.3281,-3.766,-5.71,-0.7363,1.847,-4.965,3.344,-1.394
Random128
Raw:1.359,-2.258,0.3286,-3.766,-5.72,-0.7427,1.842,-4.965,3.346,-1.396
EFT:1.363,-2.256,0.3281,-3.766,-5.71,-0.7363,1.847,-4.965,3.344,-1.394
Random129
Raw:1.372,-2.256,0.3271,-3.771,-5.715,-0.748,1.852,-4.95,3.318,-1.396
EFT:1.363,-2.258,0.3281,-3.766,-5.71,-0.737,1.846,-4.965,3.344,-1.395
Random130
Raw:1.363,-2.258,0.3318,-3.76,-5.707,-0.7344,1.841,-4.965,3.35,-1.387
EFT:1.363,-2.256,0.3281,-3.766,-5.71,-0.7363,1.847,-4.965,3.344,-1.394
Random131
Raw:1.369,-2.254,0.3315,-3.764,-5.703,-0.7397,1.844,-4.953,3.314,-1.393
EFT:1.363,-2.258,0.3281,-3.766,-5.71,-0.737,1.846,-4.965,3.344,-1.395
Random132
Raw:1.361,-2.25,0.323,-3.768,-5.703,-0.739,1.844,-4.957,3.34,-1.393
EFT:1.363,-2.256,0.3281,-3.766,-5.71,-0.7363,1.847,-4.965,3.344,-1.394
Random133
Raw:1.367,-2.256,0.3264,-3.758,-5.695,-0.7207,1.843,-4.965,3.355,-1.382
EFT:1.363,-2.256,0.3281,-3.766,-5.71,-0.7363,1.847,-4.965,3.344,-1.394
Random134
Raw:1.356,-2.264,0.3364,-3.781,-5.73,-0.764,1.84,-4.965,3.32,-1.412
EFT:1.363,-2.256,0.3281,-3.766,-5.71,-0.7363,1.847,-4.965,3.344,-1.394
Random135
Raw:1.359,-2.262,0.333,-3.775,-5.73,-0.7515,1.844,-4.96,3.324,-1.408
EFT:1.363,-2.256,0.3281,-3.766,-5.71,-0.7363,1.847,-4.965,3.344,-1.394
Random136
Raw:1.368,-2.258,0.3271,-3.775,-5.727,-0.7466,1.854,-4.965,3.334,-1.398
EFT:1.363,-2.256,0.3281,-3.766,-5.71,-0.7363,1.847,-4.965,3.344,-1.394
Random137
Raw:1.362,-2.258,0.3313,-3.768,-5.715,-0.7466,1.847,-4.957,3.326,-1.399
EFT:1.363,-2.256,0.3281,-3.766,-5.71,-0.7363,1.847,-4.965,3.344,-1.394
Random138
Raw:1.375,-2.246,0.3152,-3.768,-5.68,-0.7026,1.859,-4.97,3.379,-1.371
EFT:1.363,-2.258,0.3281,-3.766,-5.71,-0.737,1.846,-4.965,3.344,-1.395
Random139
Raw:1.373,-2.258,0.3206,-3.775,-5.715,-0.727,1.861,-4.977,3.361,-1.389
EFT:1.363,-2.258,0.3281,-3.766,-5.71,-0.737,1.846,-4.965,3.344,-1.395
Random140
Raw:1.373,-2.244,0.314,-3.76,-5.68,-0.707,1.852,-4.96,3.363,-1.372
EFT:1.363,-2.258,0.3281,-3.766,-5.71,-0.737,1.846,-4.965,3.344,-1.395
Random141
Raw:1.368,-2.258,0.3337,-3.764,-5.723,-0.7427,1.85,-4.97,3.326,-1.401
EFT:1.363,-2.256,0.3281,-3.766,-5.71,-0.7363,1.847,-4.965,3.344,-1.394
Random142
Raw:1.365,-2.252,0.3286,-3.756,-5.695,-0.726,1.844,-4.957,3.34,-1.384
EFT:1.363,-2.256,0.3281,-3.766,-5.71,-0.7363,1.847,-4.965,3.344,-1.394
Random143
Raw:1.374,-2.254,0.3228,-3.77,-5.703,-0.7163,1.855,-4.97,3.361,-1.381
EFT:1.363,-2.256,0.3281,-3.766,-5.71,-0.7363,1.847,-4.965,3.344,-1.394
Random144
Raw:1.364,-2.26,0.3318,-3.762,-5.71,-0.7417,1.838,-4.96,3.338,-1.394
EFT:1.363,-2.258,0.3281,-3.766,-5.71,-0.737,1.846,-4.965,3.344,-1.395
Random145
Raw:1.363,-2.25,0.3223,-3.756,-5.688,-0.7153,1.845,-4.965,3.36,-1.381
EFT:1.363,-2.256,0.3281,-3.766,-5.71,-0.7363,1.847,-4.965,3.344,-1.394
Random146
Raw:1.365,-2.258,0.3306,-3.762,-5.703,-0.7324,1.844,-4.965,3.346,-1.388
EFT:1.363,-2.258,0.3281,-3.766,-5.71,-0.737,1.846,-4.965,3.344,-1.395
Random147
Raw:1.359,-2.258,0.3267,-3.766,-5.715,-0.7275,1.846,-4.97,3.355,-1.39
EFT:1.363,-2.256,0.3281,-3.766,-5.71,-0.7363,1.847,-4.965,3.344,-1.394
Random148
Raw:1.359,-2.258,0.3179,-3.771,-5.695,-0.697,1.847,-4.99,3.414,-1.375
EFT:1.363,-2.256,0.3281,-3.766,-5.71,-0.7363,1.847,-4.965,3.344,-1.394
Random149
Raw:1.37,-2.252,0.325,-3.76,-5.688,-0.7065,1.853,-4.977,3.375,-1.373
EFT:1.363,-2.256,0.3281,-3.766,-5.71,-0.7363,1.847,-4.965,3.344,-1.394
Random150
Raw:1.367,-2.258,0.3235,-3.771,-5.71,-0.7324,1.851,-4.973,3.352,-1.395
EFT:1.363,-2.256,0.3281,-3.766,-5.71,-0.7363,1.847,-4.965,3.344,-1.394
Random151
Raw:1.355,-2.264,0.3313,-3.775,-5.74,-0.754,1.842,-4.97,3.332,-1.41
EFT:1.363,-2.256,0.3281,-3.766,-5.71,-0.7363,1.847,-4.965,3.344,-1.394
Random152
Raw:1.355,-2.26,0.3184,-3.777,-5.727,-0.733,1.845,-4.984,3.373,-1.399
EFT:1.363,-2.256,0.3281,-3.766,-5.71,-0.7363,1.847,-4.965,3.344,-1.394
Random153
Raw:1.361,-2.254,0.3254,-3.76,-5.7,-0.7217,1.845,-4.965,3.36,-1.385
EFT:1.363,-2.256,0.3281,-3.766,-5.71,-0.7363,1.847,-4.965,3.344,-1.394
Random154
Raw:1.366,-2.26,0.329,-3.76,-5.703,-0.723,1.846,-4.965,3.352,-1.384
EFT:1.363,-2.256,0.3281,-3.766,-5.71,-0.7363,1.847,-4.965,3.344,-1.394
Random155
Raw:1.365,-2.254,0.3235,-3.76,-5.69,-0.7217,1.846,-4.965,3.357,-1.383
EFT:1.363,-2.258,0.3281,-3.766,-5.71,-0.737,1.846,-4.965,3.344,-1.395
Random156
Raw:1.363,-2.258,0.3235,-3.762,-5.707,-0.7275,1.847,-4.97,3.36,-1.391
EFT:1.363,-2.256,0.3281,-3.766,-5.71,-0.7363,1.847,-4.965,3.344,-1.394
Random157
Raw:1.352,-2.262,0.3242,-3.78,-5.73,-0.736,1.845,-4.984,3.375,-1.401
EFT:1.363,-2.258,0.3281,-3.766,-5.71,-0.737,1.846,-4.965,3.344,-1.395
Random158
Raw:1.359,-2.262,0.3313,-3.758,-5.71,-0.736,1.84,-4.965,3.348,-1.395
EFT:1.363,-2.256,0.3281,-3.766,-5.71,-0.7363,1.847,-4.965,3.344,-1.394
Random159
Raw:1.375,-2.248,0.3215,-3.775,-5.703,-0.7397,1.861,-4.957,3.324,-1.394
EFT:1.363,-2.258,0.3281,-3.766,-5.71,-0.737,1.846,-4.965,3.344,-1.395
Random160
Raw:1.375,-2.258,0.3208,-3.783,-5.715,-0.735,1.861,-4.965,3.338,-1.3955
EFT:1.363,-2.258,0.3281,-3.766,-5.71,-0.737,1.846,-4.965,3.344,-1.395
Random161
Raw:1.364,-2.258,0.3223,-3.76,-5.688,-0.7085,1.85,-4.977,3.377,-1.376
EFT:1.363,-2.256,0.3281,-3.766,-5.71,-0.7363,1.847,-4.965,3.344,-1.394
Random162
Raw:1.363,-2.264,0.3335,-3.764,-5.73,-0.743,1.845,-4.97,3.332,-1.399
EFT:1.363,-2.256,0.3281,-3.766,-5.71,-0.7363,1.847,-4.965,3.344,-1.394
Random163
Raw:1.361,-2.26,0.328,-3.768,-5.715,-0.7393,1.842,-4.965,3.346,-1.395
EFT:1.363,-2.258,0.3281,-3.766,-5.71,-0.737,1.846,-4.965,3.344,-1.395
Random164
Raw:1.3545,-2.258,0.3286,-3.775,-5.723,-0.7515,1.842,-4.96,3.332,-1.408
EFT:1.363,-2.258,0.3281,-3.766,-5.71,-0.737,1.846,-4.965,3.344,-1.395
Random165
Raw:1.371,-2.25,0.327,-3.762,-5.695,-0.729,1.847,-4.957,3.332,-1.388
EFT:1.363,-2.256,0.3281,-3.766,-5.71,-0.7363,1.847,-4.965,3.344,-1.394
Random166
Raw:1.366,-2.258,0.3215,-3.768,-5.71,-0.7207,1.846,-4.973,3.371,-1.387
EFT:1.363,-2.256,0.3281,-3.766,-5.71,-0.7363,1.847,-4.965,3.344,-1.394
Random167
Raw:1.355,-2.258,0.3235,-3.764,-5.707,-0.723,1.84,-4.98,3.375,-1.386
EFT:1.363,-2.256,0.3281,-3.766,-5.71,-0.7363,1.847,-4.965,3.344,-1.394
Random168
Raw:1.364,-2.252,0.3213,-3.768,-5.707,-0.7246,1.854,-4.973,3.36,-1.389
EFT:1.363,-2.256,0.3281,-3.766,-5.71,-0.7363,1.847,-4.965,3.344,-1.394
Random169
Raw:1.361,-2.258,0.3267,-3.77,-5.715,-0.736,1.846,-4.97,3.346,-1.398
EFT:1.363,-2.256,0.3281,-3.766,-5.71,-0.7363,1.847,-4.965,3.344,-1.394
Random170
Raw:1.365,-2.258,0.3271,-3.768,-5.703,-0.727,1.845,-4.973,3.361,-1.386
EFT:1.363,-2.256,0.3281,-3.766,-5.71,-0.7363,1.847,-4.965,3.344,-1.394
Random171
Raw:1.358,-2.258,0.3296,-3.768,-5.71,-0.7417,1.843,-4.965,3.342,-1.3955
EFT:1.363,-2.258,0.3281,-3.766,-5.71,-0.737,1.846,-4.965,3.344,-1.395
Random172
Raw:1.357,-2.25,0.321,-3.748,-5.684,-0.6973,1.835,-4.977,3.396,-1.368
EFT:1.363,-2.258,0.3281,-3.766,-5.71,-0.737,1.846,-4.965,3.344,-1.395
Random173
Raw:1.368,-2.25,0.3252,-3.768,-5.703,-0.7324,1.85,-4.96,3.334,-1.392
EFT:1.363,-2.256,0.3281,-3.766,-5.71,-0.7363,1.847,-4.965,3.344,-1.394
Random174
Raw:1.359,-2.256,0.3303,-3.76,-5.7,-0.7227,1.84,-4.973,3.367,-1.383
EFT:1.363,-2.256,0.3281,-3.766,-5.71,-0.7363,1.847,-4.965,3.344,-1.394
Random175
Raw:1.367,-2.25,0.3213,-3.754,-5.68,-0.7056,1.848,-4.965,3.367,-1.374
EFT:1.363,-2.258,0.3281,-3.766,-5.71,-0.737,1.846,-4.965,3.344,-1.395
Random176
Raw:1.374,-2.256,0.324,-3.764,-5.707,-0.7256,1.854,-4.965,3.35,-1.386
EFT:1.363,-2.256,0.3281,-3.766,-5.71,-0.7363,1.847,-4.965,3.344,-1.394
Random177
Raw:1.383,-2.248,0.3176,-3.758,-5.68,-0.693,1.863,-4.973,3.383,-1.363
EFT:1.363,-2.258,0.3281,-3.766,-5.71,-0.737,1.846,-4.965,3.344,-1.395
Random178
Raw:1.364,-2.254,0.3242,-3.766,-5.703,-0.7295,1.846,-4.965,3.35,-1.391
EFT:1.363,-2.256,0.3281,-3.766,-5.71,-0.7363,1.847,-4.965,3.344,-1.394
Random179
Raw:1.361,-2.266,0.334,-3.78,-5.746,-0.765,1.849,-4.96,3.31,-1.418
EFT:1.363,-2.258,0.3281,-3.766,-5.71,-0.737,1.846,-4.965,3.344,-1.395
Random180
Raw:1.372,-2.254,0.3203,-3.766,-5.707,-0.721,1.852,-4.97,3.361,-1.384
EFT:1.363,-2.256,0.3281,-3.766,-5.71,-0.7363,1.847,-4.965,3.344,-1.394
Random181
Raw:1.365,-2.25,0.3267,-3.764,-5.703,-0.73,1.855,-4.96,3.332,-1.396
EFT:1.363,-2.256,0.3281,-3.766,-5.71,-0.7363,1.847,-4.965,3.344,-1.394
Random182
Raw:1.358,-2.256,0.3232,-3.771,-5.71,-0.727,1.844,-4.977,3.371,-1.391
EFT:1.363,-2.256,0.3281,-3.766,-5.71,-0.7363,1.847,-4.965,3.344,-1.394
Random183
Raw:1.374,-2.258,0.3245,-3.785,-5.73,-0.7495,1.863,-4.965,3.324,-1.406
EFT:1.363,-2.258,0.3281,-3.766,-5.71,-0.737,1.846,-4.965,3.344,-1.395
Random184
Raw:1.366,-2.26,0.3264,-3.766,-5.703,-0.7163,1.842,-4.973,3.375,-1.38
EFT:1.363,-2.258,0.3281,-3.766,-5.71,-0.737,1.846,-4.965,3.344,-1.395
Random185
Raw:1.371,-2.246,0.3196,-3.76,-5.688,-0.7183,1.849,-4.96,3.354,-1.378
EFT:1.363,-2.258,0.3281,-3.766,-5.71,-0.737,1.846,-4.965,3.344,-1.395
Random186
Raw:1.373,-2.252,0.3186,-3.76,-5.688,-0.716,1.85,-4.96,3.36,-1.377
EFT:1.363,-2.256,0.3281,-3.766,-5.71,-0.7363,1.847,-4.965,3.344,-1.394
Random187
Raw:1.367,-2.254,0.3281,-3.77,-5.695,-0.729,1.854,-4.965,3.338,-1.392
EFT:1.363,-2.256,0.3281,-3.766,-5.71,-0.7363,1.847,-4.965,3.344,-1.394
Random188
Raw:1.361,-2.258,0.331,-3.77,-5.71,-0.7446,1.848,-4.96,3.328,-1.4
EFT:1.363,-2.258,0.3281,-3.766,-5.71,-0.737,1.846,-4.965,3.344,-1.395
Random189
Raw:1.38,-2.254,0.328,-3.762,-5.69,-0.723,1.857,-4.965,3.342,-1.381
EFT:1.363,-2.256,0.3281,-3.766,-5.71,-0.7363,1.847,-4.965,3.344,-1.394
Random190
Raw:1.368,-2.25,0.3188,-3.768,-5.695,-0.7173,1.851,-4.97,3.365,-1.383
EFT:1.363,-2.258,0.3281,-3.766,-5.71,-0.737,1.846,-4.965,3.344,-1.395
Random191
Raw:1.357,-2.262,0.332,-3.777,-5.734,-0.759,1.845,-4.965,3.326,-1.412
EFT:1.363,-2.256,0.3281,-3.766,-5.71,-0.7363,1.847,-4.965,3.344,-1.394
Random192
Raw:1.364,-2.248,0.324,-3.762,-5.695,-0.734,1.848,-4.957,3.336,-1.393
EFT:1.363,-2.256,0.3281,-3.766,-5.71,-0.7363,1.847,-4.965,3.344,-1.394
Random193
Raw:1.361,-2.258,0.3274,-3.771,-5.723,-0.747,1.844,-4.965,3.34,-1.401
EFT:1.363,-2.258,0.3281,-3.766,-5.71,-0.737,1.846,-4.965,3.344,-1.395
Random194
Raw:1.379,-2.25,0.317,-3.78,-5.703,-0.7266,1.863,-4.97,3.355,-1.386
EFT:1.363,-2.256,0.3281,-3.766,-5.71,-0.7363,1.847,-4.965,3.344,-1.394
Random195
Raw:1.363,-2.258,0.3254,-3.764,-5.71,-0.728,1.848,-4.973,3.355,-1.391
EFT:1.363,-2.256,0.3281,-3.766,-5.71,-0.7363,1.847,-4.965,3.344,-1.394
Random196
Raw:1.381,-2.254,0.3164,-3.773,-5.703,-0.7124,1.863,-4.977,3.37,-1.382
EFT:1.363,-2.256,0.3281,-3.766,-5.71,-0.7363,1.847,-4.965,3.344,-1.394
Random197
Raw:1.365,-2.256,0.3237,-3.764,-5.703,-0.725,1.848,-4.973,3.355,-1.389
EFT:1.363,-2.256,0.3281,-3.766,-5.71,-0.7363,1.847,-4.965,3.344,-1.394
Random198
Raw:1.364,-2.248,0.3252,-3.748,-5.684,-0.7153,1.846,-4.96,3.344,-1.381
EFT:1.363,-2.258,0.3281,-3.766,-5.71,-0.737,1.846,-4.965,3.344,-1.395
Random199
Raw:1.357,-2.266,0.3303,-3.771,-5.727,-0.7363,1.84,-4.984,3.36,-1.398
EFT:1.363,-2.256,0.3281,-3.766,-5.71,-0.7363,1.847,-4.965,3.344,-1.394
Random200
Raw:1.36,-2.258,0.332,-3.764,-5.71,-0.7427,1.842,-4.957,3.324,-1.398
EFT:1.363,-2.256,0.3281,-3.766,-5.71,-0.7363,1.847,-4.965,3.344,-1.394
Random201
Raw:1.37,-2.254,0.3254,-3.771,-5.71,-0.7407,1.85,-4.96,3.332,-1.397
EFT:1.363,-2.256,0.3281,-3.766,-5.71,-0.7363,1.847,-4.965,3.344,-1.394
Random202
Raw:1.385,-2.25,0.3127,-3.77,-5.69,-0.7124,1.869,-4.965,3.355,-1.373
EFT:1.363,-2.256,0.3281,-3.766,-5.71,-0.7363,1.847,-4.965,3.344,-1.394
Random203
Raw:1.345,-2.27,0.3389,-3.78,-5.75,-0.7686,1.835,-4.98,3.336,-1.422
EFT:1.363,-2.258,0.3281,-3.766,-5.71,-0.737,1.846,-4.965,3.344,-1.395
Random204
Raw:1.363,-2.258,0.3325,-3.768,-5.715,-0.74,1.848,-4.965,3.322,-1.398
EFT:1.363,-2.256,0.3281,-3.766,-5.71,-0.7363,1.847,-4.965,3.344,-1.394
Random205
Raw:1.355,-2.264,0.3342,-3.768,-5.723,-0.749,1.837,-4.965,3.338,-1.4
EFT:1.363,-2.256,0.3281,-3.766,-5.71,-0.7363,1.847,-4.965,3.344,-1.394
Random206
Raw:1.356,-2.252,0.3257,-3.75,-5.69,-0.7124,1.84,-4.973,3.367,-1.383
EFT:1.363,-2.258,0.3281,-3.766,-5.71,-0.737,1.846,-4.965,3.344,-1.395
Random207
Raw:1.363,-2.254,0.3213,-3.764,-5.695,-0.723,1.85,-4.97,3.363,-1.387
EFT:1.363,-2.258,0.3281,-3.766,-5.71,-0.737,1.846,-4.965,3.344,-1.395
Random208
Raw:1.361,-2.258,0.3323,-3.771,-5.715,-0.7495,1.847,-4.953,3.318,-1.402
EFT:1.363,-2.256,0.3281,-3.766,-5.71,-0.7363,1.847,-4.965,3.344,-1.394
Random209
Raw:1.367,-2.258,0.3267,-3.762,-5.703,-0.7275,1.846,-4.965,3.352,-1.387
EFT:1.363,-2.258,0.3281,-3.766,-5.71,-0.737,1.846,-4.965,3.344,-1.395
Random210
Raw:1.365,-2.262,0.3284,-3.771,-5.727,-0.7354,1.852,-4.973,3.348,-1.398
EFT:1.363,-2.258,0.3281,-3.766,-5.71,-0.737,1.846,-4.965,3.344,-1.395
Random211
Raw:1.365,-2.254,0.3223,-3.764,-5.71,-0.7256,1.854,-4.973,3.36,-1.389
EFT:1.363,-2.256,0.3281,-3.766,-5.71,-0.7363,1.847,-4.965,3.344,-1.394
Random212
Raw:1.365,-2.248,0.318,-3.771,-5.7,-0.7246,1.852,-4.97,3.36,-1.385
EFT:1.363,-2.258,0.3281,-3.766,-5.71,-0.737,1.846,-4.965,3.344,-1.395
Random213
Raw:1.369,-2.254,0.3274,-3.756,-5.695,-0.7227,1.851,-4.965,3.354,-1.383
EFT:1.363,-2.256,0.3281,-3.766,-5.71,-0.7363,1.847,-4.965,3.344,-1.394
Random214
Raw:1.366,-2.254,0.323,-3.773,-5.707,-0.7314,1.853,-4.97,3.352,-1.391
EFT:1.363,-2.258,0.3281,-3.766,-5.71,-0.737,1.846,-4.965,3.344,-1.395
Random215
Raw:1.365,-2.252,0.3262,-3.758,-5.695,-0.723,1.848,-4.965,3.348,-1.386
EFT:1.363,-2.256,0.3281,-3.766,-5.71,-0.7363,1.847,-4.965,3.344,-1.394
Random216
Raw:1.357,-2.254,0.3271,-3.762,-5.72,-0.7407,1.84,-4.965,3.342,-1.396
EFT:1.363,-2.258,0.3281,-3.766,-5.71,-0.737,1.846,-4.965,3.344,-1.395
Random217
Raw:1.362,-2.256,0.3296,-3.768,-5.72,-0.7437,1.848,-4.96,3.332,-1.399
EFT:1.363,-2.256,0.3281,-3.766,-5.71,-0.7363,1.847,-4.965,3.344,-1.394
Random218
Raw:1.361,-2.26,0.3315,-3.768,-5.72,-0.742,1.842,-4.965,3.344,-1.398
EFT:1.363,-2.256,0.3281,-3.766,-5.71,-0.7363,1.847,-4.965,3.344,-1.394
Random219
Raw:1.357,-2.256,0.3296,-3.758,-5.7,-0.7217,1.84,-4.97,3.361,-1.385
EFT:1.363,-2.256,0.3281,-3.766,-5.71,-0.7363,1.847,-4.965,3.344,-1.394
Random220
Raw:1.372,-2.26,0.3284,-3.773,-5.715,-0.733,1.854,-4.973,3.34,-1.392
EFT:1.363,-2.256,0.3281,-3.766,-5.71,-0.7363,1.847,-4.965,3.344,-1.394
Random221
Raw:1.375,-2.248,0.3193,-3.775,-5.703,-0.7397,1.854,-4.953,3.336,-1.388
EFT:1.363,-2.258,0.3281,-3.766,-5.71,-0.737,1.846,-4.965,3.344,-1.395
Random222
Raw:1.363,-2.254,0.3325,-3.756,-5.703,-0.736,1.843,-4.957,3.336,-1.391
EFT:1.363,-2.256,0.3281,-3.766,-5.71,-0.7363,1.847,-4.965,3.344,-1.394
Random223
Raw:1.365,-2.252,0.3232,-3.766,-5.695,-0.7236,1.852,-4.965,3.354,-1.387
EFT:1.363,-2.258,0.3281,-3.766,-5.71,-0.737,1.846,-4.965,3.344,-1.395
Random224
Raw:1.362,-2.258,0.33,-3.76,-5.707,-0.736,1.838,-4.96,3.35,-1.387
EFT:1.363,-2.256,0.3281,-3.766,-5.71,-0.7363,1.847,-4.965,3.344,-1.394
Random225
Raw:1.356,-2.268,0.3333,-3.785,-5.742,-0.7583,1.847,-4.973,3.336,-1.414
EFT:1.363,-2.256,0.3281,-3.766,-5.71,-0.7363,1.847,-4.965,3.344,-1.394
Random226
Raw:1.367,-2.25,0.321,-3.756,-5.688,-0.716,1.845,-4.96,3.355,-1.381
EFT:1.363,-2.258,0.3281,-3.766,-5.71,-0.737,1.846,-4.965,3.344,-1.395
Random227
Raw:1.369,-2.252,0.3208,-3.768,-5.703,-0.725,1.854,-4.97,3.355,-1.387
EFT:1.363,-2.256,0.3281,-3.766,-5.71,-0.7363,1.847,-4.965,3.344,-1.394
Random228
Raw:1.367,-2.26,0.334,-3.76,-5.71,-0.7324,1.849,-4.965,3.332,-1.392
EFT:1.363,-2.256,0.3281,-3.766,-5.71,-0.7363,1.847,-4.965,3.344,-1.394
Random229
Raw:1.366,-2.254,0.322,-3.77,-5.707,-0.727,1.854,-4.973,3.354,-1.39
EFT:1.363,-2.256,0.3281,-3.766,-5.71,-0.7363,1.847,-4.965,3.344,-1.394
Random230
Raw:1.36,-2.262,0.3318,-3.77,-5.723,-0.7437,1.844,-4.965,3.336,-1.399
EFT:1.363,-2.258,0.3281,-3.766,-5.71,-0.737,1.846,-4.965,3.344,-1.395
Random231
Raw:1.363,-2.254,0.3215,-3.764,-5.703,-0.7256,1.849,-4.973,3.363,-1.388
EFT:1.363,-2.256,0.3281,-3.766,-5.71,-0.7363,1.847,-4.965,3.344,-1.394
Random232
Raw:1.3545,-2.264,0.3347,-3.768,-5.727,-0.7495,1.836,-4.965,3.338,-1.402
EFT:1.363,-2.256,0.3281,-3.766,-5.71,-0.7363,1.847,-4.965,3.344,-1.394
Random233
Raw:1.372,-2.254,0.323,-3.76,-5.695,-0.7188,1.852,-4.965,3.357,-1.381
EFT:1.363,-2.256,0.3281,-3.766,-5.71,-0.7363,1.847,-4.965,3.344,-1.394
Random234
Raw:1.366,-2.248,0.3223,-3.766,-5.7,-0.7344,1.846,-4.96,3.346,-1.39
EFT:1.363,-2.256,0.3281,-3.766,-5.71,-0.7363,1.847,-4.965,3.344,-1.394
Random235
Raw:1.369,-2.254,0.326,-3.771,-5.71,-0.743,1.854,-4.953,3.32,-1.4
EFT:1.363,-2.256,0.3281,-3.766,-5.71,-0.7363,1.847,-4.965,3.344,-1.394
Random236
Raw:1.357,-2.258,0.3281,-3.775,-5.715,-0.7456,1.84,-4.965,3.342,-1.402
EFT:1.363,-2.256,0.3281,-3.766,-5.71,-0.7363,1.847,-4.965,3.344,-1.394
Random237
Raw:1.373,-2.248,0.3242,-3.764,-5.695,-0.7236,1.853,-4.953,3.336,-1.383
EFT:1.363,-2.256,0.3281,-3.766,-5.71,-0.7363,1.847,-4.965,3.344,-1.394
Random238
Raw:1.362,-2.258,0.338,-3.758,-5.71,-0.752,1.84,-4.95,3.305,-1.403
EFT:1.363,-2.256,0.3281,-3.766,-5.71,-0.7363,1.847,-4.965,3.344,-1.394
Random239
Raw:1.355,-2.252,0.3247,-3.762,-5.703,-0.721,1.841,-4.977,3.375,-1.386
EFT:1.363,-2.256,0.3281,-3.766,-5.71,-0.7363,1.847,-4.965,3.344,-1.394
Random240
Raw:1.357,-2.264,0.3323,-3.77,-5.727,-0.7407,1.84,-4.973,3.344,-1.402
EFT:1.363,-2.256,0.3281,-3.766,-5.71,-0.7363,1.847,-4.965,3.344,-1.394
Random241
Raw:1.372,-2.26,0.3286,-3.768,-5.723,-0.7417,1.85,-4.965,3.338,-1.393
EFT:1.363,-2.256,0.3281,-3.766,-5.71,-0.7363,1.847,-4.965,3.344,-1.394
Random242
Raw:1.374,-2.248,0.3223,-3.766,-5.69,-0.7207,1.854,-4.957,3.346,-1.379
EFT:1.363,-2.256,0.3281,-3.766,-5.71,-0.7363,1.847,-4.965,3.344,-1.394
Random243
Raw:1.367,-2.256,0.3203,-3.771,-5.707,-0.7305,1.848,-4.965,3.352,-1.393
EFT:1.363,-2.256,0.3281,-3.766,-5.71,-0.7363,1.847,-4.965,3.344,-1.394
Random244
Raw:1.365,-2.252,0.323,-3.771,-5.703,-0.7275,1.852,-4.965,3.342,-1.393
EFT:1.363,-2.256,0.3281,-3.766,-5.71,-0.7363,1.847,-4.965,3.344,-1.394
Random245
Raw:1.367,-2.254,0.3276,-3.766,-5.707,-0.7407,1.852,-4.957,3.324,-1.397
EFT:1.363,-2.256,0.3281,-3.766,-5.71,-0.7363,1.847,-4.965,3.344,-1.394
Random246
Raw:1.372,-2.256,0.3242,-3.764,-5.703,-0.729,1.853,-4.965,3.344,-1.388
EFT:1.363,-2.256,0.3281,-3.766,-5.71,-0.7363,1.847,-4.965,3.344,-1.394
Random247
Raw:1.3545,-2.254,0.327,-3.758,-5.7,-0.733,1.833,-4.96,3.355,-1.393
EFT:1.363,-2.258,0.3281,-3.766,-5.71,-0.737,1.846,-4.965,3.344,-1.395
Random248
Raw:1.36,-2.258,0.3306,-3.762,-5.72,-0.7363,1.852,-4.97,3.332,-1.397
EFT:1.363,-2.258,0.3281,-3.766,-5.71,-0.737,1.846,-4.965,3.344,-1.395
Random249
Raw:1.367,-2.248,0.3325,-3.748,-5.684,-0.724,1.843,-4.95,3.326,-1.381
EFT:1.363,-2.258,0.3281,-3.766,-5.71,-0.737,1.846,-4.965,3.344,-1.395
Random250
Raw:1.364,-2.254,0.327,-3.76,-5.7,-0.733,1.847,-4.957,3.336,-1.391
EFT:1.363,-2.256,0.3281,-3.766,-5.71,-0.7363,1.847,-4.965,3.344,-1.394
Random251
Raw:1.367,-2.25,0.3228,-3.756,-5.688,-0.7144,1.842,-4.965,3.361,-1.375
EFT:1.363,-2.256,0.3281,-3.766,-5.71,-0.7363,1.847,-4.965,3.344,-1.394
Random252
Raw:1.357,-2.258,0.331,-3.768,-5.72,-0.7524,1.841,-4.957,3.322,-1.404
EFT:1.363,-2.256,0.3281,-3.766,-5.71,-0.7363,1.847,-4.965,3.344,-1.394
Random253
Raw:1.361,-2.254,0.3306,-3.762,-5.72,-0.741,1.847,-4.957,3.33,-1.398
EFT:1.363,-2.258,0.3281,-3.766,-5.71,-0.737,1.846,-4.965,3.344,-1.395
Random254
Raw:1.365,-2.26,0.3271,-3.775,-5.715,-0.7397,1.848,-4.97,3.344,-1.397
EFT:1.363,-2.256,0.3281,-3.766,-5.71,-0.7363,1.847,-4.965,3.344,-1.394
Random255
Raw:1.36,-2.26,0.326,-3.77,-5.72,-0.7314,1.852,-4.973,3.355,-1.3955
EFT:1.363,-2.258,0.3281,-3.766,-5.71,-0.737,1.846,-4.965,3.344,-1.395
Random256
Raw:1.369,-2.258,0.323,-3.77,-5.71,-0.7393,1.847,-4.965,3.346,-1.394
EFT:1.363,-2.258,0.3281,-3.766,-5.71,-0.737,1.846,-4.965,3.344,-1.395
Random257
Raw:1.367,-2.252,0.3198,-3.77,-5.703,-0.726,1.854,-4.965,3.357,-1.389
EFT:1.363,-2.256,0.3281,-3.766,-5.71,-0.7363,1.847,-4.965,3.344,-1.394
Random258
Raw:1.371,-2.252,0.3186,-3.756,-5.7,-0.7153,1.848,-4.965,3.36,-1.384
EFT:1.363,-2.256,0.3281,-3.766,-5.71,-0.7363,1.847,-4.965,3.344,-1.394
Random259
Raw:1.375,-2.246,0.3196,-3.756,-5.68,-0.7114,1.854,-4.957,3.35,-1.373
EFT:1.363,-2.256,0.3281,-3.766,-5.71,-0.7363,1.847,-4.965,3.344,-1.394
Random260
Raw:1.367,-2.252,0.325,-3.76,-5.7,-0.728,1.847,-4.957,3.34,-1.387
EFT:1.363,-2.256,0.3281,-3.766,-5.71,-0.7363,1.847,-4.965,3.344,-1.394
Random261
Raw:1.363,-2.256,0.326,-3.756,-5.695,-0.7163,1.844,-4.977,3.371,-1.38
EFT:1.363,-2.258,0.3281,-3.766,-5.71,-0.737,1.846,-4.965,3.344,-1.395
Random262
Raw:1.351,-2.27,0.3452,-3.777,-5.742,-0.7773,1.835,-4.957,3.291,-1.424
EFT:1.363,-2.256,0.3281,-3.766,-5.71,-0.7363,1.847,-4.965,3.344,-1.394
Random263
Raw:1.375,-2.258,0.3252,-3.768,-5.71,-0.728,1.854,-4.97,3.35,-1.387
EFT:1.363,-2.256,0.3281,-3.766,-5.71,-0.7363,1.847,-4.965,3.344,-1.394
Random264
Raw:1.366,-2.254,0.3237,-3.762,-5.695,-0.713,1.845,-4.973,3.371,-1.38
EFT:1.363,-2.256,0.3281,-3.766,-5.71,-0.7363,1.847,-4.965,3.344,-1.394
Random265
Raw:1.369,-2.258,0.3232,-3.775,-5.715,-0.727,1.857,-4.977,3.36,-1.391
EFT:1.363,-2.256,0.3281,-3.766,-5.71,-0.7363,1.847,-4.965,3.344,-1.394
Random266
Raw:1.369,-2.258,0.3286,-3.766,-5.715,-0.7334,1.851,-4.965,3.342,-1.393
EFT:1.363,-2.256,0.3281,-3.766,-5.71,-0.7363,1.847,-4.965,3.344,-1.394
Random267
Raw:1.362,-2.256,0.3245,-3.762,-5.703,-0.724,1.844,-4.973,3.365,-1.386
EFT:1.363,-2.258,0.3281,-3.766,-5.71,-0.737,1.846,-4.965,3.344,-1.395
Random268
Raw:1.361,-2.252,0.3237,-3.764,-5.703,-0.732,1.848,-4.97,3.35,-1.392
EFT:1.363,-2.256,0.3281,-3.766,-5.71,-0.7363,1.847,-4.965,3.344,-1.394
Random269
Raw:1.375,-2.25,0.3247,-3.76,-5.69,-0.7124,1.855,-4.96,3.352,-1.379
EFT:1.363,-2.258,0.3281,-3.766,-5.71,-0.737,1.846,-4.965,3.344,-1.395
Random270
Raw:1.373,-2.252,0.321,-3.771,-5.703,-0.728,1.857,-4.96,3.346,-1.391
EFT:1.363,-2.256,0.3281,-3.766,-5.71,-0.7363,1.847,-4.965,3.344,-1.394
Random271
Raw:1.36,-2.26,0.3328,-3.768,-5.723,-0.748,1.842,-4.965,3.336,-1.399
EFT:1.363,-2.256,0.3281,-3.766,-5.71,-0.7363,1.847,-4.965,3.344,-1.394
Random272
Raw:1.369,-2.252,0.3228,-3.768,-5.703,-0.7285,1.854,-4.97,3.344,-1.391
EFT:1.363,-2.256,0.3281,-3.766,-5.71,-0.7363,1.847,-4.965,3.344,-1.394
Random273
Raw:1.367,-2.25,0.3218,-3.76,-5.684,-0.7124,1.848,-4.965,3.37,-1.377
EFT:1.363,-2.256,0.3281,-3.766,-5.71,-0.7363,1.847,-4.965,3.344,-1.394
Random274
Raw:1.369,-2.25,0.3242,-3.76,-5.69,-0.727,1.85,-4.965,3.342,-1.387
EFT:1.363,-2.256,0.3281,-3.766,-5.71,-0.7363,1.847,-4.965,3.344,-1.394
Random275
Raw:1.373,-2.25,0.3188,-3.764,-5.695,-0.713,1.855,-4.973,3.367,-1.38
EFT:1.363,-2.256,0.3281,-3.766,-5.71,-0.7363,1.847,-4.965,3.344,-1.394
Random276
Raw:1.372,-2.252,0.3196,-3.78,-5.707,-0.7314,1.857,-4.97,3.352,-1.39
EFT:1.363,-2.256,0.3281,-3.766,-5.71,-0.7363,1.847,-4.965,3.344,-1.394
Random277
Raw:1.373,-2.252,0.3225,-3.762,-5.69,-0.722,1.857,-4.957,3.338,-1.386
EFT:1.363,-2.256,0.3281,-3.766,-5.71,-0.7363,1.847,-4.965,3.344,-1.394
Random278
Raw:1.362,-2.26,0.337,-3.76,-5.715,-0.7334,1.841,-4.965,3.338,-1.391
EFT:1.363,-2.256,0.3281,-3.766,-5.71,-0.7363,1.847,-4.965,3.344,-1.394
Random279
Raw:1.367,-2.256,0.3237,-3.775,-5.71,-0.728,1.857,-4.973,3.352,-1.391
EFT:1.363,-2.256,0.3281,-3.766,-5.71,-0.7363,1.847,-4.965,3.344,-1.394
Random280
Raw:1.366,-2.252,0.3262,-3.756,-5.688,-0.732,1.843,-4.945,3.332,-1.383
EFT:1.363,-2.256,0.3281,-3.766,-5.71,-0.7363,1.847,-4.965,3.344,-1.394
Random281
Raw:1.373,-2.248,0.327,-3.75,-5.69,-0.7217,1.848,-4.953,3.336,-1.379
EFT:1.363,-2.256,0.3281,-3.766,-5.71,-0.7363,1.847,-4.965,3.344,-1.394
Random282
Raw:1.355,-2.262,0.3306,-3.771,-5.734,-0.745,1.847,-4.977,3.34,-1.408
EFT:1.363,-2.256,0.3281,-3.766,-5.71,-0.7363,1.847,-4.965,3.344,-1.394
Random283
Raw:1.383,-2.25,0.317,-3.76,-5.688,-0.7104,1.855,-4.957,3.355,-1.37
EFT:1.363,-2.256,0.3281,-3.766,-5.71,-0.7363,1.847,-4.965,3.344,-1.394
Random284
Raw:1.361,-2.262,0.331,-3.768,-5.727,-0.7456,1.842,-4.97,3.344,-1.4
EFT:1.363,-2.256,0.3281,-3.766,-5.71,-0.7363,1.847,-4.965,3.344,-1.394
Random285
Raw:1.359,-2.256,0.3328,-3.766,-5.715,-0.7534,1.839,-4.953,3.316,-1.405
EFT:1.363,-2.258,0.3281,-3.766,-5.71,-0.737,1.846,-4.965,3.344,-1.395
Random286
Raw:1.368,-2.258,0.3237,-3.768,-5.707,-0.731,1.848,-4.965,3.352,-1.389
EFT:1.363,-2.256,0.3281,-3.766,-5.71,-0.7363,1.847,-4.965,3.344,-1.394
Random287
Raw:1.371,-2.254,0.3286,-3.76,-5.7,-0.728,1.852,-4.96,3.332,-1.389
EFT:1.363,-2.258,0.3281,-3.766,-5.71,-0.737,1.846,-4.965,3.344,-1.395
Random288
Raw:1.364,-2.256,0.322,-3.768,-5.703,-0.724,1.853,-4.965,3.36,-1.388
EFT:1.363,-2.256,0.3281,-3.766,-5.71,-0.7363,1.847,-4.965,3.344,-1.394
Random289
Raw:1.37,-2.252,0.3196,-3.768,-5.7,-0.7104,1.857,-4.977,3.377,-1.379
EFT:1.363,-2.258,0.3281,-3.766,-5.71,-0.737,1.846,-4.965,3.344,-1.395
Random290
Raw:1.364,-2.262,0.3335,-3.766,-5.73,-0.749,1.841,-4.953,3.322,-1.4
EFT:1.363,-2.258,0.3281,-3.766,-5.71,-0.737,1.846,-4.965,3.344,-1.395
Random291
Raw:1.357,-2.26,0.332,-3.768,-5.72,-0.7476,1.842,-4.965,3.342,-1.401
EFT:1.363,-2.256,0.3281,-3.766,-5.71,-0.7363,1.847,-4.965,3.344,-1.394
Random292
Raw:1.359,-2.254,0.3293,-3.762,-5.71,-0.7397,1.842,-4.957,3.34,-1.3955
EFT:1.363,-2.258,0.3281,-3.766,-5.71,-0.737,1.846,-4.965,3.344,-1.395
Random293
Raw:1.354,-2.254,0.327,-3.754,-5.69,-0.7144,1.84,-4.973,3.365,-1.387
EFT:1.363,-2.258,0.3281,-3.766,-5.71,-0.737,1.846,-4.965,3.344,-1.395
Random294
Raw:1.366,-2.262,0.325,-3.771,-5.72,-0.728,1.852,-4.98,3.365,-1.393
EFT:1.363,-2.256,0.3281,-3.766,-5.71,-0.7363,1.847,-4.965,3.344,-1.394
Random295
Raw:1.375,-2.256,0.3215,-3.77,-5.71,-0.7285,1.854,-4.97,3.346,-1.388
EFT:1.363,-2.256,0.3281,-3.766,-5.71,-0.7363,1.847,-4.965,3.344,-1.394
Random296
Raw:1.357,-2.256,0.3318,-3.76,-5.72,-0.744,1.841,-4.957,3.326,-1.4
EFT:1.363,-2.256,0.3281,-3.766,-5.71,-0.7363,1.847,-4.965,3.344,-1.394
Random297
Raw:1.339,-2.273,0.3445,-3.781,-5.758,-0.7793,1.822,-4.98,3.32,-1.431
EFT:1.363,-2.256,0.3281,-3.766,-5.71,-0.7363,1.847,-4.965,3.344,-1.394
Random298
Raw:1.366,-2.258,0.3271,-3.764,-5.715,-0.724,1.852,-4.973,3.357,-1.389
EFT:1.363,-2.256,0.3281,-3.766,-5.71,-0.7363,1.847,-4.965,3.344,-1.394
Random299
Raw:1.376,-2.25,0.319,-3.768,-5.703,-0.725,1.863,-4.965,3.342,-1.389
EFT:1.363,-2.256,0.3281,-3.766,-5.71,-0.7363,1.847,-4.965,3.344,-1.394
Random300
Raw:1.348,-2.268,0.3313,-3.777,-5.742,-0.7466,1.836,-4.98,3.36,-1.408
EFT:1.363,-2.256,0.3281,-3.766,-5.71,-0.7363,1.847,-4.965,3.344,-1.394
