Tensorflow
0.1433807135777398,1.665875949806163e-05,0.3526867601562263,0.13323296878920485,0.01804614065020566,1.8883411324454882e-05,0.3416235770638179,1.8272589392338033e-08,0.010994278100962894,1.2184306606618214e-09
Original
0.14338071357773977,1.6658759498061656e-05,0.35268676015622624,0.1332329687892047,0.018046140650205655,1.888341132445498e-05,0.3416235770638182,1.827258939233823e-08,0.010994278100962903,1.2184306606618298e-09
Ascend
0.1433807135777397,1.6658759498061534e-05,0.35268676015622613,0.1332329687892049,0.018046140650205617,1.8883411324454876e-05,0.3416235770638181,1.827258939233796e-08,0.01099427810096288,1.218430660661812e-09
Descend
0.14338071357773977,1.6658759498061582e-05,0.3526867601562266,0.13323296878920496,0.01804614065020566,1.88834113244549e-05,0.3416235770638176,1.827258939233805e-08,0.010994278100962894,1.2184306606618178e-09
Random1
Raw:0.1433807135777399,1.6658759498061568e-05,0.35268676015622624,0.13323296878920485,0.018046140650205624,1.8883411324454913e-05,0.34162357706381785,1.827258939233803e-08,0.010994278100962903,1.2184306606618212e-09
EFT:0.1433807135777398,1.665875949806157e-05,0.35268676015622635,0.13323296878920476,0.018046140650205638,1.8883411324454886e-05,0.34162357706381796,1.8272589392338037e-08,0.010994278100962901,1.2184306606618216e-09
Random2
Raw:0.14338071357773963,1.66587594980617e-05,0.3526867601562259,0.13323296878920518,0.01804614065020568,1.8883411324454896e-05,0.34162357706381813,1.827258939233808e-08,0.010994278100962911,1.2184306606618243e-09
EFT:0.1433807135777398,1.665875949806157e-05,0.35268676015622635,0.13323296878920476,0.018046140650205638,1.8883411324454886e-05,0.34162357706381796,1.8272589392338037e-08,0.010994278100962896,1.2184306606618216e-09
Random3
Raw:0.14338071357773982,1.6658759498061592e-05,0.35268676015622547,0.13323296878920537,0.018046140650205635,1.888341132445484e-05,0.34162357706381835,1.8272589392337928e-08,0.010994278100962878,1.2184306606618098e-09
EFT:0.1433807135777398,1.665875949806157e-05,0.35268676015622635,0.13323296878920476,0.018046140650205638,1.8883411324454886e-05,0.34162357706381796,1.8272589392338037e-08,0.010994278100962896,1.2184306606618216e-09
Random4
Raw:0.14338071357773974,1.6658759498061565e-05,0.3526867601562262,0.13323296878920482,0.018046140650205638,1.8883411324454845e-05,0.34162357706381813,1.8272589392337964e-08,0.010994278100962882,1.2184306606618166e-09
EFT:0.1433807135777398,1.665875949806157e-05,0.35268676015622635,0.13323296878920476,0.018046140650205638,1.8883411324454886e-05,0.34162357706381796,1.8272589392338037e-08,0.010994278100962901,1.2184306606618216e-09
Random5
Raw:0.14338071357773968,1.6658759498061497e-05,0.352686760156226,0.13323296878920488,0.01804614065020562,1.88834113244548e-05,0.34162357706381824,1.8272589392337954e-08,0.010994278100962885,1.2184306606618073e-09
EFT:0.1433807135777398,1.665875949806157e-05,0.35268676015622635,0.13323296878920476,0.018046140650205638,1.8883411324454886e-05,0.34162357706381796,1.8272589392338037e-08,0.010994278100962896,1.2184306606618216e-09
Random6
Raw:0.1433807135777399,1.6658759498061555e-05,0.35268676015622596,0.13323296878920463,0.01804614065020561,1.888341132445483e-05,0.3416235770638185,1.827258939233795e-08,0.010994278100962884,1.2184306606618114e-09
EFT:0.1433807135777398,1.665875949806157e-05,0.35268676015622635,0.13323296878920476,0.018046140650205638,1.8883411324454886e-05,0.34162357706381796,1.8272589392338037e-08,0.010994278100962901,1.2184306606618216e-09
Random7
Raw:0.14338071357773988,1.6658759498061612e-05,0.3526867601562259,0.1332329687892047,0.018046140650205614,1.8883411324454896e-05,0.34162357706381846,1.827258939233808e-08,0.010994278100962903,1.2184306606618243e-09
EFT:0.1433807135777398,1.665875949806157e-05,0.35268676015622635,0.13323296878920476,0.018046140650205638,1.8883411324454886e-05,0.34162357706381796,1.8272589392338037e-08,0.010994278100962896,1.2184306606618216e-09
Random8
Raw:0.14338071357773974,1.6658759498061538e-05,0.3526867601562262,0.13323296878920482,0.018046140650205628,1.8883411324454913e-05,0.34162357706381813,1.8272589392338093e-08,0.01099427810096289,1.218430660661821e-09
EFT:0.1433807135777398,1.665875949806157e-05,0.35268676015622635,0.13323296878920476,0.018046140650205638,1.8883411324454886e-05,0.34162357706381796,1.8272589392338037e-08,0.010994278100962901,1.2184306606618216e-09
Random9
Raw:0.14338071357773993,1.665875949806163e-05,0.3526867601562263,0.133232968789205,0.018046140650205652,1.888341132445495e-05,0.34162357706381763,1.82725893923381e-08,0.010994278100962894,1.2184306606618214e-09
EFT:0.1433807135777398,1.665875949806157e-05,0.35268676015622635,0.13323296878920476,0.018046140650205638,1.8883411324454886e-05,0.34162357706381796,1.8272589392338037e-08,0.010994278100962896,1.2184306606618216e-09
Random10
Raw:0.14338071357773963,1.6658759498061626e-05,0.35268676015622624,0.13323296878920543,0.018046140650205673,1.888341132445485e-05,0.3416235770638176,1.8272589392337967e-08,0.010994278100962884,1.2184306606618125e-09
EFT:0.1433807135777398,1.665875949806157e-05,0.35268676015622635,0.13323296878920476,0.018046140650205638,1.8883411324454886e-05,0.34162357706381796,1.8272589392338037e-08,0.010994278100962901,1.2184306606618216e-09
Random11
Raw:0.14338071357773968,1.665875949806141e-05,0.3526867601562267,0.1332329687892049,0.018046140650205617,1.8883411324454703e-05,0.3416235770638177,1.827258939233773e-08,0.010994278100962868,1.2184306606617968e-09
EFT:0.1433807135777398,1.665875949806157e-05,0.35268676015622635,0.13323296878920476,0.018046140650205638,1.8883411324454886e-05,0.34162357706381796,1.8272589392338037e-08,0.010994278100962896,1.2184306606618216e-09
Random12
Raw:0.14338071357773982,1.6658759498061592e-05,0.3526867601562261,0.1332329687892049,0.018046140650205635,1.8883411324454906e-05,0.341623577063818,1.827258939233809e-08,0.010994278100962887,1.2184306606618205e-09
EFT:0.1433807135777398,1.665875949806157e-05,0.35268676015622635,0.13323296878920476,0.018046140650205638,1.8883411324454886e-05,0.34162357706381796,1.8272589392338037e-08,0.010994278100962901,1.2184306606618216e-09
Random13
Raw:0.14338071357773963,1.6658759498061433e-05,0.3526867601562259,0.1332329687892045,0.018046140650205593,1.8883411324454696e-05,0.3416235770638188,1.827258939233782e-08,0.010994278100962873,1.2184306606617982e-09
EFT:0.1433807135777398,1.665875949806157e-05,0.35268676015622635,0.13323296878920476,0.018046140650205638,1.8883411324454886e-05,0.34162357706381796,1.8272589392338037e-08,0.010994278100962896,1.2184306606618216e-09
Random14
Raw:0.14338071357773968,1.6658759498061646e-05,0.352686760156226,0.13323296878920488,0.01804614065020568,1.8883411324454903e-05,0.34162357706381824,1.8272589392338086e-08,0.010994278100962915,1.2184306606618247e-09
EFT:0.1433807135777398,1.665875949806157e-05,0.35268676015622635,0.13323296878920476,0.018046140650205638,1.8883411324454886e-05,0.34162357706381796,1.8272589392338037e-08,0.010994278100962896,1.2184306606618216e-09
Random15
Raw:0.14338071357774,1.6658759498061636e-05,0.35268676015622585,0.13323296878920468,0.018046140650205603,1.8883411324455096e-05,0.3416235770638184,1.8272589392338335e-08,0.01099427810096289,1.2184306606618327e-09
EFT:0.1433807135777398,1.665875949806157e-05,0.35268676015622635,0.13323296878920476,0.018046140650205638,1.8883411324454886e-05,0.34162357706381796,1.8272589392338037e-08,0.010994278100962896,1.2184306606618216e-09
Random16
Raw:0.14338071357773957,1.6658759498061544e-05,0.352686760156227,0.13323296878920443,0.018046140650205666,1.8883411324454754e-05,0.34162357706381774,1.8272589392337875e-08,0.010994278100962897,1.2184306606618108e-09
EFT:0.1433807135777398,1.665875949806157e-05,0.35268676015622635,0.13323296878920476,0.018046140650205638,1.8883411324454886e-05,0.34162357706381796,1.8272589392338037e-08,0.010994278100962896,1.2184306606618216e-09
Random17
Raw:0.1433807135777397,1.6658759498061534e-05,0.35268676015622613,0.1332329687892049,0.018046140650205635,1.8883411324454774e-05,0.3416235770638181,1.827258939233783e-08,0.01099427810096288,1.2184306606618077e-09
EFT:0.1433807135777398,1.665875949806157e-05,0.35268676015622635,0.13323296878920476,0.018046140650205638,1.8883411324454886e-05,0.34162357706381796,1.8272589392338037e-08,0.010994278100962896,1.2184306606618216e-09
Random18
Raw:0.14338071357773965,1.6658759498061582e-05,0.3526867601562266,0.13323296878920474,0.01804614065020565,1.8883411324454865e-05,0.3416235770638179,1.8272589392337984e-08,0.010994278100962903,1.2184306606618178e-09
EFT:0.1433807135777398,1.665875949806157e-05,0.35268676015622635,0.13323296878920476,0.018046140650205638,1.8883411324454886e-05,0.34162357706381796,1.8272589392338037e-08,0.010994278100962896,1.2184306606618216e-09
Random19
Raw:0.14338071357773965,1.6658759498061544e-05,0.35268676015622635,0.13323296878920488,0.01804614065020565,1.8883411324454852e-05,0.34162357706381796,1.827258939233797e-08,0.010994278100962877,1.2184306606618127e-09
EFT:0.1433807135777398,1.665875949806157e-05,0.35268676015622635,0.13323296878920476,0.018046140650205638,1.8883411324454886e-05,0.34162357706381796,1.8272589392338037e-08,0.010994278100962901,1.2184306606618216e-09
Random20
Raw:0.14338071357773985,1.665875949806158e-05,0.35268676015622646,0.13323296878920446,0.018046140650205628,1.8883411324454926e-05,0.3416235770638181,1.827258939233811e-08,0.0109942781009629,1.218430660661822e-09
EFT:0.1433807135777398,1.665875949806157e-05,0.35268676015622635,0.13323296878920476,0.018046140650205638,1.8883411324454886e-05,0.34162357706381796,1.8272589392338037e-08,0.010994278100962896,1.2184306606618216e-09
Random21
Raw:0.14338071357773985,1.66587594980614e-05,0.35268676015622646,0.13323296878920435,0.01804614065020554,1.888341132445486e-05,0.3416235770638184,1.8272589392337977e-08,0.01099427810096288,1.2184306606618046e-09
EFT:0.1433807135777398,1.665875949806157e-05,0.35268676015622635,0.13323296878920476,0.018046140650205638,1.8883411324454886e-05,0.34162357706381796,1.8272589392338037e-08,0.010994278100962896,1.2184306606618216e-09
Random22
Raw:0.14338071357773974,1.665875949806176e-05,0.3526867601562265,0.1332329687892047,0.01804614065020572,1.8883411324454964e-05,0.34162357706381785,1.8272589392338242e-08,0.01099427810096293,1.2184306606618394e-09
EFT:0.1433807135777398,1.665875949806157e-05,0.35268676015622635,0.13323296878920476,0.018046140650205638,1.8883411324454886e-05,0.34162357706381796,1.8272589392338037e-08,0.010994278100962896,1.2184306606618216e-09
Random23
Raw:0.1433807135777398,1.6658759498061673e-05,0.352686760156226,0.13323296878920476,0.018046140650205662,1.8883411324454937e-05,0.34162357706381824,1.8272589392338153e-08,0.010994278100962906,1.218430660661829e-09
EFT:0.1433807135777398,1.665875949806157e-05,0.35268676015622635,0.13323296878920476,0.018046140650205638,1.8883411324454886e-05,0.34162357706381796,1.8272589392338037e-08,0.010994278100962896,1.2184306606618216e-09
Random24
Raw:0.1433807135777398,1.6658759498061673e-05,0.35268676015622596,0.13323296878920485,0.018046140650205652,1.8883411324454967e-05,0.3416235770638182,1.8272589392338212e-08,0.010994278100962884,1.2184306606618288e-09
EFT:0.1433807135777398,1.665875949806157e-05,0.35268676015622635,0.13323296878920476,0.018046140650205638,1.8883411324454886e-05,0.34162357706381796,1.8272589392338037e-08,0.010994278100962901,1.2184306606618216e-09
Random25
Raw:0.14338071357773993,1.665875949806157e-05,0.3526867601562263,0.13323296878920474,0.018046140650205628,1.8883411324454916e-05,0.3416235770638179,1.8272589392338033e-08,0.010994278100962885,1.2184306606618214e-09
EFT:0.1433807135777398,1.665875949806157e-05,0.35268676015622635,0.13323296878920476,0.018046140650205638,1.8883411324454886e-05,0.34162357706381796,1.8272589392338037e-08,0.010994278100962896,1.2184306606618216e-09
Random26
Raw:0.1433807135777398,1.665875949806151e-05,0.3526867601562263,0.1332329687892051,0.018046140650205614,1.8883411324454852e-05,0.34162357706381763,1.8272589392337904e-08,0.010994278100962856,1.2184306606618083e-09
EFT:0.1433807135777398,1.665875949806157e-05,0.35268676015622635,0.13323296878920476,0.018046140650205638,1.8883411324454886e-05,0.34162357706381796,1.8272589392338037e-08,0.010994278100962901,1.2184306606618216e-09
Random27
Raw:0.14338071357773968,1.665875949806162e-05,0.3526867601562261,0.13323296878920476,0.01804614065020564,1.8883411324454906e-05,0.3416235770638183,1.827258939233809e-08,0.010994278100962908,1.2184306606618205e-09
EFT:0.1433807135777398,1.665875949806157e-05,0.35268676015622635,0.13323296878920476,0.018046140650205638,1.8883411324454886e-05,0.34162357706381796,1.8272589392338037e-08,0.010994278100962896,1.2184306606618216e-09
Random28
Raw:0.14338071357773977,1.6658759498061568e-05,0.35268676015622624,0.1332329687892046,0.018046140650205617,1.8883411324454882e-05,0.3416235770638182,1.827258939233803e-08,0.010994278100962903,1.2184306606618168e-09
EFT:0.1433807135777398,1.665875949806157e-05,0.35268676015622635,0.13323296878920476,0.018046140650205638,1.8883411324454886e-05,0.34162357706381796,1.8272589392338037e-08,0.010994278100962896,1.2184306606618216e-09
Random29
Raw:0.1433807135777398,1.6658759498061673e-05,0.35268676015622596,0.13323296878920485,0.018046140650205635,1.8883411324454967e-05,0.3416235770638182,1.8272589392338212e-08,0.010994278100962913,1.2184306606618288e-09
EFT:0.1433807135777398,1.665875949806157e-05,0.35268676015622635,0.13323296878920476,0.018046140650205638,1.8883411324454886e-05,0.34162357706381796,1.8272589392338037e-08,0.010994278100962896,1.2184306606618216e-09
Random30
Raw:0.14338071357773957,1.66587594980615e-05,0.3526867601562267,0.1332329687892043,0.0180461406502056,1.8883411324454872e-05,0.3416235770638183,1.827258939233799e-08,0.010994278100962887,1.218430660661814e-09
EFT:0.1433807135777398,1.665875949806157e-05,0.35268676015622635,0.13323296878920476,0.018046140650205638,1.8883411324454886e-05,0.34162357706381796,1.8272589392338037e-08,0.010994278100962901,1.2184306606618216e-09
Random31
Raw:0.1433807135777398,1.6658759498061633e-05,0.35268676015622635,0.133232968789205,0.018046140650205662,1.8883411324454852e-05,0.3416235770638177,1.827258939233797e-08,0.010994278100962887,1.2184306606618216e-09
EFT:0.1433807135777398,1.665875949806157e-05,0.35268676015622635,0.13323296878920476,0.018046140650205638,1.8883411324454886e-05,0.34162357706381796,1.8272589392338037e-08,0.010994278100962896,1.2184306606618216e-09
Random32
Raw:0.14338071357773968,1.66587594980615e-05,0.3526867601562261,0.13323296878920476,0.018046140650205635,1.888341132445484e-05,0.3416235770638183,1.8272589392337957e-08,0.010994278100962887,1.2184306606618118e-09
EFT:0.1433807135777398,1.665875949806157e-05,0.35268676015622635,0.13323296878920476,0.018046140650205638,1.8883411324454886e-05,0.34162357706381796,1.8272589392338037e-08,0.010994278100962896,1.2184306606618216e-09
Random33
Raw:0.14338071357773985,1.6658759498061592e-05,0.3526867601562255,0.1332329687892048,0.018046140650205586,1.8883411324454943e-05,0.3416235770638187,1.827258939233819e-08,0.010994278100962871,1.2184306606618228e-09
EFT:0.1433807135777398,1.665875949806157e-05,0.35268676015622635,0.13323296878920476,0.018046140650205638,1.8883411324454886e-05,0.34162357706381796,1.8272589392338037e-08,0.010994278100962896,1.2184306606618216e-09
Random34
Raw:0.1433807135777396,1.665875949806156e-05,0.35268676015622674,0.13323296878920457,0.018046140650205652,1.8883411324454808e-05,0.3416235770638181,1.8272589392337994e-08,0.0109942781009629,1.2184306606618141e-09
EFT:0.1433807135777398,1.665875949806157e-05,0.35268676015622635,0.13323296878920476,0.018046140650205638,1.8883411324454886e-05,0.34162357706381796,1.8272589392338037e-08,0.010994278100962901,1.2184306606618216e-09
Random35
Raw:0.14338071357773965,1.665875949806145e-05,0.3526867601562263,0.13323296878920463,0.01804614065020559,1.8883411324454784e-05,0.34162357706381824,1.8272589392337838e-08,0.010994278100962875,1.218430660661804e-09
EFT:0.1433807135777398,1.665875949806157e-05,0.35268676015622635,0.13323296878920476,0.018046140650205638,1.8883411324454886e-05,0.34162357706381796,1.8272589392338037e-08,0.010994278100962901,1.2184306606618216e-09
Random36
Raw:0.14338071357773952,1.6658759498061673e-05,0.3526867601562266,0.13323296878920463,0.018046140650205683,1.88834113244549e-05,0.3416235770638182,1.8272589392338113e-08,0.010994278100962913,1.2184306606618265e-09
EFT:0.1433807135777398,1.665875949806157e-05,0.35268676015622635,0.13323296878920476,0.018046140650205638,1.8883411324454886e-05,0.34162357706381796,1.8272589392338037e-08,0.010994278100962896,1.2184306606618216e-09
Random37
Raw:0.14338071357773977,1.6658759498061683e-05,0.35268676015622685,0.1332329687892045,0.01804614065020568,1.8883411324454947e-05,0.34162357706381785,1.827258939233813e-08,0.010994278100962903,1.218430660661832e-09
EFT:0.1433807135777398,1.665875949806157e-05,0.35268676015622635,0.13323296878920476,0.018046140650205638,1.8883411324454886e-05,0.34162357706381796,1.8272589392338037e-08,0.010994278100962901,1.2184306606618216e-09
Random38
Raw:0.14338071357773982,1.6658759498061605e-05,0.3526867601562264,0.13323296878920432,0.018046140650205624,1.8883411324454923e-05,0.34162357706381835,1.8272589392338106e-08,0.010994278100962908,1.2184306606618218e-09
EFT:0.1433807135777398,1.665875949806157e-05,0.35268676015622635,0.13323296878920476,0.018046140650205638,1.8883411324454886e-05,0.34162357706381796,1.8272589392338037e-08,0.010994278100962896,1.2184306606618216e-09
Random39
Raw:0.14338071357773974,1.6658759498061653e-05,0.3526867601562262,0.13323296878920518,0.01804614065020568,1.8883411324454913e-05,0.34162357706381785,1.8272589392338093e-08,0.010994278100962901,1.218430660661821e-09
EFT:0.1433807135777398,1.665875949806157e-05,0.35268676015622635,0.13323296878920476,0.018046140650205638,1.8883411324454886e-05,0.34162357706381796,1.8272589392338037e-08,0.010994278100962896,1.2184306606618216e-09
Random40
Raw:0.14338071357773965,1.6658759498061633e-05,0.35268676015622635,0.13323296878920488,0.018046140650205673,1.888341132445492e-05,0.34162357706381796,1.8272589392338103e-08,0.010994278100962906,1.2184306606618216e-09
EFT:0.1433807135777398,1.665875949806157e-05,0.35268676015622635,0.13323296878920476,0.018046140650205638,1.8883411324454886e-05,0.34162357706381796,1.8272589392338037e-08,0.010994278100962896,1.2184306606618216e-09
Random41
Raw:0.14338071357773982,1.6658759498061456e-05,0.3526867601562264,0.1332329687892048,0.018046140650205586,1.8883411324454855e-05,0.341623577063818,1.8272589392337845e-08,0.010994278100962878,1.2184306606618044e-09
EFT:0.1433807135777398,1.665875949806157e-05,0.35268676015622635,0.13323296878920476,0.018046140650205638,1.8883411324454886e-05,0.34162357706381796,1.8272589392338037e-08,0.010994278100962901,1.2184306606618216e-09
Random42
Raw:0.1433807135777399,1.665875949806154e-05,0.3526867601562257,0.13323296878920474,0.018046140650205583,1.8883411324454886e-05,0.3416235770638186,1.827258939233807e-08,0.010994278100962885,1.2184306606618147e-09
EFT:0.1433807135777398,1.665875949806157e-05,0.35268676015622635,0.13323296878920476,0.018046140650205638,1.8883411324454886e-05,0.34162357706381796,1.8272589392338037e-08,0.010994278100962896,1.2184306606618216e-09
Random43
Raw:0.14338071357773985,1.6658759498061592e-05,0.35268676015622613,0.1332329687892048,0.018046140650205635,1.8883411324454974e-05,0.3416235770638181,1.827258939233809e-08,0.0109942781009629,1.2184306606618207e-09
EFT:0.1433807135777398,1.665875949806157e-05,0.35268676015622635,0.13323296878920476,0.018046140650205638,1.8883411324454886e-05,0.34162357706381796,1.8272589392338037e-08,0.010994278100962896,1.2184306606618216e-09
Random44
Raw:0.1433807135777398,1.6658759498061673e-05,0.352686760156226,0.133232968789205,0.01804614065020567,1.8883411324454937e-05,0.34162357706381796,1.8272589392338153e-08,0.010994278100962906,1.2184306606618247e-09
EFT:0.1433807135777398,1.665875949806157e-05,0.35268676015622635,0.13323296878920476,0.018046140650205638,1.8883411324454886e-05,0.34162357706381796,1.8272589392338037e-08,0.010994278100962901,1.2184306606618216e-09
Random45
Raw:0.14338071357773985,1.665875949806165e-05,0.35268676015622613,0.1332329687892048,0.018046140650205652,1.888341132445491e-05,0.3416235770638181,1.827258939233809e-08,0.01099427810096291,1.218430660661825e-09
EFT:0.1433807135777398,1.665875949806157e-05,0.35268676015622635,0.13323296878920476,0.018046140650205638,1.8883411324454886e-05,0.34162357706381796,1.8272589392338037e-08,0.010994278100962901,1.2184306606618216e-09
Random46
Raw:0.14338071357773952,1.6658759498061687e-05,0.3526867601562263,0.133232968789205,0.018046140650205694,1.8883411324454882e-05,0.3416235770638179,1.82725893923381e-08,0.010994278100962885,1.2184306606618214e-09
EFT:0.1433807135777398,1.665875949806157e-05,0.35268676015622635,0.13323296878920476,0.018046140650205638,1.8883411324454886e-05,0.34162357706381796,1.8272589392338037e-08,0.010994278100962896,1.2184306606618216e-09
Random47
Raw:0.14338071357773985,1.665875949806146e-05,0.35268676015622646,0.13323296878920435,0.01804614065020558,1.888341132445486e-05,0.3416235770638184,1.8272589392338043e-08,0.01099427810096289,1.218430660661813e-09
EFT:0.1433807135777398,1.665875949806157e-05,0.35268676015622635,0.13323296878920476,0.018046140650205638,1.8883411324454886e-05,0.34162357706381796,1.8272589392338037e-08,0.010994278100962896,1.2184306606618216e-09
Random48
Raw:0.14338071357773965,1.6658759498061605e-05,0.35268676015622635,0.13323296878920488,0.01804614065020565,1.8883411324454852e-05,0.34162357706381796,1.8272589392338103e-08,0.010994278100962896,1.2184306606618216e-09
EFT:0.1433807135777398,1.665875949806157e-05,0.35268676015622635,0.13323296878920476,0.018046140650205638,1.8883411324454886e-05,0.34162357706381796,1.8272589392338037e-08,0.010994278100962896,1.2184306606618216e-09
Random49
Raw:0.14338071357773988,1.6658759498061538e-05,0.3526867601562262,0.13323296878920493,0.018046140650205652,1.8883411324454845e-05,0.34162357706381785,1.8272589392337964e-08,0.010994278100962871,1.2184306606618166e-09
EFT:0.1433807135777398,1.665875949806157e-05,0.35268676015622635,0.13323296878920476,0.018046140650205638,1.8883411324454886e-05,0.34162357706381796,1.8272589392338037e-08,0.010994278100962901,1.2184306606618216e-09
Random50
Raw:0.14338071357773977,1.6658759498061494e-05,0.3526867601562266,0.13323296878920463,0.018046140650205628,1.888341132445483e-05,0.3416235770638179,1.8272589392337918e-08,0.010994278100962875,1.2184306606618135e-09
EFT:0.1433807135777398,1.665875949806157e-05,0.35268676015622635,0.13323296878920476,0.018046140650205638,1.8883411324454886e-05,0.34162357706381796,1.8272589392338037e-08,0.010994278100962896,1.2184306606618216e-09
Random51
Raw:0.14338071357773965,1.6658759498061555e-05,0.35268676015622596,0.13323296878920496,0.01804614065020561,1.88834113244549e-05,0.3416235770638182,1.8272589392338017e-08,0.010994278100962884,1.2184306606618158e-09
EFT:0.1433807135777398,1.665875949806157e-05,0.35268676015622635,0.13323296878920476,0.018046140650205638,1.8883411324454886e-05,0.34162357706381796,1.8272589392338037e-08,0.010994278100962896,1.2184306606618216e-09
Random52
Raw:0.14338071357773974,1.6658759498061626e-05,0.3526867601562262,0.13323296878920482,0.018046140650205638,1.8883411324454845e-05,0.34162357706381813,1.827258939233803e-08,0.010994278100962901,1.2184306606618166e-09
EFT:0.1433807135777398,1.665875949806157e-05,0.35268676015622635,0.13323296878920476,0.018046140650205638,1.8883411324454886e-05,0.34162357706381796,1.8272589392338037e-08,0.010994278100962896,1.2184306606618216e-09
Random53
Raw:0.14338071357773985,1.665875949806156e-05,0.35268676015622613,0.1332329687892048,0.018046140650205617,1.888341132445491e-05,0.3416235770638181,1.827258939233796e-08,0.01099427810096288,1.2184306606618164e-09
EFT:0.1433807135777398,1.665875949806157e-05,0.35268676015622635,0.13323296878920476,0.018046140650205638,1.8883411324454886e-05,0.34162357706381796,1.8272589392338037e-08,0.010994278100962896,1.2184306606618216e-09
Random54
Raw:0.14338071357773977,1.6658759498061568e-05,0.35268676015622624,0.13323296878920496,0.018046140650205666,1.8883411324454815e-05,0.34162357706381785,1.82725893923379e-08,0.010994278100962884,1.2184306606618125e-09
EFT:0.1433807135777398,1.665875949806157e-05,0.35268676015622635,0.13323296878920476,0.018046140650205638,1.8883411324454886e-05,0.34162357706381796,1.8272589392338037e-08,0.010994278100962901,1.2184306606618216e-09
Random55
Raw:0.14338071357773968,1.6658759498061575e-05,0.3526867601562264,0.13323296878920501,0.018046140650205666,1.888341132445479e-05,0.34162357706381774,1.8272589392337845e-08,0.010994278100962897,1.2184306606618129e-09
EFT:0.1433807135777398,1.665875949806157e-05,0.35268676015622635,0.13323296878920476,0.018046140650205638,1.8883411324454886e-05,0.34162357706381796,1.8272589392338037e-08,0.010994278100962896,1.2184306606618216e-09
Random56
Raw:0.14338071357773988,1.665875949806167e-05,0.3526867601562259,0.13323296878920507,0.018046140650205638,1.8883411324454964e-05,0.34162357706381813,1.8272589392338212e-08,0.010994278100962903,1.2184306606618286e-09
EFT:0.1433807135777398,1.665875949806157e-05,0.35268676015622635,0.13323296878920476,0.018046140650205638,1.8883411324454886e-05,0.34162357706381796,1.8272589392338037e-08,0.010994278100962896,1.2184306606618216e-09
Random57
Raw:0.1433807135777398,1.665875949806166e-05,0.3526867601562263,0.13323296878920485,0.01804614065020567,1.8883411324454916e-05,0.3416235770638179,1.82725893923381e-08,0.010994278100962904,1.2184306606618255e-09
EFT:0.1433807135777398,1.665875949806157e-05,0.35268676015622635,0.13323296878920476,0.018046140650205638,1.8883411324454886e-05,0.34162357706381796,1.8272589392338037e-08,0.010994278100962896,1.2184306606618216e-09
Random58
Raw:0.14338071357773963,1.66587594980616e-05,0.35268676015622624,0.13323296878920485,0.01804614065020564,1.8883411324454913e-05,0.3416235770638182,1.8272589392338163e-08,0.010994278100962903,1.2184306606618212e-09
EFT:0.1433807135777398,1.665875949806157e-05,0.35268676015622635,0.13323296878920476,0.018046140650205638,1.8883411324454886e-05,0.34162357706381796,1.8272589392338037e-08,0.010994278100962896,1.2184306606618216e-09
Random59
Raw:0.1433807135777398,1.6658759498061633e-05,0.35268676015622635,0.133232968789205,0.018046140650205687,1.8883411324454788e-05,0.3416235770638177,1.8272589392337908e-08,0.010994278100962906,1.2184306606618127e-09
EFT:0.1433807135777398,1.665875949806157e-05,0.35268676015622635,0.13323296878920476,0.018046140650205638,1.8883411324454886e-05,0.34162357706381796,1.8272589392338037e-08,0.010994278100962896,1.2184306606618216e-09
Random60
Raw:0.14338071357773993,1.6658759498061605e-05,0.35268676015622635,0.13323296878920454,0.018046140650205638,1.888341132445492e-05,0.34162357706381796,1.8272589392338103e-08,0.010994278100962896,1.2184306606618216e-09
EFT:0.1433807135777398,1.665875949806157e-05,0.35268676015622635,0.13323296878920476,0.018046140650205638,1.8883411324454886e-05,0.34162357706381796,1.8272589392338037e-08,0.010994278100962901,1.2184306606618216e-09
Random61
Raw:0.14338071357773982,1.665875949806165e-05,0.3526867601562261,0.1332329687892049,0.018046140650205666,1.888341132445494e-05,0.341623577063818,1.827258939233809e-08,0.010994278100962897,1.2184306606618205e-09
EFT:0.1433807135777398,1.665875949806157e-05,0.35268676015622635,0.13323296878920476,0.018046140650205638,1.8883411324454886e-05,0.34162357706381796,1.8272589392338037e-08,0.010994278100962901,1.2184306606618216e-09
Random62
Raw:0.14338071357773982,1.6658759498061548e-05,0.3526867601562264,0.13323296878920432,0.018046140650205617,1.888341132445489e-05,0.34162357706381835,1.827258939233804e-08,0.010994278100962878,1.2184306606618174e-09
EFT:0.1433807135777398,1.665875949806157e-05,0.35268676015622635,0.13323296878920476,0.018046140650205638,1.8883411324454886e-05,0.34162357706381796,1.8272589392338037e-08,0.010994278100962896,1.2184306606618216e-09
Random63
Raw:0.14338071357773982,1.6658759498061636e-05,0.3526867601562264,0.13323296878920454,0.018046140650205652,1.888341132445499e-05,0.341623577063818,1.8272589392338172e-08,0.010994278100962908,1.218430660661826e-09
EFT:0.1433807135777398,1.665875949806157e-05,0.35268676015622635,0.13323296878920476,0.018046140650205638,1.8883411324454886e-05,0.34162357706381796,1.8272589392338037e-08,0.010994278100962896,1.2184306606618216e-09
Random64
Raw:0.14338071357773974,1.6658759498061683e-05,0.3526867601562262,0.13323296878920518,0.018046140650205687,1.8883411324454913e-05,0.34162357706381785,1.8272589392338093e-08,0.010994278100962911,1.218430660661821e-09
EFT:0.1433807135777398,1.665875949806157e-05,0.35268676015622635,0.13323296878920476,0.018046140650205638,1.8883411324454886e-05,0.34162357706381796,1.8272589392338037e-08,0.010994278100962896,1.2184306606618216e-09
Random65
Raw:0.1433807135777398,1.6658759498061616e-05,0.35268676015622596,0.13323296878920485,0.01804614065020561,1.8883411324454967e-05,0.3416235770638182,1.827258939233815e-08,0.010994278100962884,1.2184306606618245e-09
EFT:0.1433807135777398,1.665875949806157e-05,0.35268676015622635,0.13323296878920476,0.018046140650205638,1.8883411324454886e-05,0.34162357706381796,1.8272589392338037e-08,0.010994278100962896,1.2184306606618216e-09
Random66
Raw:0.14338071357773982,1.6658759498061487e-05,0.3526867601562264,0.1332329687892049,0.018046140650205624,1.8883411324454723e-05,0.34162357706381774,1.8272589392337782e-08,0.010994278100962878,1.2184306606618e-09
EFT:0.1433807135777398,1.665875949806157e-05,0.35268676015622635,0.13323296878920476,0.018046140650205638,1.8883411324454886e-05,0.34162357706381796,1.8272589392338037e-08,0.010994278100962896,1.2184306606618216e-09
Random67
Raw:0.14338071357773993,1.6658759498061633e-05,0.35268676015622635,0.13323296878920488,0.01804614065020563,1.8883411324454987e-05,0.3416235770638177,1.827258939233817e-08,0.010994278100962896,1.21843066066183e-09
EFT:0.1433807135777398,1.665875949806157e-05,0.35268676015622635,0.13323296878920476,0.018046140650205638,1.8883411324454886e-05,0.34162357706381796,1.8272589392338037e-08,0.010994278100962896,1.2184306606618216e-09
Random68
Raw:0.14338071357773988,1.6658759498061504e-05,0.3526867601562262,0.13323296878920446,0.01804614065020559,1.8883411324454913e-05,0.3416235770638184,1.8272589392338093e-08,0.01099427810096289,1.218430660661821e-09
EFT:0.1433807135777398,1.665875949806157e-05,0.35268676015622635,0.13323296878920476,0.018046140650205638,1.8883411324454886e-05,0.34162357706381796,1.8272589392338037e-08,0.010994278100962896,1.2184306606618216e-09
Random69
Raw:0.14338071357773965,1.665875949806148e-05,0.3526867601562263,0.13323296878920474,0.018046140650205614,1.8883411324454818e-05,0.34162357706381824,1.827258939233797e-08,0.010994278100962885,1.2184306606618083e-09
EFT:0.1433807135777398,1.665875949806157e-05,0.35268676015622635,0.13323296878920476,0.018046140650205638,1.8883411324454886e-05,0.34162357706381796,1.8272589392338037e-08,0.010994278100962896,1.2184306606618216e-09
Random70
Raw:0.1433807135777396,1.665875949806149e-05,0.35268676015622646,0.13323296878920504,0.018046140650205676,1.888341132445469e-05,0.3416235770638178,1.827258939233772e-08,0.01099427810096288,1.2184306606618003e-09
EFT:0.1433807135777398,1.665875949806157e-05,0.35268676015622635,0.13323296878920476,0.018046140650205638,1.8883411324454886e-05,0.34162357706381796,1.8272589392338037e-08,0.010994278100962901,1.2184306606618216e-09
Random71
Raw:0.14338071357773982,1.665875949806162e-05,0.3526867601562261,0.1332329687892049,0.018046140650205635,1.8883411324454906e-05,0.341623577063818,1.827258939233809e-08,0.010994278100962908,1.2184306606618205e-09
EFT:0.1433807135777398,1.665875949806157e-05,0.35268676015622635,0.13323296878920476,0.018046140650205638,1.8883411324454886e-05,0.34162357706381796,1.8272589392338037e-08,0.010994278100962896,1.2184306606618216e-09
Random72
Raw:0.14338071357773974,1.6658759498061612e-05,0.3526867601562265,0.1332329687892045,0.018046140650205638,1.888341132445493e-05,0.34162357706381813,1.8272589392338113e-08,0.010994278100962911,1.2184306606618307e-09
EFT:0.1433807135777398,1.665875949806157e-05,0.35268676015622635,0.13323296878920476,0.018046140650205638,1.8883411324454886e-05,0.34162357706381796,1.8272589392338037e-08,0.010994278100962901,1.2184306606618216e-09
Random73
Raw:0.14338071357773968,1.66587594980615e-05,0.3526867601562261,0.13323296878920513,0.0180461406502056,1.8883411324454805e-05,0.341623577063818,1.827258939233789e-08,0.010994278100962868,1.2184306606618032e-09
EFT:0.1433807135777398,1.665875949806157e-05,0.35268676015622635,0.13323296878920476,0.018046140650205638,1.8883411324454886e-05,0.34162357706381796,1.8272589392338037e-08,0.010994278100962896,1.2184306606618216e-09
Random74
Raw:0.1433807135777398,1.6658759498061524e-05,0.35268676015622596,0.1332329687892045,0.018046140650205596,1.88834113244549e-05,0.3416235770638185,1.8272589392338083e-08,0.010994278100962875,1.2184306606618201e-09
EFT:0.1433807135777398,1.665875949806157e-05,0.35268676015622635,0.13323296878920476,0.018046140650205638,1.8883411324454886e-05,0.34162357706381796,1.8272589392338037e-08,0.010994278100962896,1.2184306606618216e-09
Random75
Raw:0.14338071357773977,1.665875949806164e-05,0.3526867601562259,0.1332329687892047,0.018046140650205655,1.8883411324454862e-05,0.34162357706381846,1.827258939233808e-08,0.010994278100962911,1.21843066066182e-09
EFT:0.1433807135777398,1.665875949806157e-05,0.35268676015622635,0.13323296878920476,0.018046140650205638,1.8883411324454886e-05,0.34162357706381796,1.8272589392338037e-08,0.010994278100962896,1.2184306606618216e-09
Random76
Raw:0.14338071357773993,1.6658759498061646e-05,0.3526867601562254,0.133232968789205,0.01804614065020565,1.8883411324454937e-05,0.3416235770638186,1.8272589392338186e-08,0.010994278100962887,1.2184306606618183e-09
EFT:0.1433807135777398,1.665875949806157e-05,0.35268676015622635,0.13323296878920476,0.018046140650205638,1.8883411324454886e-05,0.34162357706381796,1.8272589392338037e-08,0.010994278100962901,1.2184306606618216e-09
Random77
Raw:0.1433807135777397,1.6658759498061517e-05,0.3526867601562258,0.13323296878920501,0.01804614065020561,1.8883411324454757e-05,0.34162357706381835,1.8272589392337812e-08,0.01099427810096287,1.2184306606618023e-09
EFT:0.1433807135777398,1.665875949806157e-05,0.35268676015622635,0.13323296878920476,0.018046140650205638,1.8883411324454886e-05,0.34162357706381796,1.8272589392338037e-08,0.010994278100962901,1.2184306606618216e-09
Random78
Raw:0.14338071357773965,1.6658759498061406e-05,0.3526867601562266,0.13323296878920474,0.01804614065020561,1.888341132445473e-05,0.3416235770638179,1.827258939233779e-08,0.010994278100962875,1.2184306606618005e-09
EFT:0.1433807135777398,1.665875949806157e-05,0.35268676015622635,0.13323296878920476,0.018046140650205638,1.8883411324454886e-05,0.34162357706381796,1.8272589392338037e-08,0.010994278100962896,1.2184306606618216e-09
Random79
Raw:0.14338071357773982,1.6658759498061544e-05,0.352686760156227,0.13323296878920454,0.01804614065020565,1.888341132445489e-05,0.3416235770638174,1.827258939233794e-08,0.010994278100962889,1.2184306606618195e-09
EFT:0.1433807135777398,1.665875949806157e-05,0.35268676015622635,0.13323296878920476,0.018046140650205638,1.8883411324454886e-05,0.34162357706381796,1.8272589392338037e-08,0.010994278100962896,1.2184306606618216e-09
Random80
Raw:0.14338071357773988,1.665875949806146e-05,0.3526867601562265,0.13323296878920482,0.018046140650205607,1.8883411324454828e-05,0.34162357706381785,1.8272589392337914e-08,0.010994278100962863,1.2184306606618048e-09
EFT:0.1433807135777398,1.665875949806157e-05,0.35268676015622635,0.13323296878920476,0.018046140650205638,1.8883411324454886e-05,0.34162357706381796,1.8272589392338037e-08,0.010994278100962896,1.2184306606618216e-09
Random81
Raw:0.1433807135777398,1.665875949806157e-05,0.35268676015622635,0.13323296878920465,0.018046140650205617,1.8883411324454954e-05,0.34162357706381796,1.827258939233817e-08,0.010994278100962887,1.2184306606618216e-09
EFT:0.1433807135777398,1.665875949806157e-05,0.35268676015622635,0.13323296878920476,0.018046140650205638,1.8883411324454886e-05,0.34162357706381796,1.8272589392338037e-08,0.010994278100962896,1.2184306606618216e-09
Random82
Raw:0.14338071357773963,1.6658759498061507e-05,0.35268676015622624,0.13323296878920507,0.01804614065020564,1.888341132445478e-05,0.34162357706381785,1.8272589392337835e-08,0.010994278100962884,1.2184306606618038e-09
EFT:0.1433807135777398,1.665875949806157e-05,0.35268676015622635,0.13323296878920476,0.018046140650205638,1.8883411324454886e-05,0.34162357706381796,1.8272589392338037e-08,0.010994278100962896,1.2184306606618216e-09
Random83
Raw:0.14338071357773968,1.66587594980615e-05,0.3526867601562267,0.1332329687892049,0.01804614065020565,1.8883411324454737e-05,0.3416235770638177,1.8272589392337795e-08,0.010994278100962887,1.2184306606618052e-09
EFT:0.1433807135777398,1.665875949806157e-05,0.35268676015622635,0.13323296878920476,0.018046140650205638,1.8883411324454886e-05,0.34162357706381796,1.8272589392338037e-08,0.010994278100962901,1.2184306606618216e-09
Random84
Raw:0.14338071357773982,1.6658759498061548e-05,0.3526867601562258,0.13323296878920526,0.018046140650205628,1.888341132445486e-05,0.341623577063818,1.8272589392337944e-08,0.01099427810096287,1.2184306606618108e-09
EFT:0.1433807135777398,1.665875949806157e-05,0.35268676015622635,0.13323296878920476,0.018046140650205638,1.8883411324454886e-05,0.34162357706381796,1.8272589392338037e-08,0.010994278100962896,1.2184306606618216e-09
Random85
Raw:0.1433807135777397,1.665875949806165e-05,0.35268676015622613,0.13323296878920457,0.018046140650205635,1.8883411324455008e-05,0.34162357706381835,1.827258939233835e-08,0.01099427810096291,1.2184306606618338e-09
EFT:0.1433807135777398,1.665875949806157e-05,0.35268676015622635,0.13323296878920476,0.018046140650205638,1.8883411324454886e-05,0.34162357706381796,1.8272589392338037e-08,0.010994278100962896,1.2184306606618216e-09
Random86
Raw:0.14338071357773974,1.6658759498061565e-05,0.3526867601562262,0.13323296878920446,0.018046140650205607,1.8883411324454977e-05,0.3416235770638184,1.827258939233816e-08,0.010994278100962901,1.218430660661825e-09
EFT:0.1433807135777398,1.665875949806157e-05,0.35268676015622635,0.13323296878920476,0.018046140650205638,1.8883411324454886e-05,0.34162357706381796,1.8272589392338037e-08,0.010994278100962896,1.2184306606618216e-09
Random87
Raw:0.14338071357773985,1.6658759498061568e-05,0.3526867601562256,0.13323296878920507,0.01804614065020559,1.888341132445488e-05,0.34162357706381846,1.8272589392337997e-08,0.010994278100962873,1.2184306606618145e-09
EFT:0.1433807135777398,1.665875949806157e-05,0.35268676015622635,0.13323296878920476,0.018046140650205638,1.8883411324454886e-05,0.34162357706381796,1.8272589392338037e-08,0.010994278100962896,1.2184306606618216e-09
Random88
Raw:0.14338071357773982,1.6658759498061558e-05,0.3526867601562261,0.13323296878920549,0.018046140650205673,1.8883411324454737e-05,0.3416235770638174,1.8272589392337765e-08,0.010994278100962868,1.2184306606618032e-09
EFT:0.1433807135777398,1.665875949806157e-05,0.35268676015622635,0.13323296878920476,0.018046140650205638,1.8883411324454886e-05,0.34162357706381796,1.8272589392338037e-08,0.010994278100962901,1.2184306606618216e-09
Random89
Raw:0.1433807135777397,1.6658759498061504e-05,0.35268676015622613,0.1332329687892049,0.01804614065020561,1.8883411324454774e-05,0.3416235770638181,1.827258939233783e-08,0.01099427810096288,1.2184306606618034e-09
EFT:0.1433807135777398,1.665875949806157e-05,0.35268676015622635,0.13323296878920476,0.018046140650205638,1.8883411324454886e-05,0.34162357706381796,1.8272589392338037e-08,0.010994278100962901,1.2184306606618216e-09
Random90
Raw:0.14338071357773965,1.6658759498061483e-05,0.35268676015622635,0.13323296878920488,0.018046140650205624,1.8883411324454852e-05,0.34162357706381796,1.827258939233797e-08,0.010994278100962877,1.2184306606618085e-09
EFT:0.1433807135777398,1.665875949806157e-05,0.35268676015622635,0.13323296878920476,0.018046140650205638,1.8883411324454886e-05,0.34162357706381796,1.8272589392338037e-08,0.010994278100962896,1.2184306606618216e-09
Random91
Raw:0.14338071357773965,1.665875949806142e-05,0.3526867601562269,0.13323296878920474,0.018046140650205614,1.888341132445468e-05,0.34162357706381763,1.8272589392337742e-08,0.010994278100962875,1.2184306606617974e-09
EFT:0.1433807135777398,1.665875949806157e-05,0.35268676015622635,0.13323296878920476,0.018046140650205638,1.8883411324454886e-05,0.34162357706381796,1.8272589392338037e-08,0.010994278100962901,1.2184306606618216e-09
Random92
Raw:0.14338071357773974,1.6658759498061582e-05,0.3526867601562265,0.1332329687892045,0.01804614065020568,1.8883411324454828e-05,0.34162357706381813,1.8272589392338047e-08,0.010994278100962911,1.2184306606618222e-09
EFT:0.1433807135777398,1.665875949806157e-05,0.35268676015622635,0.13323296878920476,0.018046140650205638,1.8883411324454886e-05,0.34162357706381796,1.8272589392338037e-08,0.010994278100962896,1.2184306606618216e-09
Random93
Raw:0.1433807135777397,1.665875949806158e-05,0.35268676015622646,0.13323296878920457,0.018046140650205635,1.8883411324454926e-05,0.3416235770638181,1.827258939233811e-08,0.0109942781009629,1.218430660661822e-09
EFT:0.1433807135777398,1.665875949806157e-05,0.35268676015622635,0.13323296878920476,0.018046140650205638,1.8883411324454886e-05,0.34162357706381796,1.8272589392338037e-08,0.010994278100962896,1.2184306606618216e-09
Random94
Raw:0.14338071357773965,1.6658759498061605e-05,0.35268676015622635,0.13323296878920488,0.01804614065020565,1.8883411324454852e-05,0.34162357706381796,1.827258939233797e-08,0.010994278100962896,1.2184306606618172e-09
EFT:0.1433807135777398,1.665875949806157e-05,0.35268676015622635,0.13323296878920476,0.018046140650205638,1.8883411324454886e-05,0.34162357706381796,1.8272589392338037e-08,0.010994278100962896,1.2184306606618216e-09
Random95
Raw:0.1433807135777399,1.665875949806148e-05,0.3526867601562257,0.1332329687892051,0.018046140650205583,1.8883411324454818e-05,0.34162357706381824,1.8272589392337938e-08,0.010994278100962866,1.218430660661802e-09
EFT:0.1433807135777398,1.665875949806157e-05,0.35268676015622635,0.13323296878920476,0.018046140650205638,1.8883411324454886e-05,0.34162357706381796,1.8272589392338037e-08,0.010994278100962896,1.2184306606618216e-09
Random96
Raw:0.1433807135777396,1.6658759498061473e-05,0.35268676015622674,0.1332329687892049,0.01804614065020566,1.8883411324454672e-05,0.34162357706381774,1.8272589392337732e-08,0.010994278100962889,1.218430660661801e-09
EFT:0.1433807135777398,1.665875949806157e-05,0.35268676015622635,0.13323296878920476,0.018046140650205638,1.8883411324454886e-05,0.34162357706381796,1.8272589392338037e-08,0.010994278100962901,1.2184306606618216e-09
Random97
Raw:0.14338071357773968,1.6658759498061544e-05,0.35268676015622574,0.13323296878920549,0.01804614065020564,1.888341132445482e-05,0.34162357706381796,1.827258939233794e-08,0.010994278100962868,1.2184306606618106e-09
EFT:0.1433807135777398,1.665875949806157e-05,0.35268676015622635,0.13323296878920476,0.018046140650205638,1.8883411324454886e-05,0.34162357706381796,1.8272589392338037e-08,0.010994278100962896,1.2184306606618216e-09
Random98
Raw:0.14338071357773977,1.6658759498061683e-05,0.35268676015622624,0.13323296878920496,0.018046140650205697,1.8883411324454913e-05,0.34162357706381785,1.8272589392338163e-08,0.010994278100962903,1.2184306606618253e-09
EFT:0.1433807135777398,1.665875949806157e-05,0.35268676015622635,0.13323296878920476,0.018046140650205638,1.8883411324454886e-05,0.34162357706381796,1.8272589392338037e-08,0.010994278100962901,1.2184306606618216e-09
Random99
Raw:0.14338071357773968,1.6658759498061646e-05,0.352686760156226,0.13323296878920451,0.01804614065020563,1.888341132445497e-05,0.3416235770638186,1.8272589392338215e-08,0.010994278100962906,1.218430660661829e-09
EFT:0.1433807135777398,1.665875949806157e-05,0.35268676015622635,0.13323296878920476,0.018046140650205638,1.8883411324454886e-05,0.34162357706381796,1.8272589392338037e-08,0.010994278100962896,1.2184306606618216e-09
Random100
Raw:0.14338071357773985,1.665875949806156e-05,0.35268676015622613,0.1332329687892048,0.018046140650205635,1.8883411324454842e-05,0.3416235770638181,1.827258939233796e-08,0.01099427810096288,1.218430660661812e-09
EFT:0.1433807135777398,1.665875949806157e-05,0.35268676015622635,0.13323296878920476,0.018046140650205638,1.8883411324454886e-05,0.34162357706381796,1.8272589392338037e-08,0.010994278100962896,1.2184306606618216e-09
Random101
Raw:0.14338071357773965,1.6658759498061687e-05,0.3526867601562263,0.133232968789205,0.01804614065020567,1.888341132445495e-05,0.3416235770638179,1.8272589392338166e-08,0.010994278100962904,1.2184306606618298e-09
EFT:0.1433807135777398,1.665875949806157e-05,0.35268676015622635,0.13323296878920476,0.018046140650205638,1.8883411324454886e-05,0.34162357706381796,1.8272589392338037e-08,0.010994278100962896,1.2184306606618216e-09
Random102
Raw:0.14338071357773982,1.6658759498061456e-05,0.3526867601562264,0.1332329687892048,0.018046140650205586,1.8883411324454855e-05,0.341623577063818,1.827258939233791e-08,0.01099427810096287,1.2184306606618044e-09
EFT:0.1433807135777398,1.665875949806157e-05,0.35268676015622635,0.13323296878920476,0.018046140650205638,1.8883411324454886e-05,0.34162357706381796,1.8272589392338037e-08,0.010994278100962901,1.2184306606618216e-09
Random103
Raw:0.14338071357773974,1.6658759498061416e-05,0.3526867601562262,0.13323296878920457,0.01804614065020559,1.888341132445471e-05,0.3416235770638184,1.827258939233777e-08,0.010994278100962871,1.2184306606617949e-09
EFT:0.1433807135777398,1.665875949806157e-05,0.35268676015622635,0.13323296878920476,0.018046140650205638,1.8883411324454886e-05,0.34162357706381796,1.8272589392338037e-08,0.010994278100962896,1.2184306606618216e-09
Random104
Raw:0.14338071357773985,1.665875949806164e-05,0.35268676015622646,0.1332329687892048,0.018046140650205676,1.8883411324454893e-05,0.3416235770638178,1.827258939233811e-08,0.0109942781009629,1.218430660661822e-09
EFT:0.1433807135777398,1.665875949806157e-05,0.35268676015622635,0.13323296878920476,0.018046140650205638,1.8883411324454886e-05,0.34162357706381796,1.8272589392338037e-08,0.010994278100962896,1.2184306606618216e-09
Random105
Raw:0.1433807135777398,1.6658759498061687e-05,0.3526867601562263,0.13323296878920485,0.018046140650205676,1.888341132445495e-05,0.3416235770638179,1.8272589392338166e-08,0.010994278100962885,1.2184306606618298e-09
EFT:0.1433807135777398,1.665875949806157e-05,0.35268676015622635,0.13323296878920476,0.018046140650205638,1.8883411324454886e-05,0.34162357706381796,1.8272589392338037e-08,0.010994278100962896,1.2184306606618216e-09
Random106
Raw:0.1433807135777397,1.665875949806156e-05,0.35268676015622674,0.13323296878920468,0.018046140650205635,1.888341132445494e-05,0.34162357706381774,1.8272589392338057e-08,0.010994278100962889,1.2184306606618228e-09
EFT:0.1433807135777398,1.665875949806157e-05,0.35268676015622635,0.13323296878920476,0.018046140650205638,1.8883411324454886e-05,0.34162357706381796,1.8272589392338037e-08,0.010994278100962896,1.2184306606618216e-09
Random107
Raw:0.14338071357773977,1.665875949806164e-05,0.3526867601562259,0.1332329687892047,0.01804614065020563,1.8883411324454964e-05,0.34162357706381846,1.8272589392338212e-08,0.010994278100962903,1.2184306606618286e-09
EFT:0.1433807135777398,1.665875949806157e-05,0.35268676015622635,0.13323296878920476,0.018046140650205638,1.8883411324454886e-05,0.34162357706381796,1.8272589392338037e-08,0.010994278100962896,1.2184306606618216e-09
Random108
Raw:0.14338071357773974,1.6658759498061565e-05,0.3526867601562262,0.13323296878920446,0.018046140650205607,1.8883411324454913e-05,0.3416235770638184,1.8272589392338093e-08,0.01099427810096289,1.218430660661821e-09
EFT:0.1433807135777398,1.665875949806157e-05,0.35268676015622635,0.13323296878920476,0.018046140650205638,1.8883411324454886e-05,0.34162357706381796,1.8272589392338037e-08,0.010994278100962901,1.2184306606618216e-09
Random109
Raw:0.14338071357773974,1.665875949806164e-05,0.3526867601562265,0.13323296878920518,0.018046140650205704,1.8883411324454862e-05,0.34162357706381724,1.8272589392337914e-08,0.010994278100962892,1.2184306606618176e-09
EFT:0.1433807135777398,1.665875949806157e-05,0.35268676015622635,0.13323296878920476,0.018046140650205638,1.8883411324454886e-05,0.34162357706381796,1.8272589392338037e-08,0.010994278100962901,1.2184306606618216e-09
Random110
Raw:0.14338071357774002,1.6658759498061524e-05,0.35268676015622596,0.13323296878920415,0.018046140650205565,1.88834113244549e-05,0.34162357706381885,1.827258939233815e-08,0.010994278100962894,1.2184306606618158e-09
EFT:0.1433807135777398,1.665875949806157e-05,0.35268676015622635,0.13323296878920476,0.018046140650205638,1.8883411324454886e-05,0.34162357706381796,1.8272589392338037e-08,0.010994278100962896,1.2184306606618216e-09
Random111
Raw:0.14338071357773974,1.665875949806152e-05,0.3526867601562265,0.1332329687892047,0.018046140650205638,1.8883411324454794e-05,0.34162357706381785,1.827258939233798e-08,0.010994278100962882,1.2184306606618133e-09
EFT:0.1433807135777398,1.665875949806157e-05,0.35268676015622635,0.13323296878920476,0.018046140650205638,1.8883411324454886e-05,0.34162357706381796,1.8272589392338037e-08,0.010994278100962896,1.2184306606618216e-09
Random112
Raw:0.14338071357773988,1.665875949806164e-05,0.3526867601562259,0.13323296878920496,0.01804614065020563,1.8883411324454964e-05,0.34162357706381813,1.8272589392338212e-08,0.010994278100962903,1.2184306606618243e-09
EFT:0.1433807135777398,1.665875949806157e-05,0.35268676015622635,0.13323296878920476,0.018046140650205638,1.8883411324454886e-05,0.34162357706381796,1.8272589392338037e-08,0.010994278100962896,1.2184306606618216e-09
Random113
Raw:0.1433807135777399,1.6658759498061585e-05,0.35268676015622596,0.1332329687892051,0.01804614065020566,1.888341132445483e-05,0.3416235770638179,1.827258939233795e-08,0.010994278100962884,1.2184306606618114e-09
EFT:0.1433807135777398,1.665875949806157e-05,0.35268676015622635,0.13323296878920476,0.018046140650205638,1.8883411324454886e-05,0.34162357706381796,1.8272589392338037e-08,0.010994278100962896,1.2184306606618216e-09
Random114
Raw:0.14338071357773982,1.6658759498061426e-05,0.3526867601562264,0.13323296878920468,0.018046140650205586,1.8883411324454754e-05,0.341623577063818,1.8272589392337782e-08,0.010994278100962878,1.2184306606618e-09
EFT:0.1433807135777398,1.665875949806157e-05,0.35268676015622635,0.13323296878920476,0.018046140650205638,1.8883411324454886e-05,0.34162357706381796,1.8272589392338037e-08,0.010994278100962896,1.2184306606618216e-09
Random115
Raw:0.14338071357773957,1.6658759498061504e-05,0.35268676015622613,0.1332329687892048,0.018046140650205628,1.8883411324454808e-05,0.34162357706381835,1.8272589392337895e-08,0.0109942781009629,1.2184306606618077e-09
EFT:0.1433807135777398,1.665875949806157e-05,0.35268676015622635,0.13323296878920476,0.018046140650205638,1.8883411324454886e-05,0.34162357706381796,1.8272589392338037e-08,0.010994278100962901,1.2184306606618216e-09
Random116
Raw:0.14338071357774002,1.6658759498061626e-05,0.35268676015622624,0.13323296878920485,0.01804614065020565,1.888341132445498e-05,0.34162357706381785,1.8272589392338163e-08,0.010994278100962903,1.2184306606618298e-09
EFT:0.1433807135777398,1.665875949806157e-05,0.35268676015622635,0.13323296878920476,0.018046140650205638,1.8883411324454886e-05,0.34162357706381796,1.8272589392338037e-08,0.010994278100962901,1.2184306606618216e-09
Random117
Raw:0.14338071357773974,1.6658759498061626e-05,0.3526867601562262,0.13323296878920482,0.018046140650205638,1.888341132445488e-05,0.34162357706381813,1.827258939233803e-08,0.010994278100962901,1.218430660661821e-09
EFT:0.1433807135777398,1.665875949806157e-05,0.35268676015622635,0.13323296878920476,0.018046140650205638,1.8883411324454886e-05,0.34162357706381796,1.8272589392338037e-08,0.010994278100962901,1.2184306606618216e-09
Random118
Raw:0.14338071357773982,1.6658759498061548e-05,0.3526867601562264,0.13323296878920454,0.018046140650205624,1.8883411324454855e-05,0.341623577063818,1.827258939233804e-08,0.010994278100962889,1.2184306606618174e-09
EFT:0.1433807135777398,1.665875949806157e-05,0.35268676015622635,0.13323296878920476,0.018046140650205638,1.8883411324454886e-05,0.34162357706381796,1.8272589392338037e-08,0.010994278100962896,1.2184306606618216e-09
Random119
Raw:0.1433807135777397,1.6658759498061565e-05,0.3526867601562255,0.1332329687892054,0.018046140650205628,1.8883411324454808e-05,0.3416235770638184,1.8272589392337865e-08,0.010994278100962871,1.2184306606618056e-09
EFT:0.1433807135777398,1.665875949806157e-05,0.35268676015622635,0.13323296878920476,0.018046140650205638,1.8883411324454886e-05,0.34162357706381796,1.8272589392338037e-08,0.010994278100962896,1.2184306606618216e-09
Random120
Raw:0.14338071357773974,1.665875949806164e-05,0.3526867601562265,0.1332329687892045,0.01804614065020568,1.8883411324454964e-05,0.34162357706381813,1.8272589392338113e-08,0.010994278100962901,1.2184306606618263e-09
EFT:0.1433807135777398,1.665875949806157e-05,0.35268676015622635,0.13323296878920476,0.018046140650205638,1.8883411324454886e-05,0.34162357706381796,1.8272589392338037e-08,0.010994278100962896,1.2184306606618216e-09
Random121
Raw:0.1433807135777398,1.665875949806157e-05,0.35268676015622635,0.13323296878920476,0.018046140650205638,1.8883411324454886e-05,0.34162357706381796,1.827258939233797e-08,0.010994278100962887,1.2184306606618216e-09
EFT:0.1433807135777398,1.665875949806157e-05,0.35268676015622635,0.13323296878920476,0.018046140650205638,1.8883411324454886e-05,0.34162357706381796,1.8272589392338037e-08,0.010994278100962896,1.2184306606618216e-09
Random122
Raw:0.14338071357773977,1.6658759498061626e-05,0.35268676015622624,0.1332329687892047,0.018046140650205624,1.888341132445498e-05,0.3416235770638182,1.827258939233823e-08,0.010994278100962884,1.2184306606618298e-09
EFT:0.1433807135777398,1.665875949806157e-05,0.35268676015622635,0.13323296878920476,0.018046140650205638,1.8883411324454886e-05,0.34162357706381796,1.8272589392338037e-08,0.010994278100962896,1.2184306606618216e-09
Random123
Raw:0.14338071357773974,1.6658759498061595e-05,0.3526867601562262,0.13323296878920482,0.018046140650205652,1.8883411324454845e-05,0.34162357706381813,1.8272589392337964e-08,0.01099427810096289,1.218430660661821e-09
EFT:0.1433807135777398,1.665875949806157e-05,0.35268676015622635,0.13323296878920476,0.018046140650205638,1.8883411324454886e-05,0.34162357706381796,1.8272589392338037e-08,0.010994278100962896,1.2184306606618216e-09
Random124
Raw:0.14338071357773968,1.665875949806159e-05,0.3526867601562267,0.1332329687892049,0.01804614065020565,1.8883411324454906e-05,0.3416235770638177,1.8272589392338053e-08,0.010994278100962897,1.2184306606618226e-09
EFT:0.1433807135777398,1.665875949806157e-05,0.35268676015622635,0.13323296878920476,0.018046140650205638,1.8883411324454886e-05,0.34162357706381796,1.8272589392338037e-08,0.010994278100962896,1.2184306606618216e-09
Random125
Raw:0.14338071357773985,1.6658759498061666e-05,0.35268676015622585,0.13323296878920493,0.018046140650205655,1.8883411324454926e-05,0.3416235770638181,1.827258939233821e-08,0.01099427810096289,1.2184306606618284e-09
EFT:0.1433807135777398,1.665875949806157e-05,0.35268676015622635,0.13323296878920476,0.018046140650205638,1.8883411324454886e-05,0.34162357706381796,1.8272589392338037e-08,0.010994278100962901,1.2184306606618216e-09
Random126
Raw:0.1433807135777399,1.6658759498061494e-05,0.35268676015622596,0.13323296878920463,0.018046140650205565,1.88834113244549e-05,0.3416235770638185,1.8272589392338083e-08,0.010994278100962864,1.2184306606618114e-09
EFT:0.1433807135777398,1.665875949806157e-05,0.35268676015622635,0.13323296878920476,0.018046140650205638,1.8883411324454886e-05,0.34162357706381796,1.8272589392338037e-08,0.010994278100962896,1.2184306606618216e-09
Random127
Raw:0.1433807135777397,1.665875949806164e-05,0.35268676015622646,0.13323296878920457,0.018046140650205652,1.8883411324454926e-05,0.3416235770638181,1.827258939233811e-08,0.01099427810096291,1.2184306606618261e-09
EFT:0.1433807135777398,1.665875949806157e-05,0.35268676015622635,0.13323296878920476,0.018046140650205638,1.8883411324454886e-05,0.34162357706381796,1.8272589392338037e-08,0.010994278100962896,1.2184306606618216e-09
Random128
Raw:0.14338071357773957,1.6658759498061534e-05,0.35268676015622613,0.13323296878920515,0.018046140650205635,1.8883411324454842e-05,0.3416235770638181,1.8272589392337895e-08,0.01099427810096288,1.2184306606618077e-09
EFT:0.1433807135777398,1.665875949806157e-05,0.35268676015622635,0.13323296878920476,0.018046140650205638,1.8883411324454886e-05,0.34162357706381796,1.8272589392338037e-08,0.010994278100962896,1.2184306606618216e-09
Random129
Raw:0.1433807135777397,1.665875949806146e-05,0.35268676015622646,0.13323296878920493,0.01804614065020562,1.888341132445486e-05,0.3416235770638178,1.8272589392337977e-08,0.010994278100962871,1.2184306606618046e-09
EFT:0.1433807135777398,1.665875949806157e-05,0.35268676015622635,0.13323296878920476,0.018046140650205638,1.8883411324454886e-05,0.34162357706381796,1.8272589392338037e-08,0.010994278100962896,1.2184306606618216e-09
Random130
Raw:0.14338071357773965,1.6658759498061483e-05,0.35268676015622635,0.13323296878920488,0.01804614065020559,1.8883411324454788e-05,0.34162357706381796,1.827258939233784e-08,0.010994278100962877,1.2184306606618042e-09
EFT:0.1433807135777398,1.665875949806157e-05,0.35268676015622635,0.13323296878920476,0.018046140650205638,1.8883411324454886e-05,0.34162357706381796,1.8272589392338037e-08,0.010994278100962896,1.2184306606618216e-09
Random131
Raw:0.1433807135777399,1.6658759498061528e-05,0.35268676015622663,0.13323296878920451,0.018046140650205624,1.888341132445487e-05,0.34162357706381796,1.8272589392337987e-08,0.010994278100962885,1.218430660661818e-09
EFT:0.1433807135777398,1.665875949806157e-05,0.35268676015622635,0.13323296878920476,0.018046140650205638,1.8883411324454886e-05,0.34162357706381796,1.8272589392338037e-08,0.010994278100962901,1.2184306606618216e-09
Random132
Raw:0.14338071357773965,1.6658759498061494e-05,0.35268676015622596,0.13323296878920496,0.01804614065020561,1.8883411324454767e-05,0.3416235770638182,1.8272589392337888e-08,0.010994278100962884,1.218430660661807e-09
EFT:0.1433807135777398,1.665875949806157e-05,0.35268676015622635,0.13323296878920476,0.018046140650205638,1.8883411324454886e-05,0.34162357706381796,1.8272589392338037e-08,0.010994278100962896,1.2184306606618216e-09
Random133
Raw:0.14338071357773974,1.6658759498061446e-05,0.3526867601562262,0.1332329687892047,0.018046140650205565,1.8883411324454845e-05,0.3416235770638184,1.8272589392337964e-08,0.010994278100962882,1.2184306606618036e-09
EFT:0.1433807135777398,1.665875949806157e-05,0.35268676015622635,0.13323296878920476,0.018046140650205638,1.8883411324454886e-05,0.34162357706381796,1.8272589392338037e-08,0.010994278100962901,1.2184306606618216e-09
Random134
Raw:0.14338071357773963,1.6658759498061568e-05,0.35268676015622624,0.13323296878920485,0.018046140650205624,1.888341132445485e-05,0.3416235770638182,1.8272589392337967e-08,0.010994278100962884,1.2184306606618125e-09
EFT:0.1433807135777398,1.665875949806157e-05,0.35268676015622635,0.13323296878920476,0.018046140650205638,1.8883411324454886e-05,0.34162357706381796,1.8272589392338037e-08,0.010994278100962896,1.2184306606618216e-09
Random135
Raw:0.14338071357774,1.6658759498061612e-05,0.3526867601562259,0.13323296878920482,0.018046140650205607,1.888341132445503e-05,0.34162357706381813,1.8272589392338212e-08,0.010994278100962892,1.2184306606618286e-09
EFT:0.1433807135777398,1.665875949806157e-05,0.35268676015622635,0.13323296878920476,0.018046140650205638,1.8883411324454886e-05,0.34162357706381796,1.8272589392338037e-08,0.010994278100962896,1.2184306606618216e-09
Random136
Raw:0.14338071357773982,1.6658759498061456e-05,0.3526867601562264,0.1332329687892048,0.018046140650205593,1.8883411324454855e-05,0.341623577063818,1.827258939233791e-08,0.01099427810096286,1.2184306606618044e-09
EFT:0.1433807135777398,1.665875949806157e-05,0.35268676015622635,0.13323296878920476,0.018046140650205638,1.8883411324454886e-05,0.34162357706381796,1.8272589392338037e-08,0.010994278100962901,1.2184306606618216e-09
Random137
Raw:0.14338071357773965,1.6658759498061673e-05,0.35268676015622596,0.13323296878920496,0.018046140650205666,1.88834113244549e-05,0.3416235770638182,1.8272589392338083e-08,0.010994278100962913,1.2184306606618201e-09
EFT:0.1433807135777398,1.665875949806157e-05,0.35268676015622635,0.13323296878920476,0.018046140650205638,1.8883411324454886e-05,0.34162357706381796,1.8272589392338037e-08,0.010994278100962896,1.2184306606618216e-09
Random138
Raw:0.14338071357773985,1.6658759498061653e-05,0.3526867601562256,0.13323296878920518,0.018046140650205655,1.8883411324454913e-05,0.34162357706381813,1.8272589392338063e-08,0.010994278100962892,1.218430660661823e-09
EFT:0.1433807135777398,1.665875949806157e-05,0.35268676015622635,0.13323296878920476,0.018046140650205638,1.8883411324454886e-05,0.34162357706381796,1.8272589392338037e-08,0.010994278100962896,1.2184306606618216e-09
Random139
Raw:0.1433807135777398,1.6658759498061602e-05,0.35268676015622696,0.13323296878920465,0.018046140650205687,1.8883411324454886e-05,0.34162357706381735,1.8272589392338004e-08,0.010994278100962906,1.2184306606618236e-09
EFT:0.1433807135777398,1.665875949806157e-05,0.35268676015622635,0.13323296878920476,0.018046140650205638,1.8883411324454886e-05,0.34162357706381796,1.8272589392338037e-08,0.010994278100962896,1.2184306606618216e-09
Random140
Raw:0.1433807135777398,1.665875949806157e-05,0.3526867601562263,0.13323296878920485,0.018046140650205635,1.8883411324454882e-05,0.3416235770638179,1.8272589392338033e-08,0.010994278100962885,1.218430660661817e-09
EFT:0.1433807135777398,1.665875949806157e-05,0.35268676015622635,0.13323296878920476,0.018046140650205638,1.8883411324454886e-05,0.34162357706381796,1.8272589392338037e-08,0.010994278100962896,1.2184306606618216e-09
Random141
Raw:0.1433807135777394,1.6658759498061673e-05,0.352686760156226,0.13323296878920451,0.018046140650205638,1.8883411324454937e-05,0.34162357706381885,1.8272589392338278e-08,0.010994278100962936,1.218430660661829e-09
EFT:0.1433807135777398,1.665875949806157e-05,0.35268676015622635,0.13323296878920476,0.018046140650205638,1.8883411324454886e-05,0.34162357706381796,1.8272589392338037e-08,0.010994278100962896,1.2184306606618216e-09
Random142
Raw:0.14338071357773968,1.665875949806162e-05,0.3526867601562261,0.13323296878920501,0.018046140650205624,1.8883411324454974e-05,0.341623577063818,1.827258939233822e-08,0.010994278100962887,1.2184306606618249e-09
EFT:0.1433807135777398,1.665875949806157e-05,0.35268676015622635,0.13323296878920476,0.018046140650205638,1.8883411324454886e-05,0.34162357706381796,1.8272589392338037e-08,0.010994278100962901,1.2184306606618216e-09
Random143
Raw:0.1433807135777396,1.6658759498061473e-05,0.35268676015622674,0.13323296878920504,0.01804614065020564,1.888341132445477e-05,0.34162357706381746,1.82725893923378e-08,0.01099427810096288,1.2184306606618054e-09
EFT:0.1433807135777398,1.665875949806157e-05,0.35268676015622635,0.13323296878920476,0.018046140650205638,1.8883411324454886e-05,0.34162357706381796,1.8272589392338037e-08,0.010994278100962896,1.2184306606618216e-09
Random144
Raw:0.14338071357773968,1.66587594980615e-05,0.3526867601562261,0.13323296878920432,0.01804614065020557,1.888341132445494e-05,0.3416235770638189,1.827258939233822e-08,0.010994278100962887,1.2184306606618205e-09
EFT:0.1433807135777398,1.665875949806157e-05,0.35268676015622635,0.13323296878920476,0.018046140650205638,1.8883411324454886e-05,0.34162357706381796,1.8272589392338037e-08,0.010994278100962896,1.2184306606618216e-09
Random145
Raw:0.14338071357773988,1.6658759498061626e-05,0.3526867601562262,0.1332329687892047,0.018046140650205645,1.8883411324454913e-05,0.34162357706381813,1.827258939233816e-08,0.010994278100962901,1.218430660661821e-09
EFT:0.1433807135777398,1.665875949806157e-05,0.35268676015622635,0.13323296878920476,0.018046140650205638,1.8883411324454886e-05,0.34162357706381796,1.8272589392338037e-08,0.010994278100962896,1.2184306606618216e-09
Random146
Raw:0.14338071357773996,1.6658759498061558e-05,0.3526867601562261,0.13323296878920465,0.01804614065020561,1.8883411324454906e-05,0.3416235770638183,1.8272589392338024e-08,0.010994278100962878,1.2184306606618162e-09
EFT:0.1433807135777398,1.665875949806157e-05,0.35268676015622635,0.13323296878920476,0.018046140650205638,1.8883411324454886e-05,0.34162357706381796,1.8272589392338037e-08,0.010994278100962901,1.2184306606618216e-09
Random147
Raw:0.14338071357773968,1.6658759498061575e-05,0.3526867601562264,0.1332329687892048,0.01804614065020564,1.8883411324454855e-05,0.341623577063818,1.8272589392338106e-08,0.010994278100962897,1.2184306606618218e-09
EFT:0.1433807135777398,1.665875949806157e-05,0.35268676015622635,0.13323296878920476,0.018046140650205638,1.8883411324454886e-05,0.34162357706381796,1.8272589392338037e-08,0.010994278100962901,1.2184306606618216e-09
Random148
Raw:0.14338071357773974,1.665875949806152e-05,0.35268676015622585,0.13323296878920457,0.018046140650205603,1.8883411324454828e-05,0.34162357706381874,1.827258939233801e-08,0.01099427810096289,1.2184306606618154e-09
EFT:0.1433807135777398,1.665875949806157e-05,0.35268676015622635,0.13323296878920476,0.018046140650205638,1.8883411324454886e-05,0.34162357706381796,1.8272589392338037e-08,0.010994278100962901,1.2184306606618216e-09
Random149
Raw:0.14338071357773985,1.665875949806161e-05,0.35268676015622646,0.1332329687892048,0.018046140650205652,1.8883411324454893e-05,0.3416235770638178,1.8272589392338043e-08,0.01099427810096288,1.218430660661822e-09
EFT:0.1433807135777398,1.665875949806157e-05,0.35268676015622635,0.13323296878920476,0.018046140650205638,1.8883411324454886e-05,0.34162357706381796,1.8272589392338037e-08,0.010994278100962896,1.2184306606618216e-09
Random150
Raw:0.14338071357773982,1.665875949806165e-05,0.3526867601562261,0.1332329687892049,0.018046140650205666,1.888341132445494e-05,0.341623577063818,1.827258939233822e-08,0.010994278100962897,1.2184306606618249e-09
EFT:0.1433807135777398,1.665875949806157e-05,0.35268676015622635,0.13323296878920476,0.018046140650205638,1.8883411324454886e-05,0.34162357706381796,1.8272589392338037e-08,0.010994278100962901,1.2184306606618216e-09
Random151
Raw:0.14338071357773985,1.665875949806158e-05,0.35268676015622646,0.13323296878920468,0.018046140650205628,1.8883411324454926e-05,0.3416235770638178,1.8272589392338043e-08,0.01099427810096289,1.2184306606618174e-09
EFT:0.1433807135777398,1.665875949806157e-05,0.35268676015622635,0.13323296878920476,0.018046140650205638,1.8883411324454886e-05,0.34162357706381796,1.8272589392338037e-08,0.010994278100962896,1.2184306606618216e-09
Random152
Raw:0.14338071357773982,1.6658759498061707e-05,0.3526867601562261,0.13323296878920465,0.018046140650205673,1.888341132445494e-05,0.3416235770638183,1.827258939233822e-08,0.010994278100962917,1.2184306606618292e-09
EFT:0.1433807135777398,1.665875949806157e-05,0.35268676015622635,0.13323296878920476,0.018046140650205638,1.8883411324454886e-05,0.34162357706381796,1.8272589392338037e-08,0.010994278100962901,1.2184306606618216e-09
Random153
Raw:0.14338071357773965,1.6658759498061524e-05,0.35268676015622596,0.13323296878920496,0.018046140650205617,1.888341132445483e-05,0.3416235770638182,1.827258939233795e-08,0.010994278100962875,1.218430660661807e-09
EFT:0.1433807135777398,1.665875949806157e-05,0.35268676015622635,0.13323296878920476,0.018046140650205638,1.8883411324454886e-05,0.34162357706381796,1.8272589392338037e-08,0.010994278100962896,1.2184306606618216e-09
Random154
Raw:0.14338071357773968,1.6658759498061558e-05,0.352686760156226,0.13323296878920488,0.018046140650205638,1.8883411324454767e-05,0.34162357706381824,1.8272589392337954e-08,0.010994278100962885,1.2184306606618073e-09
EFT:0.1433807135777398,1.665875949806157e-05,0.35268676015622635,0.13323296878920476,0.018046140650205638,1.8883411324454886e-05,0.34162357706381796,1.8272589392338037e-08,0.010994278100962896,1.2184306606618216e-09
Random155
Raw:0.1433807135777398,1.6658759498061643e-05,0.35268676015622596,0.1332329687892052,0.018046140650205666,1.888341132445483e-05,0.3416235770638179,1.8272589392337888e-08,0.010994278100962884,1.2184306606618158e-09
EFT:0.1433807135777398,1.665875949806157e-05,0.35268676015622635,0.13323296878920476,0.018046140650205638,1.8883411324454886e-05,0.34162357706381796,1.8272589392338037e-08,0.010994278100962896,1.2184306606618216e-09
Random156
Raw:0.14338071357773957,1.6658759498061636e-05,0.3526867601562264,0.13323296878920454,0.01804614065020564,1.8883411324454923e-05,0.34162357706381835,1.8272589392338172e-08,0.010994278100962908,1.218430660661826e-09
EFT:0.1433807135777398,1.665875949806157e-05,0.35268676015622635,0.13323296878920476,0.018046140650205638,1.8883411324454886e-05,0.34162357706381796,1.8272589392338037e-08,0.010994278100962896,1.2184306606618216e-09
Random157
Raw:0.14338071357773974,1.6658759498061626e-05,0.3526867601562262,0.13323296878920482,0.018046140650205652,1.8883411324454913e-05,0.34162357706381813,1.8272589392338093e-08,0.010994278100962901,1.218430660661821e-09
EFT:0.1433807135777398,1.665875949806157e-05,0.35268676015622635,0.13323296878920476,0.018046140650205638,1.8883411324454886e-05,0.34162357706381796,1.8272589392338037e-08,0.010994278100962896,1.2184306606618216e-09
Random158
Raw:0.1433807135777399,1.6658759498061568e-05,0.35268676015622624,0.13323296878920485,0.018046140650205624,1.8883411324454913e-05,0.34162357706381785,1.8272589392337967e-08,0.010994278100962892,1.2184306606618168e-09
EFT:0.1433807135777398,1.665875949806157e-05,0.35268676015622635,0.13323296878920476,0.018046140650205638,1.8883411324454886e-05,0.34162357706381796,1.8272589392338037e-08,0.010994278100962896,1.2184306606618216e-09
Random159
Raw:0.14338071357773977,1.665875949806155e-05,0.3526867601562259,0.13323296878920507,0.018046140650205614,1.8883411324454896e-05,0.34162357706381813,1.827258939233808e-08,0.010994278100962873,1.2184306606618156e-09
EFT:0.1433807135777398,1.665875949806157e-05,0.35268676015622635,0.13323296878920476,0.018046140650205638,1.8883411324454886e-05,0.34162357706381796,1.8272589392338037e-08,0.010994278100962901,1.2184306606618216e-09
Random160
Raw:0.14338071357774002,1.6658759498061538e-05,0.35268676015622624,0.13323296878920485,0.018046140650205603,1.8883411324454882e-05,0.34162357706381785,1.8272589392337967e-08,0.010994278100962884,1.2184306606618125e-09
EFT:0.1433807135777398,1.665875949806157e-05,0.35268676015622635,0.13323296878920476,0.018046140650205638,1.8883411324454886e-05,0.34162357706381796,1.8272589392338037e-08,0.010994278100962896,1.2184306606618216e-09
Random161
Raw:0.1433807135777397,1.6658759498061534e-05,0.35268676015622613,0.1332329687892049,0.01804614065020561,1.888341132445491e-05,0.3416235770638181,1.8272589392338027e-08,0.01099427810096288,1.2184306606618164e-09
EFT:0.1433807135777398,1.665875949806157e-05,0.35268676015622635,0.13323296878920476,0.018046140650205638,1.8883411324454886e-05,0.34162357706381796,1.8272589392338037e-08,0.010994278100962901,1.2184306606618216e-09
Random162
Raw:0.14338071357773985,1.6658759498061504e-05,0.35268676015622613,0.1332329687892048,0.01804614065020561,1.8883411324454842e-05,0.3416235770638181,1.8272589392337895e-08,0.010994278100962889,1.218430660661812e-09
EFT:0.1433807135777398,1.665875949806157e-05,0.35268676015622635,0.13323296878920476,0.018046140650205638,1.8883411324454886e-05,0.34162357706381796,1.8272589392338037e-08,0.010994278100962896,1.2184306606618216e-09
Random163
Raw:0.14338071357773968,1.6658759498061528e-05,0.3526867601562267,0.13323296878920501,0.01804614065020568,1.8883411324454737e-05,0.3416235770638174,1.827258939233773e-08,0.010994278100962897,1.2184306606618052e-09
EFT:0.1433807135777398,1.665875949806157e-05,0.35268676015622635,0.13323296878920476,0.018046140650205638,1.8883411324454886e-05,0.34162357706381796,1.8272589392338037e-08,0.010994278100962901,1.2184306606618216e-09
Random164
Raw:0.1433807135777399,1.6658759498061507e-05,0.35268676015622624,0.13323296878920485,0.018046140650205624,1.888341132445478e-05,0.34162357706381785,1.8272589392337835e-08,0.010994278100962873,1.2184306606618038e-09
EFT:0.1433807135777398,1.665875949806157e-05,0.35268676015622635,0.13323296878920476,0.018046140650205638,1.8883411324454886e-05,0.34162357706381796,1.8272589392338037e-08,0.010994278100962896,1.2184306606618216e-09
Random165
Raw:0.14338071357773985,1.665875949806158e-05,0.35268676015622646,0.13323296878920468,0.01804614065020562,1.8883411324454926e-05,0.3416235770638178,1.827258939233811e-08,0.0109942781009629,1.218430660661822e-09
EFT:0.1433807135777398,1.665875949806157e-05,0.35268676015622635,0.13323296878920476,0.018046140650205638,1.8883411324454886e-05,0.34162357706381796,1.8272589392338037e-08,0.010994278100962896,1.2184306606618216e-09
Random166
Raw:0.14338071357773988,1.6658759498061626e-05,0.3526867601562262,0.1332329687892047,0.018046140650205652,1.8883411324454913e-05,0.34162357706381813,1.8272589392338093e-08,0.010994278100962901,1.218430660661821e-09
EFT:0.1433807135777398,1.665875949806157e-05,0.35268676015622635,0.13323296878920476,0.018046140650205638,1.8883411324454886e-05,0.34162357706381796,1.8272589392338037e-08,0.010994278100962896,1.2184306606618216e-09
Random167
Raw:0.14338071357773968,1.6658759498061636e-05,0.3526867601562264,0.1332329687892048,0.018046140650205666,1.8883411324454923e-05,0.341623577063818,1.8272589392338106e-08,0.010994278100962897,1.218430660661826e-09
EFT:0.1433807135777398,1.665875949806157e-05,0.35268676015622635,0.13323296878920476,0.018046140650205638,1.8883411324454886e-05,0.34162357706381796,1.8272589392338037e-08,0.010994278100962896,1.2184306606618216e-09
Random168
Raw:0.14338071357773977,1.665875949806155e-05,0.3526867601562259,0.13323296878920496,0.018046140650205638,1.8883411324454896e-05,0.34162357706381813,1.8272589392338014e-08,0.010994278100962892,1.2184306606618112e-09
EFT:0.1433807135777398,1.665875949806157e-05,0.35268676015622635,0.13323296878920476,0.018046140650205638,1.8883411324454886e-05,0.34162357706381796,1.8272589392338037e-08,0.010994278100962896,1.2184306606618216e-09
Random169
Raw:0.1433807135777397,1.6658759498061622e-05,0.35268676015622613,0.1332329687892049,0.01804614065020567,1.8883411324454842e-05,0.3416235770638181,1.8272589392338027e-08,0.0109942781009629,1.2184306606618164e-09
EFT:0.1433807135777398,1.665875949806157e-05,0.35268676015622635,0.13323296878920476,0.018046140650205638,1.8883411324454886e-05,0.34162357706381796,1.8272589392338037e-08,0.010994278100962896,1.2184306606618216e-09
Random170
Raw:0.14338071357774007,1.6658759498061382e-05,0.3526867601562261,0.13323296878920443,0.01804614065020555,1.888341132445484e-05,0.3416235770638183,1.827258939233789e-08,0.01099427810096286,1.2184306606618032e-09
EFT:0.1433807135777398,1.665875949806157e-05,0.35268676015622635,0.13323296878920476,0.018046140650205638,1.8883411324454886e-05,0.34162357706381796,1.8272589392338037e-08,0.010994278100962896,1.2184306606618216e-09
Random171
Raw:0.14338071357773968,1.6658759498061456e-05,0.3526867601562264,0.1332329687892048,0.018046140650205586,1.8883411324454855e-05,0.341623577063818,1.827258939233791e-08,0.010994278100962878,1.2184306606618044e-09
EFT:0.1433807135777398,1.665875949806157e-05,0.35268676015622635,0.13323296878920476,0.018046140650205638,1.8883411324454886e-05,0.34162357706381796,1.8272589392338037e-08,0.010994278100962896,1.2184306606618216e-09
Random172
Raw:0.1433807135777398,1.665875949806166e-05,0.3526867601562263,0.13323296878920485,0.01804614065020566,1.8883411324454916e-05,0.3416235770638179,1.8272589392338166e-08,0.010994278100962904,1.2184306606618255e-09
EFT:0.1433807135777398,1.665875949806157e-05,0.35268676015622635,0.13323296878920476,0.018046140650205638,1.8883411324454886e-05,0.34162357706381796,1.8272589392338037e-08,0.010994278100962896,1.2184306606618216e-09
Random173
Raw:0.14338071357773982,1.66587594980615e-05,0.3526867601562261,0.1332329687892049,0.01804614065020561,1.888341132445484e-05,0.341623577063818,1.8272589392337957e-08,0.010994278100962878,1.2184306606618118e-09
EFT:0.1433807135777398,1.665875949806157e-05,0.35268676015622635,0.13323296878920476,0.018046140650205638,1.8883411324454886e-05,0.34162357706381796,1.8272589392338037e-08,0.010994278100962896,1.2184306606618216e-09
Random174
Raw:0.1433807135777398,1.6658759498061673e-05,0.352686760156226,0.1332329687892051,0.01804614065020568,1.8883411324454903e-05,0.34162357706381796,1.8272589392338086e-08,0.010994278100962896,1.2184306606618247e-09
EFT:0.1433807135777398,1.665875949806157e-05,0.35268676015622635,0.13323296878920476,0.018046140650205638,1.8883411324454886e-05,0.34162357706381796,1.8272589392338037e-08,0.010994278100962901,1.2184306606618216e-09
Random175
Raw:0.14338071357773993,1.6658759498061602e-05,0.35268676015622574,0.13323296878920488,0.018046140650205576,1.888341132445492e-05,0.3416235770638183,1.827258939233807e-08,0.010994278100962878,1.2184306606618195e-09
EFT:0.1433807135777398,1.665875949806157e-05,0.35268676015622635,0.13323296878920476,0.018046140650205638,1.8883411324454886e-05,0.34162357706381796,1.8272589392338037e-08,0.010994278100962896,1.2184306606618216e-09
Random176
Raw:0.14338071357773965,1.6658759498061483e-05,0.35268676015622635,0.13323296878920513,0.018046140650205617,1.8883411324454788e-05,0.3416235770638177,1.827258939233784e-08,0.010994278100962868,1.2184306606618042e-09
EFT:0.1433807135777398,1.665875949806157e-05,0.35268676015622635,0.13323296878920476,0.018046140650205638,1.8883411324454886e-05,0.34162357706381796,1.8272589392338037e-08,0.010994278100962901,1.2184306606618216e-09
Random177
Raw:0.14338071357773974,1.6658759498061548e-05,0.35268676015622585,0.13323296878920482,0.01804614065020559,1.888341132445486e-05,0.3416235770638184,1.8272589392338077e-08,0.010994278100962901,1.2184306606618154e-09
EFT:0.1433807135777398,1.665875949806157e-05,0.35268676015622635,0.13323296878920476,0.018046140650205638,1.8883411324454886e-05,0.34162357706381796,1.8272589392338037e-08,0.010994278100962896,1.2184306606618216e-09
Random178
Raw:0.14338071357773974,1.665875949806164e-05,0.3526867601562265,0.13323296878920482,0.018046140650205687,1.8883411324454964e-05,0.34162357706381785,1.8272589392338113e-08,0.010994278100962901,1.2184306606618263e-09
EFT:0.1433807135777398,1.665875949806157e-05,0.35268676015622635,0.13323296878920476,0.018046140650205638,1.8883411324454886e-05,0.34162357706381796,1.8272589392338037e-08,0.010994278100962896,1.2184306606618216e-09
Random179
Raw:0.1433807135777398,1.665875949806154e-05,0.3526867601562263,0.13323296878920463,0.018046140650205607,1.8883411324454852e-05,0.34162357706381824,1.827258939233797e-08,0.010994278100962885,1.2184306606618127e-09
EFT:0.1433807135777398,1.665875949806157e-05,0.35268676015622635,0.13323296878920476,0.018046140650205638,1.8883411324454886e-05,0.34162357706381796,1.8272589392338037e-08,0.010994278100962896,1.2184306606618216e-09
Random180
Raw:0.1433807135777399,1.6658759498061568e-05,0.35268676015622624,0.13323296878920485,0.01804614065020564,1.888341132445485e-05,0.34162357706381785,1.8272589392337967e-08,0.010994278100962884,1.2184306606618125e-09
EFT:0.1433807135777398,1.665875949806157e-05,0.35268676015622635,0.13323296878920476,0.018046140650205638,1.8883411324454886e-05,0.34162357706381796,1.8272589392338037e-08,0.010994278100962896,1.2184306606618216e-09
Random181
Raw:0.14338071357773977,1.6658759498061643e-05,0.3526867601562266,0.13323296878920463,0.018046140650205673,1.8883411324454998e-05,0.3416235770638179,1.827258939233818e-08,0.010994278100962894,1.2184306606618309e-09
EFT:0.1433807135777398,1.665875949806157e-05,0.35268676015622635,0.13323296878920476,0.018046140650205638,1.8883411324454886e-05,0.34162357706381796,1.8272589392338037e-08,0.010994278100962896,1.2184306606618216e-09
Random182
Raw:0.1433807135777398,1.6658759498061453e-05,0.35268676015622635,0.13323296878920488,0.0180461406502056,1.8883411324454788e-05,0.34162357706381796,1.8272589392337908e-08,0.010994278100962877,1.2184306606618042e-09
EFT:0.1433807135777398,1.665875949806157e-05,0.35268676015622635,0.13323296878920476,0.018046140650205638,1.8883411324454886e-05,0.34162357706381796,1.8272589392338037e-08,0.010994278100962896,1.2184306606618216e-09
Random183
Raw:0.14338071357773974,1.6658759498061565e-05,0.3526867601562262,0.13323296878920518,0.01804614065020567,1.888341132445474e-05,0.34162357706381785,1.8272589392337832e-08,0.01099427810096289,1.2184306606618036e-09
EFT:0.1433807135777398,1.665875949806157e-05,0.35268676015622635,0.13323296878920476,0.018046140650205638,1.8883411324454886e-05,0.34162357706381796,1.8272589392338037e-08,0.010994278100962896,1.2184306606618216e-09
Random184
Raw:0.14338071357773996,1.6658759498061592e-05,0.3526867601562261,0.1332329687892049,0.018046140650205635,1.8883411324454906e-05,0.341623577063818,1.827258939233809e-08,0.010994278100962897,1.2184306606618205e-09
EFT:0.1433807135777398,1.665875949806157e-05,0.35268676015622635,0.13323296878920476,0.018046140650205638,1.8883411324454886e-05,0.34162357706381796,1.8272589392338037e-08,0.010994278100962896,1.2184306606618216e-09
Random185
Raw:0.14338071357773977,1.6658759498061507e-05,0.35268676015622624,0.1332329687892046,0.01804614065020563,1.888341132445485e-05,0.3416235770638182,1.8272589392337967e-08,0.010994278100962892,1.2184306606618125e-09
EFT:0.1433807135777398,1.665875949806157e-05,0.35268676015622635,0.13323296878920476,0.018046140650205638,1.8883411324454886e-05,0.34162357706381796,1.8272589392338037e-08,0.010994278100962896,1.2184306606618216e-09
Random186
Raw:0.1433807135777397,1.6658759498061517e-05,0.35268676015622646,0.13323296878920493,0.018046140650205645,1.888341132445479e-05,0.3416235770638178,1.8272589392337848e-08,0.01099427810096288,1.2184306606618046e-09
EFT:0.1433807135777398,1.665875949806157e-05,0.35268676015622635,0.13323296878920476,0.018046140650205638,1.8883411324454886e-05,0.34162357706381796,1.8272589392338037e-08,0.010994278100962896,1.2184306606618216e-09
Random187
Raw:0.14338071357773965,1.6658759498061494e-05,0.35268676015622596,0.13323296878920474,0.018046140650205617,1.888341132445483e-05,0.3416235770638185,1.827258939233795e-08,0.010994278100962884,1.2184306606618114e-09
EFT:0.1433807135777398,1.665875949806157e-05,0.35268676015622635,0.13323296878920476,0.018046140650205638,1.8883411324454886e-05,0.34162357706381796,1.8272589392338037e-08,0.010994278100962896,1.2184306606618216e-09
Random188
Raw:0.14338071357773974,1.6658759498061538e-05,0.3526867601562262,0.13323296878920518,0.018046140650205662,1.8883411324454777e-05,0.34162357706381785,1.8272589392337832e-08,0.010994278100962871,1.2184306606618123e-09
EFT:0.1433807135777398,1.665875949806157e-05,0.35268676015622635,0.13323296878920476,0.018046140650205638,1.8883411324454886e-05,0.34162357706381796,1.8272589392338037e-08,0.010994278100962901,1.2184306606618216e-09
Random189
Raw:0.14338071357773977,1.6658759498061494e-05,0.3526867601562259,0.13323296878920507,0.0180461406502056,1.8883411324454828e-05,0.34162357706381813,1.8272589392337885e-08,0.010994278100962863,1.218430660661807e-09
EFT:0.1433807135777398,1.665875949806157e-05,0.35268676015622635,0.13323296878920476,0.018046140650205638,1.8883411324454886e-05,0.34162357706381796,1.8272589392338037e-08,0.010994278100962896,1.2184306606618216e-09
Random190
Raw:0.14338071357773965,1.6658759498061633e-05,0.35268676015622635,0.13323296878920488,0.018046140650205687,1.888341132445492e-05,0.34162357706381796,1.827258939233817e-08,0.010994278100962917,1.2184306606618257e-09
EFT:0.1433807135777398,1.665875949806157e-05,0.35268676015622635,0.13323296878920476,0.018046140650205638,1.8883411324454886e-05,0.34162357706381796,1.8272589392338037e-08,0.010994278100962896,1.2184306606618216e-09
Random191
Raw:0.14338071357773968,1.6658759498061497e-05,0.352686760156226,0.13323296878920488,0.0180461406502056,1.8883411324454835e-05,0.34162357706381824,1.827258939233789e-08,0.010994278100962877,1.2184306606618073e-09
EFT:0.1433807135777398,1.665875949806157e-05,0.35268676015622635,0.13323296878920476,0.018046140650205638,1.8883411324454886e-05,0.34162357706381796,1.8272589392338037e-08,0.010994278100962896,1.2184306606618216e-09
Random192
Raw:0.1433807135777398,1.6658759498061524e-05,0.35268676015622596,0.1332329687892051,0.01804614065020558,1.88834113244549e-05,0.3416235770638182,1.827258939233795e-08,0.010994278100962875,1.2184306606618114e-09
EFT:0.1433807135777398,1.665875949806157e-05,0.35268676015622635,0.13323296878920476,0.018046140650205638,1.8883411324454886e-05,0.34162357706381796,1.8272589392338037e-08,0.010994278100962896,1.2184306606618216e-09
Random193
Raw:0.14338071357773965,1.665875949806151e-05,0.3526867601562263,0.13323296878920474,0.018046140650205628,1.8883411324454852e-05,0.34162357706381824,1.827258939233797e-08,0.010994278100962885,1.2184306606618127e-09
EFT:0.1433807135777398,1.665875949806157e-05,0.35268676015622635,0.13323296878920476,0.018046140650205638,1.8883411324454886e-05,0.34162357706381796,1.8272589392338037e-08,0.010994278100962896,1.2184306606618216e-09
Random194
Raw:0.14338071357773977,1.6658759498061612e-05,0.3526867601562259,0.1332329687892047,0.018046140650205614,1.8883411324454964e-05,0.34162357706381846,1.8272589392338275e-08,0.010994278100962903,1.2184306606618243e-09
EFT:0.1433807135777398,1.665875949806157e-05,0.35268676015622635,0.13323296878920476,0.018046140650205638,1.8883411324454886e-05,0.34162357706381796,1.8272589392338037e-08,0.010994278100962896,1.2184306606618216e-09
Random195
Raw:0.1433807135777398,1.6658759498061497e-05,0.352686760156226,0.13323296878920463,0.018046140650205593,1.8883411324454903e-05,0.3416235770638186,1.827258939233802e-08,0.010994278100962877,1.2184306606618116e-09
EFT:0.1433807135777398,1.665875949806157e-05,0.35268676015622635,0.13323296878920476,0.018046140650205638,1.8883411324454886e-05,0.34162357706381796,1.8272589392338037e-08,0.010994278100962896,1.2184306606618216e-09
Random196
Raw:0.14338071357773977,1.6658759498061555e-05,0.3526867601562266,0.13323296878920438,0.01804614065020564,1.88834113244549e-05,0.3416235770638182,1.827258939233805e-08,0.010994278100962903,1.2184306606618178e-09
EFT:0.1433807135777398,1.665875949806157e-05,0.35268676015622635,0.13323296878920476,0.018046140650205638,1.8883411324454886e-05,0.34162357706381796,1.8272589392338037e-08,0.010994278100962896,1.2184306606618216e-09
Random197
Raw:0.14338071357773954,1.665875949806162e-05,0.3526867601562261,0.1332329687892049,0.01804614065020566,1.8883411324454872e-05,0.3416235770638183,1.827258939233809e-08,0.010994278100962908,1.2184306606618205e-09
EFT:0.1433807135777398,1.665875949806157e-05,0.35268676015622635,0.13323296878920476,0.018046140650205638,1.8883411324454886e-05,0.34162357706381796,1.8272589392338037e-08,0.010994278100962896,1.2184306606618216e-09
Random198
Raw:0.1433807135777397,1.6658759498061605e-05,0.3526867601562258,0.13323296878920468,0.018046140650205628,1.8883411324454957e-05,0.3416235770638187,1.8272589392338206e-08,0.0109942781009629,1.2184306606618238e-09
EFT:0.1433807135777398,1.665875949806157e-05,0.35268676015622635,0.13323296878920476,0.018046140650205638,1.8883411324454886e-05,0.34162357706381796,1.8272589392338037e-08,0.010994278100962896,1.2184306606618216e-09
Random199
Raw:0.14338071357773968,1.6658759498061558e-05,0.3526867601562261,0.13323296878920501,0.018046140650205624,1.8883411324454906e-05,0.341623577063818,1.827258939233809e-08,0.010994278100962878,1.2184306606618162e-09
EFT:0.1433807135777398,1.665875949806157e-05,0.35268676015622635,0.13323296878920476,0.018046140650205638,1.8883411324454886e-05,0.34162357706381796,1.8272589392338037e-08,0.010994278100962896,1.2184306606618216e-09
Random200
Raw:0.14338071357774,1.6658759498061697e-05,0.35268676015622585,0.13323296878920468,0.018046140650205655,1.888341132445496e-05,0.3416235770638184,1.827258939233821e-08,0.010994278100962901,1.2184306606618284e-09
EFT:0.1433807135777398,1.665875949806157e-05,0.35268676015622635,0.13323296878920476,0.018046140650205638,1.8883411324454886e-05,0.34162357706381796,1.8272589392338037e-08,0.010994278100962896,1.2184306606618216e-09
Random201
Raw:0.1433807135777399,1.6658759498061673e-05,0.35268676015622596,0.13323296878920485,0.018046140650205628,1.8883411324455035e-05,0.3416235770638182,1.8272589392338212e-08,0.010994278100962894,1.2184306606618288e-09
EFT:0.1433807135777398,1.665875949806157e-05,0.35268676015622635,0.13323296878920476,0.018046140650205638,1.8883411324454886e-05,0.34162357706381796,1.8272589392338037e-08,0.010994278100962896,1.2184306606618216e-09
Random202
Raw:0.14338071357773974,1.6658759498061653e-05,0.3526867601562256,0.13323296878920507,0.01804614065020565,1.8883411324454913e-05,0.34162357706381846,1.8272589392338192e-08,0.010994278100962911,1.2184306606618274e-09
EFT:0.1433807135777398,1.665875949806157e-05,0.35268676015622635,0.13323296878920476,0.018046140650205638,1.8883411324454886e-05,0.34162357706381796,1.8272589392338037e-08,0.010994278100962901,1.2184306606618216e-09
Random203
Raw:0.1433807135777397,1.6658759498061622e-05,0.35268676015622613,0.13323296878920468,0.018046140650205617,1.8883411324454974e-05,0.34162357706381835,1.8272589392338285e-08,0.010994278100962889,1.2184306606618294e-09
EFT:0.1433807135777398,1.665875949806157e-05,0.35268676015622635,0.13323296878920476,0.018046140650205638,1.8883411324454886e-05,0.34162357706381796,1.8272589392338037e-08,0.010994278100962896,1.2184306606618216e-09
Random204
Raw:0.1433807135777397,1.6658759498061548e-05,0.3526867601562258,0.1332329687892049,0.018046140650205593,1.888341132445489e-05,0.34162357706381835,1.8272589392338073e-08,0.01099427810096287,1.2184306606618152e-09
EFT:0.1433807135777398,1.665875949806157e-05,0.35268676015622635,0.13323296878920476,0.018046140650205638,1.8883411324454886e-05,0.34162357706381796,1.8272589392338037e-08,0.010994278100962901,1.2184306606618216e-09
Random205
Raw:0.1433807135777398,1.665875949806163e-05,0.3526867601562263,0.13323296878920485,0.01804614065020567,1.8883411324454916e-05,0.3416235770638179,1.8272589392338166e-08,0.010994278100962904,1.2184306606618214e-09
EFT:0.1433807135777398,1.665875949806157e-05,0.35268676015622635,0.13323296878920476,0.018046140650205638,1.8883411324454886e-05,0.34162357706381796,1.8272589392338037e-08,0.010994278100962896,1.2184306606618216e-09
Random206
Raw:0.14338071357773974,1.665875949806152e-05,0.35268676015622585,0.13323296878920482,0.018046140650205596,1.8883411324454828e-05,0.3416235770638184,1.8272589392337947e-08,0.010994278100962871,1.218430660661811e-09
EFT:0.1433807135777398,1.665875949806157e-05,0.35268676015622635,0.13323296878920476,0.018046140650205638,1.8883411324454886e-05,0.34162357706381796,1.8272589392338037e-08,0.010994278100962896,1.2184306606618216e-09
Random207
Raw:0.14338071357773954,1.6658759498061528e-05,0.35268676015622663,0.13323296878920476,0.01804614065020563,1.88834113244548e-05,0.34162357706381796,1.827258939233792e-08,0.010994278100962885,1.2184306606618137e-09
EFT:0.1433807135777398,1.665875949806157e-05,0.35268676015622635,0.13323296878920476,0.018046140650205638,1.8883411324454886e-05,0.34162357706381796,1.8272589392338037e-08,0.010994278100962896,1.2184306606618216e-09
Random208
Raw:0.14338071357773974,1.6658759498061595e-05,0.3526867601562262,0.13323296878920482,0.018046140650205628,1.8883411324454913e-05,0.34162357706381813,1.8272589392338093e-08,0.01099427810096289,1.218430660661821e-09
EFT:0.1433807135777398,1.665875949806157e-05,0.35268676015622635,0.13323296878920476,0.018046140650205638,1.8883411324454886e-05,0.34162357706381796,1.8272589392338037e-08,0.010994278100962901,1.2184306606618216e-09
Random209
Raw:0.14338071357773968,1.66587594980615e-05,0.3526867601562261,0.13323296878920454,0.018046140650205586,1.888341132445484e-05,0.34162357706381863,1.8272589392338024e-08,0.010994278100962878,1.2184306606618118e-09
EFT:0.1433807135777398,1.665875949806157e-05,0.35268676015622635,0.13323296878920476,0.018046140650205638,1.8883411324454886e-05,0.34162357706381796,1.8272589392338037e-08,0.010994278100962896,1.2184306606618216e-09
Random210
Raw:0.14338071357773963,1.665875949806148e-05,0.35268676015622624,0.13323296878920485,0.01804614065020561,1.888341132445485e-05,0.3416235770638182,1.82725893923379e-08,0.010994278100962864,1.2184306606618038e-09
EFT:0.1433807135777398,1.665875949806157e-05,0.35268676015622635,0.13323296878920476,0.018046140650205638,1.8883411324454886e-05,0.34162357706381796,1.8272589392338037e-08,0.010994278100962896,1.2184306606618216e-09
Random211
Raw:0.1433807135777398,1.6658759498061643e-05,0.35268676015622596,0.13323296878920485,0.01804614065020564,1.8883411324454933e-05,0.3416235770638182,1.827258939233815e-08,0.010994278100962884,1.2184306606618245e-09
EFT:0.1433807135777398,1.665875949806157e-05,0.35268676015622635,0.13323296878920476,0.018046140650205638,1.8883411324454886e-05,0.34162357706381796,1.8272589392338037e-08,0.010994278100962901,1.2184306606618216e-09
Random212
Raw:0.14338071357773938,1.6658759498061524e-05,0.3526867601562266,0.1332329687892045,0.018046140650205635,1.8883411324454798e-05,0.3416235770638185,1.8272589392337984e-08,0.010994278100962894,1.2184306606618135e-09
EFT:0.1433807135777398,1.665875949806157e-05,0.35268676015622635,0.13323296878920476,0.018046140650205638,1.8883411324454886e-05,0.34162357706381796,1.8272589392338037e-08,0.010994278100962896,1.2184306606618216e-09
Random213
Raw:0.14338071357773974,1.6658759498061446e-05,0.3526867601562262,0.13323296878920457,0.018046140650205565,1.888341132445488e-05,0.3416235770638184,1.827258939233803e-08,0.010994278100962882,1.2184306606618123e-09
EFT:0.1433807135777398,1.665875949806157e-05,0.35268676015622635,0.13323296878920476,0.018046140650205638,1.8883411324454886e-05,0.34162357706381796,1.8272589392338037e-08,0.010994278100962901,1.2184306606618216e-09
Random214
Raw:0.14338071357773988,1.6658759498061565e-05,0.3526867601562262,0.1332329687892047,0.018046140650205614,1.8883411324454913e-05,0.34162357706381813,1.827258939233803e-08,0.010994278100962882,1.2184306606618166e-09
EFT:0.1433807135777398,1.665875949806157e-05,0.35268676015622635,0.13323296878920476,0.018046140650205638,1.8883411324454886e-05,0.34162357706381796,1.8272589392338037e-08,0.010994278100962896,1.2184306606618216e-09
Random215
Raw:0.14338071357773993,1.6658759498061602e-05,0.3526867601562263,0.13323296878920474,0.018046140650205645,1.8883411324454916e-05,0.3416235770638179,1.82725893923381e-08,0.010994278100962894,1.2184306606618214e-09
EFT:0.1433807135777398,1.665875949806157e-05,0.35268676015622635,0.13323296878920476,0.018046140650205638,1.8883411324454886e-05,0.34162357706381796,1.8272589392338037e-08,0.010994278100962896,1.2184306606618216e-09
Random216
Raw:0.14338071357773982,1.665875949806153e-05,0.3526867601562261,0.13323296878920476,0.018046140650205576,1.8883411324454906e-05,0.3416235770638183,1.827258939233809e-08,0.010994278100962878,1.2184306606618205e-09
EFT:0.1433807135777398,1.665875949806157e-05,0.35268676015622635,0.13323296878920476,0.018046140650205638,1.8883411324454886e-05,0.34162357706381796,1.8272589392338037e-08,0.010994278100962901,1.2184306606618216e-09
Random217
Raw:0.14338071357773968,1.6658759498061558e-05,0.352686760156226,0.13323296878920524,0.018046140650205638,1.888341132445487e-05,0.34162357706381796,1.8272589392337954e-08,0.010994278100962885,1.2184306606618116e-09
EFT:0.1433807135777398,1.665875949806157e-05,0.35268676015622635,0.13323296878920476,0.018046140650205638,1.8883411324454886e-05,0.34162357706381796,1.8272589392338037e-08,0.010994278100962901,1.2184306606618216e-09
Random218
Raw:0.1433807135777397,1.6658759498061416e-05,0.35268676015622613,0.13323296878920443,0.018046140650205537,1.8883411324454842e-05,0.3416235770638187,1.827258939233796e-08,0.01099427810096287,1.2184306606618034e-09
EFT:0.1433807135777398,1.665875949806157e-05,0.35268676015622635,0.13323296878920476,0.018046140650205638,1.8883411324454886e-05,0.34162357706381796,1.8272589392338037e-08,0.010994278100962901,1.2184306606618216e-09
Random219
Raw:0.14338071357773977,1.665875949806176e-05,0.3526867601562259,0.13323296878920496,0.018046140650205687,1.888341132445503e-05,0.34162357706381813,1.8272589392338338e-08,0.010994278100962911,1.2184306606618373e-09
EFT:0.1433807135777398,1.665875949806157e-05,0.35268676015622635,0.13323296878920476,0.018046140650205638,1.8883411324454886e-05,0.34162357706381796,1.8272589392338037e-08,0.010994278100962896,1.2184306606618216e-09
Random220
Raw:0.14338071357773977,1.6658759498061568e-05,0.35268676015622624,0.1332329687892047,0.018046140650205655,1.888341132445485e-05,0.3416235770638182,1.827258939233803e-08,0.010994278100962903,1.2184306606618168e-09
EFT:0.1433807135777398,1.665875949806157e-05,0.35268676015622635,0.13323296878920476,0.018046140650205638,1.8883411324454886e-05,0.34162357706381796,1.8272589392338037e-08,0.010994278100962896,1.2184306606618216e-09
Random221
Raw:0.1433807135777398,1.6658759498061453e-05,0.35268676015622635,0.13323296878920454,0.018046140650205583,1.8883411324454852e-05,0.3416235770638183,1.8272589392338037e-08,0.010994278100962877,1.2184306606618085e-09
EFT:0.1433807135777398,1.665875949806157e-05,0.35268676015622635,0.13323296878920476,0.018046140650205638,1.8883411324454886e-05,0.34162357706381796,1.8272589392338037e-08,0.010994278100962896,1.2184306606618216e-09
Random222
Raw:0.14338071357773954,1.6658759498061436e-05,0.35268676015622663,0.13323296878920476,0.018046140650205614,1.8883411324454733e-05,0.34162357706381796,1.827258939233773e-08,0.010994278100962885,1.2184306606617965e-09
EFT:0.1433807135777398,1.665875949806157e-05,0.35268676015622635,0.13323296878920476,0.018046140650205638,1.8883411324454886e-05,0.34162357706381796,1.8272589392338037e-08,0.010994278100962896,1.2184306606618216e-09
Random223
Raw:0.14338071357773963,1.6658759498061612e-05,0.3526867601562265,0.13323296878920493,0.01804614065020568,1.8883411324454828e-05,0.34162357706381785,1.827258939233798e-08,0.010994278100962911,1.2184306606618176e-09
EFT:0.1433807135777398,1.665875949806157e-05,0.35268676015622635,0.13323296878920476,0.018046140650205638,1.8883411324454886e-05,0.34162357706381796,1.8272589392338037e-08,0.010994278100962896,1.2184306606618216e-09
Random224
Raw:0.1433807135777398,1.6658759498061528e-05,0.3526867601562267,0.13323296878920443,0.018046140650205624,1.8883411324454937e-05,0.341623577063818,1.8272589392338053e-08,0.010994278100962897,1.2184306606618183e-09
EFT:0.1433807135777398,1.665875949806157e-05,0.35268676015622635,0.13323296878920476,0.018046140650205638,1.8883411324454886e-05,0.34162357706381796,1.8272589392338037e-08,0.010994278100962901,1.2184306606618216e-09
Random225
Raw:0.1433807135777398,1.6658759498061514e-05,0.35268676015622635,0.13323296878920476,0.018046140650205638,1.8883411324454852e-05,0.34162357706381796,1.827258939233797e-08,0.010994278100962887,1.2184306606618127e-09
EFT:0.1433807135777398,1.665875949806157e-05,0.35268676015622635,0.13323296878920476,0.018046140650205638,1.8883411324454886e-05,0.34162357706381796,1.8272589392338037e-08,0.010994278100962896,1.2184306606618216e-09
Random226
Raw:0.14338071357773974,1.6658759498061565e-05,0.3526867601562262,0.13323296878920482,0.018046140650205638,1.8883411324454913e-05,0.34162357706381813,1.8272589392338093e-08,0.010994278100962901,1.218430660661821e-09
EFT:0.1433807135777398,1.665875949806157e-05,0.35268676015622635,0.13323296878920476,0.018046140650205638,1.8883411324454886e-05,0.34162357706381796,1.8272589392338037e-08,0.010994278100962896,1.2184306606618216e-09
Random227
Raw:0.1433807135777396,1.6658759498061517e-05,0.35268676015622646,0.13323296878920504,0.018046140650205676,1.888341132445469e-05,0.3416235770638178,1.827258939233772e-08,0.01099427810096288,1.2184306606618003e-09
EFT:0.1433807135777398,1.665875949806157e-05,0.35268676015622635,0.13323296878920476,0.018046140650205638,1.8883411324454886e-05,0.34162357706381796,1.8272589392338037e-08,0.010994278100962901,1.2184306606618216e-09
Random228
Raw:0.14338071357773982,1.665875949806158e-05,0.3526867601562258,0.13323296878920501,0.018046140650205628,1.8883411324454825e-05,0.34162357706381835,1.8272589392337944e-08,0.010994278100962889,1.2184306606618108e-09
EFT:0.1433807135777398,1.665875949806157e-05,0.35268676015622635,0.13323296878920476,0.018046140650205638,1.8883411324454886e-05,0.34162357706381796,1.8272589392338037e-08,0.010994278100962896,1.2184306606618216e-09
Random229
Raw:0.14338071357773985,1.6658759498061697e-05,0.35268676015622585,0.13323296878920468,0.018046140650205655,1.888341132445496e-05,0.3416235770638184,1.8272589392338272e-08,0.010994278100962901,1.2184306606618284e-09
EFT:0.1433807135777398,1.665875949806157e-05,0.35268676015622635,0.13323296878920476,0.018046140650205638,1.8883411324454886e-05,0.34162357706381796,1.8272589392338037e-08,0.010994278100962896,1.2184306606618216e-09
Random230
Raw:0.14338071357773965,1.6658759498061582e-05,0.3526867601562266,0.13323296878920474,0.018046140650205628,1.8883411324454933e-05,0.3416235770638179,1.827258939233818e-08,0.010994278100962894,1.2184306606618222e-09
EFT:0.1433807135777398,1.665875949806157e-05,0.35268676015622635,0.13323296878920476,0.018046140650205638,1.8883411324454886e-05,0.34162357706381796,1.8272589392338037e-08,0.010994278100962896,1.2184306606618216e-09
Random231
Raw:0.1433807135777396,1.6658759498061622e-05,0.35268676015622674,0.13323296878920457,0.01804614065020564,1.8883411324454974e-05,0.3416235770638181,1.827258939233819e-08,0.010994278100962937,1.2184306606618271e-09
EFT:0.1433807135777398,1.665875949806157e-05,0.35268676015622635,0.13323296878920476,0.018046140650205638,1.8883411324454886e-05,0.34162357706381796,1.8272589392338037e-08,0.010994278100962896,1.2184306606618216e-09
Random232
Raw:0.14338071357773974,1.6658759498061582e-05,0.3526867601562265,0.13323296878920482,0.018046140650205638,1.8883411324454862e-05,0.34162357706381785,1.827258939233798e-08,0.010994278100962882,1.2184306606618176e-09
EFT:0.1433807135777398,1.665875949806157e-05,0.35268676015622635,0.13323296878920476,0.018046140650205638,1.8883411324454886e-05,0.34162357706381796,1.8272589392338037e-08,0.010994278100962896,1.2184306606618216e-09
Random233
Raw:0.14338071357773996,1.66587594980615e-05,0.3526867601562261,0.13323296878920465,0.018046140650205593,1.8883411324454906e-05,0.3416235770638183,1.8272589392337957e-08,0.010994278100962878,1.2184306606618118e-09
EFT:0.1433807135777398,1.665875949806157e-05,0.35268676015622635,0.13323296878920476,0.018046140650205638,1.8883411324454886e-05,0.34162357706381796,1.8272589392338037e-08,0.010994278100962896,1.2184306606618216e-09
Random234
Raw:0.14338071357773982,1.6658759498061592e-05,0.3526867601562261,0.13323296878920465,0.01804614065020564,1.8883411324454906e-05,0.3416235770638183,1.827258939233809e-08,0.010994278100962897,1.2184306606618205e-09
EFT:0.1433807135777398,1.665875949806157e-05,0.35268676015622635,0.13323296878920476,0.018046140650205638,1.8883411324454886e-05,0.34162357706381796,1.8272589392338037e-08,0.010994278100962896,1.2184306606618216e-09
Random235
Raw:0.1433807135777396,1.6658759498061504e-05,0.3526867601562262,0.13323296878920457,0.01804614065020562,1.8883411324454777e-05,0.3416235770638184,1.8272589392337964e-08,0.01099427810096289,1.2184306606618123e-09
EFT:0.1433807135777398,1.665875949806157e-05,0.35268676015622635,0.13323296878920476,0.018046140650205638,1.8883411324454886e-05,0.34162357706381796,1.8272589392338037e-08,0.010994278100962896,1.2184306606618216e-09
Random236
Raw:0.1433807135777399,1.6658759498061673e-05,0.35268676015622596,0.1332329687892045,0.01804614065020564,1.8883411324455e-05,0.3416235770638185,1.8272589392338275e-08,0.010994278100962894,1.2184306606618331e-09
EFT:0.1433807135777398,1.665875949806157e-05,0.35268676015622635,0.13323296878920476,0.018046140650205638,1.8883411324454886e-05,0.34162357706381796,1.8272589392338037e-08,0.010994278100962901,1.2184306606618216e-09
Random237
Raw:0.14338071357773974,1.6658759498061446e-05,0.3526867601562262,0.1332329687892047,0.018046140650205576,1.8883411324454845e-05,0.3416235770638184,1.8272589392337964e-08,0.010994278100962863,1.2184306606618036e-09
EFT:0.1433807135777398,1.665875949806157e-05,0.35268676015622635,0.13323296878920476,0.018046140650205638,1.8883411324454886e-05,0.34162357706381796,1.8272589392338037e-08,0.010994278100962896,1.2184306606618216e-09
Random238
Raw:0.14338071357773965,1.6658759498061544e-05,0.35268676015622635,0.13323296878920524,0.01804614065020565,1.888341132445482e-05,0.3416235770638177,1.8272589392337908e-08,0.010994278100962877,1.2184306606618085e-09
EFT:0.1433807135777398,1.665875949806157e-05,0.35268676015622635,0.13323296878920476,0.018046140650205638,1.8883411324454886e-05,0.34162357706381796,1.8272589392338037e-08,0.010994278100962896,1.2184306606618216e-09
Random239
Raw:0.14338071357773963,1.66587594980616e-05,0.35268676015622624,0.13323296878920507,0.018046140650205655,1.8883411324454882e-05,0.34162357706381785,1.8272589392337967e-08,0.010994278100962884,1.2184306606618168e-09
EFT:0.1433807135777398,1.665875949806157e-05,0.35268676015622635,0.13323296878920476,0.018046140650205638,1.8883411324454886e-05,0.34162357706381796,1.8272589392338037e-08,0.010994278100962901,1.2184306606618216e-09
Random240
Raw:0.1433807135777399,1.6658759498061643e-05,0.3526867601562266,0.13323296878920485,0.018046140650205673,1.8883411324454865e-05,0.3416235770638176,1.8272589392337984e-08,0.010994278100962903,1.2184306606618222e-09
EFT:0.1433807135777398,1.665875949806157e-05,0.35268676015622635,0.13323296878920476,0.018046140650205638,1.8883411324454886e-05,0.34162357706381796,1.8272589392338037e-08,0.010994278100962896,1.2184306606618216e-09
Random241
Raw:0.14338071357773977,1.665875949806148e-05,0.35268676015622624,0.1332329687892047,0.01804614065020561,1.888341132445478e-05,0.3416235770638182,1.8272589392337835e-08,0.010994278100962884,1.2184306606618038e-09
EFT:0.1433807135777398,1.665875949806157e-05,0.35268676015622635,0.13323296878920476,0.018046140650205638,1.8883411324454886e-05,0.34162357706381796,1.8272589392338037e-08,0.010994278100962896,1.2184306606618216e-09
Random242
Raw:0.14338071357773985,1.6658759498061636e-05,0.35268676015622585,0.13323296878920482,0.018046140650205645,1.888341132445496e-05,0.3416235770638184,1.8272589392338143e-08,0.010994278100962901,1.218430660661824e-09
EFT:0.1433807135777398,1.665875949806157e-05,0.35268676015622635,0.13323296878920476,0.018046140650205638,1.8883411324454886e-05,0.34162357706381796,1.8272589392338037e-08,0.010994278100962901,1.2184306606618216e-09
Random243
Raw:0.1433807135777398,1.665875949806157e-05,0.3526867601562263,0.13323296878920451,0.018046140650205645,1.8883411324454852e-05,0.34162357706381824,1.827258939233797e-08,0.010994278100962894,1.218430660661817e-09
EFT:0.1433807135777398,1.665875949806157e-05,0.35268676015622635,0.13323296878920476,0.018046140650205638,1.8883411324454886e-05,0.34162357706381796,1.8272589392338037e-08,0.010994278100962901,1.2184306606618216e-09
Random244
Raw:0.14338071357773968,1.6658759498061528e-05,0.352686760156226,0.13323296878920463,0.01804614065020562,1.8883411324454835e-05,0.3416235770638186,1.827258939233802e-08,0.010994278100962885,1.2184306606618116e-09
EFT:0.1433807135777398,1.665875949806157e-05,0.35268676015622635,0.13323296878920476,0.018046140650205638,1.8883411324454886e-05,0.34162357706381796,1.8272589392338037e-08,0.010994278100962901,1.2184306606618216e-09
Random245
Raw:0.14338071357773977,1.6658759498061626e-05,0.35268676015622624,0.13323296878920496,0.01804614065020565,1.8883411324454882e-05,0.34162357706381785,1.8272589392337967e-08,0.010994278100962892,1.2184306606618212e-09
EFT:0.1433807135777398,1.665875949806157e-05,0.35268676015622635,0.13323296878920476,0.018046140650205638,1.8883411324454886e-05,0.34162357706381796,1.8272589392338037e-08,0.010994278100962896,1.2184306606618216e-09
Random246
Raw:0.1433807135777396,1.6658759498061666e-05,0.35268676015622585,0.13323296878920493,0.018046140650205662,1.8883411324454893e-05,0.3416235770638184,1.8272589392338143e-08,0.01099427810096291,1.218430660661824e-09
EFT:0.1433807135777398,1.665875949806157e-05,0.35268676015622635,0.13323296878920476,0.018046140650205638,1.8883411324454886e-05,0.34162357706381796,1.8272589392338037e-08,0.010994278100962896,1.2184306606618216e-09
Random247
Raw:0.14338071357773965,1.665875949806154e-05,0.3526867601562263,0.13323296878920463,0.01804614065020562,1.8883411324454882e-05,0.34162357706381824,1.82725893923381e-08,0.010994278100962885,1.2184306606618127e-09
EFT:0.1433807135777398,1.665875949806157e-05,0.35268676015622635,0.13323296878920476,0.018046140650205638,1.8883411324454886e-05,0.34162357706381796,1.8272589392338037e-08,0.010994278100962901,1.2184306606618216e-09
Random248
Raw:0.14338071357773968,1.665875949806156e-05,0.3526867601562267,0.1332329687892049,0.018046140650205655,1.8883411324454805e-05,0.3416235770638177,1.8272589392337924e-08,0.010994278100962897,1.218430660661814e-09
EFT:0.1433807135777398,1.665875949806157e-05,0.35268676015622635,0.13323296878920476,0.018046140650205638,1.8883411324454886e-05,0.34162357706381796,1.8272589392338037e-08,0.010994278100962896,1.2184306606618216e-09
Random249
Raw:0.1433807135777399,1.6658759498061507e-05,0.35268676015622624,0.1332329687892046,0.01804614065020558,1.8883411324454913e-05,0.3416235770638182,1.827258939233803e-08,0.010994278100962884,1.2184306606618168e-09
EFT:0.1433807135777398,1.665875949806157e-05,0.35268676015622635,0.13323296878920476,0.018046140650205638,1.8883411324454886e-05,0.34162357706381796,1.8272589392338037e-08,0.010994278100962896,1.2184306606618216e-09
Random250
Raw:0.1433807135777397,1.6658759498061663e-05,0.3526867601562258,0.1332329687892049,0.018046140650205652,1.888341132445489e-05,0.34162357706381835,1.8272589392338206e-08,0.010994278100962918,1.2184306606618238e-09
EFT:0.1433807135777398,1.665875949806157e-05,0.35268676015622635,0.13323296878920476,0.018046140650205638,1.8883411324454886e-05,0.34162357706381796,1.8272589392338037e-08,0.010994278100962896,1.2184306606618216e-09
Random251
Raw:0.14338071357773982,1.6658759498061592e-05,0.35268676015622674,0.13323296878920457,0.01804614065020566,1.888341132445494e-05,0.34162357706381774,1.8272589392338123e-08,0.010994278100962908,1.2184306606618315e-09
EFT:0.1433807135777398,1.665875949806157e-05,0.35268676015622635,0.13323296878920476,0.018046140650205638,1.8883411324454886e-05,0.34162357706381796,1.8272589392338037e-08,0.010994278100962896,1.2184306606618216e-09
Random252
Raw:0.14338071357773974,1.6658759498061612e-05,0.3526867601562265,0.13323296878920482,0.01804614065020567,1.8883411324454862e-05,0.34162357706381785,1.8272589392338047e-08,0.010994278100962901,1.2184306606618176e-09
EFT:0.1433807135777398,1.665875949806157e-05,0.35268676015622635,0.13323296878920476,0.018046140650205638,1.8883411324454886e-05,0.34162357706381796,1.8272589392338037e-08,0.010994278100962901,1.2184306606618216e-09
Random253
Raw:0.14338071357773982,1.6658759498061663e-05,0.3526867601562264,0.13323296878920513,0.018046140650205707,1.8883411324454923e-05,0.3416235770638174,1.827258939233804e-08,0.010994278100962897,1.218430660661826e-09
EFT:0.1433807135777398,1.665875949806157e-05,0.35268676015622635,0.13323296878920476,0.018046140650205638,1.8883411324454886e-05,0.34162357706381796,1.8272589392338037e-08,0.010994278100962896,1.2184306606618216e-09
Random254
Raw:0.14338071357773977,1.6658759498061524e-05,0.3526867601562259,0.13323296878920496,0.018046140650205624,1.8883411324454896e-05,0.34162357706381813,1.827258939233795e-08,0.010994278100962882,1.2184306606618112e-09
EFT:0.1433807135777398,1.665875949806157e-05,0.35268676015622635,0.13323296878920476,0.018046140650205638,1.8883411324454886e-05,0.34162357706381796,1.8272589392338037e-08,0.010994278100962896,1.2184306606618216e-09
Random255
Raw:0.14338071357773988,1.6658759498061565e-05,0.3526867601562262,0.1332329687892047,0.01804614065020562,1.8883411324454913e-05,0.34162357706381813,1.8272589392338093e-08,0.01099427810096289,1.218430660661821e-09
EFT:0.1433807135777398,1.665875949806157e-05,0.35268676015622635,0.13323296878920476,0.018046140650205638,1.8883411324454886e-05,0.34162357706381796,1.8272589392338037e-08,0.010994278100962901,1.2184306606618216e-09
Random256
Raw:0.14338071357773968,1.6658759498061517e-05,0.3526867601562264,0.13323296878920468,0.018046140650205652,1.888341132445479e-05,0.341623577063818,1.827258939233791e-08,0.010994278100962889,1.2184306606618087e-09
EFT:0.1433807135777398,1.665875949806157e-05,0.35268676015622635,0.13323296878920476,0.018046140650205638,1.8883411324454886e-05,0.34162357706381796,1.8272589392338037e-08,0.010994278100962896,1.2184306606618216e-09
Random257
Raw:0.14338071357773985,1.665875949806146e-05,0.35268676015622646,0.13323296878920493,0.018046140650205603,1.888341132445479e-05,0.3416235770638178,1.8272589392337848e-08,0.010994278100962871,1.2184306606618046e-09
EFT:0.1433807135777398,1.665875949806157e-05,0.35268676015622635,0.13323296878920476,0.018046140650205638,1.8883411324454886e-05,0.34162357706381796,1.8272589392338037e-08,0.010994278100962896,1.2184306606618216e-09
Random258
Raw:0.14338071357773993,1.6658759498061528e-05,0.3526867601562267,0.13323296878920443,0.018046140650205607,1.8883411324454872e-05,0.341623577063818,1.827258939233799e-08,0.010994278100962897,1.218430660661814e-09
EFT:0.1433807135777398,1.665875949806157e-05,0.35268676015622635,0.13323296878920476,0.018046140650205638,1.8883411324454886e-05,0.34162357706381796,1.8272589392338037e-08,0.010994278100962896,1.2184306606618216e-09
Random259
Raw:0.1433807135777397,1.665875949806156e-05,0.35268676015622613,0.13323296878920468,0.01804614065020561,1.8883411324454974e-05,0.34162357706381835,1.8272589392338156e-08,0.01099427810096288,1.2184306606618207e-09
EFT:0.1433807135777398,1.665875949806157e-05,0.35268676015622635,0.13323296878920476,0.018046140650205638,1.8883411324454886e-05,0.34162357706381796,1.8272589392338037e-08,0.010994278100962896,1.2184306606618216e-09
Random260
Raw:0.14338071357773982,1.665875949806162e-05,0.3526867601562261,0.13323296878920465,0.01804614065020565,1.888341132445494e-05,0.3416235770638183,1.8272589392338153e-08,0.010994278100962897,1.2184306606618205e-09
EFT:0.1433807135777398,1.665875949806157e-05,0.35268676015622635,0.13323296878920476,0.018046140650205638,1.8883411324454886e-05,0.34162357706381796,1.8272589392338037e-08,0.010994278100962896,1.2184306606618216e-09
Random261
Raw:0.1433807135777399,1.6658759498061616e-05,0.35268676015622596,0.13323296878920463,0.018046140650205635,1.8883411324454967e-05,0.3416235770638185,1.8272589392338212e-08,0.010994278100962904,1.2184306606618245e-09
EFT:0.1433807135777398,1.665875949806157e-05,0.35268676015622635,0.13323296878920476,0.018046140650205638,1.8883411324454886e-05,0.34162357706381796,1.8272589392338037e-08,0.010994278100962901,1.2184306606618216e-09
Random262
Raw:0.1433807135777399,1.6658759498061568e-05,0.35268676015622624,0.13323296878920438,0.018046140650205603,1.888341132445498e-05,0.34162357706381846,1.8272589392338163e-08,0.010994278100962892,1.2184306606618253e-09
EFT:0.1433807135777398,1.665875949806157e-05,0.35268676015622635,0.13323296878920476,0.018046140650205638,1.8883411324454886e-05,0.34162357706381796,1.8272589392338037e-08,0.010994278100962896,1.2184306606618216e-09
Random263
Raw:0.14338071357773977,1.665875949806148e-05,0.35268676015622624,0.1332329687892045,0.018046140650205593,1.888341132445485e-05,0.34162357706381846,1.827258939233803e-08,0.010994278100962892,1.2184306606618125e-09
EFT:0.1433807135777398,1.665875949806157e-05,0.35268676015622635,0.13323296878920476,0.018046140650205638,1.8883411324454886e-05,0.34162357706381796,1.8272589392338037e-08,0.010994278100962896,1.2184306606618216e-09
Random264
Raw:0.14338071357773985,1.665875949806156e-05,0.35268676015622613,0.1332329687892048,0.018046140650205617,1.888341132445491e-05,0.3416235770638181,1.8272589392338027e-08,0.01099427810096288,1.2184306606618207e-09
EFT:0.1433807135777398,1.665875949806157e-05,0.35268676015622635,0.13323296878920476,0.018046140650205638,1.8883411324454886e-05,0.34162357706381796,1.8272589392338037e-08,0.010994278100962896,1.2184306606618216e-09
Random265
Raw:0.14338071357773988,1.665875949806146e-05,0.3526867601562265,0.1332329687892047,0.018046140650205576,1.8883411324454862e-05,0.34162357706381785,1.8272589392337914e-08,0.010994278100962882,1.2184306606618092e-09
EFT:0.1433807135777398,1.665875949806157e-05,0.35268676015622635,0.13323296878920476,0.018046140650205638,1.8883411324454886e-05,0.34162357706381796,1.8272589392338037e-08,0.010994278100962896,1.2184306606618216e-09
Random266
Raw:0.1433807135777396,1.6658759498061565e-05,0.3526867601562262,0.13323296878920493,0.01804614065020567,1.8883411324454845e-05,0.34162357706381813,1.8272589392337964e-08,0.010994278100962901,1.2184306606618123e-09
EFT:0.1433807135777398,1.665875949806157e-05,0.35268676015622635,0.13323296878920476,0.018046140650205638,1.8883411324454886e-05,0.34162357706381796,1.8272589392338037e-08,0.010994278100962901,1.2184306606618216e-09
Random267
Raw:0.14338071357773965,1.6658759498061585e-05,0.35268676015622663,0.13323296878920463,0.018046140650205662,1.888341132445487e-05,0.34162357706381796,1.8272589392337987e-08,0.010994278100962915,1.2184306606618224e-09
EFT:0.1433807135777398,1.665875949806157e-05,0.35268676015622635,0.13323296878920476,0.018046140650205638,1.8883411324454886e-05,0.34162357706381796,1.8272589392338037e-08,0.010994278100962896,1.2184306606618216e-09
Random268
Raw:0.14338071357773968,1.6658759498061575e-05,0.3526867601562264,0.1332329687892048,0.018046140650205652,1.8883411324454923e-05,0.341623577063818,1.8272589392338106e-08,0.010994278100962897,1.2184306606618218e-09
EFT:0.1433807135777398,1.665875949806157e-05,0.35268676015622635,0.13323296878920476,0.018046140650205638,1.8883411324454886e-05,0.34162357706381796,1.8272589392338037e-08,0.010994278100962896,1.2184306606618216e-09
Random269
Raw:0.14338071357773974,1.6658759498061666e-05,0.35268676015622585,0.13323296878920482,0.018046140650205662,1.888341132445496e-05,0.3416235770638184,1.827258939233821e-08,0.010994278100962901,1.2184306606618284e-09
EFT:0.1433807135777398,1.665875949806157e-05,0.35268676015622635,0.13323296878920476,0.018046140650205638,1.8883411324454886e-05,0.34162357706381796,1.8272589392338037e-08,0.010994278100962901,1.2184306606618216e-09
Random270
Raw:0.14338071357773982,1.6658759498061677e-05,0.3526867601562261,0.13323296878920454,0.01804614065020564,1.8883411324454974e-05,0.3416235770638183,1.827258939233828e-08,0.010994278100962908,1.2184306606618336e-09
EFT:0.1433807135777398,1.665875949806157e-05,0.35268676015622635,0.13323296878920476,0.018046140650205638,1.8883411324454886e-05,0.34162357706381796,1.8272589392338037e-08,0.010994278100962896,1.2184306606618216e-09
Random271
Raw:0.14338071357773982,1.6658759498061558e-05,0.3526867601562261,0.13323296878920549,0.01804614065020564,1.888341132445477e-05,0.3416235770638174,1.827258939233783e-08,0.010994278100962887,1.2184306606618075e-09
EFT:0.1433807135777398,1.665875949806157e-05,0.35268676015622635,0.13323296878920476,0.018046140650205638,1.8883411324454886e-05,0.34162357706381796,1.8272589392338037e-08,0.010994278100962901,1.2184306606618216e-09
Random272
Raw:0.14338071357773974,1.6658759498061582e-05,0.3526867601562265,0.1332329687892047,0.01804614065020563,1.888341132445493e-05,0.34162357706381785,1.8272589392338113e-08,0.010994278100962892,1.2184306606618222e-09
EFT:0.1433807135777398,1.665875949806157e-05,0.35268676015622635,0.13323296878920476,0.018046140650205638,1.8883411324454886e-05,0.34162357706381796,1.8272589392338037e-08,0.010994278100962896,1.2184306606618216e-09
Random273
Raw:0.14338071357773965,1.6658759498061616e-05,0.35268676015622663,0.133232968789205,0.018046140650205687,1.888341132445487e-05,0.34162357706381763,1.8272589392337987e-08,0.010994278100962904,1.2184306606618224e-09
EFT:0.1433807135777398,1.665875949806157e-05,0.35268676015622635,0.13323296878920476,0.018046140650205638,1.8883411324454886e-05,0.34162357706381796,1.8272589392338037e-08,0.010994278100962896,1.2184306606618216e-09
Random274
Raw:0.14338071357773982,1.665875949806156e-05,0.35268676015622674,0.1332329687892048,0.01804614065020566,1.8883411324454808e-05,0.34162357706381746,1.827258939233786e-08,0.010994278100962889,1.2184306606618141e-09
EFT:0.1433807135777398,1.665875949806157e-05,0.35268676015622635,0.13323296878920476,0.018046140650205638,1.8883411324454886e-05,0.34162357706381796,1.8272589392338037e-08,0.010994278100962896,1.2184306606618216e-09
Random275
Raw:0.14338071357773968,1.6658759498061707e-05,0.3526867601562261,0.13323296878920476,0.018046140650205673,1.8883411324454906e-05,0.3416235770638183,1.827258939233822e-08,0.010994278100962908,1.2184306606618292e-09
EFT:0.1433807135777398,1.665875949806157e-05,0.35268676015622635,0.13323296878920476,0.018046140650205638,1.8883411324454886e-05,0.34162357706381796,1.8272589392338037e-08,0.010994278100962901,1.2184306606618216e-09
Random276
Raw:0.1433807135777396,1.6658759498061565e-05,0.3526867601562262,0.13323296878920493,0.018046140650205645,1.888341132445481e-05,0.34162357706381813,1.8272589392337898e-08,0.010994278100962882,1.2184306606618123e-09
EFT:0.1433807135777398,1.665875949806157e-05,0.35268676015622635,0.13323296878920476,0.018046140650205638,1.8883411324454886e-05,0.34162357706381796,1.8272589392338037e-08,0.010994278100962896,1.2184306606618216e-09
Random277
Raw:0.14338071357773968,1.6658759498061456e-05,0.3526867601562264,0.13323296878920443,0.0180461406502056,1.8883411324454855e-05,0.34162357706381835,1.827258939233804e-08,0.010994278100962889,1.2184306606618129e-09
EFT:0.1433807135777398,1.665875949806157e-05,0.35268676015622635,0.13323296878920476,0.018046140650205638,1.8883411324454886e-05,0.34162357706381796,1.8272589392338037e-08,0.010994278100962896,1.2184306606618216e-09
Random278
Raw:0.1433807135777398,1.6658759498061558e-05,0.352686760156226,0.13323296878920476,0.018046140650205645,1.8883411324454835e-05,0.34162357706381824,1.827258939233802e-08,0.010994278100962885,1.218430660661816e-09
EFT:0.1433807135777398,1.665875949806157e-05,0.35268676015622635,0.13323296878920476,0.018046140650205638,1.8883411324454886e-05,0.34162357706381796,1.8272589392338037e-08,0.010994278100962901,1.2184306606618216e-09
Random279
Raw:0.14338071357773954,1.6658759498061514e-05,0.35268676015622635,0.13323296878920465,0.018046140650205655,1.8883411324454788e-05,0.3416235770638183,1.8272589392337908e-08,0.010994278100962896,1.2184306606618127e-09
EFT:0.1433807135777398,1.665875949806157e-05,0.35268676015622635,0.13323296878920476,0.018046140650205638,1.8883411324454886e-05,0.34162357706381796,1.8272589392338037e-08,0.010994278100962896,1.2184306606618216e-09
Random280
Raw:0.1433807135777399,1.6658759498061582e-05,0.3526867601562266,0.13323296878920485,0.01804614065020565,1.8883411324454865e-05,0.3416235770638176,1.8272589392337984e-08,0.010994278100962894,1.2184306606618178e-09
EFT:0.1433807135777398,1.665875949806157e-05,0.35268676015622635,0.13323296878920476,0.018046140650205638,1.8883411324454886e-05,0.34162357706381796,1.8272589392338037e-08,0.010994278100962896,1.2184306606618216e-09
Random281
Raw:0.1433807135777397,1.6658759498061548e-05,0.35268676015622646,0.13323296878920457,0.01804614065020562,1.8883411324454926e-05,0.3416235770638181,1.827258939233811e-08,0.0109942781009629,1.218430660661822e-09
EFT:0.1433807135777398,1.665875949806157e-05,0.35268676015622635,0.13323296878920476,0.018046140650205638,1.8883411324454886e-05,0.34162357706381796,1.8272589392338037e-08,0.010994278100962896,1.2184306606618216e-09
Random282
Raw:0.14338071357773977,1.6658759498061612e-05,0.3526867601562259,0.1332329687892047,0.018046140650205624,1.8883411324454896e-05,0.34162357706381846,1.827258939233808e-08,0.010994278100962882,1.21843066066182e-09
EFT:0.1433807135777398,1.665875949806157e-05,0.35268676015622635,0.13323296878920476,0.018046140650205638,1.8883411324454886e-05,0.34162357706381796,1.8272589392338037e-08,0.010994278100962896,1.2184306606618216e-09
Random283
Raw:0.14338071357773963,1.6658759498061433e-05,0.3526867601562259,0.1332329687892047,0.018046140650205576,1.8883411324454828e-05,0.3416235770638188,1.827258939233795e-08,0.010994278100962882,1.218430660661807e-09
EFT:0.1433807135777398,1.665875949806157e-05,0.35268676015622635,0.13323296878920476,0.018046140650205638,1.8883411324454886e-05,0.34162357706381796,1.8272589392338037e-08,0.010994278100962896,1.2184306606618216e-09
Random284
Raw:0.1433807135777397,1.665875949806158e-05,0.35268676015622646,0.13323296878920457,0.018046140650205645,1.888341132445486e-05,0.3416235770638181,1.8272589392337977e-08,0.0109942781009629,1.218430660661822e-09
EFT:0.1433807135777398,1.665875949806157e-05,0.35268676015622635,0.13323296878920476,0.018046140650205638,1.8883411324454886e-05,0.34162357706381796,1.8272589392338037e-08,0.010994278100962896,1.2184306606618216e-09
Random285
Raw:0.14338071357773965,1.6658759498061514e-05,0.35268676015622635,0.13323296878920488,0.018046140650205617,1.8883411324454788e-05,0.34162357706381796,1.8272589392337908e-08,0.010994278100962887,1.2184306606618085e-09
EFT:0.1433807135777398,1.665875949806157e-05,0.35268676015622635,0.13323296878920476,0.018046140650205638,1.8883411324454886e-05,0.34162357706381796,1.8272589392338037e-08,0.010994278100962896,1.2184306606618216e-09
Random286
Raw:0.1433807135777398,1.6658759498061602e-05,0.3526867601562263,0.1332329687892051,0.018046140650205645,1.8883411324454852e-05,0.34162357706381763,1.827258939233797e-08,0.010994278100962894,1.2184306606618127e-09
EFT:0.1433807135777398,1.665875949806157e-05,0.35268676015622635,0.13323296878920476,0.018046140650205638,1.8883411324454886e-05,0.34162357706381796,1.8272589392338037e-08,0.010994278100962896,1.2184306606618216e-09
Random287
Raw:0.1433807135777398,1.6658759498061558e-05,0.352686760156226,0.13323296878920476,0.01804614065020562,1.8883411324454903e-05,0.34162357706381824,1.8272589392338086e-08,0.010994278100962896,1.2184306606618203e-09
EFT:0.1433807135777398,1.665875949806157e-05,0.35268676015622635,0.13323296878920476,0.018046140650205638,1.8883411324454886e-05,0.34162357706381796,1.8272589392338037e-08,0.010994278100962896,1.2184306606618216e-09
Random288
Raw:0.1433807135777398,1.6658759498061558e-05,0.352686760156226,0.1332329687892044,0.018046140650205607,1.8883411324454835e-05,0.3416235770638186,1.827258939233802e-08,0.010994278100962885,1.218430660661816e-09
EFT:0.1433807135777398,1.665875949806157e-05,0.35268676015622635,0.13323296878920476,0.018046140650205638,1.8883411324454886e-05,0.34162357706381796,1.8272589392338037e-08,0.010994278100962896,1.2184306606618216e-09
Random289
Raw:0.14338071357773968,1.6658759498061575e-05,0.3526867601562264,0.13323296878920468,0.018046140650205635,1.888341132445489e-05,0.341623577063818,1.827258939233804e-08,0.010994278100962897,1.2184306606618174e-09
EFT:0.1433807135777398,1.665875949806157e-05,0.35268676015622635,0.13323296878920476,0.018046140650205638,1.8883411324454886e-05,0.34162357706381796,1.8272589392338037e-08,0.010994278100962896,1.2184306606618216e-09
Random290
Raw:0.14338071357773965,1.6658759498061406e-05,0.3526867601562266,0.1332329687892045,0.018046140650205596,1.8883411324454798e-05,0.3416235770638182,1.827258939233785e-08,0.010994278100962884,1.218430660661805e-09
EFT:0.1433807135777398,1.665875949806157e-05,0.35268676015622635,0.13323296878920476,0.018046140650205638,1.8883411324454886e-05,0.34162357706381796,1.8272589392338037e-08,0.010994278100962896,1.2184306606618216e-09
Random291
Raw:0.14338071357773965,1.6658759498061514e-05,0.35268676015622635,0.13323296878920513,0.01804614065020565,1.888341132445475e-05,0.3416235770638177,1.827258939233778e-08,0.010994278100962877,1.2184306606618042e-09
EFT:0.1433807135777398,1.665875949806157e-05,0.35268676015622635,0.13323296878920476,0.018046140650205638,1.8883411324454886e-05,0.34162357706381796,1.8272589392338037e-08,0.010994278100962901,1.2184306606618216e-09
Random292
Raw:0.14338071357773985,1.6658759498061622e-05,0.35268676015622613,0.1332329687892048,0.018046140650205635,1.888341132445491e-05,0.3416235770638181,1.827258939233809e-08,0.010994278100962889,1.2184306606618207e-09
EFT:0.1433807135777398,1.665875949806157e-05,0.35268676015622635,0.13323296878920476,0.018046140650205638,1.8883411324454886e-05,0.34162357706381796,1.8272589392338037e-08,0.010994278100962896,1.2184306606618216e-09
Random293
Raw:0.14338071357773993,1.6658759498061616e-05,0.352686760156226,0.1332329687892051,0.01804614065020562,1.888341132445497e-05,0.34162357706381796,1.8272589392338153e-08,0.010994278100962896,1.2184306606618247e-09
EFT:0.1433807135777398,1.665875949806157e-05,0.35268676015622635,0.13323296878920476,0.018046140650205638,1.8883411324454886e-05,0.34162357706381796,1.8272589392338037e-08,0.010994278100962896,1.2184306606618216e-09
Random294
Raw:0.14338071357773974,1.6658759498061565e-05,0.3526867601562262,0.13323296878920482,0.01804614065020562,1.8883411324454845e-05,0.34162357706381813,1.8272589392337964e-08,0.010994278100962871,1.2184306606618123e-09
EFT:0.1433807135777398,1.665875949806157e-05,0.35268676015622635,0.13323296878920476,0.018046140650205638,1.8883411324454886e-05,0.34162357706381796,1.8272589392338037e-08,0.010994278100962896,1.2184306606618216e-09
Random295
Raw:0.14338071357773982,1.665875949806165e-05,0.3526867601562261,0.13323296878920465,0.01804614065020564,1.8883411324454974e-05,0.3416235770638183,1.827258939233822e-08,0.010994278100962897,1.2184306606618292e-09
EFT:0.1433807135777398,1.665875949806157e-05,0.35268676015622635,0.13323296878920476,0.018046140650205638,1.8883411324454886e-05,0.34162357706381796,1.8272589392338037e-08,0.010994278100962901,1.2184306606618216e-09
Random296
Raw:0.14338071357773965,1.6658759498061514e-05,0.35268676015622635,0.13323296878920454,0.018046140650205624,1.8883411324454852e-05,0.3416235770638183,1.827258939233797e-08,0.010994278100962887,1.2184306606618127e-09
EFT:0.1433807135777398,1.665875949806157e-05,0.35268676015622635,0.13323296878920476,0.018046140650205638,1.8883411324454886e-05,0.34162357706381796,1.8272589392338037e-08,0.010994278100962896,1.2184306606618216e-09
Random297
Raw:0.14338071357773974,1.6658759498061612e-05,0.3526867601562265,0.1332329687892047,0.01804614065020567,1.888341132445493e-05,0.34162357706381785,1.8272589392338176e-08,0.010994278100962892,1.2184306606618222e-09
EFT:0.1433807135777398,1.665875949806157e-05,0.35268676015622635,0.13323296878920476,0.018046140650205638,1.8883411324454886e-05,0.34162357706381796,1.8272589392338037e-08,0.010994278100962901,1.2184306606618216e-09
Random298
Raw:0.14338071357773996,1.665875949806153e-05,0.3526867601562261,0.13323296878920465,0.018046140650205586,1.888341132445494e-05,0.3416235770638183,1.827258939233809e-08,0.010994278100962878,1.2184306606618205e-09
EFT:0.1433807135777398,1.665875949806157e-05,0.35268676015622635,0.13323296878920476,0.018046140650205638,1.8883411324454886e-05,0.34162357706381796,1.8272589392338037e-08,0.010994278100962901,1.2184306606618216e-09
Random299
Raw:0.14338071357773996,1.6658759498061558e-05,0.3526867601562261,0.13323296878920432,0.018046140650205586,1.8883411324454872e-05,0.34162357706381863,1.827258939233809e-08,0.010994278100962897,1.2184306606618162e-09
EFT:0.1433807135777398,1.665875949806157e-05,0.35268676015622635,0.13323296878920476,0.018046140650205638,1.8883411324454886e-05,0.34162357706381796,1.8272589392338037e-08,0.010994278100962896,1.2184306606618216e-09
Random300
Raw:0.1433807135777397,1.6658759498061592e-05,0.35268676015622674,0.13323296878920468,0.018046140650205666,1.8883411324454876e-05,0.34162357706381774,1.8272589392337994e-08,0.0109942781009629,1.2184306606618185e-09
EFT:0.1433807135777398,1.665875949806157e-05,0.35268676015622635,0.13323296878920476,0.018046140650205638,1.8883411324454886e-05,0.34162357706381796,1.8272589392338037e-08,0.010994278100962896,1.2184306606618216e-09
Random301
Raw:0.1433807135777397,1.6658759498061622e-05,0.35268676015622613,0.1332329687892049,0.01804614065020567,1.8883411324454842e-05,0.3416235770638181,1.827258939233809e-08,0.0109942781009629,1.2184306606618207e-09
EFT:0.1433807135777398,1.665875949806157e-05,0.35268676015622635,0.13323296878920476,0.018046140650205638,1.8883411324454886e-05,0.34162357706381796,1.8272589392338037e-08,0.010994278100962896,1.2184306606618216e-09
Random302
Raw:0.14338071357773982,1.665875949806165e-05,0.3526867601562261,0.1332329687892049,0.01804614065020564,1.8883411324454974e-05,0.341623577063818,1.8272589392338153e-08,0.010994278100962908,1.2184306606618249e-09
EFT:0.1433807135777398,1.665875949806157e-05,0.35268676015622635,0.13323296878920476,0.018046140650205638,1.8883411324454886e-05,0.34162357706381796,1.8272589392338037e-08,0.010994278100962901,1.2184306606618216e-09
Random303
Raw:0.1433807135777399,1.665875949806154e-05,0.3526867601562257,0.13323296878920451,0.018046140650205583,1.8883411324454852e-05,0.34162357706381885,1.8272589392338004e-08,0.010994278100962885,1.2184306606618147e-09
EFT:0.1433807135777398,1.665875949806157e-05,0.35268676015622635,0.13323296878920476,0.018046140650205638,1.8883411324454886e-05,0.34162357706381796,1.8272589392338037e-08,0.010994278100962896,1.2184306606618216e-09
Random304
Raw:0.1433807135777398,1.6658759498061406e-05,0.35268676015622663,0.13323296878920451,0.018046140650205596,1.88834113244548e-05,0.34162357706381796,1.8272589392337792e-08,0.010994278100962866,1.2184306606618007e-09
EFT:0.1433807135777398,1.665875949806157e-05,0.35268676015622635,0.13323296878920476,0.018046140650205638,1.8883411324454886e-05,0.34162357706381796,1.8272589392338037e-08,0.010994278100962901,1.2184306606618216e-09
Random305
Raw:0.14338071357773968,1.6658759498061605e-05,0.3526867601562264,0.1332329687892048,0.01804614065020566,1.8883411324454855e-05,0.341623577063818,1.827258939233804e-08,0.010994278100962897,1.2184306606618218e-09
EFT:0.1433807135777398,1.665875949806157e-05,0.35268676015622635,0.13323296878920476,0.018046140650205638,1.8883411324454886e-05,0.34162357706381796,1.8272589392338037e-08,0.010994278100962896,1.2184306606618216e-09
Random306
Raw:0.14338071357773968,1.665875949806157e-05,0.3526867601562257,0.13323296878920488,0.01804614065020562,1.8883411324454886e-05,0.3416235770638186,1.827258939233807e-08,0.010994278100962877,1.2184306606618193e-09
EFT:0.1433807135777398,1.665875949806157e-05,0.35268676015622635,0.13323296878920476,0.018046140650205638,1.8883411324454886e-05,0.34162357706381796,1.8272589392338037e-08,0.010994278100962896,1.2184306606618216e-09
Random307
Raw:0.1433807135777398,1.6658759498061616e-05,0.35268676015622596,0.13323296878920485,0.01804614065020566,1.88834113244549e-05,0.3416235770638182,1.8272589392338083e-08,0.010994278100962894,1.2184306606618201e-09
EFT:0.1433807135777398,1.665875949806157e-05,0.35268676015622635,0.13323296878920476,0.018046140650205638,1.8883411324454886e-05,0.34162357706381796,1.8272589392338037e-08,0.010994278100962896,1.2184306606618216e-09
Random308
Raw:0.14338071357773968,1.6658759498061558e-05,0.3526867601562261,0.13323296878920476,0.01804614065020564,1.888341132445484e-05,0.3416235770638183,1.8272589392337957e-08,0.010994278100962887,1.2184306606618118e-09
EFT:0.1433807135777398,1.665875949806157e-05,0.35268676015622635,0.13323296878920476,0.018046140650205638,1.8883411324454886e-05,0.34162357706381796,1.8272589392338037e-08,0.010994278100962901,1.2184306606618216e-09
Random309
Raw:0.14338071357773965,1.6658759498061524e-05,0.35268676015622596,0.1332329687892051,0.018046140650205596,1.888341132445483e-05,0.3416235770638182,1.827258939233795e-08,0.010994278100962894,1.2184306606618114e-09
EFT:0.1433807135777398,1.665875949806157e-05,0.35268676015622635,0.13323296878920476,0.018046140650205638,1.8883411324454886e-05,0.34162357706381796,1.8272589392338037e-08,0.010994278100962896,1.2184306606618216e-09
Random310
Raw:0.1433807135777396,1.665875949806146e-05,0.35268676015622646,0.13323296878920468,0.018046140650205635,1.888341132445479e-05,0.3416235770638181,1.827258939233791e-08,0.010994278100962871,1.218430660661809e-09
EFT:0.1433807135777398,1.665875949806157e-05,0.35268676015622635,0.13323296878920476,0.018046140650205638,1.8883411324454886e-05,0.34162357706381796,1.8272589392338037e-08,0.010994278100962896,1.2184306606618216e-09
Random311
Raw:0.1433807135777397,1.6658759498061548e-05,0.35268676015622646,0.13323296878920457,0.018046140650205635,1.8883411324454893e-05,0.3416235770638181,1.8272589392338043e-08,0.01099427810096288,1.2184306606618174e-09
EFT:0.1433807135777398,1.665875949806157e-05,0.35268676015622635,0.13323296878920476,0.018046140650205638,1.8883411324454886e-05,0.34162357706381796,1.8272589392338037e-08,0.010994278100962901,1.2184306606618216e-09
Random312
Raw:0.14338071357773952,1.665875949806163e-05,0.3526867601562263,0.13323296878920485,0.018046140650205652,1.8883411324454852e-05,0.34162357706381824,1.8272589392338033e-08,0.010994278100962894,1.218430660661817e-09
EFT:0.1433807135777398,1.665875949806157e-05,0.35268676015622635,0.13323296878920476,0.018046140650205638,1.8883411324454886e-05,0.34162357706381796,1.8272589392338037e-08,0.010994278100962896,1.2184306606618216e-09
Random313
Raw:0.14338071357773996,1.6658759498061605e-05,0.3526867601562258,0.13323296878920562,0.01804614065020567,1.8883411324454825e-05,0.34162357706381746,1.8272589392337878e-08,0.010994278100962878,1.2184306606618108e-09
EFT:0.1433807135777398,1.665875949806157e-05,0.35268676015622635,0.13323296878920476,0.018046140650205638,1.8883411324454886e-05,0.34162357706381796,1.8272589392338037e-08,0.010994278100962896,1.2184306606618216e-09
Random314
Raw:0.14338071357773985,1.665875949806156e-05,0.35268676015622613,0.1332329687892048,0.018046140650205617,1.8883411324454842e-05,0.3416235770638181,1.827258939233796e-08,0.01099427810096288,1.218430660661812e-09
EFT:0.1433807135777398,1.665875949806157e-05,0.35268676015622635,0.13323296878920476,0.018046140650205638,1.8883411324454886e-05,0.34162357706381796,1.8272589392338037e-08,0.010994278100962896,1.2184306606618216e-09
Random315
Raw:0.1433807135777398,1.665875949806148e-05,0.3526867601562263,0.13323296878920463,0.018046140650205583,1.8883411324454916e-05,0.34162357706381824,1.82725893923381e-08,0.010994278100962875,1.2184306606618127e-09
EFT:0.1433807135777398,1.665875949806157e-05,0.35268676015622635,0.13323296878920476,0.018046140650205638,1.8883411324454886e-05,0.34162357706381796,1.8272589392338037e-08,0.010994278100962896,1.2184306606618216e-09
Random316
Raw:0.14338071357773968,1.66587594980615e-05,0.3526867601562261,0.1332329687892049,0.018046140650205586,1.888341132445484e-05,0.3416235770638183,1.8272589392337957e-08,0.010994278100962878,1.2184306606618075e-09
EFT:0.1433807135777398,1.665875949806157e-05,0.35268676015622635,0.13323296878920476,0.018046140650205638,1.8883411324454886e-05,0.34162357706381796,1.8272589392338037e-08,0.010994278100962901,1.2184306606618216e-09
Random317
Raw:0.1433807135777396,1.6658759498061626e-05,0.3526867601562262,0.13323296878920493,0.018046140650205652,1.8883411324454845e-05,0.34162357706381813,1.827258939233803e-08,0.010994278100962901,1.2184306606618166e-09
EFT:0.1433807135777398,1.665875949806157e-05,0.35268676015622635,0.13323296878920476,0.018046140650205638,1.8883411324454886e-05,0.34162357706381796,1.8272589392338037e-08,0.010994278100962896,1.2184306606618216e-09
Random318
Raw:0.1433807135777398,1.6658759498061616e-05,0.352686760156226,0.13323296878920476,0.01804614065020562,1.888341132445497e-05,0.34162357706381824,1.8272589392338215e-08,0.010994278100962885,1.2184306606618247e-09
EFT:0.1433807135777398,1.665875949806157e-05,0.35268676015622635,0.13323296878920476,0.018046140650205638,1.8883411324454886e-05,0.34162357706381796,1.8272589392338037e-08,0.010994278100962896,1.2184306606618216e-09
Random319
Raw:0.1433807135777397,1.665875949806165e-05,0.35268676015622613,0.1332329687892049,0.01804614065020567,1.888341132445491e-05,0.3416235770638181,1.827258939233809e-08,0.010994278100962889,1.218430660661825e-09
EFT:0.1433807135777398,1.665875949806157e-05,0.35268676015622635,0.13323296878920476,0.018046140650205638,1.8883411324454886e-05,0.34162357706381796,1.8272589392338037e-08,0.010994278100962901,1.2184306606618216e-09
Random320
Raw:0.14338071357773965,1.6658759498061453e-05,0.35268676015622635,0.13323296878920488,0.018046140650205617,1.8883411324454788e-05,0.34162357706381796,1.827258939233784e-08,0.010994278100962858,1.2184306606618042e-09
EFT:0.1433807135777398,1.665875949806157e-05,0.35268676015622635,0.13323296878920476,0.018046140650205638,1.8883411324454886e-05,0.34162357706381796,1.8272589392338037e-08,0.010994278100962896,1.2184306606618216e-09
Random321
Raw:0.1433807135777397,1.665875949806165e-05,0.35268676015622613,0.13323296878920457,0.018046140650205635,1.8883411324454974e-05,0.34162357706381835,1.8272589392338222e-08,0.01099427810096291,1.2184306606618294e-09
EFT:0.1433807135777398,1.665875949806157e-05,0.35268676015622635,0.13323296878920476,0.018046140650205638,1.8883411324454886e-05,0.34162357706381796,1.8272589392338037e-08,0.010994278100962896,1.2184306606618216e-09
Random322
Raw:0.1433807135777396,1.6658759498061595e-05,0.3526867601562262,0.13323296878920493,0.018046140650205638,1.8883411324454913e-05,0.34162357706381813,1.827258939233803e-08,0.010994278100962901,1.2184306606618166e-09
EFT:0.1433807135777398,1.665875949806157e-05,0.35268676015622635,0.13323296878920476,0.018046140650205638,1.8883411324454886e-05,0.34162357706381796,1.8272589392338037e-08,0.010994278100962901,1.2184306606618216e-09
Random323
Raw:0.14338071357773982,1.6658759498061663e-05,0.3526867601562258,0.1332329687892048,0.018046140650205652,1.8883411324454957e-05,0.34162357706381835,1.8272589392338206e-08,0.010994278100962889,1.2184306606618282e-09
EFT:0.1433807135777398,1.665875949806157e-05,0.35268676015622635,0.13323296878920476,0.018046140650205638,1.8883411324454886e-05,0.34162357706381796,1.8272589392338037e-08,0.010994278100962896,1.2184306606618216e-09
Random324
Raw:0.14338071357773982,1.6658759498061575e-05,0.35268676015622574,0.13323296878920513,0.018046140650205617,1.888341132445489e-05,0.3416235770638183,1.827258939233807e-08,0.010994278100962878,1.218430660661815e-09
EFT:0.1433807135777398,1.665875949806157e-05,0.35268676015622635,0.13323296878920476,0.018046140650205638,1.8883411324454886e-05,0.34162357706381796,1.8272589392338037e-08,0.010994278100962901,1.2184306606618216e-09
Random325
Raw:0.14338071357773968,1.6658759498061602e-05,0.3526867601562257,0.133232968789205,0.01804614065020562,1.888341132445492e-05,0.3416235770638186,1.827258939233807e-08,0.010994278100962885,1.2184306606618193e-09
EFT:0.1433807135777398,1.665875949806157e-05,0.35268676015622635,0.13323296878920476,0.018046140650205638,1.8883411324454886e-05,0.34162357706381796,1.8272589392338037e-08,0.010994278100962896,1.2184306606618216e-09
Random326
Raw:0.14338071357773977,1.6658759498061436e-05,0.3526867601562266,0.13323296878920463,0.01804614065020561,1.8883411324454798e-05,0.3416235770638179,1.827258939233785e-08,0.010994278100962875,1.218430660661805e-09
EFT:0.1433807135777398,1.665875949806157e-05,0.35268676015622635,0.13323296878920476,0.018046140650205638,1.8883411324454886e-05,0.34162357706381796,1.8272589392338037e-08,0.010994278100962896,1.2184306606618216e-09
Random327
Raw:0.14338071357774002,1.6658759498061656e-05,0.35268676015622563,0.13323296878920507,0.018046140650205624,1.888341132445495e-05,0.3416235770638182,1.827258939233813e-08,0.010994278100962884,1.2184306606618232e-09
EFT:0.1433807135777398,1.665875949806157e-05,0.35268676015622635,0.13323296878920476,0.018046140650205638,1.8883411324454886e-05,0.34162357706381796,1.8272589392338037e-08,0.010994278100962896,1.2184306606618216e-09
Random328
Raw:0.1433807135777398,1.665875949806147e-05,0.3526867601562267,0.13323296878920501,0.018046140650205624,1.8883411324454805e-05,0.3416235770638174,1.8272589392337795e-08,0.010994278100962868,1.2184306606618052e-09
EFT:0.1433807135777398,1.665875949806157e-05,0.35268676015622635,0.13323296878920476,0.018046140650205638,1.8883411324454886e-05,0.34162357706381796,1.8272589392338037e-08,0.010994278100962896,1.2184306606618216e-09
Random329
Raw:0.14338071357773963,1.665875949806152e-05,0.3526867601562265,0.1332329687892046,0.018046140650205655,1.8883411324454828e-05,0.34162357706381813,1.827258939233798e-08,0.010994278100962892,1.2184306606618133e-09
EFT:0.1433807135777398,1.665875949806157e-05,0.35268676015622635,0.13323296878920476,0.018046140650205638,1.8883411324454886e-05,0.34162357706381796,1.8272589392338037e-08,0.010994278100962896,1.2184306606618216e-09
Random330
Raw:0.14338071357773982,1.665875949806153e-05,0.3526867601562261,0.13323296878920443,0.018046140650205576,1.8883411324454906e-05,0.34162357706381863,1.8272589392338153e-08,0.010994278100962887,1.2184306606618205e-09
EFT:0.1433807135777398,1.665875949806157e-05,0.35268676015622635,0.13323296878920476,0.018046140650205638,1.8883411324454886e-05,0.34162357706381796,1.8272589392338037e-08,0.010994278100962896,1.2184306606618216e-09
Random331
Raw:0.14338071357773968,1.665875949806165e-05,0.3526867601562267,0.1332329687892049,0.018046140650205697,1.8883411324454872e-05,0.3416235770638177,1.827258939233799e-08,0.010994278100962906,1.2184306606618226e-09
EFT:0.1433807135777398,1.665875949806157e-05,0.35268676015622635,0.13323296878920476,0.018046140650205638,1.8883411324454886e-05,0.34162357706381796,1.8272589392338037e-08,0.010994278100962901,1.2184306606618216e-09
Random332
Raw:0.1433807135777397,1.6658759498061504e-05,0.35268676015622613,0.13323296878920457,0.018046140650205635,1.8883411324454842e-05,0.34162357706381835,1.827258939233796e-08,0.010994278100962889,1.218430660661812e-09
EFT:0.1433807135777398,1.665875949806157e-05,0.35268676015622635,0.13323296878920476,0.018046140650205638,1.8883411324454886e-05,0.34162357706381796,1.8272589392338037e-08,0.010994278100962896,1.2184306606618216e-09
Random333
Raw:0.1433807135777397,1.6658759498061605e-05,0.352686760156227,0.13323296878920432,0.018046140650205697,1.8883411324454957e-05,0.34162357706381774,1.8272589392338136e-08,0.010994278100962917,1.2184306606618325e-09
EFT:0.1433807135777398,1.665875949806157e-05,0.35268676015622635,0.13323296878920476,0.018046140650205638,1.8883411324454886e-05,0.34162357706381796,1.8272589392338037e-08,0.010994278100962901,1.2184306606618216e-09
Random334
Raw:0.14338071357773968,1.6658759498061483e-05,0.35268676015622574,0.13323296878920513,0.018046140650205593,1.8883411324454788e-05,0.3416235770638183,1.8272589392337875e-08,0.010994278100962858,1.2184306606618021e-09
EFT:0.1433807135777398,1.665875949806157e-05,0.35268676015622635,0.13323296878920476,0.018046140650205638,1.8883411324454886e-05,0.34162357706381796,1.8272589392338037e-08,0.010994278100962896,1.2184306606618216e-09
Random335
Raw:0.14338071357773974,1.665875949806161e-05,0.35268676015622585,0.13323296878920482,0.01804614065020559,1.888341132445496e-05,0.3416235770638184,1.8272589392338143e-08,0.01099427810096288,1.218430660661824e-09
EFT:0.1433807135777398,1.665875949806157e-05,0.35268676015622635,0.13323296878920476,0.018046140650205638,1.8883411324454886e-05,0.34162357706381796,1.8272589392338037e-08,0.010994278100962896,1.2184306606618216e-09
Random336
Raw:0.1433807135777398,1.6658759498061605e-05,0.35268676015622635,0.13323296878920476,0.018046140650205638,1.8883411324454886e-05,0.34162357706381796,1.8272589392338037e-08,0.010994278100962906,1.2184306606618216e-09
EFT:0.1433807135777398,1.665875949806157e-05,0.35268676015622635,0.13323296878920476,0.018046140650205638,1.8883411324454886e-05,0.34162357706381796,1.8272589392338037e-08,0.010994278100962896,1.2184306606618216e-09
Random337
Raw:0.14338071357773977,1.6658759498061494e-05,0.3526867601562259,0.1332329687892046,0.018046140650205586,1.8883411324454828e-05,0.3416235770638188,1.827258939233795e-08,0.010994278100962873,1.218430660661807e-09
EFT:0.1433807135777398,1.665875949806157e-05,0.35268676015622635,0.13323296878920476,0.018046140650205638,1.8883411324454886e-05,0.34162357706381796,1.8272589392338037e-08,0.010994278100962901,1.2184306606618216e-09
Random338
Raw:0.1433807135777396,1.6658759498061504e-05,0.3526867601562262,0.13323296878920493,0.018046140650205607,1.8883411324454845e-05,0.34162357706381813,1.8272589392337964e-08,0.010994278100962882,1.2184306606618123e-09
EFT:0.1433807135777398,1.665875949806157e-05,0.35268676015622635,0.13323296878920476,0.018046140650205638,1.8883411324454886e-05,0.34162357706381796,1.8272589392338037e-08,0.010994278100962896,1.2184306606618216e-09
Random339
Raw:0.14338071357773968,1.6658759498061636e-05,0.3526867601562264,0.13323296878920468,0.018046140650205676,1.888341132445489e-05,0.341623577063818,1.8272589392338106e-08,0.010994278100962889,1.218430660661826e-09
EFT:0.1433807135777398,1.665875949806157e-05,0.35268676015622635,0.13323296878920476,0.018046140650205638,1.8883411324454886e-05,0.34162357706381796,1.8272589392338037e-08,0.010994278100962896,1.2184306606618216e-09
Random340
Raw:0.14338071357773968,1.6658759498061592e-05,0.3526867601562261,0.13323296878920513,0.01804614065020565,1.8883411324454872e-05,0.341623577063818,1.8272589392338024e-08,0.010994278100962887,1.2184306606618162e-09
EFT:0.1433807135777398,1.665875949806157e-05,0.35268676015622635,0.13323296878920476,0.018046140650205638,1.8883411324454886e-05,0.34162357706381796,1.8272589392338037e-08,0.010994278100962896,1.2184306606618216e-09
Random341
Raw:0.14338071357773988,1.665875949806155e-05,0.3526867601562259,0.13323296878920507,0.018046140650205614,1.8883411324454896e-05,0.34162357706381813,1.827258939233795e-08,0.010994278100962873,1.2184306606618112e-09
EFT:0.1433807135777398,1.665875949806157e-05,0.35268676015622635,0.13323296878920476,0.018046140650205638,1.8883411324454886e-05,0.34162357706381796,1.8272589392338037e-08,0.010994278100962901,1.2184306606618216e-09
Random342
Raw:0.14338071357773965,1.6658759498061616e-05,0.3526867601562266,0.13323296878920507,0.01804614065020569,1.8883411324454798e-05,0.3416235770638176,1.8272589392337918e-08,0.010994278100962903,1.2184306606618135e-09
EFT:0.1433807135777398,1.665875949806157e-05,0.35268676015622635,0.13323296878920476,0.018046140650205638,1.8883411324454886e-05,0.34162357706381796,1.8272589392338037e-08,0.010994278100962901,1.2184306606618216e-09
Random343
Raw:0.1433807135777398,1.665875949806157e-05,0.35268676015622635,0.13323296878920476,0.018046140650205655,1.8883411324454852e-05,0.34162357706381796,1.8272589392338037e-08,0.010994278100962896,1.2184306606618216e-09
EFT:0.1433807135777398,1.665875949806157e-05,0.35268676015622635,0.13323296878920476,0.018046140650205638,1.8883411324454886e-05,0.34162357706381796,1.8272589392338037e-08,0.010994278100962901,1.2184306606618216e-09
Random344
Raw:0.14338071357773965,1.6658759498061602e-05,0.3526867601562263,0.13323296878920474,0.01804614065020562,1.8883411324454984e-05,0.34162357706381824,1.8272589392338166e-08,0.010994278100962894,1.2184306606618255e-09
EFT:0.1433807135777398,1.665875949806157e-05,0.35268676015622635,0.13323296878920476,0.018046140650205638,1.8883411324454886e-05,0.34162357706381796,1.8272589392338037e-08,0.010994278100962901,1.2184306606618216e-09
Random345
Raw:0.14338071357773968,1.665875949806157e-05,0.3526867601562257,0.1332329687892052,0.018046140650205638,1.8883411324454886e-05,0.34162357706381824,1.8272589392338004e-08,0.010994278100962885,1.2184306606618147e-09
EFT:0.1433807135777398,1.665875949806157e-05,0.35268676015622635,0.13323296878920476,0.018046140650205638,1.8883411324454886e-05,0.34162357706381796,1.8272589392338037e-08,0.010994278100962896,1.2184306606618216e-09
Random346
Raw:0.14338071357773974,1.6658759498061626e-05,0.3526867601562262,0.13323296878920482,0.018046140650205638,1.8883411324454977e-05,0.34162357706381813,1.827258939233816e-08,0.01099427810096289,1.218430660661825e-09
EFT:0.1433807135777398,1.665875949806157e-05,0.35268676015622635,0.13323296878920476,0.018046140650205638,1.8883411324454886e-05,0.34162357706381796,1.8272589392338037e-08,0.010994278100962901,1.2184306606618216e-09
Random347
Raw:0.1433807135777398,1.6658759498061524e-05,0.35268676015622596,0.1332329687892045,0.018046140650205596,1.8883411324454967e-05,0.3416235770638185,1.8272589392338212e-08,0.010994278100962884,1.2184306606618201e-09
EFT:0.1433807135777398,1.665875949806157e-05,0.35268676015622635,0.13323296878920476,0.018046140650205638,1.8883411324454886e-05,0.34162357706381796,1.8272589392338037e-08,0.010994278100962896,1.2184306606618216e-09
Random348
Raw:0.14338071357773993,1.665875949806157e-05,0.35268676015622635,0.13323296878920465,0.018046140650205607,1.8883411324454954e-05,0.34162357706381796,1.8272589392338103e-08,0.010994278100962887,1.2184306606618216e-09
EFT:0.1433807135777398,1.665875949806157e-05,0.35268676015622635,0.13323296878920476,0.018046140650205638,1.8883411324454886e-05,0.34162357706381796,1.8272589392338037e-08,0.010994278100962896,1.2184306606618216e-09
Random349
Raw:0.1433807135777396,1.665875949806161e-05,0.35268676015622585,0.1332329687892053,0.018046140650205655,1.888341132445486e-05,0.3416235770638181,1.827258939233801e-08,0.01099427810096288,1.2184306606618154e-09
EFT:0.1433807135777398,1.665875949806157e-05,0.35268676015622635,0.13323296878920476,0.018046140650205638,1.8883411324454886e-05,0.34162357706381796,1.8272589392338037e-08,0.010994278100962896,1.2184306606618216e-09
Random350
Raw:0.14338071357773974,1.6658759498061504e-05,0.3526867601562262,0.13323296878920482,0.018046140650205614,1.8883411324454913e-05,0.34162357706381813,1.827258939233803e-08,0.01099427810096289,1.2184306606618166e-09
EFT:0.1433807135777398,1.665875949806157e-05,0.35268676015622635,0.13323296878920476,0.018046140650205638,1.8883411324454886e-05,0.34162357706381796,1.8272589392338037e-08,0.010994278100962896,1.2184306606618216e-09
Random351
Raw:0.14338071357773968,1.665875949806153e-05,0.3526867601562261,0.13323296878920443,0.01804614065020561,1.8883411324454906e-05,0.34162357706381863,1.827258939233809e-08,0.010994278100962878,1.2184306606618205e-09
EFT:0.1433807135777398,1.665875949806157e-05,0.35268676015622635,0.13323296878920476,0.018046140650205638,1.8883411324454886e-05,0.34162357706381796,1.8272589392338037e-08,0.010994278100962901,1.2184306606618216e-09
Random352
Raw:0.14338071357773968,1.665875949806159e-05,0.3526867601562267,0.1332329687892049,0.01804614065020568,1.8883411324454906e-05,0.3416235770638177,1.8272589392338053e-08,0.010994278100962906,1.2184306606618226e-09
EFT:0.1433807135777398,1.665875949806157e-05,0.35268676015622635,0.13323296878920476,0.018046140650205638,1.8883411324454886e-05,0.34162357706381796,1.8272589392338037e-08,0.010994278100962901,1.2184306606618216e-09
Random353
Raw:0.14338071357773965,1.665875949806157e-05,0.35268676015622635,0.13323296878920488,0.01804614065020565,1.8883411324454852e-05,0.34162357706381796,1.827258939233797e-08,0.010994278100962887,1.2184306606618127e-09
EFT:0.1433807135777398,1.665875949806157e-05,0.35268676015622635,0.13323296878920476,0.018046140650205638,1.8883411324454886e-05,0.34162357706381796,1.8272589392338037e-08,0.010994278100962901,1.2184306606618216e-09
Random354
Raw:0.14338071357774,1.6658759498061636e-05,0.35268676015622524,0.1332329687892053,0.018046140650205624,1.8883411324454896e-05,0.34162357706381846,1.827258939233798e-08,0.010994278100962871,1.2184306606618176e-09
EFT:0.1433807135777398,1.665875949806157e-05,0.35268676015622635,0.13323296878920476,0.018046140650205638,1.8883411324454886e-05,0.34162357706381796,1.8272589392338037e-08,0.010994278100962896,1.2184306606618216e-09
Random355
Raw:0.14338071357773985,1.6658759498061517e-05,0.35268676015622646,0.1332329687892042,0.01804614065020559,1.888341132445486e-05,0.3416235770638184,1.8272589392338043e-08,0.01099427810096288,1.2184306606618174e-09
EFT:0.1433807135777398,1.665875949806157e-05,0.35268676015622635,0.13323296878920476,0.018046140650205638,1.8883411324454886e-05,0.34162357706381796,1.8272589392338037e-08,0.010994278100962896,1.2184306606618216e-09
Random356
Raw:0.14338071357773988,1.6658759498061402e-05,0.3526867601562265,0.1332329687892045,0.01804614065020555,1.8883411324454828e-05,0.34162357706381813,1.8272589392337914e-08,0.010994278100962873,1.2184306606618048e-09
EFT:0.1433807135777398,1.665875949806157e-05,0.35268676015622635,0.13323296878920476,0.018046140650205638,1.8883411324454886e-05,0.34162357706381796,1.8272589392338037e-08,0.010994278100962896,1.2184306606618216e-09
Random357
Raw:0.14338071357773963,1.665875949806146e-05,0.3526867601562265,0.13323296878920493,0.018046140650205624,1.888341132445473e-05,0.34162357706381785,1.8272589392337722e-08,0.010994278100962873,1.2184306606617961e-09
EFT:0.1433807135777398,1.665875949806157e-05,0.35268676015622635,0.13323296878920476,0.018046140650205638,1.8883411324454886e-05,0.34162357706381796,1.8272589392338037e-08,0.010994278100962901,1.2184306606618216e-09
Random358
Raw:0.14338071357773985,1.665875949806161e-05,0.35268676015622646,0.13323296878920468,0.018046140650205652,1.8883411324454926e-05,0.3416235770638178,1.827258939233811e-08,0.01099427810096288,1.218430660661822e-09
EFT:0.1433807135777398,1.665875949806157e-05,0.35268676015622635,0.13323296878920476,0.018046140650205638,1.8883411324454886e-05,0.34162357706381796,1.8272589392338037e-08,0.010994278100962896,1.2184306606618216e-09
Random359
Raw:0.14338071357773974,1.6658759498061582e-05,0.3526867601562265,0.13323296878920482,0.01804614065020567,1.8883411324454862e-05,0.34162357706381785,1.827258939233798e-08,0.010994278100962911,1.2184306606618176e-09
EFT:0.1433807135777398,1.665875949806157e-05,0.35268676015622635,0.13323296878920476,0.018046140650205638,1.8883411324454886e-05,0.34162357706381796,1.8272589392338037e-08,0.010994278100962901,1.2184306606618216e-09
Random360
Raw:0.1433807135777397,1.6658759498061666e-05,0.35268676015622646,0.13323296878920493,0.018046140650205687,1.8883411324454893e-05,0.3416235770638178,1.8272589392338043e-08,0.01099427810096289,1.218430660661822e-09
EFT:0.1433807135777398,1.665875949806157e-05,0.35268676015622635,0.13323296878920476,0.018046140650205638,1.8883411324454886e-05,0.34162357706381796,1.8272589392338037e-08,0.010994278100962901,1.2184306606618216e-09
Random361
Raw:0.1433807135777398,1.6658759498061558e-05,0.35268676015622663,0.13323296878920476,0.018046140650205645,1.88834113244548e-05,0.34162357706381763,1.8272589392337855e-08,0.010994278100962885,1.2184306606618137e-09
EFT:0.1433807135777398,1.665875949806157e-05,0.35268676015622635,0.13323296878920476,0.018046140650205638,1.8883411324454886e-05,0.34162357706381796,1.8272589392338037e-08,0.010994278100962896,1.2184306606618216e-09
Random362
Raw:0.14338071357773974,1.6658759498061473e-05,0.3526867601562268,0.13323296878920424,0.018046140650205638,1.8883411324454845e-05,0.34162357706381813,1.8272589392337994e-08,0.01099427810096289,1.2184306606618143e-09
EFT:0.1433807135777398,1.665875949806157e-05,0.35268676015622635,0.13323296878920476,0.018046140650205638,1.8883411324454886e-05,0.34162357706381796,1.8272589392338037e-08,0.010994278100962901,1.2184306606618216e-09
Random363
Raw:0.14338071357773985,1.6658759498061592e-05,0.35268676015622613,0.13323296878920515,0.018046140650205645,1.8883411324454842e-05,0.3416235770638178,1.827258939233796e-08,0.01099427810096288,1.2184306606618164e-09
EFT:0.1433807135777398,1.665875949806157e-05,0.35268676015622635,0.13323296878920476,0.018046140650205638,1.8883411324454886e-05,0.34162357706381796,1.8272589392338037e-08,0.010994278100962896,1.2184306606618216e-09
Random364
Raw:0.14338071357773996,1.665875949806162e-05,0.3526867601562261,0.1332329687892049,0.018046140650205635,1.8883411324454974e-05,0.341623577063818,1.827258939233809e-08,0.010994278100962887,1.2184306606618249e-09
EFT:0.1433807135777398,1.665875949806157e-05,0.35268676015622635,0.13323296878920476,0.018046140650205638,1.8883411324454886e-05,0.34162357706381796,1.8272589392338037e-08,0.010994278100962896,1.2184306606618216e-09
Random365
Raw:0.14338071357773968,1.6658759498061602e-05,0.3526867601562257,0.13323296878920488,0.018046140650205614,1.8883411324454886e-05,0.3416235770638186,1.827258939233807e-08,0.010994278100962877,1.2184306606618193e-09
EFT:0.1433807135777398,1.665875949806157e-05,0.35268676015622635,0.13323296878920476,0.018046140650205638,1.8883411324454886e-05,0.34162357706381796,1.8272589392338037e-08,0.010994278100962901,1.2184306606618216e-09
Random366
Raw:0.14338071357773957,1.6658759498061473e-05,0.35268676015622613,0.13323296878920515,0.01804614065020561,1.8883411324454774e-05,0.3416235770638181,1.8272589392337895e-08,0.01099427810096287,1.2184306606618034e-09
EFT:0.1433807135777398,1.665875949806157e-05,0.35268676015622635,0.13323296878920476,0.018046140650205638,1.8883411324454886e-05,0.34162357706381796,1.8272589392338037e-08,0.010994278100962901,1.2184306606618216e-09
Random367
Raw:0.14338071357773977,1.665875949806148e-05,0.35268676015622624,0.13323296878920496,0.01804614065020561,1.8883411324454713e-05,0.34162357706381785,1.8272589392337772e-08,0.010994278100962854,1.2184306606618038e-09
EFT:0.1433807135777398,1.665875949806157e-05,0.35268676015622635,0.13323296878920476,0.018046140650205638,1.8883411324454886e-05,0.34162357706381796,1.8272589392338037e-08,0.010994278100962896,1.2184306606618216e-09
Random368
Raw:0.14338071357773985,1.665875949806146e-05,0.35268676015622585,0.13323296878920446,0.018046140650205558,1.888341132445486e-05,0.34162357706381874,1.8272589392337947e-08,0.01099427810096288,1.218430660661811e-09
EFT:0.1433807135777398,1.665875949806157e-05,0.35268676015622635,0.13323296878920476,0.018046140650205638,1.8883411324454886e-05,0.34162357706381796,1.8272589392338037e-08,0.010994278100962896,1.2184306606618216e-09
Random369
Raw:0.1433807135777398,1.665875949806159e-05,0.352686760156226,0.1332329687892051,0.018046140650205645,1.8883411324454767e-05,0.34162357706381796,1.827258939233789e-08,0.010994278100962885,1.2184306606618116e-09
EFT:0.1433807135777398,1.665875949806157e-05,0.35268676015622635,0.13323296878920476,0.018046140650205638,1.8883411324454886e-05,0.34162357706381796,1.8272589392338037e-08,0.010994278100962896,1.2184306606618216e-09
Random370
Raw:0.14338071357773965,1.6658759498061514e-05,0.35268676015622635,0.1332329687892043,0.01804614065020559,1.888341132445492e-05,0.3416235770638186,1.8272589392338103e-08,0.010994278100962877,1.2184306606618172e-09
EFT:0.1433807135777398,1.665875949806157e-05,0.35268676015622635,0.13323296878920476,0.018046140650205638,1.8883411324454886e-05,0.34162357706381796,1.8272589392338037e-08,0.010994278100962901,1.2184306606618216e-09
Random371
Raw:0.1433807135777398,1.6658759498061558e-05,0.35268676015622663,0.13323296878920451,0.018046140650205638,1.8883411324454937e-05,0.34162357706381796,1.8272589392338116e-08,0.010994278100962896,1.2184306606618224e-09
EFT:0.1433807135777398,1.665875949806157e-05,0.35268676015622635,0.13323296878920476,0.018046140650205638,1.8883411324454886e-05,0.34162357706381796,1.8272589392338037e-08,0.010994278100962901,1.2184306606618216e-09
Random372
Raw:0.14338071357773985,1.6658759498061548e-05,0.35268676015622646,0.13323296878920468,0.018046140650205628,1.8883411324454926e-05,0.3416235770638178,1.8272589392338043e-08,0.01099427810096288,1.2184306606618174e-09
EFT:0.1433807135777398,1.665875949806157e-05,0.35268676015622635,0.13323296878920476,0.018046140650205638,1.8883411324454886e-05,0.34162357706381796,1.8272589392338037e-08,0.010994278100962901,1.2184306606618216e-09
Random373
Raw:0.1433807135777398,1.6658759498061497e-05,0.352686760156226,0.13323296878920535,0.018046140650205614,1.8883411324454767e-05,0.3416235770638177,1.8272589392337825e-08,0.010994278100962858,1.218430660661803e-09
EFT:0.1433807135777398,1.665875949806157e-05,0.35268676015622635,0.13323296878920476,0.018046140650205638,1.8883411324454886e-05,0.34162357706381796,1.8272589392338037e-08,0.010994278100962896,1.2184306606618216e-09
Random374
Raw:0.1433807135777398,1.665875949806147e-05,0.3526867601562267,0.13323296878920465,0.01804614065020563,1.8883411324454937e-05,0.3416235770638177,1.827258939233812e-08,0.010994278100962878,1.2184306606618226e-09
EFT:0.1433807135777398,1.665875949806157e-05,0.35268676015622635,0.13323296878920476,0.018046140650205638,1.8883411324454886e-05,0.34162357706381796,1.8272589392338037e-08,0.010994278100962896,1.2184306606618216e-09
Random375
Raw:0.14338071357773974,1.665875949806152e-05,0.35268676015622585,0.13323296878920482,0.01804614065020559,1.8883411324454828e-05,0.3416235770638184,1.8272589392337947e-08,0.01099427810096288,1.218430660661811e-09
EFT:0.1433807135777398,1.665875949806157e-05,0.35268676015622635,0.13323296878920476,0.018046140650205638,1.8883411324454886e-05,0.34162357706381796,1.8272589392338037e-08,0.010994278100962901,1.2184306606618216e-09
Random376
Raw:0.14338071357773965,1.6658759498061555e-05,0.3526867601562266,0.13323296878920485,0.01804614065020565,1.8883411324454798e-05,0.3416235770638179,1.827258939233785e-08,0.010994278100962903,1.2184306606618135e-09
EFT:0.1433807135777398,1.665875949806157e-05,0.35268676015622635,0.13323296878920476,0.018046140650205638,1.8883411324454886e-05,0.34162357706381796,1.8272589392338037e-08,0.010994278100962896,1.2184306606618216e-09
Random377
Raw:0.1433807135777398,1.665875949806159e-05,0.3526867601562267,0.13323296878920443,0.01804614065020565,1.8883411324454906e-05,0.341623577063818,1.827258939233812e-08,0.010994278100962906,1.2184306606618226e-09
EFT:0.1433807135777398,1.665875949806157e-05,0.35268676015622635,0.13323296878920476,0.018046140650205638,1.8883411324454886e-05,0.34162357706381796,1.8272589392338037e-08,0.010994278100962896,1.2184306606618216e-09
Random378
Raw:0.14338071357774,1.6658759498061666e-05,0.35268676015622585,0.13323296878920493,0.018046140650205655,1.8883411324455028e-05,0.3416235770638181,1.827258939233821e-08,0.010994278100962901,1.2184306606618327e-09
EFT:0.1433807135777398,1.665875949806157e-05,0.35268676015622635,0.13323296878920476,0.018046140650205638,1.8883411324454886e-05,0.34162357706381796,1.8272589392338037e-08,0.010994278100962896,1.2184306606618216e-09
Random379
Raw:0.1433807135777398,1.665875949806162e-05,0.3526867601562267,0.13323296878920443,0.018046140650205666,1.8883411324454937e-05,0.341623577063818,1.827258939233812e-08,0.010994278100962906,1.2184306606618313e-09
EFT:0.1433807135777398,1.665875949806157e-05,0.35268676015622635,0.13323296878920476,0.018046140650205638,1.8883411324454886e-05,0.34162357706381796,1.8272589392338037e-08,0.010994278100962896,1.2184306606618216e-09
Random380
Raw:0.1433807135777398,1.6658759498061558e-05,0.35268676015622663,0.13323296878920488,0.01804614065020563,1.888341132445487e-05,0.34162357706381763,1.8272589392337987e-08,0.010994278100962885,1.218430660661818e-09
EFT:0.1433807135777398,1.665875949806157e-05,0.35268676015622635,0.13323296878920476,0.018046140650205638,1.8883411324454886e-05,0.34162357706381796,1.8272589392338037e-08,0.010994278100962896,1.2184306606618216e-09
Random381
Raw:0.14338071357773965,1.6658759498061633e-05,0.35268676015622635,0.13323296878920488,0.018046140650205673,1.8883411324454886e-05,0.34162357706381796,1.8272589392338037e-08,0.010994278100962906,1.2184306606618216e-09
EFT:0.1433807135777398,1.665875949806157e-05,0.35268676015622635,0.13323296878920476,0.018046140650205638,1.8883411324454886e-05,0.34162357706381796,1.8272589392338037e-08,0.010994278100962901,1.2184306606618216e-09
Random382
Raw:0.14338071357773996,1.665875949806165e-05,0.35268676015622613,0.13323296878920504,0.018046140650205635,1.888341132445491e-05,0.3416235770638178,1.827258939233809e-08,0.01099427810096288,1.2184306606618207e-09
EFT:0.1433807135777398,1.665875949806157e-05,0.35268676015622635,0.13323296878920476,0.018046140650205638,1.8883411324454886e-05,0.34162357706381796,1.8272589392338037e-08,0.010994278100962896,1.2184306606618216e-09
Random383
Raw:0.14338071357773965,1.6658759498061555e-05,0.3526867601562266,0.13323296878920485,0.018046140650205666,1.8883411324454798e-05,0.3416235770638179,1.8272589392337918e-08,0.010994278100962875,1.2184306606618094e-09
EFT:0.1433807135777398,1.665875949806157e-05,0.35268676015622635,0.13323296878920476,0.018046140650205638,1.8883411324454886e-05,0.34162357706381796,1.8272589392338037e-08,0.010994278100962901,1.2184306606618216e-09
Random384
Raw:0.14338071357773952,1.665875949806151e-05,0.3526867601562263,0.13323296878920485,0.01804614065020562,1.8883411324454852e-05,0.34162357706381824,1.827258939233797e-08,0.010994278100962885,1.2184306606618127e-09
EFT:0.1433807135777398,1.665875949806157e-05,0.35268676015622635,0.13323296878920476,0.018046140650205638,1.8883411324454886e-05,0.34162357706381796,1.8272589392338037e-08,0.010994278100962901,1.2184306606618216e-09
Random385
Raw:0.1433807135777397,1.6658759498061663e-05,0.3526867601562258,0.13323296878920501,0.01804614065020566,1.888341132445489e-05,0.34162357706381835,1.827258939233814e-08,0.010994278100962908,1.2184306606618195e-09
EFT:0.1433807135777398,1.665875949806157e-05,0.35268676015622635,0.13323296878920476,0.018046140650205638,1.8883411324454886e-05,0.34162357706381796,1.8272589392338037e-08,0.010994278100962896,1.2184306606618216e-09
Random386
Raw:0.14338071357773985,1.665875949806164e-05,0.35268676015622646,0.1332329687892048,0.018046140650205652,1.8883411324454926e-05,0.3416235770638178,1.827258939233811e-08,0.0109942781009629,1.218430660661822e-09
EFT:0.1433807135777398,1.665875949806157e-05,0.35268676015622635,0.13323296878920476,0.018046140650205638,1.8883411324454886e-05,0.34162357706381796,1.8272589392338037e-08,0.010994278100962901,1.2184306606618216e-09
Random387
Raw:0.14338071357773977,1.6658759498061656e-05,0.35268676015622624,0.1332329687892047,0.018046140650205655,1.8883411324454913e-05,0.3416235770638182,1.8272589392338096e-08,0.010994278100962913,1.2184306606618212e-09
EFT:0.1433807135777398,1.665875949806157e-05,0.35268676015622635,0.13323296878920476,0.018046140650205638,1.8883411324454886e-05,0.34162357706381796,1.8272589392338037e-08,0.010994278100962896,1.2184306606618216e-09
Random388
Raw:0.14338071357773988,1.6658759498061494e-05,0.3526867601562259,0.13323296878920507,0.01804614065020556,1.8883411324454964e-05,0.34162357706381813,1.8272589392338146e-08,0.010994278100962854,1.2184306606618156e-09
EFT:0.1433807135777398,1.665875949806157e-05,0.35268676015622635,0.13323296878920476,0.018046140650205638,1.8883411324454886e-05,0.34162357706381796,1.8272589392338037e-08,0.010994278100962896,1.2184306606618216e-09
Random389
Raw:0.14338071357773977,1.6658759498061538e-05,0.35268676015622563,0.13323296878920507,0.01804614065020561,1.8883411324454815e-05,0.3416235770638185,1.8272589392337868e-08,0.010994278100962884,1.2184306606618102e-09
EFT:0.1433807135777398,1.665875949806157e-05,0.35268676015622635,0.13323296878920476,0.018046140650205638,1.8883411324454886e-05,0.34162357706381796,1.8272589392338037e-08,0.010994278100962896,1.2184306606618216e-09
Random390
Raw:0.14338071357773977,1.665875949806155e-05,0.3526867601562259,0.13323296878920507,0.01804614065020563,1.8883411324454828e-05,0.34162357706381813,1.8272589392337885e-08,0.010994278100962863,1.218430660661807e-09
EFT:0.1433807135777398,1.665875949806157e-05,0.35268676015622635,0.13323296878920476,0.018046140650205638,1.8883411324454886e-05,0.34162357706381796,1.8272589392338037e-08,0.010994278100962901,1.2184306606618216e-09
Random391
Raw:0.14338071357773977,1.6658759498061626e-05,0.35268676015622624,0.13323296878920496,0.018046140650205666,1.888341132445485e-05,0.34162357706381785,1.8272589392337967e-08,0.010994278100962903,1.2184306606618168e-09
EFT:0.1433807135777398,1.665875949806157e-05,0.35268676015622635,0.13323296878920476,0.018046140650205638,1.8883411324454886e-05,0.34162357706381796,1.8272589392338037e-08,0.010994278100962896,1.2184306606618216e-09
Random392
Raw:0.14338071357773952,1.6658759498061507e-05,0.35268676015622624,0.1332329687892047,0.018046140650205624,1.888341132445485e-05,0.34162357706381846,1.827258939233803e-08,0.010994278100962873,1.2184306606618125e-09
EFT:0.1433807135777398,1.665875949806157e-05,0.35268676015622635,0.13323296878920476,0.018046140650205638,1.8883411324454886e-05,0.34162357706381796,1.8272589392338037e-08,0.010994278100962896,1.2184306606618216e-09
Random393
Raw:0.14338071357773974,1.6658759498061582e-05,0.35268676015622585,0.13323296878920482,0.01804614065020562,1.8883411324454893e-05,0.3416235770638184,1.8272589392338077e-08,0.01099427810096289,1.2184306606618197e-09
EFT:0.1433807135777398,1.665875949806157e-05,0.35268676015622635,0.13323296878920476,0.018046140650205638,1.8883411324454886e-05,0.34162357706381796,1.8272589392338037e-08,0.010994278100962896,1.2184306606618216e-09
Random394
Raw:0.14338071357773982,1.665875949806162e-05,0.3526867601562261,0.13323296878920465,0.01804614065020565,1.888341132445484e-05,0.3416235770638183,1.8272589392338024e-08,0.010994278100962897,1.2184306606618205e-09
EFT:0.1433807135777398,1.665875949806157e-05,0.35268676015622635,0.13323296878920476,0.018046140650205638,1.8883411324454886e-05,0.34162357706381796,1.8272589392338037e-08,0.010994278100962896,1.2184306606618216e-09
Random395
Raw:0.1433807135777398,1.665875949806159e-05,0.3526867601562267,0.1332329687892043,0.018046140650205666,1.8883411324454937e-05,0.341623577063818,1.8272589392338186e-08,0.010994278100962906,1.218430660661827e-09
EFT:0.1433807135777398,1.665875949806157e-05,0.35268676015622635,0.13323296878920476,0.018046140650205638,1.8883411324454886e-05,0.34162357706381796,1.8272589392338037e-08,0.010994278100962896,1.2184306606618216e-09
Random396
Raw:0.14338071357773977,1.6658759498061507e-05,0.35268676015622624,0.1332329687892047,0.018046140650205624,1.8883411324454913e-05,0.3416235770638182,1.827258939233803e-08,0.010994278100962884,1.2184306606618168e-09
EFT:0.1433807135777398,1.665875949806157e-05,0.35268676015622635,0.13323296878920476,0.018046140650205638,1.8883411324454886e-05,0.34162357706381796,1.8272589392338037e-08,0.010994278100962901,1.2184306606618216e-09
Random397
Raw:0.14338071357773985,1.665875949806161e-05,0.35268676015622585,0.13323296878920457,0.018046140650205628,1.888341132445496e-05,0.34162357706381874,1.827258939233821e-08,0.010994278100962901,1.2184306606618284e-09
EFT:0.1433807135777398,1.665875949806157e-05,0.35268676015622635,0.13323296878920476,0.018046140650205638,1.8883411324454886e-05,0.34162357706381796,1.8272589392338037e-08,0.010994278100962896,1.2184306606618216e-09
Random398
Raw:0.14338071357773982,1.6658759498061548e-05,0.3526867601562264,0.13323296878920454,0.018046140650205652,1.888341132445479e-05,0.341623577063818,1.827258939233791e-08,0.010994278100962897,1.2184306606618087e-09
EFT:0.1433807135777398,1.665875949806157e-05,0.35268676015622635,0.13323296878920476,0.018046140650205638,1.8883411324454886e-05,0.34162357706381796,1.8272589392338037e-08,0.010994278100962896,1.2184306606618216e-09
Random399
Raw:0.1433807135777398,1.6658759498061436e-05,0.35268676015622596,0.13323296878920496,0.018046140650205572,1.8883411324454798e-05,0.3416235770638182,1.8272589392337888e-08,0.010994278100962864,1.2184306606618027e-09
EFT:0.1433807135777398,1.665875949806157e-05,0.35268676015622635,0.13323296878920476,0.018046140650205638,1.8883411324454886e-05,0.34162357706381796,1.8272589392338037e-08,0.010994278100962896,1.2184306606618216e-09
Random400
Raw:0.1433807135777398,1.6658759498061643e-05,0.35268676015622596,0.1332329687892052,0.018046140650205652,1.8883411324454933e-05,0.3416235770638179,1.8272589392338017e-08,0.010994278100962894,1.2184306606618245e-09
EFT:0.1433807135777398,1.665875949806157e-05,0.35268676015622635,0.13323296878920476,0.018046140650205638,1.8883411324454886e-05,0.34162357706381796,1.8272589392338037e-08,0.010994278100962896,1.2184306606618216e-09
Random401
Raw:0.1433807135777399,1.6658759498061555e-05,0.3526867601562266,0.13323296878920438,0.018046140650205596,1.8883411324454933e-05,0.3416235770638182,1.8272589392338113e-08,0.010994278100962894,1.2184306606618222e-09
EFT:0.1433807135777398,1.665875949806157e-05,0.35268676015622635,0.13323296878920476,0.018046140650205638,1.8883411324454886e-05,0.34162357706381796,1.8272589392338037e-08,0.010994278100962896,1.2184306606618216e-09
Random402
Raw:0.14338071357773968,1.6658759498061426e-05,0.3526867601562264,0.13323296878920407,0.018046140650205586,1.8883411324454855e-05,0.34162357706381863,1.827258939233804e-08,0.010994278100962889,1.2184306606618129e-09
EFT:0.1433807135777398,1.665875949806157e-05,0.35268676015622635,0.13323296878920476,0.018046140650205638,1.8883411324454886e-05,0.34162357706381796,1.8272589392338037e-08,0.010994278100962896,1.2184306606618216e-09
Random403
Raw:0.14338071357773977,1.665875949806145e-05,0.35268676015622624,0.1332329687892045,0.018046140650205593,1.8883411324454815e-05,0.34162357706381846,1.8272589392337967e-08,0.010994278100962892,1.2184306606618038e-09
EFT:0.1433807135777398,1.665875949806157e-05,0.35268676015622635,0.13323296878920476,0.018046140650205638,1.8883411324454886e-05,0.34162357706381796,1.8272589392338037e-08,0.010994278100962896,1.2184306606618216e-09
Random404
Raw:0.14338071357773974,1.6658759498061568e-05,0.3526867601562256,0.13323296878920493,0.01804614065020563,1.888341132445481e-05,0.34162357706381874,1.827258939233793e-08,0.010994278100962882,1.21843066066181e-09
EFT:0.1433807135777398,1.665875949806157e-05,0.35268676015622635,0.13323296878920476,0.018046140650205638,1.8883411324454886e-05,0.34162357706381796,1.8272589392338037e-08,0.010994278100962896,1.2184306606618216e-09
Random405
Raw:0.14338071357773968,1.6658759498061558e-05,0.352686760156226,0.13323296878920463,0.0180461406502056,1.8883411324454903e-05,0.3416235770638186,1.8272589392338153e-08,0.010994278100962877,1.218430660661816e-09
EFT:0.1433807135777398,1.665875949806157e-05,0.35268676015622635,0.13323296878920476,0.018046140650205638,1.8883411324454886e-05,0.34162357706381796,1.8272589392338037e-08,0.010994278100962896,1.2184306606618216e-09
Random406
Raw:0.14338071357773996,1.6658759498061592e-05,0.3526867601562261,0.13323296878920465,0.01804614065020561,1.8883411324454906e-05,0.3416235770638183,1.8272589392338153e-08,0.010994278100962897,1.2184306606618205e-09
EFT:0.1433807135777398,1.665875949806157e-05,0.35268676015622635,0.13323296878920476,0.018046140650205638,1.8883411324454886e-05,0.34162357706381796,1.8272589392338037e-08,0.010994278100962896,1.2184306606618216e-09
Random407
Raw:0.14338071357773996,1.6658759498061575e-05,0.3526867601562264,0.13323296878920468,0.018046140650205635,1.8883411324454923e-05,0.34162357706381774,1.827258939233804e-08,0.010994278100962889,1.2184306606618218e-09
EFT:0.1433807135777398,1.665875949806157e-05,0.35268676015622635,0.13323296878920476,0.018046140650205638,1.8883411324454886e-05,0.34162357706381796,1.8272589392338037e-08,0.010994278100962901,1.2184306606618216e-09
Random408
Raw:0.14338071357773957,1.665875949806156e-05,0.35268676015622613,0.13323296878920515,0.01804614065020566,1.888341132445491e-05,0.3416235770638181,1.8272589392338027e-08,0.010994278100962889,1.2184306606618164e-09
EFT:0.1433807135777398,1.665875949806157e-05,0.35268676015622635,0.13323296878920476,0.018046140650205638,1.8883411324454886e-05,0.34162357706381796,1.8272589392338037e-08,0.010994278100962901,1.2184306606618216e-09
Random409
Raw:0.14338071357773965,1.665875949806151e-05,0.3526867601562263,0.133232968789205,0.01804614065020562,1.8883411324454784e-05,0.3416235770638179,1.8272589392337904e-08,0.010994278100962875,1.218430660661804e-09
EFT:0.1433807135777398,1.665875949806157e-05,0.35268676015622635,0.13323296878920476,0.018046140650205638,1.8883411324454886e-05,0.34162357706381796,1.8272589392338037e-08,0.010994278100962901,1.2184306606618216e-09
Random410
Raw:0.14338071357773996,1.6658759498061504e-05,0.35268676015622613,0.1332329687892048,0.018046140650205603,1.888341132445491e-05,0.3416235770638181,1.8272589392338027e-08,0.01099427810096287,1.2184306606618164e-09
EFT:0.1433807135777398,1.665875949806157e-05,0.35268676015622635,0.13323296878920476,0.018046140650205638,1.8883411324454886e-05,0.34162357706381796,1.8272589392338037e-08,0.010994278100962896,1.2184306606618216e-09
Random411
Raw:0.14338071357773968,1.665875949806156e-05,0.3526867601562267,0.13323296878920476,0.01804614065020564,1.8883411324454872e-05,0.3416235770638177,1.827258939233799e-08,0.010994278100962897,1.2184306606618183e-09
EFT:0.1433807135777398,1.665875949806157e-05,0.35268676015622635,0.13323296878920476,0.018046140650205638,1.8883411324454886e-05,0.34162357706381796,1.8272589392338037e-08,0.010994278100962896,1.2184306606618216e-09
Random412
Raw:0.1433807135777399,1.6658759498061524e-05,0.35268676015622596,0.13323296878920463,0.018046140650205596,1.8883411324454865e-05,0.3416235770638185,1.8272589392338017e-08,0.010994278100962884,1.2184306606618158e-09
EFT:0.1433807135777398,1.665875949806157e-05,0.35268676015622635,0.13323296878920476,0.018046140650205638,1.8883411324454886e-05,0.34162357706381796,1.8272589392338037e-08,0.010994278100962901,1.2184306606618216e-09
Random413
Raw:0.14338071357774,1.665875949806152e-05,0.35268676015622585,0.13323296878920468,0.018046140650205572,1.888341132445486e-05,0.3416235770638184,1.8272589392337947e-08,0.010994278100962861,1.218430660661811e-09
EFT:0.1433807135777398,1.665875949806157e-05,0.35268676015622635,0.13323296878920476,0.018046140650205638,1.8883411324454886e-05,0.34162357706381796,1.8272589392338037e-08,0.010994278100962896,1.2184306606618216e-09
Random414
Raw:0.14338071357773963,1.665875949806145e-05,0.35268676015622624,0.1332329687892045,0.018046140650205593,1.888341132445485e-05,0.34162357706381846,1.8272589392337967e-08,0.010994278100962892,1.2184306606618125e-09
EFT:0.1433807135777398,1.665875949806157e-05,0.35268676015622635,0.13323296878920476,0.018046140650205638,1.8883411324454886e-05,0.34162357706381796,1.8272589392338037e-08,0.010994278100962896,1.2184306606618216e-09
Random415
Raw:0.14338071357773993,1.6658759498061616e-05,0.352686760156226,0.13323296878920476,0.01804614065020563,1.8883411324454903e-05,0.34162357706381824,1.827258939233802e-08,0.010994278100962877,1.2184306606618203e-09
EFT:0.1433807135777398,1.665875949806157e-05,0.35268676015622635,0.13323296878920476,0.018046140650205638,1.8883411324454886e-05,0.34162357706381796,1.8272589392338037e-08,0.010994278100962896,1.2184306606618216e-09
Random416
Raw:0.14338071357773977,1.665875949806155e-05,0.3526867601562259,0.13323296878920507,0.018046140650205624,1.8883411324454828e-05,0.34162357706381813,1.827258939233795e-08,0.010994278100962882,1.2184306606618112e-09
EFT:0.1433807135777398,1.665875949806157e-05,0.35268676015622635,0.13323296878920476,0.018046140650205638,1.8883411324454886e-05,0.34162357706381796,1.8272589392338037e-08,0.010994278100962901,1.2184306606618216e-09
Random417
Raw:0.1433807135777398,1.6658759498061633e-05,0.35268676015622635,0.13323296878920476,0.018046140650205624,1.8883411324454987e-05,0.34162357706381796,1.8272589392338232e-08,0.010994278100962887,1.2184306606618257e-09
EFT:0.1433807135777398,1.665875949806157e-05,0.35268676015622635,0.13323296878920476,0.018046140650205638,1.8883411324454886e-05,0.34162357706381796,1.8272589392338037e-08,0.010994278100962901,1.2184306606618216e-09
Random418
Raw:0.14338071357773968,1.6658759498061517e-05,0.3526867601562264,0.13323296878920443,0.0180461406502056,1.8883411324454855e-05,0.34162357706381835,1.827258939233804e-08,0.010994278100962897,1.2184306606618129e-09
EFT:0.1433807135777398,1.665875949806157e-05,0.35268676015622635,0.13323296878920476,0.018046140650205638,1.8883411324454886e-05,0.34162357706381796,1.8272589392338037e-08,0.010994278100962901,1.2184306606618216e-09
Random419
Raw:0.1433807135777398,1.6658759498061528e-05,0.352686760156226,0.13323296878920476,0.018046140650205607,1.888341132445487e-05,0.34162357706381824,1.827258939233802e-08,0.010994278100962877,1.2184306606618116e-09
EFT:0.1433807135777398,1.665875949806157e-05,0.35268676015622635,0.13323296878920476,0.018046140650205638,1.8883411324454886e-05,0.34162357706381796,1.8272589392338037e-08,0.010994278100962896,1.2184306606618216e-09
Random420
Raw:0.14338071357773968,1.665875949806162e-05,0.3526867601562261,0.13323296878920501,0.018046140650205635,1.8883411324454906e-05,0.341623577063818,1.827258939233809e-08,0.010994278100962897,1.2184306606618205e-09
EFT:0.1433807135777398,1.665875949806157e-05,0.35268676015622635,0.13323296878920476,0.018046140650205638,1.8883411324454886e-05,0.34162357706381796,1.8272589392338037e-08,0.010994278100962901,1.2184306606618216e-09
Random421
Raw:0.14338071357773957,1.6658759498061504e-05,0.35268676015622613,0.13323296878920504,0.01804614065020561,1.8883411324454842e-05,0.3416235770638181,1.827258939233796e-08,0.01099427810096287,1.2184306606618034e-09
EFT:0.1433807135777398,1.665875949806157e-05,0.35268676015622635,0.13323296878920476,0.018046140650205638,1.8883411324454886e-05,0.34162357706381796,1.8272589392338037e-08,0.010994278100962896,1.2184306606618216e-09
Random422
Raw:0.14338071357773993,1.6658759498061616e-05,0.352686760156226,0.133232968789205,0.018046140650205645,1.8883411324454903e-05,0.34162357706381796,1.8272589392338086e-08,0.010994278100962896,1.2184306606618203e-09
EFT:0.1433807135777398,1.665875949806157e-05,0.35268676015622635,0.13323296878920476,0.018046140650205638,1.8883411324454886e-05,0.34162357706381796,1.8272589392338037e-08,0.010994278100962896,1.2184306606618216e-09
Random423
Raw:0.1433807135777398,1.6658759498061616e-05,0.35268676015622596,0.13323296878920463,0.018046140650205603,1.8883411324454933e-05,0.3416235770638185,1.827258939233815e-08,0.010994278100962884,1.2184306606618245e-09
EFT:0.1433807135777398,1.665875949806157e-05,0.35268676015622635,0.13323296878920476,0.018046140650205638,1.8883411324454886e-05,0.34162357706381796,1.8272589392338037e-08,0.010994278100962901,1.2184306606618216e-09
Random424
Raw:0.14338071357773965,1.6658759498061453e-05,0.35268676015622635,0.13323296878920454,0.018046140650205617,1.8883411324454852e-05,0.3416235770638183,1.827258939233797e-08,0.010994278100962887,1.2184306606618085e-09
EFT:0.1433807135777398,1.665875949806157e-05,0.35268676015622635,0.13323296878920476,0.018046140650205638,1.8883411324454886e-05,0.34162357706381796,1.8272589392338037e-08,0.010994278100962901,1.2184306606618216e-09
Random425
Raw:0.1433807135777399,1.66587594980616e-05,0.35268676015622624,0.13323296878920485,0.018046140650205617,1.8883411324454913e-05,0.34162357706381785,1.8272589392338096e-08,0.010994278100962884,1.2184306606618212e-09
EFT:0.1433807135777398,1.665875949806157e-05,0.35268676015622635,0.13323296878920476,0.018046140650205638,1.8883411324454886e-05,0.34162357706381796,1.8272589392338037e-08,0.010994278100962896,1.2184306606618216e-09
Random426
Raw:0.14338071357773965,1.6658759498061426e-05,0.35268676015622635,0.13323296878920454,0.018046140650205576,1.8883411324454852e-05,0.3416235770638183,1.827258939233797e-08,0.010994278100962877,1.2184306606618085e-09
EFT:0.1433807135777398,1.665875949806157e-05,0.35268676015622635,0.13323296878920476,0.018046140650205638,1.8883411324454886e-05,0.34162357706381796,1.8272589392338037e-08,0.010994278100962896,1.2184306606618216e-09
Random427
Raw:0.1433807135777398,1.6658759498061616e-05,0.35268676015622596,0.13323296878920485,0.018046140650205628,1.88834113244549e-05,0.3416235770638182,1.8272589392338083e-08,0.010994278100962894,1.2184306606618201e-09
EFT:0.1433807135777398,1.665875949806157e-05,0.35268676015622635,0.13323296878920476,0.018046140650205638,1.8883411324454886e-05,0.34162357706381796,1.8272589392338037e-08,0.010994278100962901,1.2184306606618216e-09
Random428
Raw:0.14338071357773977,1.6658759498061507e-05,0.35268676015622624,0.1332329687892045,0.01804614065020556,1.8883411324454913e-05,0.34162357706381846,1.8272589392338096e-08,0.010994278100962884,1.2184306606618168e-09
EFT:0.1433807135777398,1.665875949806157e-05,0.35268676015622635,0.13323296878920476,0.018046140650205638,1.8883411324454886e-05,0.34162357706381796,1.8272589392338037e-08,0.010994278100962896,1.2184306606618216e-09
Random429
Raw:0.14338071357773974,1.6658759498061494e-05,0.3526867601562265,0.1332329687892045,0.018046140650205607,1.888341132445493e-05,0.34162357706381813,1.8272589392338113e-08,0.010994278100962892,1.2184306606618176e-09
EFT:0.1433807135777398,1.665875949806157e-05,0.35268676015622635,0.13323296878920476,0.018046140650205638,1.8883411324454886e-05,0.34162357706381796,1.8272589392338037e-08,0.010994278100962896,1.2184306606618216e-09
Random430
Raw:0.14338071357773968,1.665875949806156e-05,0.3526867601562267,0.13323296878920454,0.01804614065020564,1.8883411324454906e-05,0.341623577063818,1.8272589392338053e-08,0.010994278100962906,1.2184306606618226e-09
EFT:0.1433807135777398,1.665875949806157e-05,0.35268676015622635,0.13323296878920476,0.018046140650205638,1.8883411324454886e-05,0.34162357706381796,1.8272589392338037e-08,0.010994278100962896,1.2184306606618216e-09
Random431
Raw:0.14338071357773977,1.6658759498061626e-05,0.35268676015622624,0.1332329687892047,0.01804614065020569,1.888341132445485e-05,0.3416235770638182,1.8272589392338096e-08,0.010994278100962913,1.2184306606618212e-09
EFT:0.1433807135777398,1.665875949806157e-05,0.35268676015622635,0.13323296878920476,0.018046140650205638,1.8883411324454886e-05,0.34162357706381796,1.8272589392338037e-08,0.010994278100962896,1.2184306606618216e-09
Random432
Raw:0.14338071357773977,1.6658759498061626e-05,0.35268676015622624,0.1332329687892047,0.018046140650205666,1.8883411324454947e-05,0.3416235770638182,1.8272589392338163e-08,0.010994278100962903,1.2184306606618253e-09
EFT:0.1433807135777398,1.665875949806157e-05,0.35268676015622635,0.13323296878920476,0.018046140650205638,1.8883411324454886e-05,0.34162357706381796,1.8272589392338037e-08,0.010994278100962896,1.2184306606618216e-09
Random433
Raw:0.1433807135777397,1.6658759498061592e-05,0.35268676015622674,0.13323296878920468,0.018046140650205676,1.8883411324454876e-05,0.34162357706381774,1.8272589392337994e-08,0.0109942781009629,1.2184306606618185e-09
EFT:0.1433807135777398,1.665875949806157e-05,0.35268676015622635,0.13323296878920476,0.018046140650205638,1.8883411324454886e-05,0.34162357706381796,1.8272589392338037e-08,0.010994278100962896,1.2184306606618216e-09
Random434
Raw:0.14338071357773957,1.6658759498061548e-05,0.3526867601562264,0.13323296878920454,0.018046140650205635,1.8883411324454855e-05,0.34162357706381835,1.827258939233804e-08,0.010994278100962897,1.2184306606618174e-09
EFT:0.1433807135777398,1.665875949806157e-05,0.35268676015622635,0.13323296878920476,0.018046140650205638,1.8883411324454886e-05,0.34162357706381796,1.8272589392338037e-08,0.010994278100962901,1.2184306606618216e-09
Random435
Raw:0.1433807135777397,1.6658759498061504e-05,0.35268676015622613,0.13323296878920468,0.018046140650205603,1.8883411324454842e-05,0.34162357706381835,1.8272589392338027e-08,0.01099427810096288,1.218430660661812e-09
EFT:0.1433807135777398,1.665875949806157e-05,0.35268676015622635,0.13323296878920476,0.018046140650205638,1.8883411324454886e-05,0.34162357706381796,1.8272589392338037e-08,0.010994278100962896,1.2184306606618216e-09
Random436
Raw:0.14338071357773965,1.6658759498061585e-05,0.35268676015622596,0.13323296878920474,0.018046140650205617,1.8883411324454967e-05,0.3416235770638185,1.827258939233815e-08,0.010994278100962864,1.2184306606618201e-09
EFT:0.1433807135777398,1.665875949806157e-05,0.35268676015622635,0.13323296878920476,0.018046140650205638,1.8883411324454886e-05,0.34162357706381796,1.8272589392338037e-08,0.010994278100962901,1.2184306606618216e-09
Random437
Raw:0.14338071357773977,1.665875949806155e-05,0.3526867601562259,0.13323296878920496,0.0180461406502056,1.8883411324454862e-05,0.34162357706381813,1.8272589392338014e-08,0.010994278100962882,1.2184306606618156e-09
EFT:0.1433807135777398,1.665875949806157e-05,0.35268676015622635,0.13323296878920476,0.018046140650205638,1.8883411324454886e-05,0.34162357706381796,1.8272589392338037e-08,0.010994278100962896,1.2184306606618216e-09
Random438
Raw:0.1433807135777399,1.6658759498061643e-05,0.3526867601562266,0.13323296878920485,0.018046140650205666,1.8883411324454933e-05,0.3416235770638176,1.8272589392338113e-08,0.010994278100962894,1.2184306606618222e-09
EFT:0.1433807135777398,1.665875949806157e-05,0.35268676015622635,0.13323296878920476,0.018046140650205638,1.8883411324454886e-05,0.34162357706381796,1.8272589392338037e-08,0.010994278100962896,1.2184306606618216e-09
Random439
Raw:0.14338071357773977,1.6658759498061582e-05,0.3526867601562266,0.13323296878920496,0.018046140650205666,1.8883411324454798e-05,0.3416235770638176,1.827258939233785e-08,0.010994278100962894,1.2184306606618135e-09
EFT:0.1433807135777398,1.665875949806157e-05,0.35268676015622635,0.13323296878920476,0.018046140650205638,1.8883411324454886e-05,0.34162357706381796,1.8272589392338037e-08,0.010994278100962896,1.2184306606618216e-09
Random440
Raw:0.14338071357773985,1.665875949806161e-05,0.35268676015622646,0.1332329687892048,0.01804614065020566,1.888341132445486e-05,0.3416235770638178,1.8272589392337977e-08,0.01099427810096289,1.218430660661822e-09
EFT:0.1433807135777398,1.665875949806157e-05,0.35268676015622635,0.13323296878920476,0.018046140650205638,1.8883411324454886e-05,0.34162357706381796,1.8272589392338037e-08,0.010994278100962896,1.2184306606618216e-09
Random441
Raw:0.14338071357773965,1.6658759498061704e-05,0.35268676015622596,0.1332329687892051,0.018046140650205707,1.88834113244549e-05,0.3416235770638182,1.827258939233815e-08,0.010994278100962904,1.2184306606618245e-09
EFT:0.1433807135777398,1.665875949806157e-05,0.35268676015622635,0.13323296878920476,0.018046140650205638,1.8883411324454886e-05,0.34162357706381796,1.8272589392338037e-08,0.010994278100962901,1.2184306606618216e-09
Random442
Raw:0.14338071357773977,1.6658759498061683e-05,0.35268676015622624,0.1332329687892047,0.018046140650205655,1.888341132445498e-05,0.3416235770638182,1.827258939233823e-08,0.010994278100962913,1.2184306606618298e-09
EFT:0.1433807135777398,1.665875949806157e-05,0.35268676015622635,0.13323296878920476,0.018046140650205638,1.8883411324454886e-05,0.34162357706381796,1.8272589392338037e-08,0.010994278100962896,1.2184306606618216e-09
Random443
Raw:0.1433807135777398,1.6658759498061646e-05,0.352686760156226,0.133232968789205,0.018046140650205645,1.8883411324454903e-05,0.34162357706381796,1.8272589392338086e-08,0.010994278100962885,1.2184306606618203e-09
EFT:0.1433807135777398,1.665875949806157e-05,0.35268676015622635,0.13323296878920476,0.018046140650205638,1.8883411324454886e-05,0.34162357706381796,1.8272589392338037e-08,0.010994278100962896,1.2184306606618216e-09
Random444
Raw:0.14338071357773982,1.6658759498061558e-05,0.3526867601562261,0.13323296878920465,0.01804614065020561,1.8883411324454906e-05,0.3416235770638183,1.827258939233809e-08,0.010994278100962887,1.2184306606618205e-09
EFT:0.1433807135777398,1.665875949806157e-05,0.35268676015622635,0.13323296878920476,0.018046140650205638,1.8883411324454886e-05,0.34162357706381796,1.8272589392338037e-08,0.010994278100962896,1.2184306606618216e-09
Random445
Raw:0.14338071357773974,1.6658759498061626e-05,0.3526867601562256,0.1332329687892053,0.018046140650205638,1.888341132445488e-05,0.34162357706381813,1.8272589392338063e-08,0.010994278100962882,1.2184306606618189e-09
EFT:0.1433807135777398,1.665875949806157e-05,0.35268676015622635,0.13323296878920476,0.018046140650205638,1.8883411324454886e-05,0.34162357706381796,1.8272589392338037e-08,0.010994278100962896,1.2184306606618216e-09
Random446
Raw:0.14338071357773974,1.665875949806146e-05,0.35268676015622585,0.13323296878920493,0.018046140650205572,1.888341132445486e-05,0.3416235770638184,1.8272589392337947e-08,0.010994278100962871,1.2184306606618069e-09
EFT:0.1433807135777398,1.665875949806157e-05,0.35268676015622635,0.13323296878920476,0.018046140650205638,1.8883411324454886e-05,0.34162357706381796,1.8272589392338037e-08,0.010994278100962896,1.2184306606618216e-09
Random447
Raw:0.1433807135777398,1.665875949806166e-05,0.3526867601562263,0.13323296878920485,0.018046140650205676,1.8883411324454984e-05,0.3416235770638179,1.8272589392338232e-08,0.010994278100962904,1.2184306606618298e-09
EFT:0.1433807135777398,1.665875949806157e-05,0.35268676015622635,0.13323296878920476,0.018046140650205638,1.8883411324454886e-05,0.34162357706381796,1.8272589392338037e-08,0.010994278100962896,1.2184306606618216e-09
Random448
Raw:0.14338071357773963,1.6658759498061463e-05,0.3526867601562259,0.13323296878920518,0.018046140650205593,1.8883411324454798e-05,0.34162357706381813,1.827258939233782e-08,0.010994278100962873,1.2184306606618025e-09
EFT:0.1433807135777398,1.665875949806157e-05,0.35268676015622635,0.13323296878920476,0.018046140650205638,1.8883411324454886e-05,0.34162357706381796,1.8272589392338037e-08,0.010994278100962896,1.2184306606618216e-09
Random449
Raw:0.1433807135777399,1.6658759498061538e-05,0.35268676015622624,0.1332329687892047,0.018046140650205593,1.8883411324454882e-05,0.3416235770638182,1.827258939233803e-08,0.010994278100962884,1.2184306606618125e-09
EFT:0.1433807135777398,1.665875949806157e-05,0.35268676015622635,0.13323296878920476,0.018046140650205638,1.8883411324454886e-05,0.34162357706381796,1.8272589392338037e-08,0.010994278100962901,1.2184306606618216e-09
Random450
Raw:0.14338071357773977,1.6658759498061524e-05,0.3526867601562259,0.1332329687892047,0.018046140650205607,1.8883411324454862e-05,0.34162357706381846,1.8272589392338014e-08,0.010994278100962882,1.2184306606618156e-09
EFT:0.1433807135777398,1.665875949806157e-05,0.35268676015622635,0.13323296878920476,0.018046140650205638,1.8883411324454886e-05,0.34162357706381796,1.8272589392338037e-08,0.010994278100962901,1.2184306606618216e-09
Random451
Raw:0.14338071357773977,1.6658759498061494e-05,0.3526867601562259,0.1332329687892047,0.018046140650205593,1.8883411324454828e-05,0.34162357706381846,1.827258939233795e-08,0.010994278100962882,1.2184306606618112e-09
EFT:0.1433807135777398,1.665875949806157e-05,0.35268676015622635,0.13323296878920476,0.018046140650205638,1.8883411324454886e-05,0.34162357706381796,1.8272589392338037e-08,0.010994278100962896,1.2184306606618216e-09
Random452
Raw:0.14338071357773982,1.6658759498061487e-05,0.3526867601562264,0.1332329687892048,0.0180461406502056,1.8883411324454855e-05,0.341623577063818,1.8272589392337974e-08,0.01099427810096287,1.2184306606618129e-09
EFT:0.1433807135777398,1.665875949806157e-05,0.35268676015622635,0.13323296878920476,0.018046140650205638,1.8883411324454886e-05,0.34162357706381796,1.8272589392338037e-08,0.010994278100962901,1.2184306606618216e-09
Random453
Raw:0.14338071357773977,1.6658759498061433e-05,0.3526867601562259,0.1332329687892046,0.01804614065020556,1.8883411324454862e-05,0.3416235770638188,1.827258939233795e-08,0.010994278100962882,1.218430660661807e-09
EFT:0.1433807135777398,1.665875949806157e-05,0.35268676015622635,0.13323296878920476,0.018046140650205638,1.8883411324454886e-05,0.34162357706381796,1.8272589392338037e-08,0.010994278100962896,1.2184306606618216e-09
Random454
Raw:0.1433807135777399,1.6658759498061467e-05,0.35268676015622663,0.13323296878920488,0.01804614065020559,1.888341132445487e-05,0.34162357706381763,1.827258939233792e-08,0.010994278100962866,1.2184306606618096e-09
EFT:0.1433807135777398,1.665875949806157e-05,0.35268676015622635,0.13323296878920476,0.018046140650205638,1.8883411324454886e-05,0.34162357706381796,1.8272589392338037e-08,0.010994278100962901,1.2184306606618216e-09
Random455
Raw:0.14338071357773954,1.6658759498061558e-05,0.352686760156226,0.13323296878920476,0.018046140650205638,1.8883411324454835e-05,0.3416235770638186,1.8272589392338086e-08,0.010994278100962896,1.218430660661816e-09
EFT:0.1433807135777398,1.665875949806157e-05,0.35268676015622635,0.13323296878920476,0.018046140650205638,1.8883411324454886e-05,0.34162357706381796,1.8272589392338037e-08,0.010994278100962896,1.2184306606618216e-09
Random456
Raw:0.14338071357773965,1.6658759498061673e-05,0.35268676015622596,0.1332329687892051,0.018046140650205683,1.88834113244549e-05,0.3416235770638182,1.827258939233815e-08,0.010994278100962904,1.2184306606618201e-09
EFT:0.1433807135777398,1.665875949806157e-05,0.35268676015622635,0.13323296878920476,0.018046140650205638,1.8883411324454886e-05,0.34162357706381796,1.8272589392338037e-08,0.010994278100962901,1.2184306606618216e-09
Random457
Raw:0.14338071357773982,1.6658759498061456e-05,0.3526867601562264,0.1332329687892049,0.01804614065020564,1.888341132445479e-05,0.34162357706381774,1.8272589392337845e-08,0.010994278100962878,1.2184306606618044e-09
EFT:0.1433807135777398,1.665875949806157e-05,0.35268676015622635,0.13323296878920476,0.018046140650205638,1.8883411324454886e-05,0.34162357706381796,1.8272589392338037e-08,0.010994278100962901,1.2184306606618216e-09
Random458
Raw:0.1433807135777398,1.665875949806163e-05,0.3526867601562263,0.13323296878920451,0.018046140650205635,1.8883411324454984e-05,0.34162357706381824,1.8272589392338232e-08,0.010994278100962894,1.2184306606618298e-09
EFT:0.1433807135777398,1.665875949806157e-05,0.35268676015622635,0.13323296878920476,0.018046140650205638,1.8883411324454886e-05,0.34162357706381796,1.8272589392338037e-08,0.010994278100962896,1.2184306606618216e-09
Random459
Raw:0.14338071357773968,1.66587594980615e-05,0.3526867601562261,0.13323296878920513,0.018046140650205617,1.888341132445484e-05,0.341623577063818,1.827258939233789e-08,0.010994278100962868,1.2184306606618032e-09
EFT:0.1433807135777398,1.665875949806157e-05,0.35268676015622635,0.13323296878920476,0.018046140650205638,1.8883411324454886e-05,0.34162357706381796,1.8272589392338037e-08,0.010994278100962901,1.2184306606618216e-09
Random460
Raw:0.14338071357773985,1.6658759498061548e-05,0.35268676015622585,0.13323296878920482,0.018046140650205603,1.8883411324454893e-05,0.3416235770638184,1.8272589392337947e-08,0.01099427810096288,1.218430660661811e-09
EFT:0.1433807135777398,1.665875949806157e-05,0.35268676015622635,0.13323296878920476,0.018046140650205638,1.8883411324454886e-05,0.34162357706381796,1.8272589392338037e-08,0.010994278100962896,1.2184306606618216e-09
Random461
Raw:0.14338071357773968,1.665875949806162e-05,0.3526867601562261,0.1332329687892057,0.01804614065020565,1.888341132445484e-05,0.3416235770638174,1.8272589392337957e-08,0.010994278100962868,1.2184306606618118e-09
EFT:0.1433807135777398,1.665875949806157e-05,0.35268676015622635,0.13323296878920476,0.018046140650205638,1.8883411324454886e-05,0.34162357706381796,1.8272589392338037e-08,0.010994278100962896,1.2184306606618216e-09
Random462
Raw:0.1433807135777397,1.665875949806164e-05,0.35268676015622646,0.13323296878920493,0.01804614065020567,1.888341132445486e-05,0.3416235770638178,1.8272589392338043e-08,0.01099427810096289,1.218430660661822e-09
EFT:0.1433807135777398,1.665875949806157e-05,0.35268676015622635,0.13323296878920476,0.018046140650205638,1.8883411324454886e-05,0.34162357706381796,1.8272589392338037e-08,0.010994278100962896,1.2184306606618216e-09
Random463
Raw:0.14338071357773982,1.665875949806153e-05,0.3526867601562261,0.13323296878920454,0.0180461406502056,1.888341132445484e-05,0.3416235770638183,1.8272589392337957e-08,0.010994278100962878,1.2184306606618118e-09
EFT:0.1433807135777398,1.665875949806157e-05,0.35268676015622635,0.13323296878920476,0.018046140650205638,1.8883411324454886e-05,0.34162357706381796,1.8272589392338037e-08,0.010994278100962901,1.2184306606618216e-09
Random464
Raw:0.14338071357773968,1.6658759498061517e-05,0.3526867601562264,0.1332329687892048,0.018046140650205652,1.888341132445479e-05,0.341623577063818,1.8272589392337974e-08,0.010994278100962897,1.2184306606618087e-09
EFT:0.1433807135777398,1.665875949806157e-05,0.35268676015622635,0.13323296878920476,0.018046140650205638,1.8883411324454886e-05,0.34162357706381796,1.8272589392338037e-08,0.010994278100962901,1.2184306606618216e-09
Random465
Raw:0.14338071357773977,1.6658759498061626e-05,0.35268676015622624,0.1332329687892047,0.01804614065020565,1.8883411324454882e-05,0.3416235770638182,1.8272589392338096e-08,0.010994278100962913,1.2184306606618212e-09
EFT:0.1433807135777398,1.665875949806157e-05,0.35268676015622635,0.13323296878920476,0.018046140650205638,1.8883411324454886e-05,0.34162357706381796,1.8272589392338037e-08,0.010994278100962896,1.2184306606618216e-09
Random466
Raw:0.14338071357773952,1.6658759498061582e-05,0.3526867601562266,0.13323296878920474,0.01804614065020569,1.8883411324454865e-05,0.3416235770638179,1.8272589392337984e-08,0.010994278100962913,1.2184306606618222e-09
EFT:0.1433807135777398,1.665875949806157e-05,0.35268676015622635,0.13323296878920476,0.018046140650205638,1.8883411324454886e-05,0.34162357706381796,1.8272589392338037e-08,0.010994278100962896,1.2184306606618216e-09
Random467
Raw:0.1433807135777398,1.6658759498061673e-05,0.352686760156226,0.1332329687892051,0.01804614065020568,1.8883411324454903e-05,0.34162357706381796,1.8272589392338086e-08,0.010994278100962877,1.2184306606618247e-09
EFT:0.1433807135777398,1.665875949806157e-05,0.35268676015622635,0.13323296878920476,0.018046140650205638,1.8883411324454886e-05,0.34162357706381796,1.8272589392338037e-08,0.010994278100962896,1.2184306606618216e-09
Random468
Raw:0.14338071357773977,1.66587594980616e-05,0.35268676015622624,0.1332329687892046,0.01804614065020561,1.8883411324454913e-05,0.3416235770638182,1.8272589392338096e-08,0.010994278100962884,1.2184306606618212e-09
EFT:0.1433807135777398,1.665875949806157e-05,0.35268676015622635,0.13323296878920476,0.018046140650205638,1.8883411324454886e-05,0.34162357706381796,1.8272589392338037e-08,0.010994278100962901,1.2184306606618216e-09
Random469
Raw:0.1433807135777398,1.665875949806145e-05,0.3526867601562263,0.13323296878920485,0.018046140650205614,1.8883411324454818e-05,0.3416235770638179,1.8272589392337838e-08,0.010994278100962885,1.218430660661804e-09
EFT:0.1433807135777398,1.665875949806157e-05,0.35268676015622635,0.13323296878920476,0.018046140650205638,1.8883411324454886e-05,0.34162357706381796,1.8272589392338037e-08,0.010994278100962896,1.2184306606618216e-09
Random470
Raw:0.14338071357773977,1.6658759498061568e-05,0.35268676015622624,0.13323296878920496,0.018046140650205655,1.8883411324454882e-05,0.34162357706381785,1.8272589392337967e-08,0.010994278100962873,1.2184306606618168e-09
EFT:0.1433807135777398,1.665875949806157e-05,0.35268676015622635,0.13323296878920476,0.018046140650205638,1.8883411324454886e-05,0.34162357706381796,1.8272589392338037e-08,0.010994278100962896,1.2184306606618216e-09
Random471
Raw:0.1433807135777397,1.6658759498061504e-05,0.35268676015622613,0.13323296878920468,0.018046140650205603,1.8883411324454842e-05,0.34162357706381835,1.8272589392338027e-08,0.0109942781009629,1.218430660661812e-09
EFT:0.1433807135777398,1.665875949806157e-05,0.35268676015622635,0.13323296878920476,0.018046140650205638,1.8883411324454886e-05,0.34162357706381796,1.8272589392338037e-08,0.010994278100962896,1.2184306606618216e-09
Random472
Raw:0.14338071357773977,1.6658759498061568e-05,0.35268676015622624,0.1332329687892047,0.01804614065020564,1.8883411324454913e-05,0.3416235770638182,1.8272589392338096e-08,0.010994278100962873,1.2184306606618168e-09
EFT:0.1433807135777398,1.665875949806157e-05,0.35268676015622635,0.13323296878920476,0.018046140650205638,1.8883411324454886e-05,0.34162357706381796,1.8272589392338037e-08,0.010994278100962901,1.2184306606618216e-09
Random473
Raw:0.14338071357773968,1.6658759498061575e-05,0.3526867601562264,0.1332329687892048,0.01804614065020566,1.8883411324454923e-05,0.341623577063818,1.8272589392338106e-08,0.010994278100962897,1.2184306606618218e-09
EFT:0.1433807135777398,1.665875949806157e-05,0.35268676015622635,0.13323296878920476,0.018046140650205638,1.8883411324454886e-05,0.34162357706381796,1.8272589392338037e-08,0.010994278100962896,1.2184306606618216e-09
Random474
Raw:0.1433807135777398,1.665875949806157e-05,0.35268676015622635,0.13323296878920476,0.018046140650205662,1.8883411324454852e-05,0.34162357706381796,1.827258939233797e-08,0.010994278100962906,1.2184306606618172e-09
EFT:0.1433807135777398,1.665875949806157e-05,0.35268676015622635,0.13323296878920476,0.018046140650205638,1.8883411324454886e-05,0.34162357706381796,1.8272589392338037e-08,0.010994278100962901,1.2184306606618216e-09
Random475
Raw:0.14338071357773977,1.6658759498061524e-05,0.3526867601562259,0.1332329687892053,0.018046140650205607,1.8883411324454798e-05,0.34162357706381785,1.8272589392337885e-08,0.010994278100962873,1.2184306606618025e-09
EFT:0.1433807135777398,1.665875949806157e-05,0.35268676015622635,0.13323296878920476,0.018046140650205638,1.8883411324454886e-05,0.34162357706381796,1.8272589392338037e-08,0.010994278100962896,1.2184306606618216e-09
Random476
Raw:0.14338071357773977,1.6658759498061568e-05,0.35268676015622624,0.1332329687892047,0.01804614065020564,1.8883411324454882e-05,0.3416235770638182,1.827258939233803e-08,0.010994278100962913,1.2184306606618212e-09
EFT:0.1433807135777398,1.665875949806157e-05,0.35268676015622635,0.13323296878920476,0.018046140650205638,1.8883411324454886e-05,0.34162357706381796,1.8272589392338037e-08,0.010994278100962901,1.2184306606618216e-09
Random477
Raw:0.1433807135777397,1.6658759498061504e-05,0.35268676015622613,0.13323296878920457,0.01804614065020561,1.888341132445491e-05,0.34162357706381835,1.8272589392338027e-08,0.01099427810096288,1.2184306606618164e-09
EFT:0.1433807135777398,1.665875949806157e-05,0.35268676015622635,0.13323296878920476,0.018046140650205638,1.8883411324454886e-05,0.34162357706381796,1.8272589392338037e-08,0.010994278100962896,1.2184306606618216e-09
Random478
Raw:0.14338071357773968,1.665875949806162e-05,0.3526867601562261,0.13323296878920501,0.01804614065020565,1.8883411324454906e-05,0.341623577063818,1.827258939233809e-08,0.010994278100962897,1.2184306606618205e-09
EFT:0.1433807135777398,1.665875949806157e-05,0.35268676015622635,0.13323296878920476,0.018046140650205638,1.8883411324454886e-05,0.34162357706381796,1.8272589392338037e-08,0.010994278100962896,1.2184306606618216e-09
Random479
Raw:0.14338071357773965,1.6658759498061555e-05,0.3526867601562266,0.13323296878920485,0.018046140650205683,1.888341132445483e-05,0.3416235770638179,1.8272589392337984e-08,0.010994278100962903,1.2184306606618135e-09
EFT:0.1433807135777398,1.665875949806157e-05,0.35268676015622635,0.13323296878920476,0.018046140650205638,1.8883411324454886e-05,0.34162357706381796,1.8272589392338037e-08,0.010994278100962896,1.2184306606618216e-09
Random480
Raw:0.14338071357773988,1.6658759498061744e-05,0.3526867601562262,0.13323296878920493,0.018046140650205704,1.8883411324454943e-05,0.34162357706381785,1.827258939233816e-08,0.010994278100962911,1.218430660661834e-09
EFT:0.1433807135777398,1.665875949806157e-05,0.35268676015622635,0.13323296878920476,0.018046140650205638,1.8883411324454886e-05,0.34162357706381796,1.8272589392338037e-08,0.010994278100962896,1.2184306606618216e-09
Random481
Raw:0.14338071357773957,1.6658759498061517e-05,0.3526867601562264,0.1332329687892049,0.018046140650205635,1.8883411324454855e-05,0.341623577063818,1.8272589392337974e-08,0.010994278100962889,1.2184306606618129e-09
EFT:0.1433807135777398,1.665875949806157e-05,0.35268676015622635,0.13323296878920476,0.018046140650205638,1.8883411324454886e-05,0.34162357706381796,1.8272589392338037e-08,0.010994278100962896,1.2184306606618216e-09
Random482
Raw:0.14338071357774007,1.6658759498061677e-05,0.3526867601562261,0.13323296878920501,0.01804614065020566,1.8883411324454974e-05,0.34162357706381774,1.8272589392338153e-08,0.010994278100962897,1.2184306606618292e-09
EFT:0.1433807135777398,1.665875949806157e-05,0.35268676015622635,0.13323296878920476,0.018046140650205638,1.8883411324454886e-05,0.34162357706381796,1.8272589392338037e-08,0.010994278100962901,1.2184306606618216e-09
Random483
Raw:0.14338071357773974,1.665875949806164e-05,0.3526867601562265,0.13323296878920482,0.018046140650205704,1.8883411324454862e-05,0.34162357706381785,1.8272589392338047e-08,0.010994278100962901,1.2184306606618222e-09
EFT:0.1433807135777398,1.665875949806157e-05,0.35268676015622635,0.13323296878920476,0.018046140650205638,1.8883411324454886e-05,0.34162357706381796,1.8272589392338037e-08,0.010994278100962896,1.2184306606618216e-09
Random484
Raw:0.1433807135777398,1.6658759498061494e-05,0.35268676015622596,0.13323296878920485,0.018046140650205596,1.888341132445483e-05,0.3416235770638182,1.8272589392337888e-08,0.010994278100962864,1.2184306606618027e-09
EFT:0.1433807135777398,1.665875949806157e-05,0.35268676015622635,0.13323296878920476,0.018046140650205638,1.8883411324454886e-05,0.34162357706381796,1.8272589392338037e-08,0.010994278100962896,1.2184306606618216e-09
Random485
Raw:0.14338071357773996,1.6658759498061663e-05,0.3526867601562264,0.13323296878920468,0.018046140650205683,1.8883411324454923e-05,0.34162357706381774,1.8272589392338106e-08,0.010994278100962897,1.218430660661826e-09
EFT:0.1433807135777398,1.665875949806157e-05,0.35268676015622635,0.13323296878920476,0.018046140650205638,1.8883411324454886e-05,0.34162357706381796,1.8272589392338037e-08,0.010994278100962896,1.2184306606618216e-09
Random486
Raw:0.14338071357773982,1.6658759498061677e-05,0.3526867601562261,0.1332329687892049,0.018046140650205666,1.8883411324454906e-05,0.341623577063818,1.827258939233809e-08,0.010994278100962908,1.2184306606618205e-09
EFT:0.1433807135777398,1.665875949806157e-05,0.35268676015622635,0.13323296878920476,0.018046140650205638,1.8883411324454886e-05,0.34162357706381796,1.8272589392338037e-08,0.010994278100962896,1.2184306606618216e-09
Random487
Raw:0.14338071357773968,1.6658759498061575e-05,0.3526867601562264,0.13323296878920468,0.018046140650205635,1.8883411324454923e-05,0.341623577063818,1.8272589392338172e-08,0.010994278100962897,1.2184306606618218e-09
EFT:0.1433807135777398,1.665875949806157e-05,0.35268676015622635,0.13323296878920476,0.018046140650205638,1.8883411324454886e-05,0.34162357706381796,1.8272589392338037e-08,0.010994278100962896,1.2184306606618216e-09
Random488
Raw:0.1433807135777399,1.6658759498061683e-05,0.35268676015622624,0.13323296878920518,0.018046140650205697,1.8883411324454913e-05,0.3416235770638176,1.8272589392338096e-08,0.010994278100962903,1.2184306606618253e-09
EFT:0.1433807135777398,1.665875949806157e-05,0.35268676015622635,0.13323296878920476,0.018046140650205638,1.8883411324454886e-05,0.34162357706381796,1.8272589392338037e-08,0.010994278100962896,1.2184306606618216e-09
Random489
Raw:0.14338071357773968,1.6658759498061497e-05,0.352686760156226,0.13323296878920488,0.018046140650205607,1.8883411324454835e-05,0.34162357706381824,1.8272589392337954e-08,0.010994278100962885,1.2184306606618116e-09
EFT:0.1433807135777398,1.665875949806157e-05,0.35268676015622635,0.13323296878920476,0.018046140650205638,1.8883411324454886e-05,0.34162357706381796,1.8272589392338037e-08,0.010994278100962896,1.2184306606618216e-09
Random490
Raw:0.14338071357773988,1.6658759498061582e-05,0.3526867601562265,0.1332329687892046,0.018046140650205645,1.8883411324454862e-05,0.34162357706381785,1.827258939233798e-08,0.010994278100962901,1.2184306606618176e-09
EFT:0.1433807135777398,1.665875949806157e-05,0.35268676015622635,0.13323296878920476,0.018046140650205638,1.8883411324454886e-05,0.34162357706381796,1.8272589392338037e-08,0.010994278100962896,1.2184306606618216e-09
Random491
Raw:0.14338071357773965,1.6658759498061544e-05,0.35268676015622635,0.13323296878920488,0.01804614065020568,1.888341132445472e-05,0.34162357706381796,1.827258939233784e-08,0.010994278100962887,1.2184306606618042e-09
EFT:0.1433807135777398,1.665875949806157e-05,0.35268676015622635,0.13323296878920476,0.018046140650205638,1.8883411324454886e-05,0.34162357706381796,1.8272589392338037e-08,0.010994278100962901,1.2184306606618216e-09
Random492
Raw:0.14338071357773988,1.6658759498061446e-05,0.3526867601562262,0.13323296878920446,0.01804614065020559,1.8883411324454777e-05,0.3416235770638184,1.8272589392337898e-08,0.010994278100962882,1.2184306606618036e-09
EFT:0.1433807135777398,1.665875949806157e-05,0.35268676015622635,0.13323296878920476,0.018046140650205638,1.8883411324454886e-05,0.34162357706381796,1.8272589392338037e-08,0.010994278100962896,1.2184306606618216e-09
Random493
Raw:0.14338071357773968,1.6658759498061517e-05,0.3526867601562264,0.1332329687892048,0.018046140650205617,1.888341132445482e-05,0.341623577063818,1.827258939233791e-08,0.010994278100962889,1.2184306606618087e-09
EFT:0.1433807135777398,1.665875949806157e-05,0.35268676015622635,0.13323296878920476,0.018046140650205638,1.8883411324454886e-05,0.34162357706381796,1.8272589392338037e-08,0.010994278100962901,1.2184306606618216e-09
Random494
Raw:0.14338071357773985,1.6658759498061622e-05,0.35268676015622613,0.13323296878920515,0.018046140650205652,1.8883411324454842e-05,0.3416235770638178,1.827258939233796e-08,0.010994278100962889,1.2184306606618164e-09
EFT:0.1433807135777398,1.665875949806157e-05,0.35268676015622635,0.13323296878920476,0.018046140650205638,1.8883411324454886e-05,0.34162357706381796,1.8272589392338037e-08,0.010994278100962896,1.2184306606618216e-09
Random495
Raw:0.1433807135777397,1.665875949806168e-05,0.35268676015622613,0.1332329687892049,0.018046140650205676,1.888341132445491e-05,0.3416235770638181,1.8272589392338156e-08,0.0109942781009629,1.218430660661825e-09
EFT:0.1433807135777398,1.665875949806157e-05,0.35268676015622635,0.13323296878920476,0.018046140650205638,1.8883411324454886e-05,0.34162357706381796,1.8272589392338037e-08,0.010994278100962896,1.2184306606618216e-09
Random496
Raw:0.14338071357773977,1.665875949806167e-05,0.3526867601562259,0.13323296878920507,0.018046140650205655,1.8883411324454896e-05,0.34162357706381813,1.827258939233808e-08,0.010994278100962903,1.21843066066182e-09
EFT:0.1433807135777398,1.665875949806157e-05,0.35268676015622635,0.13323296878920476,0.018046140650205638,1.8883411324454886e-05,0.34162357706381796,1.8272589392338037e-08,0.010994278100962896,1.2184306606618216e-09
Random497
Raw:0.14338071357773985,1.6658759498061504e-05,0.35268676015622613,0.1332329687892048,0.018046140650205628,1.8883411324454876e-05,0.3416235770638181,1.827258939233796e-08,0.01099427810096287,1.218430660661812e-09
EFT:0.1433807135777398,1.665875949806157e-05,0.35268676015622635,0.13323296878920476,0.018046140650205638,1.8883411324454886e-05,0.34162357706381796,1.8272589392338037e-08,0.010994278100962901,1.2184306606618216e-09
Random498
Raw:0.14338071357773988,1.6658759498061565e-05,0.3526867601562262,0.1332329687892047,0.01804614065020562,1.8883411324454913e-05,0.34162357706381813,1.827258939233803e-08,0.010994278100962871,1.218430660661821e-09
EFT:0.1433807135777398,1.665875949806157e-05,0.35268676015622635,0.13323296878920476,0.018046140650205638,1.8883411324454886e-05,0.34162357706381796,1.8272589392338037e-08,0.010994278100962896,1.2184306606618216e-09
Random499
Raw:0.1433807135777397,1.6658759498061605e-05,0.3526867601562258,0.1332329687892049,0.01804614065020562,1.888341132445489e-05,0.34162357706381835,1.8272589392338073e-08,0.010994278100962878,1.2184306606618195e-09
EFT:0.1433807135777398,1.665875949806157e-05,0.35268676015622635,0.13323296878920476,0.018046140650205638,1.8883411324454886e-05,0.34162357706381796,1.8272589392338037e-08,0.010994278100962896,1.2184306606618216e-09
Random500
Raw:0.1433807135777398,1.6658759498061453e-05,0.35268676015622635,0.1332329687892043,0.018046140650205576,1.8883411324454852e-05,0.3416235770638186,1.827258939233797e-08,0.010994278100962877,1.2184306606618085e-09
EFT:0.1433807135777398,1.665875949806157e-05,0.35268676015622635,0.13323296878920476,0.018046140650205638,1.8883411324454886e-05,0.34162357706381796,1.8272589392338037e-08,0.010994278100962901,1.2184306606618216e-09
Random501
Raw:0.14338071357773965,1.6658759498061524e-05,0.3526867601562266,0.13323296878920485,0.01804614065020564,1.8883411324454798e-05,0.3416235770638179,1.8272589392337918e-08,0.010994278100962884,1.2184306606618094e-09
EFT:0.1433807135777398,1.665875949806157e-05,0.35268676015622635,0.13323296878920476,0.018046140650205638,1.8883411324454886e-05,0.34162357706381796,1.8272589392338037e-08,0.010994278100962901,1.2184306606618216e-09
Random502
Raw:0.1433807135777398,1.6658759498061616e-05,0.35268676015622596,0.13323296878920485,0.018046140650205635,1.88834113244549e-05,0.3416235770638182,1.8272589392338083e-08,0.010994278100962894,1.2184306606618201e-09
EFT:0.1433807135777398,1.665875949806157e-05,0.35268676015622635,0.13323296878920476,0.018046140650205638,1.8883411324454886e-05,0.34162357706381796,1.8272589392338037e-08,0.010994278100962901,1.2184306606618216e-09
Random503
Raw:0.1433807135777398,1.665875949806166e-05,0.3526867601562257,0.13323296878920488,0.018046140650205628,1.888341132445495e-05,0.3416235770638186,1.8272589392338133e-08,0.010994278100962904,1.2184306606618234e-09
EFT:0.1433807135777398,1.665875949806157e-05,0.35268676015622635,0.13323296878920476,0.018046140650205638,1.8883411324454886e-05,0.34162357706381796,1.8272589392338037e-08,0.010994278100962901,1.2184306606618216e-09
Random504
Raw:0.14338071357773965,1.6658759498061555e-05,0.3526867601562266,0.13323296878920415,0.018046140650205603,1.88834113244549e-05,0.3416235770638185,1.8272589392338113e-08,0.010994278100962884,1.2184306606618222e-09
EFT:0.1433807135777398,1.665875949806157e-05,0.35268676015622635,0.13323296878920476,0.018046140650205638,1.8883411324454886e-05,0.34162357706381796,1.8272589392338037e-08,0.010994278100962901,1.2184306606618216e-09
Random505
Raw:0.1433807135777398,1.6658759498061605e-05,0.35268676015622635,0.13323296878920476,0.018046140650205624,1.8883411324454954e-05,0.34162357706381796,1.827258939233817e-08,0.010994278100962887,1.2184306606618257e-09
EFT:0.1433807135777398,1.665875949806157e-05,0.35268676015622635,0.13323296878920476,0.018046140650205638,1.8883411324454886e-05,0.34162357706381796,1.8272589392338037e-08,0.010994278100962896,1.2184306606618216e-09
Random506
Raw:0.1433807135777398,1.665875949806159e-05,0.352686760156226,0.133232968789205,0.01804614065020563,1.8883411324454937e-05,0.34162357706381796,1.8272589392338086e-08,0.010994278100962877,1.2184306606618203e-09
EFT:0.1433807135777398,1.665875949806157e-05,0.35268676015622635,0.13323296878920476,0.018046140650205638,1.8883411324454886e-05,0.34162357706381796,1.8272589392338037e-08,0.010994278100962896,1.2184306606618216e-09
Random507
Raw:0.1433807135777399,1.665875949806154e-05,0.3526867601562257,0.13323296878920474,0.01804614065020559,1.8883411324454886e-05,0.3416235770638186,1.8272589392338004e-08,0.010994278100962877,1.2184306606618104e-09
EFT:0.1433807135777398,1.665875949806157e-05,0.35268676015622635,0.13323296878920476,0.018046140650205638,1.8883411324454886e-05,0.34162357706381796,1.8272589392338037e-08,0.010994278100962896,1.2184306606618216e-09
Random508
Raw:0.14338071357773977,1.6658759498061524e-05,0.3526867601562266,0.13323296878920438,0.018046140650205628,1.8883411324454865e-05,0.3416235770638182,1.827258939233805e-08,0.010994278100962903,1.2184306606618135e-09
EFT:0.1433807135777398,1.665875949806157e-05,0.35268676015622635,0.13323296878920476,0.018046140650205638,1.8883411324454886e-05,0.34162357706381796,1.8272589392338037e-08,0.010994278100962896,1.2184306606618216e-09
Random509
Raw:0.14338071357773968,1.6658759498061592e-05,0.3526867601562261,0.13323296878920501,0.018046140650205635,1.8883411324454872e-05,0.341623577063818,1.8272589392337957e-08,0.010994278100962887,1.2184306606618162e-09
EFT:0.1433807135777398,1.665875949806157e-05,0.35268676015622635,0.13323296878920476,0.018046140650205638,1.8883411324454886e-05,0.34162357706381796,1.8272589392338037e-08,0.010994278100962901,1.2184306606618216e-09
Random510
Raw:0.14338071357773993,1.665875949806157e-05,0.3526867601562263,0.13323296878920474,0.018046140650205628,1.8883411324454882e-05,0.3416235770638179,1.8272589392338033e-08,0.010994278100962894,1.218430660661817e-09
EFT:0.1433807135777398,1.665875949806157e-05,0.35268676015622635,0.13323296878920476,0.018046140650205638,1.8883411324454886e-05,0.34162357706381796,1.8272589392338037e-08,0.010994278100962896,1.2184306606618216e-09
Random511
Raw:0.1433807135777397,1.6658759498061622e-05,0.35268676015622613,0.1332329687892049,0.01804614065020561,1.888341132445491e-05,0.3416235770638181,1.827258939233809e-08,0.010994278100962889,1.2184306606618207e-09
EFT:0.1433807135777398,1.665875949806157e-05,0.35268676015622635,0.13323296878920476,0.018046140650205638,1.8883411324454886e-05,0.34162357706381796,1.8272589392338037e-08,0.010994278100962896,1.2184306606618216e-09
Random512
Raw:0.1433807135777398,1.6658759498061605e-05,0.35268676015622635,0.13323296878920476,0.018046140650205673,1.888341132445492e-05,0.34162357706381796,1.8272589392338103e-08,0.010994278100962896,1.2184306606618216e-09
EFT:0.1433807135777398,1.665875949806157e-05,0.35268676015622635,0.13323296878920476,0.018046140650205638,1.8883411324454886e-05,0.34162357706381796,1.8272589392338037e-08,0.010994278100962901,1.2184306606618216e-09
Random513
Raw:0.1433807135777398,1.665875949806145e-05,0.3526867601562263,0.1332329687892051,0.018046140650205628,1.8883411324454784e-05,0.34162357706381763,1.8272589392337775e-08,0.010994278100962875,1.218430660661804e-09
EFT:0.1433807135777398,1.665875949806157e-05,0.35268676015622635,0.13323296878920476,0.018046140650205638,1.8883411324454886e-05,0.34162357706381796,1.8272589392338037e-08,0.010994278100962896,1.2184306606618216e-09
Random514
Raw:0.14338071357773965,1.6658759498061582e-05,0.3526867601562266,0.13323296878920485,0.01804614065020566,1.8883411324454865e-05,0.3416235770638179,1.827258939233805e-08,0.010994278100962894,1.2184306606618178e-09
EFT:0.1433807135777398,1.665875949806157e-05,0.35268676015622635,0.13323296878920476,0.018046140650205638,1.8883411324454886e-05,0.34162357706381796,1.8272589392338037e-08,0.010994278100962901,1.2184306606618216e-09
Random515
Raw:0.1433807135777398,1.6658759498061528e-05,0.352686760156226,0.13323296878920451,0.018046140650205576,1.8883411324454903e-05,0.3416235770638186,1.8272589392338086e-08,0.010994278100962877,1.218430660661816e-09
EFT:0.1433807135777398,1.665875949806157e-05,0.35268676015622635,0.13323296878920476,0.018046140650205638,1.8883411324454886e-05,0.34162357706381796,1.8272589392338037e-08,0.010994278100962901,1.2184306606618216e-09
Random516
Raw:0.14338071357773974,1.6658759498061582e-05,0.3526867601562265,0.1332329687892047,0.018046140650205638,1.8883411324454862e-05,0.34162357706381785,1.8272589392338047e-08,0.010994278100962892,1.2184306606618222e-09
EFT:0.1433807135777398,1.665875949806157e-05,0.35268676015622635,0.13323296878920476,0.018046140650205638,1.8883411324454886e-05,0.34162357706381796,1.8272589392338037e-08,0.010994278100962896,1.2184306606618216e-09
Random517
Raw:0.1433807135777397,1.6658759498061517e-05,0.3526867601562258,0.1332329687892049,0.01804614065020561,1.8883411324454757e-05,0.34162357706381835,1.8272589392337878e-08,0.010994278100962878,1.2184306606618067e-09
EFT:0.1433807135777398,1.665875949806157e-05,0.35268676015622635,0.13323296878920476,0.018046140650205638,1.8883411324454886e-05,0.34162357706381796,1.8272589392338037e-08,0.010994278100962901,1.2184306606618216e-09
Random518
Raw:0.14338071357773985,1.665875949806158e-05,0.35268676015622646,0.13323296878920446,0.018046140650205635,1.8883411324454926e-05,0.3416235770638181,1.827258939233811e-08,0.0109942781009629,1.218430660661822e-09
EFT:0.1433807135777398,1.665875949806157e-05,0.35268676015622635,0.13323296878920476,0.018046140650205638,1.8883411324454886e-05,0.34162357706381796,1.8272589392338037e-08,0.010994278100962896,1.2184306606618216e-09
Random519
Raw:0.1433807135777397,1.6658759498061517e-05,0.3526867601562258,0.1332329687892048,0.01804614065020557,1.888341132445486e-05,0.3416235770638187,1.827258939233801e-08,0.010994278100962889,1.2184306606618108e-09
EFT:0.1433807135777398,1.665875949806157e-05,0.35268676015622635,0.13323296878920476,0.018046140650205638,1.8883411324454886e-05,0.34162357706381796,1.8272589392338037e-08,0.010994278100962896,1.2184306606618216e-09
Random520
Raw:0.14338071357773982,1.6658759498061605e-05,0.3526867601562258,0.13323296878920501,0.01804614065020562,1.8883411324454957e-05,0.34162357706381835,1.8272589392338073e-08,0.010994278100962878,1.2184306606618195e-09
EFT:0.1433807135777398,1.665875949806157e-05,0.35268676015622635,0.13323296878920476,0.018046140650205638,1.8883411324454886e-05,0.34162357706381796,1.8272589392338037e-08,0.010994278100962901,1.2184306606618216e-09
Random521
Raw:0.14338071357773968,1.6658759498061575e-05,0.3526867601562264,0.13323296878920468,0.018046140650205624,1.8883411324454923e-05,0.341623577063818,1.8272589392338106e-08,0.010994278100962889,1.2184306606618218e-09
EFT:0.1433807135777398,1.665875949806157e-05,0.35268676015622635,0.13323296878920476,0.018046140650205638,1.8883411324454886e-05,0.34162357706381796,1.8272589392338037e-08,0.010994278100962896,1.2184306606618216e-09
Random522
Raw:0.14338071357773968,1.6658759498061548e-05,0.3526867601562264,0.13323296878920468,0.018046140650205635,1.8883411324454855e-05,0.341623577063818,1.8272589392337974e-08,0.010994278100962889,1.2184306606618129e-09
EFT:0.1433807135777398,1.665875949806157e-05,0.35268676015622635,0.13323296878920476,0.018046140650205638,1.8883411324454886e-05,0.34162357706381796,1.8272589392338037e-08,0.010994278100962901,1.2184306606618216e-09
Random523
Raw:0.14338071357773974,1.6658759498061582e-05,0.35268676015622585,0.13323296878920482,0.018046140650205603,1.888341132445486e-05,0.3416235770638184,1.8272589392338077e-08,0.01099427810096289,1.2184306606618197e-09
EFT:0.1433807135777398,1.665875949806157e-05,0.35268676015622635,0.13323296878920476,0.018046140650205638,1.8883411324454886e-05,0.34162357706381796,1.8272589392338037e-08,0.010994278100962896,1.2184306606618216e-09
Random524
Raw:0.1433807135777398,1.6658759498061558e-05,0.352686760156226,0.1332329687892044,0.018046140650205614,1.8883411324454903e-05,0.3416235770638186,1.8272589392338153e-08,0.010994278100962896,1.2184306606618203e-09
EFT:0.1433807135777398,1.665875949806157e-05,0.35268676015622635,0.13323296878920476,0.018046140650205638,1.8883411324454886e-05,0.34162357706381796,1.8272589392338037e-08,0.010994278100962901,1.2184306606618216e-09
Random525
Raw:0.14338071357773985,1.665875949806158e-05,0.35268676015622646,0.1332329687892048,0.01804614065020567,1.888341132445486e-05,0.3416235770638178,1.8272589392337977e-08,0.0109942781009629,1.218430660661822e-09
EFT:0.1433807135777398,1.665875949806157e-05,0.35268676015622635,0.13323296878920476,0.018046140650205638,1.8883411324454886e-05,0.34162357706381796,1.8272589392338037e-08,0.010994278100962901,1.2184306606618216e-09
Random526
Raw:0.14338071357773988,1.6658759498061565e-05,0.3526867601562262,0.13323296878920493,0.018046140650205645,1.8883411324454845e-05,0.34162357706381785,1.8272589392337964e-08,0.010994278100962882,1.2184306606618166e-09
EFT:0.1433807135777398,1.665875949806157e-05,0.35268676015622635,0.13323296878920476,0.018046140650205638,1.8883411324454886e-05,0.34162357706381796,1.8272589392338037e-08,0.010994278100962901,1.2184306606618216e-09
Random527
Raw:0.14338071357773974,1.665875949806146e-05,0.3526867601562265,0.1332329687892047,0.018046140650205617,1.8883411324454794e-05,0.34162357706381785,1.827258939233785e-08,0.010994278100962863,1.2184306606618048e-09
EFT:0.1433807135777398,1.665875949806157e-05,0.35268676015622635,0.13323296878920476,0.018046140650205638,1.8883411324454886e-05,0.34162357706381796,1.8272589392338037e-08,0.010994278100962901,1.2184306606618216e-09
Random528
Raw:0.14338071357773985,1.665875949806156e-05,0.35268676015622613,0.13323296878920515,0.018046140650205628,1.8883411324454842e-05,0.3416235770638178,1.8272589392337895e-08,0.01099427810096287,1.218430660661812e-09
EFT:0.1433807135777398,1.665875949806157e-05,0.35268676015622635,0.13323296878920476,0.018046140650205638,1.8883411324454886e-05,0.34162357706381796,1.8272589392338037e-08,0.010994278100962896,1.2184306606618216e-09
Random529
Raw:0.14338071357773965,1.6658759498061555e-05,0.35268676015622596,0.1332329687892051,0.018046140650205635,1.8883411324454767e-05,0.3416235770638182,1.8272589392337822e-08,0.010994278100962884,1.2184306606618027e-09
EFT:0.1433807135777398,1.665875949806157e-05,0.35268676015622635,0.13323296878920476,0.018046140650205638,1.8883411324454886e-05,0.34162357706381796,1.8272589392338037e-08,0.010994278100962896,1.2184306606618216e-09
Random530
Raw:0.1433807135777397,1.6658759498061517e-05,0.35268676015622646,0.13323296878920493,0.018046140650205628,1.888341132445479e-05,0.3416235770638178,1.8272589392337848e-08,0.01099427810096288,1.2184306606618046e-09
EFT:0.1433807135777398,1.665875949806157e-05,0.35268676015622635,0.13323296878920476,0.018046140650205638,1.8883411324454886e-05,0.34162357706381796,1.8272589392338037e-08,0.010994278100962896,1.2184306606618216e-09
Random531
Raw:0.14338071357773968,1.6658759498061592e-05,0.3526867601562261,0.13323296878920501,0.01804614065020564,1.8883411324454906e-05,0.341623577063818,1.8272589392338024e-08,0.010994278100962878,1.2184306606618162e-09
EFT:0.1433807135777398,1.665875949806157e-05,0.35268676015622635,0.13323296878920476,0.018046140650205638,1.8883411324454886e-05,0.34162357706381796,1.8272589392338037e-08,0.010994278100962896,1.2184306606618216e-09
Random532
Raw:0.14338071357773977,1.6658759498061612e-05,0.3526867601562259,0.13323296878920496,0.018046140650205662,1.8883411324454828e-05,0.34162357706381813,1.8272589392338014e-08,0.010994278100962892,1.2184306606618156e-09
EFT:0.1433807135777398,1.665875949806157e-05,0.35268676015622635,0.13323296878920476,0.018046140650205638,1.8883411324454886e-05,0.34162357706381796,1.8272589392338037e-08,0.010994278100962896,1.2184306606618216e-09
Random533
Raw:0.14338071357773963,1.6658759498061524e-05,0.3526867601562259,0.1332329687892046,0.018046140650205624,1.8883411324454764e-05,0.3416235770638188,1.827258939233795e-08,0.010994278100962882,1.218430660661807e-09
EFT:0.1433807135777398,1.665875949806157e-05,0.35268676015622635,0.13323296878920476,0.018046140650205638,1.8883411324454886e-05,0.34162357706381796,1.8272589392338037e-08,0.010994278100962896,1.2184306606618216e-09
Random534
Raw:0.14338071357773968,1.6658759498061663e-05,0.3526867601562264,0.1332329687892048,0.018046140650205683,1.888341132445489e-05,0.341623577063818,1.8272589392338106e-08,0.010994278100962897,1.218430660661826e-09
EFT:0.1433807135777398,1.665875949806157e-05,0.35268676015622635,0.13323296878920476,0.018046140650205638,1.8883411324454886e-05,0.34162357706381796,1.8272589392338037e-08,0.010994278100962896,1.2184306606618216e-09
Random535
Raw:0.1433807135777396,1.6658759498061504e-05,0.3526867601562262,0.1332329687892053,0.018046140650205652,1.8883411324454777e-05,0.34162357706381785,1.827258939233777e-08,0.010994278100962863,1.2184306606618036e-09
EFT:0.1433807135777398,1.665875949806157e-05,0.35268676015622635,0.13323296878920476,0.018046140650205638,1.8883411324454886e-05,0.34162357706381796,1.8272589392338037e-08,0.010994278100962896,1.2184306606618216e-09
Random536
Raw:0.14338071357773963,1.6658759498061626e-05,0.35268676015622624,0.13323296878920518,0.018046140650205673,1.8883411324454947e-05,0.34162357706381785,1.8272589392338163e-08,0.010994278100962892,1.2184306606618298e-09
EFT:0.1433807135777398,1.665875949806157e-05,0.35268676015622635,0.13323296878920476,0.018046140650205638,1.8883411324454886e-05,0.34162357706381796,1.8272589392338037e-08,0.010994278100962896,1.2184306606618216e-09
Random537
Raw:0.1433807135777398,1.665875949806157e-05,0.35268676015622635,0.1332329687892044,0.018046140650205638,1.8883411324454852e-05,0.3416235770638183,1.8272589392338037e-08,0.010994278100962896,1.2184306606618216e-09
EFT:0.1433807135777398,1.665875949806157e-05,0.35268676015622635,0.13323296878920476,0.018046140650205638,1.8883411324454886e-05,0.34162357706381796,1.8272589392338037e-08,0.010994278100962896,1.2184306606618216e-09
Random538
Raw:0.1433807135777398,1.6658759498061673e-05,0.35268676015622596,0.13323296878920485,0.01804614065020564,1.8883411324454967e-05,0.3416235770638182,1.827258939233815e-08,0.010994278100962894,1.2184306606618288e-09
EFT:0.1433807135777398,1.665875949806157e-05,0.35268676015622635,0.13323296878920476,0.018046140650205638,1.8883411324454886e-05,0.34162357706381796,1.8272589392338037e-08,0.010994278100962896,1.2184306606618216e-09
Random539
Raw:0.1433807135777398,1.6658759498061687e-05,0.3526867601562263,0.13323296878920485,0.01804614065020566,1.888341132445495e-05,0.3416235770638179,1.8272589392338166e-08,0.010994278100962904,1.2184306606618298e-09
EFT:0.1433807135777398,1.665875949806157e-05,0.35268676015622635,0.13323296878920476,0.018046140650205638,1.8883411324454886e-05,0.34162357706381796,1.8272589392338037e-08,0.010994278100962896,1.2184306606618216e-09
Random540
Raw:0.14338071357773965,1.665875949806151e-05,0.3526867601562263,0.13323296878920474,0.018046140650205635,1.8883411324454784e-05,0.34162357706381824,1.8272589392337838e-08,0.010994278100962894,1.2184306606618083e-09
EFT:0.1433807135777398,1.665875949806157e-05,0.35268676015622635,0.13323296878920476,0.018046140650205638,1.8883411324454886e-05,0.34162357706381796,1.8272589392338037e-08,0.010994278100962901,1.2184306606618216e-09
Random541
Raw:0.1433807135777397,1.6658759498061517e-05,0.35268676015622646,0.13323296878920457,0.01804614065020562,1.888341132445486e-05,0.3416235770638181,1.8272589392338043e-08,0.01099427810096288,1.218430660661813e-09
EFT:0.1433807135777398,1.665875949806157e-05,0.35268676015622635,0.13323296878920476,0.018046140650205638,1.8883411324454886e-05,0.34162357706381796,1.8272589392338037e-08,0.010994278100962901,1.2184306606618216e-09
Random542
Raw:0.14338071357773965,1.6658759498061463e-05,0.3526867601562266,0.13323296878920474,0.018046140650205628,1.8883411324454798e-05,0.3416235770638179,1.827258939233785e-08,0.010994278100962884,1.218430660661805e-09
EFT:0.1433807135777398,1.665875949806157e-05,0.35268676015622635,0.13323296878920476,0.018046140650205638,1.8883411324454886e-05,0.34162357706381796,1.8272589392338037e-08,0.010994278100962896,1.2184306606618216e-09
Random543
Raw:0.14338071357773982,1.665875949806147e-05,0.3526867601562261,0.13323296878920443,0.018046140650205558,1.8883411324454974e-05,0.34162357706381863,1.8272589392338153e-08,0.010994278100962868,1.2184306606618162e-09
EFT:0.1433807135777398,1.665875949806157e-05,0.35268676015622635,0.13323296878920476,0.018046140650205638,1.8883411324454886e-05,0.34162357706381796,1.8272589392338037e-08,0.010994278100962901,1.2184306606618216e-09
Random544
Raw:0.14338071357773977,1.665875949806148e-05,0.35268676015622624,0.13323296878920413,0.018046140650205603,1.8883411324454815e-05,0.3416235770638188,1.8272589392337967e-08,0.010994278100962884,1.2184306606618125e-09
EFT:0.1433807135777398,1.665875949806157e-05,0.35268676015622635,0.13323296878920476,0.018046140650205638,1.8883411324454886e-05,0.34162357706381796,1.8272589392338037e-08,0.010994278100962896,1.2184306606618216e-09
Random545
Raw:0.14338071357773968,1.6658759498061602e-05,0.35268676015622574,0.13323296878920535,0.018046140650205666,1.888341132445482e-05,0.34162357706381796,1.827258939233794e-08,0.010994278100962887,1.2184306606618106e-09
EFT:0.1433807135777398,1.665875949806157e-05,0.35268676015622635,0.13323296878920476,0.018046140650205638,1.8883411324454886e-05,0.34162357706381796,1.8272589392338037e-08,0.010994278100962901,1.2184306606618216e-09
Random546
Raw:0.1433807135777396,1.665875949806161e-05,0.35268676015622713,0.1332329687892046,0.018046140650205718,1.8883411324454828e-05,0.3416235770638175,1.8272589392338014e-08,0.01099427810096292,1.2184306606618243e-09
EFT:0.1433807135777398,1.665875949806157e-05,0.35268676015622635,0.13323296878920476,0.018046140650205638,1.8883411324454886e-05,0.34162357706381796,1.8272589392338037e-08,0.010994278100962896,1.2184306606618216e-09
Random547
Raw:0.1433807135777398,1.665875949806151e-05,0.3526867601562263,0.13323296878920485,0.018046140650205635,1.8883411324454852e-05,0.3416235770638179,1.827258939233797e-08,0.010994278100962885,1.2184306606618127e-09
EFT:0.1433807135777398,1.665875949806157e-05,0.35268676015622635,0.13323296878920476,0.018046140650205638,1.8883411324454886e-05,0.34162357706381796,1.8272589392338037e-08,0.010994278100962896,1.2184306606618216e-09
Random548
Raw:0.1433807135777397,1.6658759498061534e-05,0.35268676015622613,0.1332329687892049,0.018046140650205645,1.8883411324454842e-05,0.3416235770638181,1.827258939233796e-08,0.01099427810096288,1.218430660661812e-09
EFT:0.1433807135777398,1.665875949806157e-05,0.35268676015622635,0.13323296878920476,0.018046140650205638,1.8883411324454886e-05,0.34162357706381796,1.8272589392338037e-08,0.010994278100962896,1.2184306606618216e-09
Random549
Raw:0.14338071357773988,1.6658759498061612e-05,0.3526867601562253,0.13323296878920518,0.018046140650205624,1.8883411324454865e-05,0.3416235770638185,1.8272589392337984e-08,0.010994278100962884,1.2184306606618135e-09
EFT:0.1433807135777398,1.665875949806157e-05,0.35268676015622635,0.13323296878920476,0.018046140650205638,1.8883411324454886e-05,0.34162357706381796,1.8272589392338037e-08,0.010994278100962896,1.2184306606618216e-09
Random550
Raw:0.14338071357773974,1.6658759498061548e-05,0.35268676015622585,0.13323296878920482,0.018046140650205603,1.8883411324454893e-05,0.3416235770638184,1.8272589392338077e-08,0.01099427810096288,1.2184306606618197e-09
EFT:0.1433807135777398,1.665875949806157e-05,0.35268676015622635,0.13323296878920476,0.018046140650205638,1.8883411324454886e-05,0.34162357706381796,1.8272589392338037e-08,0.010994278100962901,1.2184306606618216e-09
Random551
Raw:0.14338071357773968,1.6658759498061558e-05,0.3526867601562261,0.13323296878920476,0.01804614065020564,1.888341132445484e-05,0.3416235770638183,1.8272589392337957e-08,0.010994278100962887,1.2184306606618118e-09
EFT:0.1433807135777398,1.665875949806157e-05,0.35268676015622635,0.13323296878920476,0.018046140650205638,1.8883411324454886e-05,0.34162357706381796,1.8272589392338037e-08,0.010994278100962896,1.2184306606618216e-09
Random552
Raw:0.1433807135777399,1.6658759498061616e-05,0.35268676015622596,0.13323296878920463,0.01804614065020564,1.88834113244549e-05,0.3416235770638185,1.827258939233815e-08,0.010994278100962894,1.2184306606618201e-09
EFT:0.1433807135777398,1.665875949806157e-05,0.35268676015622635,0.13323296878920476,0.018046140650205638,1.8883411324454886e-05,0.34162357706381796,1.8272589392338037e-08,0.010994278100962901,1.2184306606618216e-09
Random553
Raw:0.14338071357773965,1.665875949806157e-05,0.3526867601562263,0.13323296878920474,0.018046140650205628,1.8883411324454852e-05,0.34162357706381824,1.827258939233797e-08,0.010994278100962875,1.218430660661817e-09
EFT:0.1433807135777398,1.665875949806157e-05,0.35268676015622635,0.13323296878920476,0.018046140650205638,1.8883411324454886e-05,0.34162357706381796,1.8272589392338037e-08,0.010994278100962896,1.2184306606618216e-09
Random554
Raw:0.14338071357773985,1.6658759498061666e-05,0.35268676015622585,0.13323296878920504,0.018046140650205662,1.8883411324454926e-05,0.3416235770638181,1.8272589392338143e-08,0.01099427810096289,1.218430660661824e-09
EFT:0.1433807135777398,1.665875949806157e-05,0.35268676015622635,0.13323296878920476,0.018046140650205638,1.8883411324454886e-05,0.34162357706381796,1.8272589392338037e-08,0.010994278100962896,1.2184306606618216e-09
Random555
Raw:0.14338071357773977,1.6658759498061524e-05,0.3526867601562259,0.13323296878920496,0.0180461406502056,1.8883411324454862e-05,0.34162357706381813,1.827258939233795e-08,0.010994278100962873,1.2184306606618112e-09
EFT:0.1433807135777398,1.665875949806157e-05,0.35268676015622635,0.13323296878920476,0.018046140650205638,1.8883411324454886e-05,0.34162357706381796,1.8272589392338037e-08,0.010994278100962901,1.2184306606618216e-09
Random556
Raw:0.14338071357773977,1.665875949806145e-05,0.35268676015622624,0.13323296878920507,0.01804614065020558,1.8883411324454815e-05,0.34162357706381785,1.82725893923379e-08,0.010994278100962864,1.2184306606618038e-09
EFT:0.1433807135777398,1.665875949806157e-05,0.35268676015622635,0.13323296878920476,0.018046140650205638,1.8883411324454886e-05,0.34162357706381796,1.8272589392338037e-08,0.010994278100962896,1.2184306606618216e-09
Random557
Raw:0.14338071357773993,1.665875949806159e-05,0.352686760156226,0.133232968789205,0.01804614065020563,1.888341132445487e-05,0.34162357706381796,1.827258939233802e-08,0.010994278100962885,1.218430660661816e-09
EFT:0.1433807135777398,1.665875949806157e-05,0.35268676015622635,0.13323296878920476,0.018046140650205638,1.8883411324454886e-05,0.34162357706381796,1.8272589392338037e-08,0.010994278100962901,1.2184306606618216e-09
Random558
Raw:0.14338071357773968,1.6658759498061517e-05,0.3526867601562264,0.13323296878920443,0.018046140650205617,1.888341132445482e-05,0.34162357706381835,1.8272589392337974e-08,0.010994278100962897,1.2184306606618129e-09
EFT:0.1433807135777398,1.665875949806157e-05,0.35268676015622635,0.13323296878920476,0.018046140650205638,1.8883411324454886e-05,0.34162357706381796,1.8272589392338037e-08,0.010994278100962901,1.2184306606618216e-09
Random559
Raw:0.14338071357773974,1.6658759498061477e-05,0.3526867601562262,0.13323296878920435,0.018046140650205534,1.8883411324454913e-05,0.34162357706381874,1.827258939233816e-08,0.010994278100962882,1.2184306606618166e-09
EFT:0.1433807135777398,1.665875949806157e-05,0.35268676015622635,0.13323296878920476,0.018046140650205638,1.8883411324454886e-05,0.34162357706381796,1.8272589392338037e-08,0.010994278100962901,1.2184306606618216e-09
Random560
Raw:0.1433807135777399,1.6658759498061582e-05,0.3526867601562266,0.1332329687892045,0.01804614065020566,1.88834113244549e-05,0.3416235770638179,1.8272589392338113e-08,0.010994278100962913,1.2184306606618222e-09
EFT:0.1433807135777398,1.665875949806157e-05,0.35268676015622635,0.13323296878920476,0.018046140650205638,1.8883411324454886e-05,0.34162357706381796,1.8272589392338037e-08,0.010994278100962901,1.2184306606618216e-09
Random561
Raw:0.14338071357773985,1.665875949806168e-05,0.35268676015622613,0.13323296878920515,0.018046140650205687,1.888341132445491e-05,0.3416235770638178,1.827258939233809e-08,0.0109942781009629,1.2184306606618294e-09
EFT:0.1433807135777398,1.665875949806157e-05,0.35268676015622635,0.13323296878920476,0.018046140650205638,1.8883411324454886e-05,0.34162357706381796,1.8272589392338037e-08,0.010994278100962896,1.2184306606618216e-09
Random562
Raw:0.14338071357773965,1.665875949806151e-05,0.3526867601562263,0.1332329687892044,0.01804614065020562,1.8883411324454852e-05,0.3416235770638185,1.8272589392338033e-08,0.010994278100962894,1.2184306606618127e-09
EFT:0.1433807135777398,1.665875949806157e-05,0.35268676015622635,0.13323296878920476,0.018046140650205638,1.8883411324454886e-05,0.34162357706381796,1.8272589392338037e-08,0.010994278100962896,1.2184306606618216e-09
Random563
Raw:0.14338071357773968,1.6658759498061528e-05,0.3526867601562267,0.13323296878920454,0.01804614065020565,1.8883411324454872e-05,0.341623577063818,1.827258939233799e-08,0.010994278100962897,1.218430660661814e-09
EFT:0.1433807135777398,1.665875949806157e-05,0.35268676015622635,0.13323296878920476,0.018046140650205638,1.8883411324454886e-05,0.34162357706381796,1.8272589392338037e-08,0.010994278100962896,1.2184306606618216e-09
Random564
Raw:0.1433807135777396,1.6658759498061477e-05,0.3526867601562262,0.1332329687892047,0.01804614065020559,1.8883411324454777e-05,0.3416235770638184,1.8272589392337832e-08,0.010994278100962871,1.2184306606618036e-09
EFT:0.1433807135777398,1.665875949806157e-05,0.35268676015622635,0.13323296878920476,0.018046140650205638,1.8883411324454886e-05,0.34162357706381796,1.8272589392338037e-08,0.010994278100962896,1.2184306606618216e-09
Random565
Raw:0.14338071357773965,1.6658759498061616e-05,0.3526867601562266,0.13323296878920485,0.018046140650205683,1.8883411324454865e-05,0.3416235770638179,1.8272589392337984e-08,0.010994278100962903,1.2184306606618222e-09
EFT:0.1433807135777398,1.665875949806157e-05,0.35268676015622635,0.13323296878920476,0.018046140650205638,1.8883411324454886e-05,0.34162357706381796,1.8272589392338037e-08,0.010994278100962896,1.2184306606618216e-09
Random566
Raw:0.14338071357773963,1.6658759498061568e-05,0.35268676015622624,0.13323296878920485,0.01804614065020563,1.888341132445485e-05,0.3416235770638182,1.827258939233803e-08,0.010994278100962884,1.2184306606618125e-09
EFT:0.1433807135777398,1.665875949806157e-05,0.35268676015622635,0.13323296878920476,0.018046140650205638,1.8883411324454886e-05,0.34162357706381796,1.8272589392338037e-08,0.010994278100962896,1.2184306606618216e-09
Random567
Raw:0.14338071357773965,1.6658759498061616e-05,0.35268676015622596,0.13323296878920532,0.01804614065020566,1.888341132445483e-05,0.3416235770638179,1.827258939233795e-08,0.010994278100962884,1.2184306606618158e-09
EFT:0.1433807135777398,1.665875949806157e-05,0.35268676015622635,0.13323296878920476,0.018046140650205638,1.8883411324454886e-05,0.34162357706381796,1.8272589392338037e-08,0.010994278100962896,1.2184306606618216e-09
Random568
Raw:0.14338071357773957,1.6658759498061517e-05,0.3526867601562264,0.13323296878920432,0.0180461406502056,1.8883411324454855e-05,0.34162357706381863,1.8272589392338106e-08,0.010994278100962889,1.2184306606618174e-09
EFT:0.1433807135777398,1.665875949806157e-05,0.35268676015622635,0.13323296878920476,0.018046140650205638,1.8883411324454886e-05,0.34162357706381796,1.8272589392338037e-08,0.010994278100962896,1.2184306606618216e-09
Random569
Raw:0.14338071357773974,1.6658759498061666e-05,0.35268676015622585,0.1332329687892054,0.01804614065020567,1.8883411324454926e-05,0.3416235770638178,1.8272589392338077e-08,0.01099427810096289,1.2184306606618197e-09
EFT:0.1433807135777398,1.665875949806157e-05,0.35268676015622635,0.13323296878920476,0.018046140650205638,1.8883411324454886e-05,0.34162357706381796,1.8272589392338037e-08,0.010994278100962896,1.2184306606618216e-09
Random570
Raw:0.14338071357773965,1.6658759498061602e-05,0.3526867601562263,0.13323296878920463,0.01804614065020566,1.8883411324454852e-05,0.34162357706381824,1.82725893923381e-08,0.010994278100962904,1.218430660661817e-09
EFT:0.1433807135777398,1.665875949806157e-05,0.35268676015622635,0.13323296878920476,0.018046140650205638,1.8883411324454886e-05,0.34162357706381796,1.8272589392338037e-08,0.010994278100962896,1.2184306606618216e-09
Random571
Raw:0.14338071357773974,1.665875949806152e-05,0.35268676015622585,0.13323296878920482,0.01804614065020559,1.8883411324454893e-05,0.3416235770638184,1.827258939233801e-08,0.010994278100962871,1.218430660661811e-09
EFT:0.1433807135777398,1.665875949806157e-05,0.35268676015622635,0.13323296878920476,0.018046140650205638,1.8883411324454886e-05,0.34162357706381796,1.8272589392338037e-08,0.010994278100962901,1.2184306606618216e-09
Random572
Raw:0.14338071357773977,1.6658759498061568e-05,0.35268676015622624,0.1332329687892046,0.018046140650205624,1.8883411324454913e-05,0.3416235770638182,1.8272589392338096e-08,0.010994278100962892,1.2184306606618212e-09
EFT:0.1433807135777398,1.665875949806157e-05,0.35268676015622635,0.13323296878920476,0.018046140650205638,1.8883411324454886e-05,0.34162357706381796,1.8272589392338037e-08,0.010994278100962901,1.2184306606618216e-09
Random573
Raw:0.14338071357773977,1.6658759498061612e-05,0.3526867601562259,0.13323296878920507,0.018046140650205655,1.8883411324454828e-05,0.34162357706381813,1.8272589392338014e-08,0.010994278100962892,1.2184306606618156e-09
EFT:0.1433807135777398,1.665875949806157e-05,0.35268676015622635,0.13323296878920476,0.018046140650205638,1.8883411324454886e-05,0.34162357706381796,1.8272589392338037e-08,0.010994278100962896,1.2184306606618216e-09
Random574
Raw:0.14338071357774002,1.6658759498061568e-05,0.35268676015622624,0.13323296878920485,0.01804614065020563,1.8883411324454913e-05,0.34162357706381785,1.8272589392337967e-08,0.010994278100962884,1.2184306606618168e-09
EFT:0.1433807135777398,1.665875949806157e-05,0.35268676015622635,0.13323296878920476,0.018046140650205638,1.8883411324454886e-05,0.34162357706381796,1.8272589392338037e-08,0.010994278100962896,1.2184306606618216e-09
Random575
Raw:0.1433807135777397,1.6658759498061534e-05,0.35268676015622613,0.1332329687892049,0.018046140650205603,1.8883411324454842e-05,0.3416235770638181,1.8272589392338027e-08,0.01099427810096288,1.218430660661812e-09
EFT:0.1433807135777398,1.665875949806157e-05,0.35268676015622635,0.13323296878920476,0.018046140650205638,1.8883411324454886e-05,0.34162357706381796,1.8272589392338037e-08,0.010994278100962896,1.2184306606618216e-09
Random576
Raw:0.14338071357773985,1.6658759498061548e-05,0.35268676015622646,0.13323296878920457,0.018046140650205603,1.8883411324454893e-05,0.3416235770638181,1.8272589392338043e-08,0.0109942781009629,1.2184306606618174e-09
EFT:0.1433807135777398,1.665875949806157e-05,0.35268676015622635,0.13323296878920476,0.018046140650205638,1.8883411324454886e-05,0.34162357706381796,1.8272589392338037e-08,0.010994278100962901,1.2184306606618216e-09
Random577
Raw:0.14338071357773954,1.6658759498061483e-05,0.35268676015622635,0.13323296878920476,0.018046140650205624,1.888341132445482e-05,0.3416235770638183,1.827258939233797e-08,0.010994278100962896,1.2184306606618127e-09
EFT:0.1433807135777398,1.665875949806157e-05,0.35268676015622635,0.13323296878920476,0.018046140650205638,1.8883411324454886e-05,0.34162357706381796,1.8272589392338037e-08,0.010994278100962896,1.2184306606618216e-09
Random578
Raw:0.14338071357773974,1.6658759498061582e-05,0.3526867601562265,0.1332329687892047,0.01804614065020563,1.888341132445493e-05,0.34162357706381785,1.8272589392338113e-08,0.010994278100962901,1.2184306606618222e-09
EFT:0.1433807135777398,1.665875949806157e-05,0.35268676015622635,0.13323296878920476,0.018046140650205638,1.8883411324454886e-05,0.34162357706381796,1.8272589392338037e-08,0.010994278100962896,1.2184306606618216e-09
Random579
Raw:0.14338071357773977,1.6658759498061568e-05,0.35268676015622624,0.13323296878920496,0.01804614065020564,1.888341132445485e-05,0.34162357706381785,1.8272589392337967e-08,0.010994278100962884,1.2184306606618168e-09
EFT:0.1433807135777398,1.665875949806157e-05,0.35268676015622635,0.13323296878920476,0.018046140650205638,1.8883411324454886e-05,0.34162357706381796,1.8272589392338037e-08,0.010994278100962896,1.2184306606618216e-09
Random580
Raw:0.14338071357773982,1.665875949806162e-05,0.3526867601562261,0.13323296878920524,0.018046140650205635,1.8883411324454906e-05,0.34162357706381774,1.827258939233809e-08,0.010994278100962887,1.2184306606618205e-09
EFT:0.1433807135777398,1.665875949806157e-05,0.35268676015622635,0.13323296878920476,0.018046140650205638,1.8883411324454886e-05,0.34162357706381796,1.8272589392338037e-08,0.010994278100962896,1.2184306606618216e-09
Random581
Raw:0.1433807135777397,1.6658759498061517e-05,0.35268676015622646,0.13323296878920515,0.018046140650205652,1.8883411324454655e-05,0.34162357706381746,1.827258939233772e-08,0.010994278100962871,1.2184306606618003e-09
EFT:0.1433807135777398,1.665875949806157e-05,0.35268676015622635,0.13323296878920476,0.018046140650205638,1.8883411324454886e-05,0.34162357706381796,1.8272589392338037e-08,0.010994278100962896,1.2184306606618216e-09
Random582
Raw:0.1433807135777399,1.6658759498061602e-05,0.3526867601562257,0.1332329687892051,0.018046140650205603,1.888341132445495e-05,0.34162357706381824,1.827258939233807e-08,0.010994278100962885,1.2184306606618193e-09
EFT:0.1433807135777398,1.665875949806157e-05,0.35268676015622635,0.13323296878920476,0.018046140650205638,1.8883411324454886e-05,0.34162357706381796,1.8272589392338037e-08,0.010994278100962896,1.2184306606618216e-09
Random583
Raw:0.1433807135777398,1.665875949806163e-05,0.3526867601562263,0.13323296878920485,0.018046140650205652,1.8883411324454916e-05,0.3416235770638179,1.82725893923381e-08,0.010994278100962894,1.2184306606618214e-09
EFT:0.1433807135777398,1.665875949806157e-05,0.35268676015622635,0.13323296878920476,0.018046140650205638,1.8883411324454886e-05,0.34162357706381796,1.8272589392338037e-08,0.010994278100962896,1.2184306606618216e-09
Random584
Raw:0.14338071357773977,1.6658759498061538e-05,0.35268676015622624,0.13323296878920496,0.01804614065020563,1.888341132445485e-05,0.34162357706381785,1.82725893923379e-08,0.010994278100962892,1.2184306606618125e-09
EFT:0.1433807135777398,1.665875949806157e-05,0.35268676015622635,0.13323296878920476,0.018046140650205638,1.8883411324454886e-05,0.34162357706381796,1.8272589392338037e-08,0.010994278100962896,1.2184306606618216e-09
Random585
Raw:0.14338071357773988,1.665875949806155e-05,0.3526867601562259,0.1332329687892047,0.018046140650205593,1.8883411324454828e-05,0.34162357706381846,1.8272589392338014e-08,0.010994278100962892,1.2184306606618156e-09
EFT:0.1433807135777398,1.665875949806157e-05,0.35268676015622635,0.13323296878920476,0.018046140650205638,1.8883411324454886e-05,0.34162357706381796,1.8272589392338037e-08,0.010994278100962901,1.2184306606618216e-09
Random586
Raw:0.14338071357773968,1.6658759498061558e-05,0.352686760156226,0.13323296878920488,0.01804614065020562,1.888341132445487e-05,0.34162357706381824,1.827258939233802e-08,0.010994278100962885,1.218430660661816e-09
EFT:0.1433807135777398,1.665875949806157e-05,0.35268676015622635,0.13323296878920476,0.018046140650205638,1.8883411324454886e-05,0.34162357706381796,1.8272589392338037e-08,0.010994278100962901,1.2184306606618216e-09
Random587
Raw:0.1433807135777398,1.665875949806154e-05,0.3526867601562263,0.1332329687892044,0.018046140650205596,1.8883411324454916e-05,0.3416235770638185,1.82725893923381e-08,0.010994278100962885,1.2184306606618214e-09
EFT:0.1433807135777398,1.665875949806157e-05,0.35268676015622635,0.13323296878920476,0.018046140650205638,1.8883411324454886e-05,0.34162357706381796,1.8272589392338037e-08,0.010994278100962901,1.2184306606618216e-09
Random588
Raw:0.14338071357773965,1.6658759498061514e-05,0.35268676015622635,0.13323296878920488,0.01804614065020565,1.888341132445482e-05,0.34162357706381796,1.827258939233784e-08,0.010994278100962877,1.2184306606618085e-09
EFT:0.1433807135777398,1.665875949806157e-05,0.35268676015622635,0.13323296878920476,0.018046140650205638,1.8883411324454886e-05,0.34162357706381796,1.8272589392338037e-08,0.010994278100962901,1.2184306606618216e-09
Random589
Raw:0.14338071357773968,1.665875949806156e-05,0.3526867601562267,0.13323296878920476,0.01804614065020565,1.8883411324454872e-05,0.3416235770638177,1.827258939233799e-08,0.010994278100962887,1.2184306606618183e-09
EFT:0.1433807135777398,1.665875949806157e-05,0.35268676015622635,0.13323296878920476,0.018046140650205638,1.8883411324454886e-05,0.34162357706381796,1.8272589392338037e-08,0.010994278100962896,1.2184306606618216e-09
Random590
Raw:0.1433807135777397,1.6658759498061504e-05,0.35268676015622613,0.1332329687892049,0.018046140650205617,1.8883411324454808e-05,0.3416235770638181,1.8272589392337895e-08,0.010994278100962889,1.218430660661812e-09
EFT:0.1433807135777398,1.665875949806157e-05,0.35268676015622635,0.13323296878920476,0.018046140650205638,1.8883411324454886e-05,0.34162357706381796,1.8272589392338037e-08,0.010994278100962896,1.2184306606618216e-09
Random591
Raw:0.14338071357773985,1.665875949806168e-05,0.35268676015622613,0.13323296878920504,0.018046140650205676,1.8883411324454974e-05,0.3416235770638178,1.8272589392338156e-08,0.010994278100962889,1.2184306606618294e-09
EFT:0.1433807135777398,1.665875949806157e-05,0.35268676015622635,0.13323296878920476,0.018046140650205638,1.8883411324454886e-05,0.34162357706381796,1.8272589392338037e-08,0.010994278100962896,1.2184306606618216e-09
Random592
Raw:0.14338071357773968,1.66587594980615e-05,0.3526867601562261,0.13323296878920476,0.01804614065020561,1.888341132445484e-05,0.3416235770638183,1.8272589392338024e-08,0.010994278100962878,1.2184306606618118e-09
EFT:0.1433807135777398,1.665875949806157e-05,0.35268676015622635,0.13323296878920476,0.018046140650205638,1.8883411324454886e-05,0.34162357706381796,1.8272589392338037e-08,0.010994278100962896,1.2184306606618216e-09
Random593
Raw:0.14338071357773977,1.6658759498061507e-05,0.35268676015622685,0.1332329687892046,0.018046140650205673,1.8883411324454747e-05,0.3416235770638176,1.8272589392337805e-08,0.010994278100962873,1.2184306606618102e-09
EFT:0.1433807135777398,1.665875949806157e-05,0.35268676015622635,0.13323296878920476,0.018046140650205638,1.8883411324454886e-05,0.34162357706381796,1.8272589392338037e-08,0.010994278100962896,1.2184306606618216e-09
Random594
Raw:0.14338071357774002,1.6658759498061568e-05,0.35268676015622624,0.13323296878920485,0.01804614065020565,1.888341132445485e-05,0.34162357706381785,1.8272589392337967e-08,0.010994278100962873,1.2184306606618168e-09
EFT:0.1433807135777398,1.665875949806157e-05,0.35268676015622635,0.13323296878920476,0.018046140650205638,1.8883411324454886e-05,0.34162357706381796,1.8272589392338037e-08,0.010994278100962901,1.2184306606618216e-09
Random595
Raw:0.14338071357773957,1.6658759498061504e-05,0.35268676015622613,0.13323296878920443,0.018046140650205603,1.8883411324454842e-05,0.3416235770638187,1.8272589392338027e-08,0.010994278100962889,1.218430660661812e-09
EFT:0.1433807135777398,1.665875949806157e-05,0.35268676015622635,0.13323296878920476,0.018046140650205638,1.8883411324454886e-05,0.34162357706381796,1.8272589392338037e-08,0.010994278100962896,1.2184306606618216e-09
Random596
Raw:0.1433807135777398,1.6658759498061467e-05,0.35268676015622596,0.13323296878920415,0.018046140650205565,1.88834113244549e-05,0.34162357706381913,1.8272589392338083e-08,0.010994278100962884,1.2184306606618114e-09
EFT:0.1433807135777398,1.665875949806157e-05,0.35268676015622635,0.13323296878920476,0.018046140650205638,1.8883411324454886e-05,0.34162357706381796,1.8272589392338037e-08,0.010994278100962901,1.2184306606618216e-09
Random597
Raw:0.14338071357773968,1.6658759498061575e-05,0.3526867601562264,0.13323296878920501,0.018046140650205676,1.8883411324454855e-05,0.34162357706381774,1.8272589392337974e-08,0.010994278100962889,1.2184306606618129e-09
EFT:0.1433807135777398,1.665875949806157e-05,0.35268676015622635,0.13323296878920476,0.018046140650205638,1.8883411324454886e-05,0.34162357706381796,1.8272589392338037e-08,0.010994278100962901,1.2184306606618216e-09
Random598
Raw:0.14338071357773977,1.6658759498061568e-05,0.35268676015622624,0.1332329687892047,0.018046140650205624,1.8883411324454947e-05,0.3416235770638182,1.8272589392338163e-08,0.010994278100962892,1.2184306606618253e-09
EFT:0.1433807135777398,1.665875949806157e-05,0.35268676015622635,0.13323296878920476,0.018046140650205638,1.8883411324454886e-05,0.34162357706381796,1.8272589392338037e-08,0.010994278100962901,1.2184306606618216e-09
Random599
Raw:0.1433807135777398,1.6658759498061616e-05,0.352686760156226,0.133232968789205,0.01804614065020563,1.8883411324454903e-05,0.34162357706381796,1.827258939233802e-08,0.010994278100962885,1.2184306606618203e-09
EFT:0.1433807135777398,1.665875949806157e-05,0.35268676015622635,0.13323296878920476,0.018046140650205638,1.8883411324454886e-05,0.34162357706381796,1.8272589392338037e-08,0.010994278100962896,1.2184306606618216e-09
Random600
Raw:0.14338071357773954,1.6658759498061585e-05,0.35268676015622663,0.13323296878920476,0.01804614065020567,1.88834113244548e-05,0.34162357706381796,1.8272589392337987e-08,0.010994278100962896,1.218430660661818e-09
EFT:0.1433807135777398,1.665875949806157e-05,0.35268676015622635,0.13323296878920476,0.018046140650205638,1.8883411324454886e-05,0.34162357706381796,1.8272589392338037e-08,0.010994278100962901,1.2184306606618216e-09
Random601
Raw:0.1433807135777398,1.6658759498061528e-05,0.35268676015622663,0.13323296878920451,0.018046140650205662,1.888341132445487e-05,0.34162357706381796,1.8272589392337987e-08,0.010994278100962896,1.2184306606618137e-09
EFT:0.1433807135777398,1.665875949806157e-05,0.35268676015622635,0.13323296878920476,0.018046140650205638,1.8883411324454886e-05,0.34162357706381796,1.8272589392338037e-08,0.010994278100962896,1.2184306606618216e-09
Random602
Raw:0.1433807135777398,1.665875949806141e-05,0.3526867601562267,0.13323296878920465,0.0180461406502056,1.8883411324454805e-05,0.3416235770638177,1.8272589392337858e-08,0.010994278100962878,1.2184306606618052e-09
EFT:0.1433807135777398,1.665875949806157e-05,0.35268676015622635,0.13323296878920476,0.018046140650205638,1.8883411324454886e-05,0.34162357706381796,1.8272589392338037e-08,0.010994278100962896,1.2184306606618216e-09
Random603
Raw:0.14338071357773968,1.6658759498061497e-05,0.352686760156226,0.13323296878920488,0.018046140650205607,1.8883411324454835e-05,0.34162357706381824,1.8272589392337954e-08,0.010994278100962877,1.2184306606618116e-09
EFT:0.1433807135777398,1.665875949806157e-05,0.35268676015622635,0.13323296878920476,0.018046140650205638,1.8883411324454886e-05,0.34162357706381796,1.8272589392338037e-08,0.010994278100962896,1.2184306606618216e-09
Random604
Raw:0.14338071357773968,1.6658759498061497e-05,0.352686760156226,0.13323296878920451,0.018046140650205607,1.88834113244548e-05,0.3416235770638186,1.8272589392337954e-08,0.010994278100962885,1.2184306606618116e-09
EFT:0.1433807135777398,1.665875949806157e-05,0.35268676015622635,0.13323296878920476,0.018046140650205638,1.8883411324454886e-05,0.34162357706381796,1.8272589392338037e-08,0.010994278100962896,1.2184306606618216e-09
Random605
Raw:0.14338071357773974,1.6658759498061595e-05,0.3526867601562262,0.133232968789204,0.018046140650205583,1.8883411324455045e-05,0.341623577063819,1.8272589392338417e-08,0.010994278100962911,1.218430660661834e-09
EFT:0.1433807135777398,1.665875949806157e-05,0.35268676015622635,0.13323296878920476,0.018046140650205638,1.8883411324454886e-05,0.34162357706381796,1.8272589392338037e-08,0.010994278100962896,1.2184306606618216e-09
Random606
Raw:0.14338071357773957,1.665875949806165e-05,0.35268676015622613,0.1332329687892048,0.01804614065020567,1.888341132445491e-05,0.34162357706381835,1.8272589392338222e-08,0.0109942781009629,1.218430660661825e-09
EFT:0.1433807135777398,1.665875949806157e-05,0.35268676015622635,0.13323296878920476,0.018046140650205638,1.8883411324454886e-05,0.34162357706381796,1.8272589392338037e-08,0.010994278100962901,1.2184306606618216e-09
Random607
Raw:0.14338071357773965,1.6658759498061467e-05,0.35268676015622663,0.1332329687892044,0.018046140650205596,1.8883411324454937e-05,0.34162357706381824,1.8272589392338116e-08,0.010994278100962896,1.218430660661818e-09
EFT:0.1433807135777398,1.665875949806157e-05,0.35268676015622635,0.13323296878920476,0.018046140650205638,1.8883411324454886e-05,0.34162357706381796,1.8272589392338037e-08,0.010994278100962901,1.2184306606618216e-09
Random608
Raw:0.1433807135777396,1.6658759498061785e-05,0.35268676015622646,0.13323296878920457,0.018046140650205725,1.8883411324455028e-05,0.3416235770638181,1.82725893923383e-08,0.010994278100962929,1.2184306606618435e-09
EFT:0.1433807135777398,1.665875949806157e-05,0.35268676015622635,0.13323296878920476,0.018046140650205638,1.8883411324454886e-05,0.34162357706381796,1.8272589392338037e-08,0.010994278100962896,1.2184306606618216e-09
Random609
Raw:0.14338071357773985,1.6658759498061548e-05,0.35268676015622646,0.13323296878920457,0.018046140650205614,1.888341132445486e-05,0.3416235770638181,1.8272589392338043e-08,0.01099427810096289,1.2184306606618174e-09
EFT:0.1433807135777398,1.665875949806157e-05,0.35268676015622635,0.13323296878920476,0.018046140650205638,1.8883411324454886e-05,0.34162357706381796,1.8272589392338037e-08,0.010994278100962901,1.2184306606618216e-09
Random610
Raw:0.14338071357774002,1.665875949806152e-05,0.3526867601562265,0.13323296878920507,0.018046140650205655,1.8883411324454862e-05,0.34162357706381724,1.827258939233785e-08,0.010994278100962873,1.2184306606618133e-09
EFT:0.1433807135777398,1.665875949806157e-05,0.35268676015622635,0.13323296878920476,0.018046140650205638,1.8883411324454886e-05,0.34162357706381796,1.8272589392338037e-08,0.010994278100962901,1.2184306606618216e-09
Random611
Raw:0.14338071357773968,1.665875949806162e-05,0.3526867601562261,0.13323296878920476,0.01804614065020565,1.888341132445484e-05,0.3416235770638183,1.8272589392338024e-08,0.010994278100962908,1.2184306606618162e-09
EFT:0.1433807135777398,1.665875949806157e-05,0.35268676015622635,0.13323296878920476,0.018046140650205638,1.8883411324454886e-05,0.34162357706381796,1.8272589392338037e-08,0.010994278100962896,1.2184306606618216e-09
Random612
Raw:0.14338071357773965,1.6658759498061494e-05,0.3526867601562266,0.13323296878920474,0.018046140650205628,1.8883411324454865e-05,0.3416235770638179,1.8272589392337984e-08,0.010994278100962875,1.2184306606618135e-09
EFT:0.1433807135777398,1.665875949806157e-05,0.35268676015622635,0.13323296878920476,0.018046140650205638,1.8883411324454886e-05,0.34162357706381796,1.8272589392338037e-08,0.010994278100962901,1.2184306606618216e-09
Random613
Raw:0.1433807135777395,1.6658759498061595e-05,0.3526867601562262,0.1332329687892053,0.018046140650205694,1.8883411324454777e-05,0.34162357706381785,1.8272589392337832e-08,0.010994278100962911,1.218430660661808e-09
EFT:0.1433807135777398,1.665875949806157e-05,0.35268676015622635,0.13323296878920476,0.018046140650205638,1.8883411324454886e-05,0.34162357706381796,1.8272589392338037e-08,0.010994278100962896,1.2184306606618216e-09
Random614
Raw:0.14338071357773988,1.6658759498061612e-05,0.3526867601562259,0.13323296878920496,0.018046140650205624,1.8883411324454964e-05,0.34162357706381813,1.8272589392338146e-08,0.010994278100962882,1.21843066066182e-09
EFT:0.1433807135777398,1.665875949806157e-05,0.35268676015622635,0.13323296878920476,0.018046140650205638,1.8883411324454886e-05,0.34162357706381796,1.8272589392338037e-08,0.010994278100962901,1.2184306606618216e-09
Random615
Raw:0.14338071357773968,1.6658759498061575e-05,0.35268676015622574,0.13323296878920535,0.01804614065020563,1.8883411324454754e-05,0.34162357706381796,1.827258939233781e-08,0.010994278100962878,1.2184306606618065e-09
EFT:0.1433807135777398,1.665875949806157e-05,0.35268676015622635,0.13323296878920476,0.018046140650205638,1.8883411324454886e-05,0.34162357706381796,1.8272589392338037e-08,0.010994278100962901,1.2184306606618216e-09
Random616
Raw:0.14338071357773965,1.6658759498061585e-05,0.35268676015622596,0.13323296878920496,0.018046140650205628,1.88834113244549e-05,0.3416235770638182,1.8272589392338083e-08,0.010994278100962884,1.2184306606618158e-09
EFT:0.1433807135777398,1.665875949806157e-05,0.35268676015622635,0.13323296878920476,0.018046140650205638,1.8883411324454886e-05,0.34162357706381796,1.8272589392338037e-08,0.010994278100962896,1.2184306606618216e-09
Random617
Raw:0.14338071357773982,1.6658759498061636e-05,0.3526867601562264,0.1332329687892049,0.018046140650205676,1.8883411324454923e-05,0.34162357706381774,1.8272589392338106e-08,0.010994278100962889,1.2184306606618218e-09
EFT:0.1433807135777398,1.665875949806157e-05,0.35268676015622635,0.13323296878920476,0.018046140650205638,1.8883411324454886e-05,0.34162357706381796,1.8272589392338037e-08,0.010994278100962896,1.2184306606618216e-09
Random618
Raw:0.1433807135777399,1.6658759498061626e-05,0.35268676015622624,0.1332329687892045,0.018046140650205655,1.8883411324454913e-05,0.3416235770638182,1.8272589392338096e-08,0.010994278100962913,1.2184306606618212e-09
EFT:0.1433807135777398,1.665875949806157e-05,0.35268676015622635,0.13323296878920476,0.018046140650205638,1.8883411324454886e-05,0.34162357706381796,1.8272589392338037e-08,0.010994278100962896,1.2184306606618216e-09
Random619
Raw:0.14338071357773977,1.665875949806164e-05,0.3526867601562259,0.1332329687892047,0.018046140650205638,1.888341132445493e-05,0.34162357706381846,1.8272589392338146e-08,0.010994278100962911,1.2184306606618243e-09
EFT:0.1433807135777398,1.665875949806157e-05,0.35268676015622635,0.13323296878920476,0.018046140650205638,1.8883411324454886e-05,0.34162357706381796,1.8272589392338037e-08,0.010994278100962896,1.2184306606618216e-09
Random620
Raw:0.1433807135777397,1.665875949806156e-05,0.35268676015622613,0.13323296878920468,0.018046140650205628,1.8883411324454842e-05,0.34162357706381835,1.827258939233796e-08,0.0109942781009629,1.218430660661812e-09
EFT:0.1433807135777398,1.665875949806157e-05,0.35268676015622635,0.13323296878920476,0.018046140650205638,1.8883411324454886e-05,0.34162357706381796,1.8272589392338037e-08,0.010994278100962901,1.2184306606618216e-09
Random621
Raw:0.14338071357773996,1.665875949806144e-05,0.3526867601562261,0.13323296878920465,0.01804614065020557,1.888341132445484e-05,0.3416235770638183,1.827258939233789e-08,0.010994278100962868,1.2184306606618032e-09
EFT:0.1433807135777398,1.665875949806157e-05,0.35268676015622635,0.13323296878920476,0.018046140650205638,1.8883411324454886e-05,0.34162357706381796,1.8272589392338037e-08,0.010994278100962896,1.2184306606618216e-09
Random622
Raw:0.14338071357773965,1.665875949806151e-05,0.3526867601562263,0.13323296878920463,0.018046140650205607,1.8883411324454916e-05,0.34162357706381824,1.82725893923381e-08,0.010994278100962885,1.218430660661817e-09
EFT:0.1433807135777398,1.665875949806157e-05,0.35268676015622635,0.13323296878920476,0.018046140650205638,1.8883411324454886e-05,0.34162357706381796,1.8272589392338037e-08,0.010994278100962896,1.2184306606618216e-09
Random623
Raw:0.14338071357773996,1.6658759498061504e-05,0.35268676015622613,0.1332329687892048,0.01804614065020558,1.888341132445491e-05,0.3416235770638181,1.8272589392338027e-08,0.01099427810096288,1.218430660661812e-09
EFT:0.1433807135777398,1.665875949806157e-05,0.35268676015622635,0.13323296878920476,0.018046140650205638,1.8883411324454886e-05,0.34162357706381796,1.8272589392338037e-08,0.010994278100962896,1.2184306606618216e-09
Random624
Raw:0.14338071357773982,1.6658759498061558e-05,0.3526867601562261,0.1332329687892049,0.018046140650205635,1.8883411324454906e-05,0.341623577063818,1.8272589392338024e-08,0.010994278100962878,1.2184306606618162e-09
EFT:0.1433807135777398,1.665875949806157e-05,0.35268676015622635,0.13323296878920476,0.018046140650205638,1.8883411324454886e-05,0.34162357706381796,1.8272589392338037e-08,0.010994278100962901,1.2184306606618216e-09
Random625
Raw:0.14338071357773993,1.665875949806159e-05,0.3526867601562267,0.13323296878920443,0.018046140650205617,1.8883411324455004e-05,0.341623577063818,1.8272589392338186e-08,0.010994278100962878,1.218430660661827e-09
EFT:0.1433807135777398,1.665875949806157e-05,0.35268676015622635,0.13323296878920476,0.018046140650205638,1.8883411324454886e-05,0.34162357706381796,1.8272589392338037e-08,0.010994278100962901,1.2184306606618216e-09
Random626
Raw:0.14338071357773985,1.665875949806177e-05,0.3526867601562256,0.13323296878920493,0.01804614065020568,1.888341132445501e-05,0.34162357706381846,1.827258939233832e-08,0.010994278100962922,1.218430660661836e-09
EFT:0.1433807135777398,1.665875949806157e-05,0.35268676015622635,0.13323296878920476,0.018046140650205638,1.8883411324454886e-05,0.34162357706381796,1.8272589392338037e-08,0.010994278100962901,1.2184306606618216e-09
Random627
Raw:0.1433807135777399,1.66587594980616e-05,0.35268676015622624,0.13323296878920485,0.01804614065020563,1.8883411324454913e-05,0.34162357706381785,1.8272589392338096e-08,0.010994278100962892,1.2184306606618212e-09
EFT:0.1433807135777398,1.665875949806157e-05,0.35268676015622635,0.13323296878920476,0.018046140650205638,1.8883411324454886e-05,0.34162357706381796,1.8272589392338037e-08,0.010994278100962896,1.2184306606618216e-09
Random628
Raw:0.14338071357773977,1.665875949806167e-05,0.3526867601562259,0.13323296878920496,0.018046140650205655,1.8883411324454964e-05,0.34162357706381813,1.8272589392338212e-08,0.010994278100962903,1.2184306606618286e-09
EFT:0.1433807135777398,1.665875949806157e-05,0.35268676015622635,0.13323296878920476,0.018046140650205638,1.8883411324454886e-05,0.34162357706381796,1.8272589392338037e-08,0.010994278100962896,1.2184306606618216e-09
Random629
Raw:0.14338071357773988,1.6658759498061582e-05,0.3526867601562259,0.13323296878920507,0.01804614065020563,1.8883411324454828e-05,0.34162357706381813,1.827258939233795e-08,0.010994278100962882,1.2184306606618112e-09
EFT:0.1433807135777398,1.665875949806157e-05,0.35268676015622635,0.13323296878920476,0.018046140650205638,1.8883411324454886e-05,0.34162357706381796,1.8272589392338037e-08,0.010994278100962896,1.2184306606618216e-09
Random630
Raw:0.1433807135777396,1.6658759498061473e-05,0.35268676015622674,0.13323296878920457,0.018046140650205617,1.8883411324454808e-05,0.3416235770638181,1.8272589392337928e-08,0.010994278100962889,1.2184306606618098e-09
EFT:0.1433807135777398,1.665875949806157e-05,0.35268676015622635,0.13323296878920476,0.018046140650205638,1.8883411324454886e-05,0.34162357706381796,1.8272589392338037e-08,0.010994278100962896,1.2184306606618216e-09
Random631
Raw:0.1433807135777398,1.6658759498061585e-05,0.35268676015622596,0.13323296878920485,0.018046140650205617,1.8883411324454967e-05,0.3416235770638182,1.8272589392338083e-08,0.010994278100962884,1.2184306606618201e-09
EFT:0.1433807135777398,1.665875949806157e-05,0.35268676015622635,0.13323296878920476,0.018046140650205638,1.8883411324454886e-05,0.34162357706381796,1.8272589392338037e-08,0.010994278100962901,1.2184306606618216e-09
Random632
Raw:0.14338071357773977,1.665875949806164e-05,0.3526867601562259,0.13323296878920507,0.01804614065020563,1.8883411324454964e-05,0.34162357706381813,1.8272589392338146e-08,0.010994278100962892,1.21843066066182e-09
EFT:0.1433807135777398,1.665875949806157e-05,0.35268676015622635,0.13323296878920476,0.018046140650205638,1.8883411324454886e-05,0.34162357706381796,1.8272589392338037e-08,0.010994278100962901,1.2184306606618216e-09
Random633
Raw:0.1433807135777398,1.665875949806151e-05,0.3526867601562263,0.13323296878920463,0.018046140650205596,1.8883411324454916e-05,0.34162357706381824,1.82725893923381e-08,0.010994278100962885,1.218430660661817e-09
EFT:0.1433807135777398,1.665875949806157e-05,0.35268676015622635,0.13323296878920476,0.018046140650205638,1.8883411324454886e-05,0.34162357706381796,1.8272589392338037e-08,0.010994278100962896,1.2184306606618216e-09
Random634
Raw:0.14338071357773977,1.6658759498061568e-05,0.35268676015622624,0.1332329687892046,0.018046140650205617,1.8883411324454913e-05,0.3416235770638182,1.8272589392338096e-08,0.010994278100962892,1.2184306606618212e-09
EFT:0.1433807135777398,1.665875949806157e-05,0.35268676015622635,0.13323296878920476,0.018046140650205638,1.8883411324454886e-05,0.34162357706381796,1.8272589392338037e-08,0.010994278100962901,1.2184306606618216e-09
Random635
Raw:0.14338071357773982,1.665875949806153e-05,0.35268676015622674,0.1332329687892049,0.018046140650205652,1.8883411324454808e-05,0.34162357706381746,1.827258939233786e-08,0.01099427810096288,1.2184306606618141e-09
EFT:0.1433807135777398,1.665875949806157e-05,0.35268676015622635,0.13323296878920476,0.018046140650205638,1.8883411324454886e-05,0.34162357706381796,1.8272589392338037e-08,0.010994278100962896,1.2184306606618216e-09
Random636
Raw:0.14338071357773965,1.6658759498061528e-05,0.35268676015622663,0.13323296878920463,0.018046140650205652,1.888341132445487e-05,0.34162357706381796,1.8272589392338053e-08,0.010994278100962885,1.218430660661818e-09
EFT:0.1433807135777398,1.665875949806157e-05,0.35268676015622635,0.13323296878920476,0.018046140650205638,1.8883411324454886e-05,0.34162357706381796,1.8272589392338037e-08,0.010994278100962896,1.2184306606618216e-09
Random637
Raw:0.1433807135777397,1.665875949806165e-05,0.35268676015622613,0.13323296878920526,0.018046140650205652,1.8883411324454943e-05,0.3416235770638178,1.827258939233809e-08,0.010994278100962889,1.218430660661825e-09
EFT:0.1433807135777398,1.665875949806157e-05,0.35268676015622635,0.13323296878920476,0.018046140650205638,1.8883411324454886e-05,0.34162357706381796,1.8272589392338037e-08,0.010994278100962901,1.2184306606618216e-09
Random638
Raw:0.14338071357773954,1.6658759498061497e-05,0.35268676015622663,0.13323296878920476,0.01804614065020563,1.88834113244548e-05,0.34162357706381796,1.8272589392337855e-08,0.010994278100962885,1.218430660661805e-09
EFT:0.1433807135777398,1.665875949806157e-05,0.35268676015622635,0.13323296878920476,0.018046140650205638,1.8883411324454886e-05,0.34162357706381796,1.8272589392338037e-08,0.010994278100962896,1.2184306606618216e-09
Random639
Raw:0.1433807135777397,1.665875949806174e-05,0.35268676015622613,0.13323296878920457,0.01804614065020567,1.8883411324454974e-05,0.34162357706381835,1.8272589392338285e-08,0.010994278100962918,1.218430660661838e-09
EFT:0.1433807135777398,1.665875949806157e-05,0.35268676015622635,0.13323296878920476,0.018046140650205638,1.8883411324454886e-05,0.34162357706381796,1.8272589392338037e-08,0.010994278100962901,1.2184306606618216e-09
Random640
Raw:0.14338071357773974,1.6658759498061538e-05,0.3526867601562262,0.13323296878920446,0.018046140650205614,1.8883411324454845e-05,0.3416235770638184,1.8272589392338093e-08,0.01099427810096289,1.2184306606618166e-09
EFT:0.1433807135777398,1.665875949806157e-05,0.35268676015622635,0.13323296878920476,0.018046140650205638,1.8883411324454886e-05,0.34162357706381796,1.8272589392338037e-08,0.010994278100962901,1.2184306606618216e-09
Random641
Raw:0.1433807135777398,1.6658759498061422e-05,0.3526867601562263,0.133232968789205,0.018046140650205607,1.8883411324454716e-05,0.3416235770638179,1.827258939233771e-08,0.010994278100962875,1.2184306606617953e-09
EFT:0.1433807135777398,1.665875949806157e-05,0.35268676015622635,0.13323296878920476,0.018046140650205638,1.8883411324454886e-05,0.34162357706381796,1.8272589392338037e-08,0.010994278100962896,1.2184306606618216e-09
Random642
Raw:0.14338071357773965,1.6658759498061436e-05,0.3526867601562266,0.13323296878920474,0.018046140650205603,1.8883411324454696e-05,0.3416235770638179,1.8272589392337726e-08,0.010994278100962884,1.2184306606617963e-09
EFT:0.1433807135777398,1.665875949806157e-05,0.35268676015622635,0.13323296878920476,0.018046140650205638,1.8883411324454886e-05,0.34162357706381796,1.8272589392338037e-08,0.010994278100962901,1.2184306606618216e-09
Random643
Raw:0.14338071357773977,1.6658759498061507e-05,0.35268676015622624,0.1332329687892047,0.018046140650205624,1.888341132445478e-05,0.3416235770638182,1.82725893923379e-08,0.010994278100962873,1.2184306606618081e-09
EFT:0.1433807135777398,1.665875949806157e-05,0.35268676015622635,0.13323296878920476,0.018046140650205638,1.8883411324454886e-05,0.34162357706381796,1.8272589392338037e-08,0.010994278100962896,1.2184306606618216e-09
Random644
Raw:0.14338071357774002,1.6658759498061612e-05,0.3526867601562265,0.13323296878920482,0.018046140650205662,1.888341132445493e-05,0.3416235770638175,1.8272589392338113e-08,0.010994278100962882,1.2184306606618222e-09
EFT:0.1433807135777398,1.665875949806157e-05,0.35268676015622635,0.13323296878920476,0.018046140650205638,1.8883411324454886e-05,0.34162357706381796,1.8272589392338037e-08,0.010994278100962896,1.2184306606618216e-09
Random645
Raw:0.14338071357773968,1.665875949806162e-05,0.3526867601562267,0.1332329687892049,0.018046140650205666,1.8883411324454872e-05,0.3416235770638177,1.827258939233799e-08,0.010994278100962897,1.2184306606618226e-09
EFT:0.1433807135777398,1.665875949806157e-05,0.35268676015622635,0.13323296878920476,0.018046140650205638,1.8883411324454886e-05,0.34162357706381796,1.8272589392338037e-08,0.010994278100962896,1.2184306606618216e-09
Random646
Raw:0.14338071357773968,1.665875949806159e-05,0.3526867601562267,0.1332329687892049,0.018046140650205666,1.888341132445484e-05,0.3416235770638177,1.827258939233799e-08,0.010994278100962906,1.218430660661814e-09
EFT:0.1433807135777398,1.665875949806157e-05,0.35268676015622635,0.13323296878920476,0.018046140650205638,1.8883411324454886e-05,0.34162357706381796,1.8272589392338037e-08,0.010994278100962896,1.2184306606618216e-09
Random647
Raw:0.14338071357773974,1.6658759498061446e-05,0.3526867601562262,0.1332329687892047,0.018046140650205576,1.8883411324454777e-05,0.3416235770638184,1.8272589392337832e-08,0.010994278100962863,1.2184306606618036e-09
EFT:0.1433807135777398,1.665875949806157e-05,0.35268676015622635,0.13323296878920476,0.018046140650205638,1.8883411324454886e-05,0.34162357706381796,1.8272589392338037e-08,0.010994278100962896,1.2184306606618216e-09
Random648
Raw:0.1433807135777398,1.6658759498061687e-05,0.3526867601562263,0.13323296878920485,0.018046140650205683,1.8883411324454916e-05,0.3416235770638179,1.82725893923381e-08,0.010994278100962904,1.2184306606618298e-09
EFT:0.1433807135777398,1.665875949806157e-05,0.35268676015622635,0.13323296878920476,0.018046140650205638,1.8883411324454886e-05,0.34162357706381796,1.8272589392338037e-08,0.010994278100962901,1.2184306606618216e-09
Random649
Raw:0.14338071357773982,1.665875949806166e-05,0.35268676015622574,0.13323296878920488,0.018046140650205655,1.888341132445489e-05,0.3416235770638183,1.8272589392338136e-08,0.010994278100962917,1.2184306606618236e-09
EFT:0.1433807135777398,1.665875949806157e-05,0.35268676015622635,0.13323296878920476,0.018046140650205638,1.8883411324454886e-05,0.34162357706381796,1.8272589392338037e-08,0.010994278100962901,1.2184306606618216e-09
Random650
Raw:0.14338071357773985,1.6658759498061534e-05,0.35268676015622613,0.13323296878920504,0.018046140650205635,1.8883411324454808e-05,0.3416235770638178,1.8272589392337895e-08,0.010994278100962861,1.2184306606618034e-09
EFT:0.1433807135777398,1.665875949806157e-05,0.35268676015622635,0.13323296878920476,0.018046140650205638,1.8883411324454886e-05,0.34162357706381796,1.8272589392338037e-08,0.010994278100962896,1.2184306606618216e-09
Random651
Raw:0.14338071357773965,1.6658759498061646e-05,0.35268676015622663,0.13323296878920463,0.018046140650205676,1.8883411324454903e-05,0.34162357706381796,1.8272589392338116e-08,0.010994278100962925,1.2184306606618267e-09
EFT:0.1433807135777398,1.665875949806157e-05,0.35268676015622635,0.13323296878920476,0.018046140650205638,1.8883411324454886e-05,0.34162357706381796,1.8272589392338037e-08,0.010994278100962901,1.2184306606618216e-09
Random652
Raw:0.14338071357773977,1.6658759498061524e-05,0.3526867601562266,0.13323296878920463,0.01804614065020564,1.888341132445483e-05,0.3416235770638179,1.8272589392337918e-08,0.010994278100962875,1.2184306606618135e-09
EFT:0.1433807135777398,1.665875949806157e-05,0.35268676015622635,0.13323296878920476,0.018046140650205638,1.8883411324454886e-05,0.34162357706381796,1.8272589392338037e-08,0.010994278100962896,1.2184306606618216e-09
Random653
Raw:0.1433807135777398,1.665875949806145e-05,0.3526867601562263,0.133232968789205,0.018046140650205607,1.8883411324454852e-05,0.3416235770638179,1.8272589392337904e-08,0.010994278100962875,1.218430660661804e-09
EFT:0.1433807135777398,1.665875949806157e-05,0.35268676015622635,0.13323296878920476,0.018046140650205638,1.8883411324454886e-05,0.34162357706381796,1.8272589392338037e-08,0.010994278100962896,1.2184306606618216e-09
Random654
Raw:0.1433807135777398,1.6658759498061673e-05,0.352686760156226,0.133232968789205,0.018046140650205662,1.8883411324454903e-05,0.34162357706381796,1.8272589392338086e-08,0.010994278100962906,1.2184306606618247e-09
EFT:0.1433807135777398,1.665875949806157e-05,0.35268676015622635,0.13323296878920476,0.018046140650205638,1.8883411324454886e-05,0.34162357706381796,1.8272589392338037e-08,0.010994278100962896,1.2184306606618216e-09
Random655
Raw:0.14338071357773988,1.6658759498061494e-05,0.3526867601562265,0.13323296878920482,0.018046140650205607,1.8883411324454862e-05,0.34162357706381785,1.827258939233798e-08,0.010994278100962863,1.2184306606618092e-09
EFT:0.1433807135777398,1.665875949806157e-05,0.35268676015622635,0.13323296878920476,0.018046140650205638,1.8883411324454886e-05,0.34162357706381796,1.8272589392338037e-08,0.010994278100962901,1.2184306606618216e-09
Random656
Raw:0.1433807135777397,1.6658759498061592e-05,0.35268676015622613,0.1332329687892049,0.018046140650205628,1.888341132445491e-05,0.3416235770638181,1.827258939233809e-08,0.010994278100962889,1.2184306606618207e-09
EFT:0.1433807135777398,1.665875949806157e-05,0.35268676015622635,0.13323296878920476,0.018046140650205638,1.8883411324454886e-05,0.34162357706381796,1.8272589392338037e-08,0.010994278100962896,1.2184306606618216e-09
Random657
Raw:0.1433807135777398,1.6658759498061646e-05,0.35268676015622663,0.13323296878920451,0.018046140650205662,1.8883411324454937e-05,0.34162357706381796,1.8272589392338116e-08,0.010994278100962915,1.2184306606618267e-09
EFT:0.1433807135777398,1.665875949806157e-05,0.35268676015622635,0.13323296878920476,0.018046140650205638,1.8883411324454886e-05,0.34162357706381796,1.8272589392338037e-08,0.010994278100962901,1.2184306606618216e-09
Random658
Raw:0.1433807135777397,1.665875949806161e-05,0.35268676015622646,0.13323296878920457,0.018046140650205645,1.8883411324454926e-05,0.3416235770638181,1.8272589392338172e-08,0.0109942781009629,1.218430660661822e-09
EFT:0.1433807135777398,1.665875949806157e-05,0.35268676015622635,0.13323296878920476,0.018046140650205638,1.8883411324454886e-05,0.34162357706381796,1.8272589392338037e-08,0.010994278100962896,1.2184306606618216e-09
Random659
Raw:0.14338071357773968,1.6658759498061517e-05,0.3526867601562264,0.13323296878920501,0.018046140650205666,1.888341132445479e-05,0.34162357706381774,1.8272589392337782e-08,0.01099427810096287,1.2184306606618044e-09
EFT:0.1433807135777398,1.665875949806157e-05,0.35268676015622635,0.13323296878920476,0.018046140650205638,1.8883411324454886e-05,0.34162357706381796,1.8272589392338037e-08,0.010994278100962896,1.2184306606618216e-09
Random660
Raw:0.14338071357773982,1.6658759498061592e-05,0.3526867601562261,0.1332329687892049,0.01804614065020564,1.8883411324454906e-05,0.341623577063818,1.827258939233809e-08,0.010994278100962887,1.2184306606618205e-09
EFT:0.1433807135777398,1.665875949806157e-05,0.35268676015622635,0.13323296878920476,0.018046140650205638,1.8883411324454886e-05,0.34162357706381796,1.8272589392338037e-08,0.010994278100962901,1.2184306606618216e-09
Random661
Raw:0.14338071357773982,1.6658759498061548e-05,0.3526867601562264,0.13323296878920432,0.018046140650205617,1.8883411324454855e-05,0.34162357706381835,1.8272589392337974e-08,0.010994278100962897,1.2184306606618174e-09
EFT:0.1433807135777398,1.665875949806157e-05,0.35268676015622635,0.13323296878920476,0.018046140650205638,1.8883411324454886e-05,0.34162357706381796,1.8272589392338037e-08,0.010994278100962896,1.2184306606618216e-09
Random662
Raw:0.1433807135777397,1.6658759498061622e-05,0.35268676015622613,0.1332329687892049,0.018046140650205617,1.888341132445491e-05,0.3416235770638181,1.827258939233809e-08,0.0109942781009629,1.2184306606618207e-09
EFT:0.1433807135777398,1.665875949806157e-05,0.35268676015622635,0.13323296878920476,0.018046140650205638,1.8883411324454886e-05,0.34162357706381796,1.8272589392338037e-08,0.010994278100962896,1.2184306606618216e-09
Random663
Raw:0.14338071357773968,1.6658759498061575e-05,0.3526867601562264,0.1332329687892048,0.018046140650205635,1.888341132445489e-05,0.341623577063818,1.827258939233804e-08,0.010994278100962889,1.2184306606618174e-09
EFT:0.1433807135777398,1.665875949806157e-05,0.35268676015622635,0.13323296878920476,0.018046140650205638,1.8883411324454886e-05,0.34162357706381796,1.8272589392338037e-08,0.010994278100962896,1.2184306606618216e-09
Random664
Raw:0.14338071357773968,1.665875949806162e-05,0.3526867601562261,0.13323296878920501,0.018046140650205635,1.8883411324454906e-05,0.341623577063818,1.827258939233809e-08,0.010994278100962897,1.2184306606618205e-09
EFT:0.1433807135777398,1.665875949806157e-05,0.35268676015622635,0.13323296878920476,0.018046140650205638,1.8883411324454886e-05,0.34162357706381796,1.8272589392338037e-08,0.010994278100962901,1.2184306606618216e-09
Random665
Raw:0.1433807135777399,1.665875949806169e-05,0.3526867601562257,0.1332329687892051,0.018046140650205645,1.8883411324455018e-05,0.34162357706381824,1.82725893923382e-08,0.010994278100962896,1.2184306606618278e-09
EFT:0.1433807135777398,1.665875949806157e-05,0.35268676015622635,0.13323296878920476,0.018046140650205638,1.8883411324454886e-05,0.34162357706381796,1.8272589392338037e-08,0.010994278100962896,1.2184306606618216e-09
Random666
Raw:0.14338071357773985,1.6658759498061534e-05,0.35268676015622613,0.13323296878920515,0.018046140650205603,1.8883411324454842e-05,0.3416235770638178,1.827258939233796e-08,0.01099427810096287,1.2184306606618077e-09
EFT:0.1433807135777398,1.665875949806157e-05,0.35268676015622635,0.13323296878920476,0.018046140650205638,1.8883411324454886e-05,0.34162357706381796,1.8272589392338037e-08,0.010994278100962896,1.2184306606618216e-09
Random667
Raw:0.14338071357773977,1.6658759498061507e-05,0.35268676015622624,0.1332329687892045,0.018046140650205593,1.8883411324454913e-05,0.34162357706381846,1.8272589392338096e-08,0.010994278100962903,1.2184306606618168e-09
EFT:0.1433807135777398,1.665875949806157e-05,0.35268676015622635,0.13323296878920476,0.018046140650205638,1.8883411324454886e-05,0.34162357706381796,1.8272589392338037e-08,0.010994278100962896,1.2184306606618216e-09
Random668
Raw:0.14338071357773965,1.6658759498061555e-05,0.35268676015622596,0.13323296878920496,0.01804614065020566,1.888341132445483e-05,0.3416235770638182,1.827258939233795e-08,0.010994278100962884,1.2184306606618114e-09
EFT:0.1433807135777398,1.665875949806157e-05,0.35268676015622635,0.13323296878920476,0.018046140650205638,1.8883411324454886e-05,0.34162357706381796,1.8272589392338037e-08,0.010994278100962896,1.2184306606618216e-09
Random669
Raw:0.14338071357773988,1.6658759498061524e-05,0.3526867601562259,0.1332329687892047,0.018046140650205586,1.888341132445493e-05,0.34162357706381846,1.827258939233808e-08,0.010994278100962882,1.2184306606618156e-09
EFT:0.1433807135777398,1.665875949806157e-05,0.35268676015622635,0.13323296878920476,0.018046140650205638,1.8883411324454886e-05,0.34162357706381796,1.8272589392338037e-08,0.010994278100962901,1.2184306606618216e-09
Random670
Raw:0.14338071357773963,1.665875949806164e-05,0.3526867601562265,0.13323296878920518,0.01804614065020568,1.8883411324454828e-05,0.3416235770638175,1.827258939233798e-08,0.010994278100962892,1.2184306606618222e-09
EFT:0.1433807135777398,1.665875949806157e-05,0.35268676015622635,0.13323296878920476,0.018046140650205638,1.8883411324454886e-05,0.34162357706381796,1.8272589392338037e-08,0.010994278100962896,1.2184306606618216e-09
Random671
Raw:0.14338071357773977,1.6658759498061568e-05,0.35268676015622624,0.1332329687892046,0.018046140650205666,1.8883411324454815e-05,0.3416235770638182,1.8272589392337967e-08,0.010994278100962903,1.2184306606618125e-09
EFT:0.1433807135777398,1.665875949806157e-05,0.35268676015622635,0.13323296878920476,0.018046140650205638,1.8883411324454886e-05,0.34162357706381796,1.8272589392338037e-08,0.010994278100962896,1.2184306606618216e-09
Random672
Raw:0.1433807135777397,1.6658759498061548e-05,0.35268676015622646,0.13323296878920493,0.018046140650205676,1.888341132445486e-05,0.3416235770638178,1.827258939233791e-08,0.01099427810096289,1.2184306606618174e-09
EFT:0.1433807135777398,1.665875949806157e-05,0.35268676015622635,0.13323296878920476,0.018046140650205638,1.8883411324454886e-05,0.34162357706381796,1.8272589392338037e-08,0.010994278100962896,1.2184306606618216e-09
Random673
Raw:0.14338071357773982,1.6658759498061517e-05,0.3526867601562264,0.13323296878920443,0.01804614065020561,1.8883411324454855e-05,0.34162357706381835,1.827258939233804e-08,0.010994278100962889,1.2184306606618174e-09
EFT:0.1433807135777398,1.665875949806157e-05,0.35268676015622635,0.13323296878920476,0.018046140650205638,1.8883411324454886e-05,0.34162357706381796,1.8272589392338037e-08,0.010994278100962896,1.2184306606618216e-09
Random674
Raw:0.14338071357773968,1.6658759498061558e-05,0.352686760156226,0.13323296878920463,0.0180461406502056,1.8883411324454903e-05,0.3416235770638186,1.8272589392338086e-08,0.010994278100962877,1.218430660661816e-09
EFT:0.1433807135777398,1.665875949806157e-05,0.35268676015622635,0.13323296878920476,0.018046140650205638,1.8883411324454886e-05,0.34162357706381796,1.8272589392338037e-08,0.010994278100962896,1.2184306606618216e-09
Random675
Raw:0.14338071357773963,1.6658759498061473e-05,0.3526867601562268,0.1332329687892047,0.01804614065020562,1.8883411324454774e-05,0.3416235770638178,1.8272589392337865e-08,0.010994278100962901,1.21843066066181e-09
EFT:0.1433807135777398,1.665875949806157e-05,0.35268676015622635,0.13323296878920476,0.018046140650205638,1.8883411324454886e-05,0.34162357706381796,1.8272589392338037e-08,0.010994278100962896,1.2184306606618216e-09
Random676
Raw:0.14338071357773954,1.66587594980615e-05,0.3526867601562261,0.13323296878920454,0.018046140650205576,1.888341132445484e-05,0.34162357706381863,1.8272589392338024e-08,0.010994278100962868,1.2184306606618118e-09
EFT:0.1433807135777398,1.665875949806157e-05,0.35268676015622635,0.13323296878920476,0.018046140650205638,1.8883411324454886e-05,0.34162357706381796,1.8272589392338037e-08,0.010994278100962896,1.2184306606618216e-09
Random677
Raw:0.14338071357773963,1.665875949806155e-05,0.3526867601562265,0.13323296878920424,0.018046140650205617,1.888341132445493e-05,0.34162357706381846,1.8272589392338113e-08,0.010994278100962892,1.2184306606618222e-09
EFT:0.1433807135777398,1.665875949806157e-05,0.35268676015622635,0.13323296878920476,0.018046140650205638,1.8883411324454886e-05,0.34162357706381796,1.8272589392338037e-08,0.010994278100962896,1.2184306606618216e-09
Random678
Raw:0.1433807135777397,1.665875949806156e-05,0.35268676015622613,0.13323296878920468,0.018046140650205617,1.888341132445491e-05,0.34162357706381835,1.827258939233809e-08,0.01099427810096287,1.2184306606618207e-09
EFT:0.1433807135777398,1.665875949806157e-05,0.35268676015622635,0.13323296878920476,0.018046140650205638,1.8883411324454886e-05,0.34162357706381796,1.8272589392338037e-08,0.010994278100962901,1.2184306606618216e-09
Random679
Raw:0.14338071357773968,1.6658759498061575e-05,0.3526867601562264,0.13323296878920468,0.018046140650205635,1.8883411324454923e-05,0.341623577063818,1.8272589392338106e-08,0.010994278100962897,1.2184306606618218e-09
EFT:0.1433807135777398,1.665875949806157e-05,0.35268676015622635,0.13323296878920476,0.018046140650205638,1.8883411324454886e-05,0.34162357706381796,1.8272589392338037e-08,0.010994278100962901,1.2184306606618216e-09
Random680
Raw:0.14338071357773968,1.6658759498061528e-05,0.352686760156226,0.13323296878920488,0.01804614065020562,1.8883411324454835e-05,0.34162357706381824,1.827258939233802e-08,0.010994278100962877,1.2184306606618116e-09
EFT:0.1433807135777398,1.665875949806157e-05,0.35268676015622635,0.13323296878920476,0.018046140650205638,1.8883411324454886e-05,0.34162357706381796,1.8272589392338037e-08,0.010994278100962901,1.2184306606618216e-09
Random681
Raw:0.1433807135777398,1.665875949806163e-05,0.3526867601562263,0.13323296878920485,0.01804614065020566,1.8883411324454916e-05,0.3416235770638179,1.82725893923381e-08,0.010994278100962894,1.2184306606618214e-09
EFT:0.1433807135777398,1.665875949806157e-05,0.35268676015622635,0.13323296878920476,0.018046140650205638,1.8883411324454886e-05,0.34162357706381796,1.8272589392338037e-08,0.010994278100962896,1.2184306606618216e-09
Random682
Raw:0.14338071357773977,1.66587594980616e-05,0.35268676015622624,0.1332329687892047,0.01804614065020563,1.8883411324454913e-05,0.3416235770638182,1.8272589392338096e-08,0.010994278100962892,1.2184306606618212e-09
EFT:0.1433807135777398,1.665875949806157e-05,0.35268676015622635,0.13323296878920476,0.018046140650205638,1.8883411324454886e-05,0.34162357706381796,1.8272589392338037e-08,0.010994278100962896,1.2184306606618216e-09
Random683
Raw:0.14338071357773968,1.665875949806162e-05,0.3526867601562261,0.13323296878920476,0.018046140650205624,1.8883411324454906e-05,0.3416235770638183,1.827258939233809e-08,0.010994278100962908,1.2184306606618205e-09
EFT:0.1433807135777398,1.665875949806157e-05,0.35268676015622635,0.13323296878920476,0.018046140650205638,1.8883411324454886e-05,0.34162357706381796,1.8272589392338037e-08,0.010994278100962896,1.2184306606618216e-09
Random684
Raw:0.1433807135777397,1.6658759498061605e-05,0.3526867601562258,0.13323296878920501,0.018046140650205603,1.8883411324454923e-05,0.34162357706381835,1.827258939233814e-08,0.010994278100962889,1.2184306606618238e-09
EFT:0.1433807135777398,1.665875949806157e-05,0.35268676015622635,0.13323296878920476,0.018046140650205638,1.8883411324454886e-05,0.34162357706381796,1.8272589392338037e-08,0.010994278100962896,1.2184306606618216e-09
Random685
Raw:0.1433807135777396,1.6658759498061538e-05,0.3526867601562262,0.13323296878920457,0.018046140650205607,1.8883411324454913e-05,0.3416235770638184,1.8272589392338093e-08,0.010994278100962882,1.2184306606618166e-09
EFT:0.1433807135777398,1.665875949806157e-05,0.35268676015622635,0.13323296878920476,0.018046140650205638,1.8883411324454886e-05,0.34162357706381796,1.8272589392338037e-08,0.010994278100962896,1.2184306606618216e-09
Random686
Raw:0.14338071357773977,1.6658759498061507e-05,0.35268676015622624,0.13323296878920496,0.01804614065020563,1.888341132445478e-05,0.34162357706381785,1.8272589392337835e-08,0.010994278100962873,1.2184306606618081e-09
EFT:0.1433807135777398,1.665875949806157e-05,0.35268676015622635,0.13323296878920476,0.018046140650205638,1.8883411324454886e-05,0.34162357706381796,1.8272589392338037e-08,0.010994278100962896,1.2184306606618216e-09
Random687
Raw:0.14338071357773985,1.665875949806164e-05,0.35268676015622646,0.1332329687892048,0.01804614065020566,1.8883411324454893e-05,0.3416235770638178,1.8272589392338043e-08,0.0109942781009629,1.218430660661822e-09
EFT:0.1433807135777398,1.665875949806157e-05,0.35268676015622635,0.13323296878920476,0.018046140650205638,1.8883411324454886e-05,0.34162357706381796,1.8272589392338037e-08,0.010994278100962896,1.2184306606618216e-09
Random688
Raw:0.14338071357773974,1.6658759498061666e-05,0.35268676015622585,0.1332329687892054,0.018046140650205662,1.8883411324454828e-05,0.3416235770638178,1.8272589392337947e-08,0.01099427810096289,1.218430660661811e-09
EFT:0.1433807135777398,1.665875949806157e-05,0.35268676015622635,0.13323296878920476,0.018046140650205638,1.8883411324454886e-05,0.34162357706381796,1.8272589392338037e-08,0.010994278100962901,1.2184306606618216e-09
Random689
Raw:0.1433807135777397,1.6658759498061548e-05,0.3526867601562258,0.1332329687892049,0.018046140650205593,1.8883411324454825e-05,0.34162357706381835,1.8272589392337944e-08,0.010994278100962878,1.2184306606618108e-09
EFT:0.1433807135777398,1.665875949806157e-05,0.35268676015622635,0.13323296878920476,0.018046140650205638,1.8883411324454886e-05,0.34162357706381796,1.8272589392338037e-08,0.010994278100962896,1.2184306606618216e-09
Random690
Raw:0.14338071357773957,1.6658759498061548e-05,0.3526867601562258,0.1332329687892048,0.018046140650205628,1.8883411324454825e-05,0.3416235770638187,1.8272589392338073e-08,0.010994278100962889,1.2184306606618152e-09
EFT:0.1433807135777398,1.665875949806157e-05,0.35268676015622635,0.13323296878920476,0.018046140650205638,1.8883411324454886e-05,0.34162357706381796,1.8272589392338037e-08,0.010994278100962896,1.2184306606618216e-09
Random691
Raw:0.14338071357773977,1.6658759498061582e-05,0.3526867601562266,0.13323296878920463,0.018046140650205635,1.8883411324454865e-05,0.3416235770638179,1.8272589392337984e-08,0.010994278100962894,1.2184306606618178e-09
EFT:0.1433807135777398,1.665875949806157e-05,0.35268676015622635,0.13323296878920476,0.018046140650205638,1.8883411324454886e-05,0.34162357706381796,1.8272589392338037e-08,0.010994278100962896,1.2184306606618216e-09
Random692
Raw:0.14338071357773968,1.665875949806154e-05,0.3526867601562257,0.133232968789205,0.018046140650205583,1.8883411324454886e-05,0.3416235770638186,1.827258939233807e-08,0.010994278100962877,1.2184306606618104e-09
EFT:0.1433807135777398,1.665875949806157e-05,0.35268676015622635,0.13323296878920476,0.018046140650205638,1.8883411324454886e-05,0.34162357706381796,1.8272589392338037e-08,0.010994278100962896,1.2184306606618216e-09
Random693
Raw:0.1433807135777398,1.6658759498061544e-05,0.35268676015622635,0.13323296878920476,0.01804614065020565,1.8883411324454852e-05,0.34162357706381796,1.827258939233797e-08,0.010994278100962887,1.2184306606618127e-09
EFT:0.1433807135777398,1.665875949806157e-05,0.35268676015622635,0.13323296878920476,0.018046140650205638,1.8883411324454886e-05,0.34162357706381796,1.8272589392338037e-08,0.010994278100962901,1.2184306606618216e-09
Random694
Raw:0.14338071357774,1.6658759498061626e-05,0.3526867601562262,0.13323296878920457,0.01804614065020562,1.888341132445501e-05,0.34162357706381813,1.8272589392338225e-08,0.010994278100962901,1.2184306606618296e-09
EFT:0.1433807135777398,1.665875949806157e-05,0.35268676015622635,0.13323296878920476,0.018046140650205638,1.8883411324454886e-05,0.34162357706381796,1.8272589392338037e-08,0.010994278100962896,1.2184306606618216e-09
Random695
Raw:0.14338071357773993,1.6658759498061514e-05,0.35268676015622635,0.13323296878920488,0.018046140650205624,1.8883411324454852e-05,0.3416235770638177,1.827258939233797e-08,0.010994278100962877,1.2184306606618127e-09
EFT:0.1433807135777398,1.665875949806157e-05,0.35268676015622635,0.13323296878920476,0.018046140650205638,1.8883411324454886e-05,0.34162357706381796,1.8272589392338037e-08,0.010994278100962896,1.2184306606618216e-09
Random696
Raw:0.1433807135777397,1.665875949806165e-05,0.35268676015622613,0.1332329687892049,0.01804614065020566,1.888341132445491e-05,0.3416235770638181,1.827258939233809e-08,0.010994278100962889,1.218430660661825e-09
EFT:0.1433807135777398,1.665875949806157e-05,0.35268676015622635,0.13323296878920476,0.018046140650205638,1.8883411324454886e-05,0.34162357706381796,1.8272589392338037e-08,0.010994278100962896,1.2184306606618216e-09
Random697
Raw:0.14338071357773985,1.6658759498061592e-05,0.35268676015622613,0.13323296878920504,0.018046140650205645,1.888341132445491e-05,0.3416235770638178,1.827258939233809e-08,0.010994278100962889,1.2184306606618207e-09
EFT:0.1433807135777398,1.665875949806157e-05,0.35268676015622635,0.13323296878920476,0.018046140650205638,1.8883411324454886e-05,0.34162357706381796,1.8272589392338037e-08,0.010994278100962896,1.2184306606618216e-09
Random698
Raw:0.14338071357773982,1.6658759498061558e-05,0.3526867601562261,0.13323296878920465,0.01804614065020561,1.888341132445494e-05,0.3416235770638183,1.827258939233809e-08,0.010994278100962887,1.2184306606618205e-09
EFT:0.1433807135777398,1.665875949806157e-05,0.35268676015622635,0.13323296878920476,0.018046140650205638,1.8883411324454886e-05,0.34162357706381796,1.8272589392338037e-08,0.010994278100962901,1.2184306606618216e-09
Random699
Raw:0.14338071357773968,1.6658759498061575e-05,0.3526867601562264,0.13323296878920443,0.018046140650205617,1.8883411324454855e-05,0.34162357706381835,1.8272589392338106e-08,0.010994278100962908,1.2184306606618218e-09
EFT:0.1433807135777398,1.665875949806157e-05,0.35268676015622635,0.13323296878920476,0.018046140650205638,1.8883411324454886e-05,0.34162357706381796,1.8272589392338037e-08,0.010994278100962896,1.2184306606618216e-09
Random700
Raw:0.14338071357773974,1.6658759498061568e-05,0.3526867601562256,0.13323296878920518,0.018046140650205614,1.8883411324454845e-05,0.34162357706381846,1.827258939233793e-08,0.010994278100962873,1.21843066066181e-09
EFT:0.1433807135777398,1.665875949806157e-05,0.35268676015622635,0.13323296878920476,0.018046140650205638,1.8883411324454886e-05,0.34162357706381796,1.8272589392338037e-08,0.010994278100962901,1.2184306606618216e-09
Random701
Raw:0.14338071357773982,1.6658759498061487e-05,0.3526867601562258,0.1332329687892049,0.01804614065020557,1.888341132445486e-05,0.34162357706381835,1.8272589392337944e-08,0.010994278100962878,1.2184306606618067e-09
EFT:0.1433807135777398,1.665875949806157e-05,0.35268676015622635,0.13323296878920476,0.018046140650205638,1.8883411324454886e-05,0.34162357706381796,1.8272589392338037e-08,0.010994278100962896,1.2184306606618216e-09
Random702
Raw:0.14338071357773985,1.665875949806158e-05,0.35268676015622646,0.13323296878920468,0.018046140650205645,1.8883411324454926e-05,0.3416235770638178,1.8272589392337977e-08,0.01099427810096289,1.218430660661822e-09
EFT:0.1433807135777398,1.665875949806157e-05,0.35268676015622635,0.13323296878920476,0.018046140650205638,1.8883411324454886e-05,0.34162357706381796,1.8272589392338037e-08,0.010994278100962896,1.2184306606618216e-09
Random703
Raw:0.14338071357773985,1.6658759498061666e-05,0.35268676015622585,0.1332329687892053,0.01804614065020567,1.8883411324454828e-05,0.3416235770638178,1.8272589392337947e-08,0.01099427810096289,1.2184306606618154e-09
EFT:0.1433807135777398,1.665875949806157e-05,0.35268676015622635,0.13323296878920476,0.018046140650205638,1.8883411324454886e-05,0.34162357706381796,1.8272589392338037e-08,0.010994278100962896,1.2184306606618216e-09
Random704
Raw:0.14338071357773963,1.6658759498061507e-05,0.35268676015622624,0.13323296878920507,0.01804614065020564,1.888341132445478e-05,0.34162357706381785,1.82725893923379e-08,0.010994278100962892,1.2184306606618081e-09
EFT:0.1433807135777398,1.665875949806157e-05,0.35268676015622635,0.13323296878920476,0.018046140650205638,1.8883411324454886e-05,0.34162357706381796,1.8272589392338037e-08,0.010994278100962901,1.2184306606618216e-09
Random705
Raw:0.1433807135777398,1.6658759498061528e-05,0.352686760156226,0.133232968789205,0.018046140650205645,1.8883411324454767e-05,0.34162357706381796,1.827258939233789e-08,0.010994278100962877,1.2184306606618073e-09
EFT:0.1433807135777398,1.665875949806157e-05,0.35268676015622635,0.13323296878920476,0.018046140650205638,1.8883411324454886e-05,0.34162357706381796,1.8272589392338037e-08,0.010994278100962901,1.2184306606618216e-09
Random706
Raw:0.14338071357773974,1.6658759498061636e-05,0.35268676015622585,0.13323296878920482,0.018046140650205645,1.8883411324454893e-05,0.3416235770638184,1.8272589392338143e-08,0.01099427810096291,1.218430660661824e-09
EFT:0.1433807135777398,1.665875949806157e-05,0.35268676015622635,0.13323296878920476,0.018046140650205638,1.8883411324454886e-05,0.34162357706381796,1.8272589392338037e-08,0.010994278100962901,1.2184306606618216e-09
Random707
Raw:0.14338071357773996,1.665875949806165e-05,0.3526867601562261,0.1332329687892049,0.01804614065020564,1.8883411324454974e-05,0.341623577063818,1.827258939233822e-08,0.010994278100962897,1.2184306606618292e-09
EFT:0.1433807135777398,1.665875949806157e-05,0.35268676015622635,0.13323296878920476,0.018046140650205638,1.8883411324454886e-05,0.34162357706381796,1.8272589392338037e-08,0.010994278100962896,1.2184306606618216e-09
Random708
Raw:0.14338071357773965,1.665875949806154e-05,0.3526867601562263,0.133232968789205,0.018046140650205635,1.8883411324454818e-05,0.3416235770638179,1.8272589392337904e-08,0.010994278100962885,1.2184306606618127e-09
EFT:0.1433807135777398,1.665875949806157e-05,0.35268676015622635,0.13323296878920476,0.018046140650205638,1.8883411324454886e-05,0.34162357706381796,1.8272589392338037e-08,0.010994278100962901,1.2184306606618216e-09
Random709
Raw:0.14338071357773985,1.665875949806149e-05,0.35268676015622646,0.13323296878920435,0.01804614065020558,1.8883411324454926e-05,0.3416235770638184,1.8272589392338043e-08,0.01099427810096288,1.2184306606618174e-09
EFT:0.1433807135777398,1.665875949806157e-05,0.35268676015622635,0.13323296878920476,0.018046140650205638,1.8883411324454886e-05,0.34162357706381796,1.8272589392338037e-08,0.010994278100962896,1.2184306606618216e-09
Random710
Raw:0.14338071357773977,1.6658759498061524e-05,0.3526867601562259,0.13323296878920496,0.0180461406502056,1.8883411324454828e-05,0.34162357706381813,1.8272589392337885e-08,0.010994278100962873,1.218430660661807e-09
EFT:0.1433807135777398,1.665875949806157e-05,0.35268676015622635,0.13323296878920476,0.018046140650205638,1.8883411324454886e-05,0.34162357706381796,1.8272589392338037e-08,0.010994278100962896,1.2184306606618216e-09
Random711
Raw:0.1433807135777398,1.6658759498061544e-05,0.35268676015622635,0.13323296878920465,0.018046140650205617,1.8883411324454852e-05,0.34162357706381796,1.827258939233797e-08,0.010994278100962887,1.2184306606618127e-09
EFT:0.1433807135777398,1.665875949806157e-05,0.35268676015622635,0.13323296878920476,0.018046140650205638,1.8883411324454886e-05,0.34162357706381796,1.8272589392338037e-08,0.010994278100962896,1.2184306606618216e-09
Random712
Raw:0.1433807135777398,1.6658759498061544e-05,0.35268676015622635,0.13323296878920476,0.01804614065020565,1.888341132445482e-05,0.34162357706381796,1.8272589392337908e-08,0.010994278100962887,1.2184306606618127e-09
EFT:0.1433807135777398,1.665875949806157e-05,0.35268676015622635,0.13323296878920476,0.018046140650205638,1.8883411324454886e-05,0.34162357706381796,1.8272589392338037e-08,0.010994278100962901,1.2184306606618216e-09
Random713
Raw:0.14338071357773968,1.66587594980615e-05,0.3526867601562261,0.13323296878920476,0.018046140650205617,1.888341132445477e-05,0.3416235770638183,1.827258939233789e-08,0.010994278100962887,1.2184306606618075e-09
EFT:0.1433807135777398,1.665875949806157e-05,0.35268676015622635,0.13323296878920476,0.018046140650205638,1.8883411324454886e-05,0.34162357706381796,1.8272589392338037e-08,0.010994278100962896,1.2184306606618216e-09
Random714
Raw:0.14338071357773954,1.6658759498061602e-05,0.3526867601562257,0.1332329687892051,0.018046140650205628,1.8883411324454886e-05,0.3416235770638186,1.8272589392338004e-08,0.010994278100962885,1.2184306606618147e-09
EFT:0.1433807135777398,1.665875949806157e-05,0.35268676015622635,0.13323296878920476,0.018046140650205638,1.8883411324454886e-05,0.34162357706381796,1.8272589392338037e-08,0.010994278100962901,1.2184306606618216e-09
Random715
Raw:0.1433807135777398,1.665875949806165e-05,0.3526867601562267,0.13323296878920513,0.018046140650205735,1.8883411324454805e-05,0.3416235770638171,1.8272589392337858e-08,0.010994278100962897,1.218430660661814e-09
EFT:0.1433807135777398,1.665875949806157e-05,0.35268676015622635,0.13323296878920476,0.018046140650205638,1.8883411324454886e-05,0.34162357706381796,1.8272589392338037e-08,0.010994278100962901,1.2184306606618216e-09
Random716
Raw:0.14338071357773993,1.665875949806159e-05,0.352686760156226,0.13323296878920524,0.018046140650205662,1.8883411324454835e-05,0.3416235770638177,1.8272589392337954e-08,0.010994278100962885,1.2184306606618116e-09
EFT:0.1433807135777398,1.665875949806157e-05,0.35268676015622635,0.13323296878920476,0.018046140650205638,1.8883411324454886e-05,0.34162357706381796,1.8272589392338037e-08,0.010994278100962896,1.2184306606618216e-09
Random717
Raw:0.1433807135777398,1.6658759498061717e-05,0.3526867601562263,0.13323296878920485,0.018046140650205676,1.8883411324454984e-05,0.3416235770638179,1.8272589392338232e-08,0.010994278100962904,1.2184306606618298e-09
EFT:0.1433807135777398,1.665875949806157e-05,0.35268676015622635,0.13323296878920476,0.018046140650205638,1.8883411324454886e-05,0.34162357706381796,1.8272589392338037e-08,0.010994278100962896,1.2184306606618216e-09
Random718
Raw:0.1433807135777397,1.665875949806165e-05,0.35268676015622674,0.13323296878920468,0.0180461406502057,1.8883411324454876e-05,0.34162357706381774,1.8272589392338057e-08,0.010994278100962908,1.2184306606618271e-09
EFT:0.1433807135777398,1.665875949806157e-05,0.35268676015622635,0.13323296878920476,0.018046140650205638,1.8883411324454886e-05,0.34162357706381796,1.8272589392338037e-08,0.010994278100962896,1.2184306606618216e-09
Random719
Raw:0.14338071357773974,1.6658759498061582e-05,0.35268676015622585,0.13323296878920482,0.018046140650205603,1.8883411324454893e-05,0.3416235770638184,1.8272589392338077e-08,0.01099427810096288,1.2184306606618197e-09
EFT:0.1433807135777398,1.665875949806157e-05,0.35268676015622635,0.13323296878920476,0.018046140650205638,1.8883411324454886e-05,0.34162357706381796,1.8272589392338037e-08,0.010994278100962901,1.2184306606618216e-09
Random720
Raw:0.14338071357773965,1.6658759498061528e-05,0.35268676015622663,0.13323296878920463,0.01804614065020563,1.888341132445487e-05,0.34162357706381796,1.8272589392337987e-08,0.010994278100962885,1.2184306606618137e-09
EFT:0.1433807135777398,1.665875949806157e-05,0.35268676015622635,0.13323296878920476,0.018046140650205638,1.8883411324454886e-05,0.34162357706381796,1.8272589392338037e-08,0.010994278100962896,1.2184306606618216e-09
Random721
Raw:0.14338071357773977,1.6658759498061524e-05,0.3526867601562266,0.13323296878920426,0.018046140650205628,1.8883411324454865e-05,0.3416235770638182,1.827258939233805e-08,0.010994278100962903,1.2184306606618222e-09
EFT:0.1433807135777398,1.665875949806157e-05,0.35268676015622635,0.13323296878920476,0.018046140650205638,1.8883411324454886e-05,0.34162357706381796,1.8272589392338037e-08,0.010994278100962896,1.2184306606618216e-09
Random722
Raw:0.14338071357773968,1.6658759498061575e-05,0.3526867601562264,0.13323296878920443,0.018046140650205635,1.8883411324454923e-05,0.34162357706381835,1.8272589392338106e-08,0.010994278100962908,1.2184306606618218e-09
EFT:0.1433807135777398,1.665875949806157e-05,0.35268676015622635,0.13323296878920476,0.018046140650205638,1.8883411324454886e-05,0.34162357706381796,1.8272589392338037e-08,0.010994278100962896,1.2184306606618216e-09
Random723
Raw:0.1433807135777399,1.6658759498061538e-05,0.3526867601562269,0.13323296878920415,0.018046140650205628,1.8883411324454882e-05,0.3416235770638179,1.8272589392338e-08,0.010994278100962894,1.218430660661819e-09
EFT:0.1433807135777398,1.665875949806157e-05,0.35268676015622635,0.13323296878920476,0.018046140650205638,1.8883411324454886e-05,0.34162357706381796,1.8272589392338037e-08,0.010994278100962896,1.2184306606618216e-09
Random724
Raw:0.14338071357773974,1.6658759498061565e-05,0.3526867601562262,0.13323296878920518,0.018046140650205628,1.8883411324454845e-05,0.34162357706381785,1.8272589392337964e-08,0.01099427810096289,1.2184306606618123e-09
EFT:0.1433807135777398,1.665875949806157e-05,0.35268676015622635,0.13323296878920476,0.018046140650205638,1.8883411324454886e-05,0.34162357706381796,1.8272589392338037e-08,0.010994278100962896,1.2184306606618216e-09
Random725
Raw:0.14338071357773985,1.665875949806161e-05,0.35268676015622646,0.13323296878920504,0.018046140650205645,1.888341132445496e-05,0.34162357706381746,1.827258939233811e-08,0.01099427810096289,1.218430660661822e-09
EFT:0.1433807135777398,1.665875949806157e-05,0.35268676015622635,0.13323296878920476,0.018046140650205638,1.8883411324454886e-05,0.34162357706381796,1.8272589392338037e-08,0.010994278100962896,1.2184306606618216e-09
Random726
Raw:0.14338071357773965,1.6658759498061453e-05,0.35268676015622635,0.13323296878920454,0.018046140650205617,1.8883411324454788e-05,0.3416235770638183,1.827258939233784e-08,0.010994278100962887,1.2184306606618042e-09
EFT:0.1433807135777398,1.665875949806157e-05,0.35268676015622635,0.13323296878920476,0.018046140650205638,1.8883411324454886e-05,0.34162357706381796,1.8272589392338037e-08,0.010994278100962901,1.2184306606618216e-09
Random727
Raw:0.14338071357773982,1.6658759498061694e-05,0.3526867601562258,0.13323296878920515,0.01804614065020566,1.888341132445499e-05,0.341623577063818,1.8272589392338206e-08,0.0109942781009629,1.2184306606618282e-09
EFT:0.1433807135777398,1.665875949806157e-05,0.35268676015622635,0.13323296878920476,0.018046140650205638,1.8883411324454886e-05,0.34162357706381796,1.8272589392338037e-08,0.010994278100962901,1.2184306606618216e-09
Random728
Raw:0.14338071357773954,1.6658759498061422e-05,0.35268676015622696,0.13323296878920465,0.018046140650205596,1.8883411324454818e-05,0.3416235770638177,1.8272589392337875e-08,0.010994278100962877,1.2184306606618063e-09
EFT:0.1433807135777398,1.665875949806157e-05,0.35268676015622635,0.13323296878920476,0.018046140650205638,1.8883411324454886e-05,0.34162357706381796,1.8272589392338037e-08,0.010994278100962896,1.2184306606618216e-09
Random729
Raw:0.1433807135777399,1.6658759498061507e-05,0.35268676015622624,0.1332329687892046,0.018046140650205586,1.8883411324454913e-05,0.3416235770638182,1.8272589392337967e-08,0.010994278100962873,1.2184306606618125e-09
EFT:0.1433807135777398,1.665875949806157e-05,0.35268676015622635,0.13323296878920476,0.018046140650205638,1.8883411324454886e-05,0.34162357706381796,1.8272589392338037e-08,0.010994278100962896,1.2184306606618216e-09
Random730
Raw:0.1433807135777398,1.6658759498061494e-05,0.35268676015622596,0.1332329687892052,0.018046140650205617,1.88834113244547e-05,0.3416235770638179,1.8272589392337693e-08,0.010994278100962864,1.2184306606617984e-09
EFT:0.1433807135777398,1.665875949806157e-05,0.35268676015622635,0.13323296878920476,0.018046140650205638,1.8883411324454886e-05,0.34162357706381796,1.8272589392338037e-08,0.010994278100962896,1.2184306606618216e-09
Random731
Raw:0.14338071357773968,1.6658759498061605e-05,0.3526867601562264,0.1332329687892048,0.018046140650205635,1.8883411324454923e-05,0.341623577063818,1.8272589392338106e-08,0.010994278100962897,1.2184306606618218e-09
EFT:0.1433807135777398,1.665875949806157e-05,0.35268676015622635,0.13323296878920476,0.018046140650205638,1.8883411324454886e-05,0.34162357706381796,1.8272589392338037e-08,0.010994278100962896,1.2184306606618216e-09
Random732
Raw:0.14338071357773968,1.6658759498061517e-05,0.3526867601562264,0.13323296878920468,0.01804614065020564,1.888341132445489e-05,0.341623577063818,1.8272589392337974e-08,0.010994278100962878,1.2184306606618174e-09
EFT:0.1433807135777398,1.665875949806157e-05,0.35268676015622635,0.13323296878920476,0.018046140650205638,1.8883411324454886e-05,0.34162357706381796,1.8272589392338037e-08,0.010994278100962901,1.2184306606618216e-09
Random733
Raw:0.1433807135777397,1.6658759498061592e-05,0.35268676015622613,0.13323296878920457,0.018046140650205635,1.888341132445491e-05,0.34162357706381835,1.8272589392338156e-08,0.01099427810096291,1.2184306606618207e-09
EFT:0.1433807135777398,1.665875949806157e-05,0.35268676015622635,0.13323296878920476,0.018046140650205638,1.8883411324454886e-05,0.34162357706381796,1.8272589392338037e-08,0.010994278100962896,1.2184306606618216e-09
Random734
Raw:0.14338071357773965,1.665875949806151e-05,0.3526867601562263,0.13323296878920474,0.018046140650205614,1.8883411324454818e-05,0.34162357706381824,1.827258939233797e-08,0.010994278100962875,1.2184306606618083e-09
EFT:0.1433807135777398,1.665875949806157e-05,0.35268676015622635,0.13323296878920476,0.018046140650205638,1.8883411324454886e-05,0.34162357706381796,1.8272589392338037e-08,0.010994278100962901,1.2184306606618216e-09
Random735
Raw:0.14338071357773977,1.6658759498061582e-05,0.3526867601562266,0.13323296878920463,0.01804614065020566,1.8883411324454933e-05,0.3416235770638179,1.8272589392338113e-08,0.010994278100962903,1.2184306606618222e-09
EFT:0.1433807135777398,1.665875949806157e-05,0.35268676015622635,0.13323296878920476,0.018046140650205638,1.8883411324454886e-05,0.34162357706381796,1.8272589392338037e-08,0.010994278100962896,1.2184306606618216e-09
Random736
Raw:0.14338071357773965,1.665875949806163e-05,0.3526867601562263,0.133232968789205,0.018046140650205676,1.8883411324454852e-05,0.3416235770638179,1.8272589392338033e-08,0.010994278100962904,1.2184306606618214e-09
EFT:0.1433807135777398,1.665875949806157e-05,0.35268676015622635,0.13323296878920476,0.018046140650205638,1.8883411324454886e-05,0.34162357706381796,1.8272589392338037e-08,0.010994278100962896,1.2184306606618216e-09
Random737
Raw:0.1433807135777396,1.6658759498061477e-05,0.3526867601562262,0.1332329687892047,0.018046140650205565,1.8883411324454845e-05,0.3416235770638184,1.8272589392337964e-08,0.010994278100962871,1.218430660661808e-09
EFT:0.1433807135777398,1.665875949806157e-05,0.35268676015622635,0.13323296878920476,0.018046140650205638,1.8883411324454886e-05,0.34162357706381796,1.8272589392338037e-08,0.010994278100962901,1.2184306606618216e-09
Random738
Raw:0.1433807135777398,1.665875949806157e-05,0.35268676015622635,0.13323296878920465,0.018046140650205655,1.8883411324454852e-05,0.34162357706381796,1.827258939233797e-08,0.010994278100962896,1.2184306606618172e-09
EFT:0.1433807135777398,1.665875949806157e-05,0.35268676015622635,0.13323296878920476,0.018046140650205638,1.8883411324454886e-05,0.34162357706381796,1.8272589392338037e-08,0.010994278100962901,1.2184306606618216e-09
Random739
Raw:0.1433807135777396,1.665875949806156e-05,0.35268676015622674,0.1332329687892048,0.018046140650205652,1.8883411324454842e-05,0.34162357706381774,1.8272589392337994e-08,0.010994278100962889,1.2184306606618141e-09
EFT:0.1433807135777398,1.665875949806157e-05,0.35268676015622635,0.13323296878920476,0.018046140650205638,1.8883411324454886e-05,0.34162357706381796,1.8272589392338037e-08,0.010994278100962896,1.2184306606618216e-09
Random740
Raw:0.1433807135777398,1.6658759498061643e-05,0.35268676015622596,0.1332329687892052,0.01804614065020566,1.88834113244549e-05,0.3416235770638179,1.8272589392338017e-08,0.010994278100962884,1.2184306606618201e-09
EFT:0.1433807135777398,1.665875949806157e-05,0.35268676015622635,0.13323296878920476,0.018046140650205638,1.8883411324454886e-05,0.34162357706381796,1.8272589392338037e-08,0.010994278100962896,1.2184306606618216e-09
Random741
Raw:0.1433807135777399,1.6658759498061494e-05,0.35268676015622596,0.1332329687892052,0.018046140650205596,1.8883411324454767e-05,0.3416235770638179,1.827258939233776e-08,0.010994278100962864,1.2184306606617984e-09
EFT:0.1433807135777398,1.665875949806157e-05,0.35268676015622635,0.13323296878920476,0.018046140650205638,1.8883411324454886e-05,0.34162357706381796,1.8272589392338037e-08,0.010994278100962896,1.2184306606618216e-09
Random742
Raw:0.1433807135777397,1.665875949806156e-05,0.35268676015622613,0.13323296878920468,0.018046140650205628,1.888341132445491e-05,0.34162357706381835,1.8272589392338027e-08,0.01099427810096288,1.2184306606618164e-09
EFT:0.1433807135777398,1.665875949806157e-05,0.35268676015622635,0.13323296878920476,0.018046140650205638,1.8883411324454886e-05,0.34162357706381796,1.8272589392338037e-08,0.010994278100962896,1.2184306606618216e-09
Random743
Raw:0.14338071357773954,1.66587594980615e-05,0.3526867601562261,0.13323296878920465,0.01804614065020561,1.888341132445484e-05,0.34162357706381863,1.8272589392337957e-08,0.010994278100962887,1.2184306606618118e-09
EFT:0.1433807135777398,1.665875949806157e-05,0.35268676015622635,0.13323296878920476,0.018046140650205638,1.8883411324454886e-05,0.34162357706381796,1.8272589392338037e-08,0.010994278100962901,1.2184306606618216e-09
Random744
Raw:0.1433807135777399,1.6658759498061538e-05,0.35268676015622624,0.13323296878920485,0.018046140650205624,1.888341132445485e-05,0.34162357706381785,1.8272589392337967e-08,0.010994278100962864,1.2184306606618125e-09
EFT:0.1433807135777398,1.665875949806157e-05,0.35268676015622635,0.13323296878920476,0.018046140650205638,1.8883411324454886e-05,0.34162357706381796,1.8272589392338037e-08,0.010994278100962896,1.2184306606618216e-09
Random745
Raw:0.14338071357773974,1.6658759498061504e-05,0.3526867601562262,0.13323296878920482,0.018046140650205614,1.8883411324454845e-05,0.34162357706381813,1.8272589392337964e-08,0.01099427810096289,1.2184306606618123e-09
EFT:0.1433807135777398,1.665875949806157e-05,0.35268676015622635,0.13323296878920476,0.018046140650205638,1.8883411324454886e-05,0.34162357706381796,1.8272589392338037e-08,0.010994278100962901,1.2184306606618216e-09
Random746
Raw:0.14338071357773982,1.6658759498061575e-05,0.3526867601562264,0.13323296878920454,0.018046140650205624,1.8883411324454923e-05,0.341623577063818,1.8272589392338106e-08,0.010994278100962889,1.2184306606618218e-09
EFT:0.1433807135777398,1.665875949806157e-05,0.35268676015622635,0.13323296878920476,0.018046140650205638,1.8883411324454886e-05,0.34162357706381796,1.8272589392338037e-08,0.010994278100962896,1.2184306606618216e-09
Random747
Raw:0.14338071357773977,1.6658759498061494e-05,0.3526867601562259,0.13323296878920482,0.018046140650205586,1.8883411324454862e-05,0.34162357706381846,1.827258939233795e-08,0.010994278100962873,1.2184306606618112e-09
EFT:0.1433807135777398,1.665875949806157e-05,0.35268676015622635,0.13323296878920476,0.018046140650205638,1.8883411324454886e-05,0.34162357706381796,1.8272589392338037e-08,0.010994278100962896,1.2184306606618216e-09
Random748
Raw:0.14338071357773974,1.6658759498061683e-05,0.3526867601562262,0.13323296878920504,0.018046140650205687,1.8883411324454913e-05,0.34162357706381785,1.8272589392338093e-08,0.01099427810096289,1.218430660661821e-09
EFT:0.1433807135777398,1.665875949806157e-05,0.35268676015622635,0.13323296878920476,0.018046140650205638,1.8883411324454886e-05,0.34162357706381796,1.8272589392338037e-08,0.010994278100962901,1.2184306606618216e-09
Random749
Raw:0.1433807135777398,1.665875949806147e-05,0.352686760156226,0.1332329687892043,0.018046140650205565,1.8883411324454903e-05,0.34162357706381885,1.8272589392338086e-08,0.010994278100962885,1.218430660661816e-09
EFT:0.1433807135777398,1.665875949806157e-05,0.35268676015622635,0.13323296878920476,0.018046140650205638,1.8883411324454886e-05,0.34162357706381796,1.8272589392338037e-08,0.010994278100962896,1.2184306606618216e-09
Random750
Raw:0.1433807135777397,1.6658759498061565e-05,0.3526867601562255,0.13323296878920526,0.018046140650205614,1.8883411324454808e-05,0.3416235770638184,1.8272589392337928e-08,0.010994278100962861,1.2184306606618056e-09
EFT:0.1433807135777398,1.665875949806157e-05,0.35268676015622635,0.13323296878920476,0.018046140650205638,1.8883411324454886e-05,0.34162357706381796,1.8272589392338037e-08,0.010994278100962896,1.2184306606618216e-09
Random751
Raw:0.14338071357773968,1.6658759498061528e-05,0.352686760156226,0.13323296878920463,0.018046140650205614,1.8883411324454835e-05,0.3416235770638186,1.8272589392337954e-08,0.010994278100962885,1.2184306606618116e-09
EFT:0.1433807135777398,1.665875949806157e-05,0.35268676015622635,0.13323296878920476,0.018046140650205638,1.8883411324454886e-05,0.34162357706381796,1.8272589392338037e-08,0.010994278100962896,1.2184306606618216e-09
Random752
Raw:0.1433807135777397,1.6658759498061622e-05,0.35268676015622613,0.1332329687892049,0.018046140650205645,1.888341132445491e-05,0.3416235770638181,1.8272589392338156e-08,0.0109942781009629,1.218430660661825e-09
EFT:0.1433807135777398,1.665875949806157e-05,0.35268676015622635,0.13323296878920476,0.018046140650205638,1.8883411324454886e-05,0.34162357706381796,1.8272589392338037e-08,0.010994278100962901,1.2184306606618216e-09
Random753
Raw:0.14338071357773974,1.6658759498061477e-05,0.3526867601562262,0.13323296878920518,0.01804614065020562,1.888341132445474e-05,0.34162357706381785,1.827258939233777e-08,0.010994278100962871,1.2184306606617992e-09
EFT:0.1433807135777398,1.665875949806157e-05,0.35268676015622635,0.13323296878920476,0.018046140650205638,1.8883411324454886e-05,0.34162357706381796,1.8272589392338037e-08,0.010994278100962896,1.2184306606618216e-09
Random754
Raw:0.1433807135777398,1.665875949806147e-05,0.352686760156226,0.13323296878920463,0.018046140650205565,1.8883411324454767e-05,0.3416235770638186,1.827258939233789e-08,0.010994278100962877,1.218430660661803e-09
EFT:0.1433807135777398,1.665875949806157e-05,0.35268676015622635,0.13323296878920476,0.018046140650205638,1.8883411324454886e-05,0.34162357706381796,1.8272589392338037e-08,0.010994278100962896,1.2184306606618216e-09
Random755
Raw:0.1433807135777398,1.6658759498061524e-05,0.35268676015622596,0.13323296878920485,0.018046140650205596,1.88834113244549e-05,0.3416235770638182,1.827258939233795e-08,0.010994278100962884,1.2184306606618114e-09
EFT:0.1433807135777398,1.665875949806157e-05,0.35268676015622635,0.13323296878920476,0.018046140650205638,1.8883411324454886e-05,0.34162357706381796,1.8272589392338037e-08,0.010994278100962901,1.2184306606618216e-09
Random756
Raw:0.14338071357773968,1.6658759498061517e-05,0.3526867601562264,0.13323296878920443,0.01804614065020561,1.8883411324454923e-05,0.34162357706381835,1.8272589392338106e-08,0.010994278100962889,1.2184306606618218e-09
EFT:0.1433807135777398,1.665875949806157e-05,0.35268676015622635,0.13323296878920476,0.018046140650205638,1.8883411324454886e-05,0.34162357706381796,1.8272589392338037e-08,0.010994278100962896,1.2184306606618216e-09
Random757
Raw:0.14338071357773993,1.665875949806148e-05,0.3526867601562263,0.13323296878920485,0.018046140650205607,1.8883411324454852e-05,0.3416235770638179,1.8272589392337904e-08,0.010994278100962875,1.2184306606618127e-09
EFT:0.1433807135777398,1.665875949806157e-05,0.35268676015622635,0.13323296878920476,0.018046140650205638,1.8883411324454886e-05,0.34162357706381796,1.8272589392338037e-08,0.010994278100962896,1.2184306606618216e-09
Random758
Raw:0.1433807135777396,1.6658759498061538e-05,0.3526867601562262,0.13323296878920457,0.018046140650205583,1.8883411324454913e-05,0.3416235770638184,1.8272589392338093e-08,0.01099427810096289,1.218430660661821e-09
EFT:0.1433807135777398,1.665875949806157e-05,0.35268676015622635,0.13323296878920476,0.018046140650205638,1.8883411324454886e-05,0.34162357706381796,1.8272589392338037e-08,0.010994278100962901,1.2184306606618216e-09
Random759
Raw:0.14338071357773963,1.665875949806155e-05,0.3526867601562259,0.13323296878920482,0.018046140650205624,1.8883411324454896e-05,0.34162357706381846,1.827258939233808e-08,0.010994278100962882,1.21843066066182e-09
EFT:0.1433807135777398,1.665875949806157e-05,0.35268676015622635,0.13323296878920476,0.018046140650205638,1.8883411324454886e-05,0.34162357706381796,1.8272589392338037e-08,0.010994278100962901,1.2184306606618216e-09
Random760
Raw:0.1433807135777396,1.6658759498061538e-05,0.3526867601562262,0.13323296878920457,0.01804614065020562,1.8883411324454845e-05,0.3416235770638184,1.827258939233803e-08,0.01099427810096289,1.2184306606618123e-09
EFT:0.1433807135777398,1.665875949806157e-05,0.35268676015622635,0.13323296878920476,0.018046140650205638,1.8883411324454886e-05,0.34162357706381796,1.8272589392338037e-08,0.010994278100962901,1.2184306606618216e-09
Random761
Raw:0.14338071357773968,1.665875949806141e-05,0.3526867601562267,0.13323296878920454,0.0180461406502056,1.8883411324454737e-05,0.341623577063818,1.827258939233773e-08,0.010994278100962878,1.2184306606617968e-09
EFT:0.1433807135777398,1.665875949806157e-05,0.35268676015622635,0.13323296878920476,0.018046140650205638,1.8883411324454886e-05,0.34162357706381796,1.8272589392338037e-08,0.010994278100962896,1.2184306606618216e-09
Random762
Raw:0.14338071357773968,1.6658759498061646e-05,0.352686760156226,0.13323296878920463,0.018046140650205638,1.8883411324454937e-05,0.3416235770638186,1.8272589392338215e-08,0.010994278100962915,1.2184306606618247e-09
EFT:0.1433807135777398,1.665875949806157e-05,0.35268676015622635,0.13323296878920476,0.018046140650205638,1.8883411324454886e-05,0.34162357706381796,1.8272589392338037e-08,0.010994278100962896,1.2184306606618216e-09
Random763
Raw:0.1433807135777398,1.6658759498061585e-05,0.35268676015622663,0.1332329687892051,0.018046140650205687,1.88834113244548e-05,0.34162357706381735,1.8272589392337855e-08,0.010994278100962877,1.2184306606618137e-09
EFT:0.1433807135777398,1.665875949806157e-05,0.35268676015622635,0.13323296878920476,0.018046140650205638,1.8883411324454886e-05,0.34162357706381796,1.8272589392338037e-08,0.010994278100962901,1.2184306606618216e-09
Random764
Raw:0.14338071357773968,1.6658759498061548e-05,0.3526867601562264,0.1332329687892048,0.018046140650205635,1.8883411324454855e-05,0.341623577063818,1.8272589392337974e-08,0.010994278100962889,1.2184306606618129e-09
EFT:0.1433807135777398,1.665875949806157e-05,0.35268676015622635,0.13323296878920476,0.018046140650205638,1.8883411324454886e-05,0.34162357706381796,1.8272589392338037e-08,0.010994278100962896,1.2184306606618216e-09
Random765
Raw:0.14338071357773974,1.6658759498061653e-05,0.3526867601562262,0.1332329687892054,0.018046140650205694,1.888341132445488e-05,0.3416235770638175,1.8272589392337964e-08,0.010994278100962901,1.218430660661821e-09
EFT:0.1433807135777398,1.665875949806157e-05,0.35268676015622635,0.13323296878920476,0.018046140650205638,1.8883411324454886e-05,0.34162357706381796,1.8272589392338037e-08,0.010994278100962896,1.2184306606618216e-09
Random766
Raw:0.14338071357773965,1.6658759498061453e-05,0.35268676015622635,0.13323296878920454,0.018046140650205607,1.8883411324454788e-05,0.3416235770638183,1.8272589392337908e-08,0.010994278100962877,1.2184306606618085e-09
EFT:0.1433807135777398,1.665875949806157e-05,0.35268676015622635,0.13323296878920476,0.018046140650205638,1.8883411324454886e-05,0.34162357706381796,1.8272589392338037e-08,0.010994278100962901,1.2184306606618216e-09
Random767
Raw:0.14338071357773982,1.6658759498061558e-05,0.3526867601562261,0.13323296878920465,0.0180461406502056,1.888341132445484e-05,0.3416235770638183,1.8272589392338024e-08,0.010994278100962887,1.2184306606618162e-09
EFT:0.1433807135777398,1.665875949806157e-05,0.35268676015622635,0.13323296878920476,0.018046140650205638,1.8883411324454886e-05,0.34162357706381796,1.8272589392338037e-08,0.010994278100962901,1.2184306606618216e-09
Random768
Raw:0.14338071357773974,1.6658759498061636e-05,0.35268676015622585,0.1332329687892054,0.01804614065020567,1.888341132445486e-05,0.3416235770638178,1.827258939233801e-08,0.01099427810096289,1.2184306606618154e-09
EFT:0.1433807135777398,1.665875949806157e-05,0.35268676015622635,0.13323296878920476,0.018046140650205638,1.8883411324454886e-05,0.34162357706381796,1.8272589392338037e-08,0.010994278100962896,1.2184306606618216e-09
Random769
Raw:0.14338071357773935,1.6658759498061595e-05,0.3526867601562268,0.13323296878920504,0.018046140650205694,1.8883411324454876e-05,0.3416235770638175,1.8272589392337994e-08,0.010994278100962901,1.2184306606618187e-09
EFT:0.1433807135777398,1.665875949806157e-05,0.35268676015622635,0.13323296878920476,0.018046140650205638,1.8883411324454886e-05,0.34162357706381796,1.8272589392338037e-08,0.010994278100962896,1.2184306606618216e-09
Random770
Raw:0.14338071357773957,1.6658759498061426e-05,0.3526867601562264,0.1332329687892049,0.0180461406502056,1.8883411324454723e-05,0.341623577063818,1.8272589392337716e-08,0.01099427810096287,1.2184306606617957e-09
EFT:0.1433807135777398,1.665875949806157e-05,0.35268676015622635,0.13323296878920476,0.018046140650205638,1.8883411324454886e-05,0.34162357706381796,1.8272589392338037e-08,0.010994278100962896,1.2184306606618216e-09
Random771
Raw:0.1433807135777398,1.665875949806157e-05,0.3526867601562257,0.13323296878920488,0.018046140650205596,1.8883411324454818e-05,0.3416235770638186,1.8272589392337938e-08,0.010994278100962885,1.2184306606618104e-09
EFT:0.1433807135777398,1.665875949806157e-05,0.35268676015622635,0.13323296878920476,0.018046140650205638,1.8883411324454886e-05,0.34162357706381796,1.8272589392338037e-08,0.010994278100962896,1.2184306606618216e-09
Random772
Raw:0.14338071357773977,1.6658759498061673e-05,0.3526867601562266,0.13323296878920496,0.018046140650205697,1.8883411324454933e-05,0.3416235770638176,1.8272589392338113e-08,0.010994278100962913,1.2184306606618265e-09
EFT:0.1433807135777398,1.665875949806157e-05,0.35268676015622635,0.13323296878920476,0.018046140650205638,1.8883411324454886e-05,0.34162357706381796,1.8272589392338037e-08,0.010994278100962896,1.2184306606618216e-09
Random773
Raw:0.1433807135777397,1.6658759498061473e-05,0.35268676015622613,0.13323296878920443,0.018046140650205572,1.8883411324454842e-05,0.3416235770638187,1.827258939233809e-08,0.01099427810096288,1.218430660661812e-09
EFT:0.1433807135777398,1.665875949806157e-05,0.35268676015622635,0.13323296878920476,0.018046140650205638,1.8883411324454886e-05,0.34162357706381796,1.8272589392338037e-08,0.010994278100962896,1.2184306606618216e-09
Random774
Raw:0.14338071357773977,1.6658759498061582e-05,0.3526867601562266,0.13323296878920496,0.018046140650205666,1.8883411324454865e-05,0.3416235770638176,1.8272589392337984e-08,0.010994278100962884,1.2184306606618135e-09
EFT:0.1433807135777398,1.665875949806157e-05,0.35268676015622635,0.13323296878920476,0.018046140650205638,1.8883411324454886e-05,0.34162357706381796,1.8272589392338037e-08,0.010994278100962896,1.2184306606618216e-09
Random775
Raw:0.1433807135777397,1.6658759498061663e-05,0.3526867601562258,0.13323296878920468,0.018046140650205628,1.8883411324455025e-05,0.3416235770638187,1.8272589392338397e-08,0.0109942781009629,1.2184306606618325e-09
EFT:0.1433807135777398,1.665875949806157e-05,0.35268676015622635,0.13323296878920476,0.018046140650205638,1.8883411324454886e-05,0.34162357706381796,1.8272589392338037e-08,0.010994278100962896,1.2184306606618216e-09
Random776
Raw:0.1433807135777398,1.665875949806157e-05,0.35268676015622635,0.133232968789205,0.01804614065020565,1.8883411324454852e-05,0.3416235770638177,1.8272589392337908e-08,0.010994278100962877,1.2184306606618127e-09
EFT:0.1433807135777398,1.665875949806157e-05,0.35268676015622635,0.13323296878920476,0.018046140650205638,1.8883411324454886e-05,0.34162357706381796,1.8272589392338037e-08,0.010994278100962896,1.2184306606618216e-09
Random777
Raw:0.14338071357773974,1.6658759498061666e-05,0.35268676015622585,0.13323296878920515,0.018046140650205655,1.8883411324454893e-05,0.3416235770638181,1.827258939233801e-08,0.01099427810096288,1.2184306606618197e-09
EFT:0.1433807135777398,1.665875949806157e-05,0.35268676015622635,0.13323296878920476,0.018046140650205638,1.8883411324454886e-05,0.34162357706381796,1.8272589392338037e-08,0.010994278100962896,1.2184306606618216e-09
Random778
Raw:0.14338071357773968,1.6658759498061677e-05,0.3526867601562261,0.13323296878920501,0.018046140650205683,1.8883411324454906e-05,0.341623577063818,1.827258939233809e-08,0.010994278100962908,1.2184306606618249e-09
EFT:0.1433807135777398,1.665875949806157e-05,0.35268676015622635,0.13323296878920476,0.018046140650205638,1.8883411324454886e-05,0.34162357706381796,1.8272589392338037e-08,0.010994278100962896,1.2184306606618216e-09
Random779
Raw:0.14338071357773977,1.6658759498061626e-05,0.35268676015622624,0.1332329687892046,0.01804614065020561,1.8883411324454913e-05,0.3416235770638182,1.8272589392338096e-08,0.010994278100962884,1.2184306606618212e-09
EFT:0.1433807135777398,1.665875949806157e-05,0.35268676015622635,0.13323296878920476,0.018046140650205638,1.8883411324454886e-05,0.34162357706381796,1.8272589392338037e-08,0.010994278100962896,1.2184306606618216e-09
Random780
Raw:0.14338071357773968,1.6658759498061548e-05,0.3526867601562264,0.13323296878920468,0.018046140650205635,1.8883411324454855e-05,0.341623577063818,1.8272589392337974e-08,0.010994278100962897,1.2184306606618129e-09
EFT:0.1433807135777398,1.665875949806157e-05,0.35268676015622635,0.13323296878920476,0.018046140650205638,1.8883411324454886e-05,0.34162357706381796,1.8272589392338037e-08,0.010994278100962901,1.2184306606618216e-09
Random781
Raw:0.1433807135777398,1.6658759498061646e-05,0.35268676015622663,0.13323296878920476,0.018046140650205662,1.8883411324455e-05,0.34162357706381763,1.8272589392338116e-08,0.010994278100962904,1.218430660661831e-09
EFT:0.1433807135777398,1.665875949806157e-05,0.35268676015622635,0.13323296878920476,0.018046140650205638,1.8883411324454886e-05,0.34162357706381796,1.8272589392338037e-08,0.010994278100962901,1.2184306606618216e-09
Random782
Raw:0.1433807135777398,1.665875949806169e-05,0.35268676015622635,0.13323296878920476,0.018046140650205673,1.888341132445492e-05,0.34162357706381796,1.827258939233817e-08,0.010994278100962906,1.21843066066183e-09
EFT:0.1433807135777398,1.665875949806157e-05,0.35268676015622635,0.13323296878920476,0.018046140650205638,1.8883411324454886e-05,0.34162357706381796,1.8272589392338037e-08,0.010994278100962901,1.2184306606618216e-09
Random783
Raw:0.14338071357773968,1.6658759498061528e-05,0.3526867601562267,0.13323296878920454,0.01804614065020563,1.8883411324454872e-05,0.341623577063818,1.827258939233799e-08,0.010994278100962887,1.218430660661814e-09
EFT:0.1433807135777398,1.665875949806157e-05,0.35268676015622635,0.13323296878920476,0.018046140650205638,1.8883411324454886e-05,0.34162357706381796,1.8272589392338037e-08,0.010994278100962901,1.2184306606618216e-09
Random784
Raw:0.1433807135777397,1.6658759498061487e-05,0.3526867601562258,0.13323296878920454,0.01804614065020557,1.8883411324454923e-05,0.34162357706381896,1.8272589392338073e-08,0.010994278100962878,1.2184306606618108e-09
EFT:0.1433807135777398,1.665875949806157e-05,0.35268676015622635,0.13323296878920476,0.018046140650205638,1.8883411324454886e-05,0.34162357706381796,1.8272589392338037e-08,0.010994278100962901,1.2184306606618216e-09
Random785
Raw:0.14338071357773974,1.6658759498061582e-05,0.3526867601562265,0.1332329687892047,0.018046140650205655,1.8883411324454862e-05,0.34162357706381785,1.827258939233798e-08,0.010994278100962892,1.2184306606618222e-09
EFT:0.1433807135777398,1.665875949806157e-05,0.35268676015622635,0.13323296878920476,0.018046140650205638,1.8883411324454886e-05,0.34162357706381796,1.8272589392338037e-08,0.010994278100962896,1.2184306606618216e-09
Random786
Raw:0.14338071357773968,1.66587594980615e-05,0.3526867601562261,0.13323296878920513,0.01804614065020564,1.888341132445477e-05,0.341623577063818,1.827258939233783e-08,0.010994278100962878,1.2184306606618032e-09
EFT:0.1433807135777398,1.665875949806157e-05,0.35268676015622635,0.13323296878920476,0.018046140650205638,1.8883411324454886e-05,0.34162357706381796,1.8272589392338037e-08,0.010994278100962901,1.2184306606618216e-09
Random787
Raw:0.14338071357773988,1.665875949806151e-05,0.35268676015622563,0.1332329687892052,0.018046140650205586,1.8883411324454815e-05,0.3416235770638182,1.8272589392337868e-08,0.010994278100962864,1.218430660661806e-09
EFT:0.1433807135777398,1.665875949806157e-05,0.35268676015622635,0.13323296878920476,0.018046140650205638,1.8883411324454886e-05,0.34162357706381796,1.8272589392338037e-08,0.010994278100962896,1.2184306606618216e-09
Random788
Raw:0.14338071357773965,1.665875949806154e-05,0.3526867601562263,0.13323296878920463,0.018046140650205614,1.8883411324454882e-05,0.34162357706381824,1.82725893923381e-08,0.010994278100962885,1.218430660661817e-09
EFT:0.1433807135777398,1.665875949806157e-05,0.35268676015622635,0.13323296878920476,0.018046140650205638,1.8883411324454886e-05,0.34162357706381796,1.8272589392338037e-08,0.010994278100962896,1.2184306606618216e-09
Random789
Raw:0.14338071357773974,1.6658759498061548e-05,0.35268676015622585,0.13323296878920446,0.01804614065020559,1.888341132445496e-05,0.34162357706381874,1.8272589392338143e-08,0.01099427810096288,1.2184306606618197e-09
EFT:0.1433807135777398,1.665875949806157e-05,0.35268676015622635,0.13323296878920476,0.018046140650205638,1.8883411324454886e-05,0.34162357706381796,1.8272589392338037e-08,0.010994278100962896,1.2184306606618216e-09
Random790
Raw:0.14338071357773965,1.6658759498061494e-05,0.35268676015622596,0.13323296878920474,0.01804614065020561,1.888341132445483e-05,0.3416235770638185,1.827258939233795e-08,0.010994278100962884,1.218430660661807e-09
EFT:0.1433807135777398,1.665875949806157e-05,0.35268676015622635,0.13323296878920476,0.018046140650205638,1.8883411324454886e-05,0.34162357706381796,1.8272589392338037e-08,0.010994278100962896,1.2184306606618216e-09
Random791
Raw:0.1433807135777398,1.6658759498061646e-05,0.35268676015622663,0.13323296878920476,0.018046140650205687,1.8883411324454937e-05,0.34162357706381763,1.8272589392338116e-08,0.010994278100962915,1.2184306606618267e-09
EFT:0.1433807135777398,1.665875949806157e-05,0.35268676015622635,0.13323296878920476,0.018046140650205638,1.8883411324454886e-05,0.34162357706381796,1.8272589392338037e-08,0.010994278100962896,1.2184306606618216e-09
Random792
Raw:0.14338071357773974,1.6658759498061538e-05,0.3526867601562262,0.13323296878920482,0.018046140650205607,1.8883411324454845e-05,0.34162357706381813,1.8272589392337964e-08,0.010994278100962882,1.2184306606618123e-09
EFT:0.1433807135777398,1.665875949806157e-05,0.35268676015622635,0.13323296878920476,0.018046140650205638,1.8883411324454886e-05,0.34162357706381796,1.8272589392338037e-08,0.010994278100962896,1.2184306606618216e-09
Random793
Raw:0.1433807135777398,1.665875949806145e-05,0.3526867601562263,0.13323296878920474,0.01804614065020559,1.8883411324454882e-05,0.34162357706381824,1.827258939233797e-08,0.010994278100962875,1.2184306606618127e-09
EFT:0.1433807135777398,1.665875949806157e-05,0.35268676015622635,0.13323296878920476,0.018046140650205638,1.8883411324454886e-05,0.34162357706381796,1.8272589392338037e-08,0.010994278100962901,1.2184306606618216e-09
Random794
Raw:0.14338071357773963,1.6658759498061507e-05,0.35268676015622624,0.13323296878920485,0.018046140650205603,1.888341132445485e-05,0.3416235770638182,1.827258939233803e-08,0.010994278100962884,1.2184306606618125e-09
EFT:0.1433807135777398,1.665875949806157e-05,0.35268676015622635,0.13323296878920476,0.018046140650205638,1.8883411324454886e-05,0.34162357706381796,1.8272589392338037e-08,0.010994278100962896,1.2184306606618216e-09
Random795
Raw:0.1433807135777399,1.6658759498061494e-05,0.35268676015622596,0.13323296878920485,0.018046140650205572,1.8883411324454798e-05,0.3416235770638182,1.8272589392337888e-08,0.010994278100962864,1.2184306606618027e-09
EFT:0.1433807135777398,1.665875949806157e-05,0.35268676015622635,0.13323296878920476,0.018046140650205638,1.8883411324454886e-05,0.34162357706381796,1.8272589392338037e-08,0.010994278100962896,1.2184306606618216e-09
Random796
Raw:0.1433807135777397,1.6658759498061622e-05,0.35268676015622613,0.1332329687892049,0.018046140650205652,1.888341132445491e-05,0.3416235770638181,1.8272589392338027e-08,0.01099427810096288,1.2184306606618207e-09
EFT:0.1433807135777398,1.665875949806157e-05,0.35268676015622635,0.13323296878920476,0.018046140650205638,1.8883411324454886e-05,0.34162357706381796,1.8272589392338037e-08,0.010994278100962901,1.2184306606618216e-09
Random797
Raw:0.14338071357773988,1.6658759498061504e-05,0.3526867601562262,0.13323296878920493,0.01804614065020562,1.888341132445481e-05,0.34162357706381785,1.8272589392337832e-08,0.010994278100962871,1.2184306606618036e-09
EFT:0.1433807135777398,1.665875949806157e-05,0.35268676015622635,0.13323296878920476,0.018046140650205638,1.8883411324454886e-05,0.34162357706381796,1.8272589392338037e-08,0.010994278100962896,1.2184306606618216e-09
Random798
Raw:0.1433807135777398,1.6658759498061687e-05,0.3526867601562263,0.13323296878920451,0.01804614065020566,1.8883411324454984e-05,0.34162357706381824,1.8272589392338232e-08,0.010994278100962915,1.2184306606618344e-09
EFT:0.1433807135777398,1.665875949806157e-05,0.35268676015622635,0.13323296878920476,0.018046140650205638,1.8883411324454886e-05,0.34162357706381796,1.8272589392338037e-08,0.010994278100962901,1.2184306606618216e-09
Random799
Raw:0.14338071357773968,1.665875949806162e-05,0.3526867601562261,0.13323296878920501,0.018046140650205683,1.888341132445484e-05,0.341623577063818,1.8272589392337957e-08,0.010994278100962897,1.2184306606618162e-09
EFT:0.1433807135777398,1.665875949806157e-05,0.35268676015622635,0.13323296878920476,0.018046140650205638,1.8883411324454886e-05,0.34162357706381796,1.8272589392338037e-08,0.010994278100962901,1.2184306606618216e-09
Random800
Raw:0.14338071357774,1.6658759498061582e-05,0.35268676015622585,0.1332329687892053,0.018046140650205628,1.8883411324454893e-05,0.3416235770638178,1.8272589392337947e-08,0.01099427810096288,1.2184306606618154e-09
EFT:0.1433807135777398,1.665875949806157e-05,0.35268676015622635,0.13323296878920476,0.018046140650205638,1.8883411324454886e-05,0.34162357706381796,1.8272589392338037e-08,0.010994278100962901,1.2184306606618216e-09
Random801
Raw:0.14338071357773982,1.6658759498061605e-05,0.3526867601562264,0.1332329687892049,0.018046140650205666,1.8883411324454923e-05,0.34162357706381774,1.8272589392338106e-08,0.010994278100962889,1.2184306606618218e-09
EFT:0.1433807135777398,1.665875949806157e-05,0.35268676015622635,0.13323296878920476,0.018046140650205638,1.8883411324454886e-05,0.34162357706381796,1.8272589392338037e-08,0.010994278100962901,1.2184306606618216e-09
Random802
Raw:0.14338071357773977,1.6658759498061568e-05,0.35268676015622624,0.1332329687892046,0.018046140650205617,1.8883411324454913e-05,0.3416235770638182,1.8272589392338163e-08,0.010994278100962892,1.2184306606618212e-09
EFT:0.1433807135777398,1.665875949806157e-05,0.35268676015622635,0.13323296878920476,0.018046140650205638,1.8883411324454886e-05,0.34162357706381796,1.8272589392338037e-08,0.010994278100962896,1.2184306606618216e-09
Random803
Raw:0.14338071357773974,1.6658759498061666e-05,0.35268676015622585,0.13323296878920482,0.018046140650205645,1.888341132445496e-05,0.3416235770638184,1.827258939233821e-08,0.01099427810096289,1.2184306606618284e-09
EFT:0.1433807135777398,1.665875949806157e-05,0.35268676015622635,0.13323296878920476,0.018046140650205638,1.8883411324454886e-05,0.34162357706381796,1.8272589392338037e-08,0.010994278100962896,1.2184306606618216e-09
Random804
Raw:0.1433807135777397,1.665875949806165e-05,0.35268676015622613,0.13323296878920526,0.018046140650205687,1.8883411324454876e-05,0.3416235770638178,1.8272589392338027e-08,0.010994278100962889,1.2184306606618207e-09
EFT:0.1433807135777398,1.665875949806157e-05,0.35268676015622635,0.13323296878920476,0.018046140650205638,1.8883411324454886e-05,0.34162357706381796,1.8272589392338037e-08,0.010994278100962901,1.2184306606618216e-09
Random805
Raw:0.1433807135777399,1.66587594980616e-05,0.35268676015622624,0.13323296878920485,0.01804614065020565,1.888341132445485e-05,0.34162357706381785,1.827258939233803e-08,0.010994278100962892,1.2184306606618212e-09
EFT:0.1433807135777398,1.665875949806157e-05,0.35268676015622635,0.13323296878920476,0.018046140650205638,1.8883411324454886e-05,0.34162357706381796,1.8272589392338037e-08,0.010994278100962896,1.2184306606618216e-09
Random806
Raw:0.14338071357773977,1.6658759498061568e-05,0.35268676015622624,0.1332329687892047,0.01804614065020565,1.888341132445485e-05,0.3416235770638182,1.827258939233803e-08,0.010994278100962903,1.2184306606618168e-09
EFT:0.1433807135777398,1.665875949806157e-05,0.35268676015622635,0.13323296878920476,0.018046140650205638,1.8883411324454886e-05,0.34162357706381796,1.8272589392338037e-08,0.010994278100962896,1.2184306606618216e-09
Random807
Raw:0.14338071357773982,1.66587594980615e-05,0.3526867601562261,0.13323296878920476,0.018046140650205586,1.8883411324454906e-05,0.3416235770638183,1.8272589392337957e-08,0.010994278100962868,1.2184306606618118e-09
EFT:0.1433807135777398,1.665875949806157e-05,0.35268676015622635,0.13323296878920476,0.018046140650205638,1.8883411324454886e-05,0.34162357706381796,1.8272589392338037e-08,0.010994278100962896,1.2184306606618216e-09
Random808
Raw:0.14338071357773974,1.6658759498061477e-05,0.3526867601562262,0.13323296878920518,0.018046140650205607,1.888341132445481e-05,0.34162357706381785,1.8272589392337832e-08,0.010994278100962852,1.2184306606617992e-09
EFT:0.1433807135777398,1.665875949806157e-05,0.35268676015622635,0.13323296878920476,0.018046140650205638,1.8883411324454886e-05,0.34162357706381796,1.8272589392338037e-08,0.010994278100962896,1.2184306606618216e-09
Random809
Raw:0.14338071357773977,1.6658759498061612e-05,0.3526867601562259,0.13323296878920496,0.018046140650205614,1.888341132445493e-05,0.34162357706381813,1.827258939233808e-08,0.010994278100962873,1.21843066066182e-09
EFT:0.1433807135777398,1.665875949806157e-05,0.35268676015622635,0.13323296878920476,0.018046140650205638,1.8883411324454886e-05,0.34162357706381796,1.8272589392338037e-08,0.010994278100962896,1.2184306606618216e-09
Random810
Raw:0.14338071357773982,1.665875949806153e-05,0.3526867601562261,0.1332329687892049,0.018046140650205635,1.888341132445484e-05,0.341623577063818,1.8272589392337957e-08,0.010994278100962878,1.2184306606618118e-09
EFT:0.1433807135777398,1.665875949806157e-05,0.35268676015622635,0.13323296878920476,0.018046140650205638,1.8883411324454886e-05,0.34162357706381796,1.8272589392338037e-08,0.010994278100962896,1.2184306606618216e-09
Random811
Raw:0.14338071357773982,1.665875949806162e-05,0.3526867601562261,0.13323296878920432,0.018046140650205617,1.8883411324454974e-05,0.34162357706381863,1.827258939233828e-08,0.010994278100962908,1.2184306606618292e-09
EFT:0.1433807135777398,1.665875949806157e-05,0.35268676015622635,0.13323296878920476,0.018046140650205638,1.8883411324454886e-05,0.34162357706381796,1.8272589392338037e-08,0.010994278100962896,1.2184306606618216e-09
Random812
Raw:0.14338071357773996,1.6658759498061592e-05,0.35268676015622613,0.13323296878920443,0.018046140650205586,1.8883411324454974e-05,0.34162357706381835,1.8272589392338222e-08,0.010994278100962889,1.218430660661825e-09
EFT:0.1433807135777398,1.665875949806157e-05,0.35268676015622635,0.13323296878920476,0.018046140650205638,1.8883411324454886e-05,0.34162357706381796,1.8272589392338037e-08,0.010994278100962896,1.2184306606618216e-09
Random813
Raw:0.1433807135777398,1.6658759498061646e-05,0.352686760156226,0.13323296878920476,0.01804614065020568,1.8883411324454903e-05,0.34162357706381824,1.8272589392338086e-08,0.010994278100962906,1.2184306606618203e-09
EFT:0.1433807135777398,1.665875949806157e-05,0.35268676015622635,0.13323296878920476,0.018046140650205638,1.8883411324454886e-05,0.34162357706381796,1.8272589392338037e-08,0.010994278100962896,1.2184306606618216e-09
Random814
Raw:0.14338071357773963,1.665875949806164e-05,0.3526867601562265,0.1332329687892046,0.018046140650205687,1.888341132445493e-05,0.34162357706381813,1.8272589392338113e-08,0.010994278100962901,1.2184306606618263e-09
EFT:0.1433807135777398,1.665875949806157e-05,0.35268676015622635,0.13323296878920476,0.018046140650205638,1.8883411324454886e-05,0.34162357706381796,1.8272589392338037e-08,0.010994278100962896,1.2184306606618216e-09
Random815
Raw:0.14338071357773965,1.665875949806163e-05,0.3526867601562263,0.13323296878920474,0.018046140650205676,1.8883411324454852e-05,0.34162357706381824,1.82725893923381e-08,0.010994278100962904,1.2184306606618214e-09
EFT:0.1433807135777398,1.665875949806157e-05,0.35268676015622635,0.13323296878920476,0.018046140650205638,1.8883411324454886e-05,0.34162357706381796,1.8272589392338037e-08,0.010994278100962896,1.2184306606618216e-09
Random816
Raw:0.14338071357773968,1.665875949806169e-05,0.3526867601562257,0.13323296878920488,0.018046140650205652,1.888341132445495e-05,0.3416235770638186,1.8272589392338262e-08,0.010994278100962915,1.2184306606618278e-09
EFT:0.1433807135777398,1.665875949806157e-05,0.35268676015622635,0.13323296878920476,0.018046140650205638,1.8883411324454886e-05,0.34162357706381796,1.8272589392338037e-08,0.010994278100962896,1.2184306606618216e-09
Random817
Raw:0.1433807135777397,1.665875949806164e-05,0.35268676015622646,0.13323296878920493,0.018046140650205694,1.8883411324454926e-05,0.3416235770638178,1.8272589392338043e-08,0.0109942781009629,1.2184306606618261e-09
EFT:0.1433807135777398,1.665875949806157e-05,0.35268676015622635,0.13323296878920476,0.018046140650205638,1.8883411324454886e-05,0.34162357706381796,1.8272589392338037e-08,0.010994278100962896,1.2184306606618216e-09
Random818
Raw:0.14338071357773985,1.665875949806164e-05,0.35268676015622646,0.1332329687892048,0.01804614065020566,1.8883411324454893e-05,0.3416235770638178,1.8272589392337977e-08,0.01099427810096291,1.218430660661822e-09
EFT:0.1433807135777398,1.665875949806157e-05,0.35268676015622635,0.13323296878920476,0.018046140650205638,1.8883411324454886e-05,0.34162357706381796,1.8272589392338037e-08,0.010994278100962896,1.2184306606618216e-09
Random819
Raw:0.14338071357774,1.6658759498061653e-05,0.3526867601562256,0.13323296878920493,0.018046140650205596,1.888341132445501e-05,0.34162357706381846,1.8272589392338255e-08,0.010994278100962892,1.2184306606618274e-09
EFT:0.1433807135777398,1.665875949806157e-05,0.35268676015622635,0.13323296878920476,0.018046140650205638,1.8883411324454886e-05,0.34162357706381796,1.8272589392338037e-08,0.010994278100962896,1.2184306606618216e-09
Random820
Raw:0.1433807135777398,1.665875949806169e-05,0.35268676015622635,0.133232968789205,0.018046140650205697,1.8883411324454852e-05,0.3416235770638177,1.8272589392338103e-08,0.010994278100962917,1.2184306606618257e-09
EFT:0.1433807135777398,1.665875949806157e-05,0.35268676015622635,0.13323296878920476,0.018046140650205638,1.8883411324454886e-05,0.34162357706381796,1.8272589392338037e-08,0.010994278100962896,1.2184306606618216e-09
Random821
Raw:0.14338071357773988,1.665875949806164e-05,0.3526867601562259,0.13323296878920496,0.018046140650205638,1.8883411324454896e-05,0.34162357706381813,1.827258939233808e-08,0.010994278100962903,1.21843066066182e-09
EFT:0.1433807135777398,1.665875949806157e-05,0.35268676015622635,0.13323296878920476,0.018046140650205638,1.8883411324454886e-05,0.34162357706381796,1.8272589392338037e-08,0.010994278100962896,1.2184306606618216e-09
Random822
Raw:0.14338071357773977,1.6658759498061626e-05,0.35268676015622624,0.13323296878920496,0.018046140650205673,1.8883411324454947e-05,0.34162357706381785,1.8272589392338163e-08,0.010994278100962892,1.2184306606618253e-09
EFT:0.1433807135777398,1.665875949806157e-05,0.35268676015622635,0.13323296878920476,0.018046140650205638,1.8883411324454886e-05,0.34162357706381796,1.8272589392338037e-08,0.010994278100962896,1.2184306606618216e-09
Random823
Raw:0.14338071357773974,1.6658759498061538e-05,0.3526867601562262,0.13323296878920482,0.01804614065020562,1.888341132445481e-05,0.34162357706381813,1.8272589392337964e-08,0.010994278100962882,1.2184306606618123e-09
EFT:0.1433807135777398,1.665875949806157e-05,0.35268676015622635,0.13323296878920476,0.018046140650205638,1.8883411324454886e-05,0.34162357706381796,1.8272589392338037e-08,0.010994278100962901,1.2184306606618216e-09
Random824
Raw:0.1433807135777398,1.665875949806157e-05,0.35268676015622635,0.13323296878920465,0.018046140650205624,1.8883411324454886e-05,0.34162357706381796,1.8272589392338037e-08,0.010994278100962896,1.2184306606618216e-09
EFT:0.1433807135777398,1.665875949806157e-05,0.35268676015622635,0.13323296878920476,0.018046140650205638,1.8883411324454886e-05,0.34162357706381796,1.8272589392338037e-08,0.010994278100962896,1.2184306606618216e-09
Random825
Raw:0.14338071357773974,1.6658759498061538e-05,0.3526867601562262,0.13323296878920518,0.018046140650205645,1.888341132445481e-05,0.34162357706381785,1.8272589392337898e-08,0.010994278100962871,1.218430660661808e-09
EFT:0.1433807135777398,1.665875949806157e-05,0.35268676015622635,0.13323296878920476,0.018046140650205638,1.8883411324454886e-05,0.34162357706381796,1.8272589392338037e-08,0.010994278100962896,1.2184306606618216e-09
Random826
Raw:0.14338071357773985,1.6658759498061666e-05,0.35268676015622585,0.13323296878920504,0.01804614065020567,1.8883411324454926e-05,0.3416235770638181,1.8272589392338143e-08,0.01099427810096289,1.218430660661824e-09
EFT:0.1433807135777398,1.665875949806157e-05,0.35268676015622635,0.13323296878920476,0.018046140650205638,1.8883411324454886e-05,0.34162357706381796,1.8272589392338037e-08,0.010994278100962896,1.2184306606618216e-09
Random827
Raw:0.14338071357773968,1.6658759498061558e-05,0.352686760156226,0.13323296878920488,0.01804614065020562,1.8883411324454903e-05,0.34162357706381824,1.8272589392338086e-08,0.010994278100962877,1.218430660661816e-09
EFT:0.1433807135777398,1.665875949806157e-05,0.35268676015622635,0.13323296878920476,0.018046140650205638,1.8883411324454886e-05,0.34162357706381796,1.8272589392338037e-08,0.010994278100962896,1.2184306606618216e-09
Random828
Raw:0.14338071357773982,1.6658759498061592e-05,0.3526867601562261,0.13323296878920465,0.0180461406502056,1.888341132445494e-05,0.3416235770638183,1.827258939233809e-08,0.010994278100962887,1.2184306606618205e-09
EFT:0.1433807135777398,1.665875949806157e-05,0.35268676015622635,0.13323296878920476,0.018046140650205638,1.8883411324454886e-05,0.34162357706381796,1.8272589392338037e-08,0.010994278100962896,1.2184306606618216e-09
Random829
Raw:0.1433807135777398,1.6658759498061494e-05,0.35268676015622596,0.13323296878920485,0.018046140650205603,1.8883411324454767e-05,0.3416235770638182,1.8272589392337888e-08,0.010994278100962875,1.218430660661807e-09
EFT:0.1433807135777398,1.665875949806157e-05,0.35268676015622635,0.13323296878920476,0.018046140650205638,1.8883411324454886e-05,0.34162357706381796,1.8272589392338037e-08,0.010994278100962896,1.2184306606618216e-09
Random830
Raw:0.14338071357773985,1.665875949806158e-05,0.35268676015622646,0.13323296878920457,0.018046140650205596,1.8883411324454926e-05,0.3416235770638181,1.827258939233811e-08,0.0109942781009629,1.218430660661822e-09
EFT:0.1433807135777398,1.665875949806157e-05,0.35268676015622635,0.13323296878920476,0.018046140650205638,1.8883411324454886e-05,0.34162357706381796,1.8272589392338037e-08,0.010994278100962901,1.2184306606618216e-09
Random831
Raw:0.14338071357773963,1.6658759498061568e-05,0.35268676015622624,0.1332329687892045,0.01804614065020561,1.8883411324454913e-05,0.34162357706381846,1.8272589392338163e-08,0.010994278100962903,1.2184306606618253e-09
EFT:0.1433807135777398,1.665875949806157e-05,0.35268676015622635,0.13323296878920476,0.018046140650205638,1.8883411324454886e-05,0.34162357706381796,1.8272589392338037e-08,0.010994278100962896,1.2184306606618216e-09
Random832
Raw:0.14338071357773974,1.6658759498061504e-05,0.3526867601562262,0.13323296878920504,0.018046140650205652,1.8883411324454777e-05,0.34162357706381785,1.8272589392337832e-08,0.010994278100962871,1.2184306606618036e-09
EFT:0.1433807135777398,1.665875949806157e-05,0.35268676015622635,0.13323296878920476,0.018046140650205638,1.8883411324454886e-05,0.34162357706381796,1.8272589392338037e-08,0.010994278100962896,1.2184306606618216e-09
Random833
Raw:0.14338071357774013,1.6658759498061626e-05,0.35268676015622624,0.1332329687892047,0.01804614065020565,1.8883411324454913e-05,0.34162357706381785,1.8272589392337967e-08,0.010994278100962892,1.2184306606618212e-09
EFT:0.1433807135777398,1.665875949806157e-05,0.35268676015622635,0.13323296878920476,0.018046140650205638,1.8883411324454886e-05,0.34162357706381796,1.8272589392338037e-08,0.010994278100962901,1.2184306606618216e-09
Random834
Raw:0.14338071357773982,1.6658759498061548e-05,0.3526867601562264,0.13323296878920454,0.018046140650205635,1.8883411324454923e-05,0.341623577063818,1.827258939233804e-08,0.010994278100962897,1.2184306606618174e-09
EFT:0.1433807135777398,1.665875949806157e-05,0.35268676015622635,0.13323296878920476,0.018046140650205638,1.8883411324454886e-05,0.34162357706381796,1.8272589392338037e-08,0.010994278100962896,1.2184306606618216e-09
Random835
Raw:0.1433807135777396,1.6658759498061477e-05,0.3526867601562262,0.13323296878920457,0.018046140650205607,1.8883411324454777e-05,0.3416235770638184,1.8272589392337898e-08,0.010994278100962882,1.218430660661808e-09
EFT:0.1433807135777398,1.665875949806157e-05,0.35268676015622635,0.13323296878920476,0.018046140650205638,1.8883411324454886e-05,0.34162357706381796,1.8272589392338037e-08,0.010994278100962896,1.2184306606618216e-09
Random836
Raw:0.14338071357773974,1.6658759498061538e-05,0.3526867601562262,0.13323296878920504,0.018046140650205628,1.8883411324454845e-05,0.34162357706381785,1.8272589392337964e-08,0.010994278100962882,1.2184306606618123e-09
EFT:0.1433807135777398,1.665875949806157e-05,0.35268676015622635,0.13323296878920476,0.018046140650205638,1.8883411324454886e-05,0.34162357706381796,1.8272589392338037e-08,0.010994278100962896,1.2184306606618216e-09
Random837
Raw:0.1433807135777398,1.6658759498061497e-05,0.352686760156226,0.13323296878920476,0.0180461406502056,1.8883411324454835e-05,0.34162357706381824,1.8272589392337954e-08,0.010994278100962866,1.2184306606618073e-09
EFT:0.1433807135777398,1.665875949806157e-05,0.35268676015622635,0.13323296878920476,0.018046140650205638,1.8883411324454886e-05,0.34162357706381796,1.8272589392338037e-08,0.010994278100962901,1.2184306606618216e-09
Random838
Raw:0.14338071357773968,1.665875949806162e-05,0.3526867601562261,0.13323296878920476,0.018046140650205624,1.8883411324454906e-05,0.3416235770638183,1.827258939233809e-08,0.010994278100962887,1.2184306606618205e-09
EFT:0.1433807135777398,1.665875949806157e-05,0.35268676015622635,0.13323296878920476,0.018046140650205638,1.8883411324454886e-05,0.34162357706381796,1.8272589392338037e-08,0.010994278100962896,1.2184306606618216e-09
Random839
Raw:0.14338071357773968,1.6658759498061487e-05,0.3526867601562264,0.13323296878920501,0.018046140650205624,1.8883411324454754e-05,0.34162357706381774,1.8272589392337782e-08,0.010994278100962878,1.2184306606618044e-09
EFT:0.1433807135777398,1.665875949806157e-05,0.35268676015622635,0.13323296878920476,0.018046140650205638,1.8883411324454886e-05,0.34162357706381796,1.8272589392338037e-08,0.010994278100962901,1.2184306606618216e-09
Random840
Raw:0.14338071357773968,1.6658759498061605e-05,0.3526867601562264,0.1332329687892048,0.018046140650205652,1.8883411324454923e-05,0.341623577063818,1.8272589392338106e-08,0.010994278100962897,1.2184306606618218e-09
EFT:0.1433807135777398,1.665875949806157e-05,0.35268676015622635,0.13323296878920476,0.018046140650205638,1.8883411324454886e-05,0.34162357706381796,1.8272589392338037e-08,0.010994278100962896,1.2184306606618216e-09
Random841
Raw:0.14338071357773954,1.6658759498061592e-05,0.3526867601562261,0.1332329687892049,0.01804614065020566,1.8883411324454805e-05,0.3416235770638183,1.8272589392338024e-08,0.010994278100962917,1.2184306606618118e-09
EFT:0.1433807135777398,1.665875949806157e-05,0.35268676015622635,0.13323296878920476,0.018046140650205638,1.8883411324454886e-05,0.34162357706381796,1.8272589392338037e-08,0.010994278100962896,1.2184306606618216e-09
Random842
Raw:0.14338071357773982,1.665875949806147e-05,0.3526867601562261,0.13323296878920476,0.018046140650205586,1.888341132445484e-05,0.3416235770638183,1.8272589392337957e-08,0.01099427810096286,1.2184306606618032e-09
EFT:0.1433807135777398,1.665875949806157e-05,0.35268676015622635,0.13323296878920476,0.018046140650205638,1.8883411324454886e-05,0.34162357706381796,1.8272589392338037e-08,0.010994278100962896,1.2184306606618216e-09
Random843
Raw:0.14338071357773977,1.6658759498061436e-05,0.3526867601562266,0.13323296878920463,0.01804614065020562,1.888341132445473e-05,0.3416235770638179,1.827258939233779e-08,0.010994278100962875,1.2184306606618005e-09
EFT:0.1433807135777398,1.665875949806157e-05,0.35268676015622635,0.13323296878920476,0.018046140650205638,1.8883411324454886e-05,0.34162357706381796,1.8272589392338037e-08,0.010994278100962896,1.2184306606618216e-09
Random844
Raw:0.14338071357773977,1.6658759498061494e-05,0.3526867601562266,0.13323296878920438,0.01804614065020565,1.888341132445483e-05,0.3416235770638182,1.8272589392337984e-08,0.010994278100962894,1.2184306606618135e-09
EFT:0.1433807135777398,1.665875949806157e-05,0.35268676015622635,0.13323296878920476,0.018046140650205638,1.8883411324454886e-05,0.34162357706381796,1.8272589392338037e-08,0.010994278100962901,1.2184306606618216e-09
Random845
Raw:0.14338071357773988,1.6658759498061653e-05,0.3526867601562262,0.13323296878920493,0.018046140650205662,1.8883411324454913e-05,0.34162357706381785,1.827258939233803e-08,0.010994278100962901,1.218430660661821e-09
EFT:0.1433807135777398,1.665875949806157e-05,0.35268676015622635,0.13323296878920476,0.018046140650205638,1.8883411324454886e-05,0.34162357706381796,1.8272589392338037e-08,0.010994278100962896,1.2184306606618216e-09
Random846
Raw:0.1433807135777396,1.665875949806161e-05,0.35268676015622585,0.13323296878920493,0.018046140650205628,1.8883411324454893e-05,0.3416235770638184,1.8272589392338077e-08,0.010994278100962901,1.2184306606618197e-09
EFT:0.1433807135777398,1.665875949806157e-05,0.35268676015622635,0.13323296878920476,0.018046140650205638,1.8883411324454886e-05,0.34162357706381796,1.8272589392338037e-08,0.010994278100962896,1.2184306606618216e-09
Random847
Raw:0.14338071357773977,1.665875949806164e-05,0.3526867601562259,0.13323296878920496,0.018046140650205655,1.8883411324454896e-05,0.34162357706381813,1.827258939233808e-08,0.010994278100962892,1.21843066066182e-09
EFT:0.1433807135777398,1.665875949806157e-05,0.35268676015622635,0.13323296878920476,0.018046140650205638,1.8883411324454886e-05,0.34162357706381796,1.8272589392338037e-08,0.010994278100962896,1.2184306606618216e-09
Random848
Raw:0.14338071357773965,1.6658759498061524e-05,0.35268676015622596,0.13323296878920474,0.018046140650205596,1.8883411324454798e-05,0.3416235770638185,1.827258939233795e-08,0.010994278100962894,1.2184306606618114e-09
EFT:0.1433807135777398,1.665875949806157e-05,0.35268676015622635,0.13323296878920476,0.018046140650205638,1.8883411324454886e-05,0.34162357706381796,1.8272589392338037e-08,0.010994278100962896,1.2184306606618216e-09
Random849
Raw:0.14338071357773965,1.665875949806145e-05,0.3526867601562263,0.13323296878920474,0.018046140650205607,1.8883411324454818e-05,0.34162357706381824,1.8272589392337904e-08,0.010994278100962885,1.218430660661804e-09
EFT:0.1433807135777398,1.665875949806157e-05,0.35268676015622635,0.13323296878920476,0.018046140650205638,1.8883411324454886e-05,0.34162357706381796,1.8272589392338037e-08,0.010994278100962896,1.2184306606618216e-09
Random850
Raw:0.1433807135777398,1.665875949806148e-05,0.3526867601562263,0.1332329687892051,0.01804614065020562,1.8883411324454852e-05,0.34162357706381763,1.8272589392337838e-08,0.010994278100962856,1.218430660661804e-09
EFT:0.1433807135777398,1.665875949806157e-05,0.35268676015622635,0.13323296878920476,0.018046140650205638,1.8883411324454886e-05,0.34162357706381796,1.8272589392338037e-08,0.010994278100962896,1.2184306606618216e-09
Random851
Raw:0.1433807135777397,1.6658759498061504e-05,0.35268676015622613,0.1332329687892049,0.018046140650205635,1.8883411324454774e-05,0.3416235770638181,1.8272589392337895e-08,0.01099427810096287,1.2184306606618077e-09
EFT:0.1433807135777398,1.665875949806157e-05,0.35268676015622635,0.13323296878920476,0.018046140650205638,1.8883411324454886e-05,0.34162357706381796,1.8272589392338037e-08,0.010994278100962901,1.2184306606618216e-09
Random852
Raw:0.1433807135777398,1.6658759498061555e-05,0.35268676015622596,0.13323296878920485,0.018046140650205628,1.8883411324454865e-05,0.3416235770638182,1.8272589392338017e-08,0.010994278100962894,1.2184306606618158e-09
EFT:0.1433807135777398,1.665875949806157e-05,0.35268676015622635,0.13323296878920476,0.018046140650205638,1.8883411324454886e-05,0.34162357706381796,1.8272589392338037e-08,0.010994278100962901,1.2184306606618216e-09
Random853
Raw:0.14338071357773974,1.6658759498061697e-05,0.3526867601562265,0.1332329687892047,0.01804614065020568,1.8883411324454998e-05,0.34162357706381785,1.8272589392338242e-08,0.010994278100962911,1.2184306606618307e-09
EFT:0.1433807135777398,1.665875949806157e-05,0.35268676015622635,0.13323296878920476,0.018046140650205638,1.8883411324454886e-05,0.34162357706381796,1.8272589392338037e-08,0.010994278100962896,1.2184306606618216e-09
Random854
Raw:0.14338071357773982,1.665875949806165e-05,0.3526867601562261,0.13323296878920454,0.01804614065020565,1.8883411324454906e-05,0.3416235770638183,1.8272589392338153e-08,0.010994278100962897,1.2184306606618249e-09
EFT:0.1433807135777398,1.665875949806157e-05,0.35268676015622635,0.13323296878920476,0.018046140650205638,1.8883411324454886e-05,0.34162357706381796,1.8272589392338037e-08,0.010994278100962901,1.2184306606618216e-09
Random855
Raw:0.1433807135777396,1.665875949806137e-05,0.35268676015622646,0.1332329687892041,0.018046140650205565,1.8883411324454825e-05,0.3416235770638187,1.8272589392337977e-08,0.01099427810096289,1.2184306606618046e-09
EFT:0.1433807135777398,1.665875949806157e-05,0.35268676015622635,0.13323296878920476,0.018046140650205638,1.8883411324454886e-05,0.34162357706381796,1.8272589392338037e-08,0.010994278100962896,1.2184306606618216e-09
Random856
Raw:0.1433807135777399,1.6658759498061494e-05,0.35268676015622596,0.13323296878920485,0.01804614065020559,1.888341132445483e-05,0.3416235770638182,1.827258939233795e-08,0.010994278100962864,1.2184306606618027e-09
EFT:0.1433807135777398,1.665875949806157e-05,0.35268676015622635,0.13323296878920476,0.018046140650205638,1.8883411324454886e-05,0.34162357706381796,1.8272589392338037e-08,0.010994278100962896,1.2184306606618216e-09
Random857
Raw:0.14338071357773982,1.66587594980615e-05,0.3526867601562261,0.13323296878920443,0.01804614065020557,1.8883411324454974e-05,0.34162357706381863,1.8272589392338153e-08,0.010994278100962878,1.2184306606618205e-09
EFT:0.1433807135777398,1.665875949806157e-05,0.35268676015622635,0.13323296878920476,0.018046140650205638,1.8883411324454886e-05,0.34162357706381796,1.8272589392338037e-08,0.010994278100962896,1.2184306606618216e-09
Random858
Raw:0.14338071357773965,1.665875949806157e-05,0.35268676015622635,0.13323296878920546,0.018046140650205687,1.8883411324454788e-05,0.34162357706381735,1.827258939233778e-08,0.010994278100962896,1.2184306606618085e-09
EFT:0.1433807135777398,1.665875949806157e-05,0.35268676015622635,0.13323296878920476,0.018046140650205638,1.8883411324454886e-05,0.34162357706381796,1.8272589392338037e-08,0.010994278100962901,1.2184306606618216e-09
Random859
Raw:0.1433807135777399,1.6658759498061626e-05,0.35268676015622624,0.13323296878920485,0.01804614065020563,1.8883411324454947e-05,0.34162357706381785,1.8272589392338096e-08,0.010994278100962903,1.2184306606618212e-09
EFT:0.1433807135777398,1.665875949806157e-05,0.35268676015622635,0.13323296878920476,0.018046140650205638,1.8883411324454886e-05,0.34162357706381796,1.8272589392338037e-08,0.010994278100962901,1.2184306606618216e-09
Random860
Raw:0.14338071357773982,1.6658759498061426e-05,0.3526867601562264,0.13323296878920501,0.01804614065020561,1.888341132445479e-05,0.34162357706381774,1.8272589392337782e-08,0.01099427810096287,1.2184306606618e-09
EFT:0.1433807135777398,1.665875949806157e-05,0.35268676015622635,0.13323296878920476,0.018046140650205638,1.8883411324454886e-05,0.34162357706381796,1.8272589392338037e-08,0.010994278100962896,1.2184306606618216e-09
Random861
Raw:0.14338071357773988,1.66587594980617e-05,0.3526867601562259,0.13323296878920543,0.018046140650205714,1.8883411324454828e-05,0.3416235770638176,1.827258939233795e-08,0.010994278100962892,1.21843066066182e-09
EFT:0.1433807135777398,1.665875949806157e-05,0.35268676015622635,0.13323296878920476,0.018046140650205638,1.8883411324454886e-05,0.34162357706381796,1.8272589392338037e-08,0.010994278100962896,1.2184306606618216e-09
Random862
Raw:0.1433807135777398,1.6658759498061528e-05,0.35268676015622663,0.13323296878920415,0.018046140650205638,1.8883411324454835e-05,0.34162357706381824,1.8272589392337987e-08,0.010994278100962904,1.2184306606618137e-09
EFT:0.1433807135777398,1.665875949806157e-05,0.35268676015622635,0.13323296878920476,0.018046140650205638,1.8883411324454886e-05,0.34162357706381796,1.8272589392338037e-08,0.010994278100962901,1.2184306606618216e-09
Random863
Raw:0.14338071357773985,1.665875949806158e-05,0.35268676015622646,0.13323296878920468,0.018046140650205635,1.8883411324454825e-05,0.3416235770638178,1.827258939233791e-08,0.01099427810096288,1.218430660661813e-09
EFT:0.1433807135777398,1.665875949806157e-05,0.35268676015622635,0.13323296878920476,0.018046140650205638,1.8883411324454886e-05,0.34162357706381796,1.8272589392338037e-08,0.010994278100962901,1.2184306606618216e-09
Random864
Raw:0.14338071357773982,1.6658759498061694e-05,0.35268676015622574,0.13323296878920476,0.01804614065020564,1.8883411324454954e-05,0.34162357706381863,1.8272589392338265e-08,0.010994278100962906,1.218430660661828e-09
EFT:0.1433807135777398,1.665875949806157e-05,0.35268676015622635,0.13323296878920476,0.018046140650205638,1.8883411324454886e-05,0.34162357706381796,1.8272589392338037e-08,0.010994278100962896,1.2184306606618216e-09
Random865
Raw:0.1433807135777398,1.665875949806156e-05,0.3526867601562267,0.13323296878920443,0.01804614065020563,1.8883411324454937e-05,0.341623577063818,1.827258939233812e-08,0.010994278100962897,1.2184306606618226e-09
EFT:0.1433807135777398,1.665875949806157e-05,0.35268676015622635,0.13323296878920476,0.018046140650205638,1.8883411324454886e-05,0.34162357706381796,1.8272589392338037e-08,0.010994278100962896,1.2184306606618216e-09
Random866
Raw:0.14338071357773957,1.6658759498061504e-05,0.35268676015622613,0.13323296878920443,0.018046140650205603,1.8883411324454842e-05,0.3416235770638187,1.8272589392338027e-08,0.010994278100962889,1.218430660661812e-09
EFT:0.1433807135777398,1.665875949806157e-05,0.35268676015622635,0.13323296878920476,0.018046140650205638,1.8883411324454886e-05,0.34162357706381796,1.8272589392338037e-08,0.010994278100962896,1.2184306606618216e-09
Random867
Raw:0.14338071357773957,1.6658759498061575e-05,0.3526867601562264,0.13323296878920501,0.0180461406502057,1.888341132445479e-05,0.34162357706381774,1.827258939233791e-08,0.010994278100962889,1.2184306606618174e-09
EFT:0.1433807135777398,1.665875949806157e-05,0.35268676015622635,0.13323296878920476,0.018046140650205638,1.8883411324454886e-05,0.34162357706381796,1.8272589392338037e-08,0.010994278100962896,1.2184306606618216e-09
Random868
Raw:0.14338071357773985,1.6658759498061595e-05,0.3526867601562268,0.1332329687892047,0.018046140650205645,1.8883411324454943e-05,0.3416235770638175,1.827258939233806e-08,0.01099427810096289,1.218430660661823e-09
EFT:0.1433807135777398,1.665875949806157e-05,0.35268676015622635,0.13323296878920476,0.018046140650205638,1.8883411324454886e-05,0.34162357706381796,1.8272589392338037e-08,0.010994278100962901,1.2184306606618216e-09
Random869
Raw:0.14338071357773977,1.6658759498061626e-05,0.35268676015622624,0.1332329687892047,0.018046140650205624,1.8883411324454913e-05,0.3416235770638182,1.8272589392338163e-08,0.010994278100962903,1.2184306606618253e-09
EFT:0.1433807135777398,1.665875949806157e-05,0.35268676015622635,0.13323296878920476,0.018046140650205638,1.8883411324454886e-05,0.34162357706381796,1.8272589392338037e-08,0.010994278100962896,1.2184306606618216e-09
Random870
Raw:0.1433807135777396,1.66587594980614e-05,0.35268676015622646,0.13323296878920468,0.01804614065020559,1.888341132445479e-05,0.3416235770638181,1.827258939233791e-08,0.01099427810096288,1.2184306606618046e-09
EFT:0.1433807135777398,1.665875949806157e-05,0.35268676015622635,0.13323296878920476,0.018046140650205638,1.8883411324454886e-05,0.34162357706381796,1.8272589392338037e-08,0.010994278100962896,1.2184306606618216e-09
Random871
Raw:0.14338071357773963,1.665875949806146e-05,0.3526867601562265,0.1332329687892046,0.0180461406502056,1.8883411324454862e-05,0.34162357706381813,1.827258939233798e-08,0.010994278100962882,1.2184306606618092e-09
EFT:0.1433807135777398,1.665875949806157e-05,0.35268676015622635,0.13323296878920476,0.018046140650205638,1.8883411324454886e-05,0.34162357706381796,1.8272589392338037e-08,0.010994278100962896,1.2184306606618216e-09
Random872
Raw:0.14338071357773982,1.665875949806162e-05,0.3526867601562261,0.1332329687892049,0.01804614065020566,1.8883411324454906e-05,0.341623577063818,1.827258939233809e-08,0.010994278100962897,1.2184306606618249e-09
EFT:0.1433807135777398,1.665875949806157e-05,0.35268676015622635,0.13323296878920476,0.018046140650205638,1.8883411324454886e-05,0.34162357706381796,1.8272589392338037e-08,0.010994278100962896,1.2184306606618216e-09
Random873
Raw:0.14338071357773957,1.6658759498061504e-05,0.35268676015622613,0.1332329687892048,0.018046140650205617,1.8883411324454774e-05,0.34162357706381835,1.827258939233783e-08,0.01099427810096288,1.2184306606618034e-09
EFT:0.1433807135777398,1.665875949806157e-05,0.35268676015622635,0.13323296878920476,0.018046140650205638,1.8883411324454886e-05,0.34162357706381796,1.8272589392338037e-08,0.010994278100962901,1.2184306606618216e-09
Random874
Raw:0.14338071357773977,1.665875949806167e-05,0.3526867601562259,0.1332329687892047,0.01804614065020563,1.888341132445503e-05,0.34162357706381846,1.8272589392338275e-08,0.010994278100962903,1.2184306606618286e-09
EFT:0.1433807135777398,1.665875949806157e-05,0.35268676015622635,0.13323296878920476,0.018046140650205638,1.8883411324454886e-05,0.34162357706381796,1.8272589392338037e-08,0.010994278100962896,1.2184306606618216e-09
Random875
Raw:0.14338071357773954,1.6658759498061467e-05,0.35268676015622663,0.13323296878920415,0.018046140650205607,1.888341132445487e-05,0.3416235770638186,1.8272589392337987e-08,0.010994278100962885,1.2184306606618137e-09
EFT:0.1433807135777398,1.665875949806157e-05,0.35268676015622635,0.13323296878920476,0.018046140650205638,1.8883411324454886e-05,0.34162357706381796,1.8272589392338037e-08,0.010994278100962901,1.2184306606618216e-09
Random876
Raw:0.14338071357774,1.6658759498061524e-05,0.3526867601562259,0.13323296878920482,0.018046140650205586,1.8883411324454896e-05,0.34162357706381813,1.827258939233795e-08,0.010994278100962863,1.2184306606618112e-09
EFT:0.1433807135777398,1.665875949806157e-05,0.35268676015622635,0.13323296878920476,0.018046140650205638,1.8883411324454886e-05,0.34162357706381796,1.8272589392338037e-08,0.010994278100962896,1.2184306606618216e-09
Random877
Raw:0.1433807135777398,1.6658759498061734e-05,0.35268676015622596,0.13323296878920485,0.018046140650205676,1.88834113244551e-05,0.3416235770638182,1.827258939233834e-08,0.010994278100962913,1.2184306606618375e-09
EFT:0.1433807135777398,1.665875949806157e-05,0.35268676015622635,0.13323296878920476,0.018046140650205638,1.8883411324454886e-05,0.34162357706381796,1.8272589392338037e-08,0.010994278100962896,1.2184306606618216e-09
Random878
Raw:0.14338071357773968,1.6658759498061575e-05,0.3526867601562264,0.13323296878920468,0.018046140650205635,1.888341132445489e-05,0.341623577063818,1.8272589392338106e-08,0.010994278100962918,1.2184306606618218e-09
EFT:0.1433807135777398,1.665875949806157e-05,0.35268676015622635,0.13323296878920476,0.018046140650205638,1.8883411324454886e-05,0.34162357706381796,1.8272589392338037e-08,0.010994278100962896,1.2184306606618216e-09
Random879
Raw:0.14338071357773982,1.6658759498061487e-05,0.3526867601562264,0.13323296878920468,0.0180461406502056,1.8883411324454923e-05,0.341623577063818,1.827258939233804e-08,0.010994278100962897,1.2184306606618129e-09
EFT:0.1433807135777398,1.665875949806157e-05,0.35268676015622635,0.13323296878920476,0.018046140650205638,1.8883411324454886e-05,0.34162357706381796,1.8272589392338037e-08,0.010994278100962896,1.2184306606618216e-09
Random880
Raw:0.14338071357773977,1.6658759498061538e-05,0.35268676015622624,0.13323296878920496,0.01804614065020563,1.888341132445485e-05,0.34162357706381785,1.8272589392337967e-08,0.010994278100962873,1.2184306606618125e-09
EFT:0.1433807135777398,1.665875949806157e-05,0.35268676015622635,0.13323296878920476,0.018046140650205638,1.8883411324454886e-05,0.34162357706381796,1.8272589392338037e-08,0.010994278100962896,1.2184306606618216e-09
Random881
Raw:0.1433807135777398,1.6658759498061528e-05,0.352686760156226,0.133232968789205,0.01804614065020563,1.8883411324454835e-05,0.34162357706381796,1.8272589392337954e-08,0.010994278100962877,1.2184306606618116e-09
EFT:0.1433807135777398,1.665875949806157e-05,0.35268676015622635,0.13323296878920476,0.018046140650205638,1.8883411324454886e-05,0.34162357706381796,1.8272589392338037e-08,0.010994278100962896,1.2184306606618216e-09
Random882
Raw:0.14338071357773985,1.6658759498061473e-05,0.35268676015622613,0.1332329687892049,0.018046140650205586,1.8883411324454774e-05,0.3416235770638181,1.827258939233783e-08,0.01099427810096287,1.218430660661799e-09
EFT:0.1433807135777398,1.665875949806157e-05,0.35268676015622635,0.13323296878920476,0.018046140650205638,1.8883411324454886e-05,0.34162357706381796,1.8272589392338037e-08,0.010994278100962896,1.2184306606618216e-09
Random883
Raw:0.14338071357773974,1.6658759498061538e-05,0.3526867601562262,0.13323296878920482,0.018046140650205614,1.8883411324454845e-05,0.34162357706381813,1.8272589392337898e-08,0.010994278100962882,1.2184306606618123e-09
EFT:0.1433807135777398,1.665875949806157e-05,0.35268676015622635,0.13323296878920476,0.018046140650205638,1.8883411324454886e-05,0.34162357706381796,1.8272589392338037e-08,0.010994278100962901,1.2184306606618216e-09
Random884
Raw:0.14338071357773982,1.6658759498061605e-05,0.3526867601562258,0.13323296878920468,0.018046140650205635,1.8883411324454923e-05,0.3416235770638187,1.827258939233814e-08,0.0109942781009629,1.2184306606618238e-09
EFT:0.1433807135777398,1.665875949806157e-05,0.35268676015622635,0.13323296878920476,0.018046140650205638,1.8883411324454886e-05,0.34162357706381796,1.8272589392338037e-08,0.010994278100962896,1.2184306606618216e-09
Random885
Raw:0.14338071357773954,1.6658759498061467e-05,0.35268676015622663,0.13323296878920476,0.01804614065020563,1.8883411324454764e-05,0.34162357706381796,1.8272589392337855e-08,0.010994278100962885,1.218430660661805e-09
EFT:0.1433807135777398,1.665875949806157e-05,0.35268676015622635,0.13323296878920476,0.018046140650205638,1.8883411324454886e-05,0.34162357706381796,1.8272589392338037e-08,0.010994278100962896,1.2184306606618216e-09
Random886
Raw:0.14338071357773985,1.6658759498061504e-05,0.35268676015622613,0.13323296878920432,0.018046140650205572,1.888341132445491e-05,0.3416235770638187,1.8272589392338027e-08,0.01099427810096288,1.218430660661812e-09
EFT:0.1433807135777398,1.665875949806157e-05,0.35268676015622635,0.13323296878920476,0.018046140650205638,1.8883411324454886e-05,0.34162357706381796,1.8272589392338037e-08,0.010994278100962896,1.2184306606618216e-09
Random887
Raw:0.1433807135777397,1.6658759498061622e-05,0.35268676015622613,0.1332329687892049,0.018046140650205652,1.8883411324454943e-05,0.3416235770638181,1.8272589392338156e-08,0.010994278100962889,1.218430660661825e-09
EFT:0.1433807135777398,1.665875949806157e-05,0.35268676015622635,0.13323296878920476,0.018046140650205638,1.8883411324454886e-05,0.34162357706381796,1.8272589392338037e-08,0.010994278100962901,1.2184306606618216e-09
Random888
Raw:0.14338071357773952,1.665875949806151e-05,0.3526867601562263,0.13323296878920451,0.018046140650205614,1.8883411324454882e-05,0.3416235770638185,1.8272589392338033e-08,0.010994278100962904,1.2184306606618127e-09
EFT:0.1433807135777398,1.665875949806157e-05,0.35268676015622635,0.13323296878920476,0.018046140650205638,1.8883411324454886e-05,0.34162357706381796,1.8272589392338037e-08,0.010994278100962901,1.2184306606618216e-09
Random889
Raw:0.1433807135777398,1.665875949806157e-05,0.35268676015622635,0.13323296878920476,0.01804614065020563,1.888341132445492e-05,0.34162357706381796,1.827258939233817e-08,0.010994278100962887,1.2184306606618216e-09
EFT:0.1433807135777398,1.665875949806157e-05,0.35268676015622635,0.13323296878920476,0.018046140650205638,1.8883411324454886e-05,0.34162357706381796,1.8272589392338037e-08,0.010994278100962896,1.2184306606618216e-09
Random890
Raw:0.14338071357773965,1.665875949806157e-05,0.35268676015622635,0.13323296878920513,0.018046140650205662,1.8883411324454788e-05,0.3416235770638177,1.827258939233784e-08,0.010994278100962887,1.2184306606618085e-09
EFT:0.1433807135777398,1.665875949806157e-05,0.35268676015622635,0.13323296878920476,0.018046140650205638,1.8883411324454886e-05,0.34162357706381796,1.8272589392338037e-08,0.010994278100962901,1.2184306606618216e-09
Random891
Raw:0.1433807135777398,1.665875949806151e-05,0.3526867601562263,0.13323296878920485,0.018046140650205614,1.8883411324454784e-05,0.3416235770638179,1.8272589392337838e-08,0.010994278100962875,1.2184306606618083e-09
EFT:0.1433807135777398,1.665875949806157e-05,0.35268676015622635,0.13323296878920476,0.018046140650205638,1.8883411324454886e-05,0.34162357706381796,1.8272589392338037e-08,0.010994278100962901,1.2184306606618216e-09
Random892
Raw:0.14338071357773993,1.6658759498061514e-05,0.35268676015622574,0.13323296878920488,0.0180461406502056,1.888341132445489e-05,0.3416235770638183,1.827258939233794e-08,0.010994278100962868,1.2184306606618106e-09
EFT:0.1433807135777398,1.665875949806157e-05,0.35268676015622635,0.13323296878920476,0.018046140650205638,1.8883411324454886e-05,0.34162357706381796,1.8272589392338037e-08,0.010994278100962896,1.2184306606618216e-09
Random893
Raw:0.14338071357773977,1.6658759498061436e-05,0.3526867601562266,0.13323296878920438,0.01804614065020561,1.8883411324454865e-05,0.3416235770638182,1.8272589392337984e-08,0.010994278100962884,1.2184306606618094e-09
EFT:0.1433807135777398,1.665875949806157e-05,0.35268676015622635,0.13323296878920476,0.018046140650205638,1.8883411324454886e-05,0.34162357706381796,1.8272589392338037e-08,0.010994278100962901,1.2184306606618216e-09
Random894
Raw:0.14338071357773985,1.665875949806174e-05,0.35268676015622613,0.13323296878920504,0.018046140650205714,1.8883411324454974e-05,0.3416235770638178,1.8272589392338156e-08,0.01099427810096291,1.2184306606618338e-09
EFT:0.1433807135777398,1.665875949806157e-05,0.35268676015622635,0.13323296878920476,0.018046140650205638,1.8883411324454886e-05,0.34162357706381796,1.8272589392338037e-08,0.010994278100962901,1.2184306606618216e-09
Random895
Raw:0.14338071357773974,1.6658759498061636e-05,0.35268676015622585,0.13323296878920457,0.018046140650205638,1.8883411324454926e-05,0.34162357706381874,1.827258939233821e-08,0.01099427810096291,1.2184306606618284e-09
EFT:0.1433807135777398,1.665875949806157e-05,0.35268676015622635,0.13323296878920476,0.018046140650205638,1.8883411324454886e-05,0.34162357706381796,1.8272589392338037e-08,0.010994278100962896,1.2184306606618216e-09
Random896
Raw:0.14338071357773968,1.6658759498061514e-05,0.35268676015622574,0.13323296878920454,0.018046140650205607,1.888341132445482e-05,0.3416235770638189,1.827258939233794e-08,0.010994278100962887,1.2184306606618106e-09
EFT:0.1433807135777398,1.665875949806157e-05,0.35268676015622635,0.13323296878920476,0.018046140650205638,1.8883411324454886e-05,0.34162357706381796,1.8272589392338037e-08,0.010994278100962901,1.2184306606618216e-09
Random897
Raw:0.14338071357773985,1.6658759498061473e-05,0.35268676015622613,0.1332329687892049,0.018046140650205596,1.8883411324454808e-05,0.3416235770638181,1.827258939233783e-08,0.01099427810096287,1.2184306606618034e-09
EFT:0.1433807135777398,1.665875949806157e-05,0.35268676015622635,0.13323296878920476,0.018046140650205638,1.8883411324454886e-05,0.34162357706381796,1.8272589392338037e-08,0.010994278100962896,1.2184306606618216e-09
Random898
Raw:0.14338071357773988,1.6658759498061538e-05,0.3526867601562262,0.13323296878920457,0.018046140650205628,1.888341132445488e-05,0.34162357706381813,1.8272589392337964e-08,0.010994278100962882,1.2184306606618166e-09
EFT:0.1433807135777398,1.665875949806157e-05,0.35268676015622635,0.13323296878920476,0.018046140650205638,1.8883411324454886e-05,0.34162357706381796,1.8272589392338037e-08,0.010994278100962901,1.2184306606618216e-09
Random899
Raw:0.14338071357774007,1.665875949806166e-05,0.35268676015622635,0.13323296878920454,0.01804614065020565,1.888341132445502e-05,0.34162357706381796,1.8272589392338232e-08,0.010994278100962906,1.21843066066183e-09
EFT:0.1433807135777398,1.665875949806157e-05,0.35268676015622635,0.13323296878920476,0.018046140650205638,1.8883411324454886e-05,0.34162357706381796,1.8272589392338037e-08,0.010994278100962901,1.2184306606618216e-09
Random900
Raw:0.14338071357774,1.6658759498061565e-05,0.3526867601562268,0.13323296878920446,0.01804614065020563,1.8883411324454943e-05,0.3416235770638178,1.827258939233806e-08,0.01099427810096289,1.218430660661823e-09
EFT:0.1433807135777398,1.665875949806157e-05,0.35268676015622635,0.13323296878920476,0.018046140650205638,1.8883411324454886e-05,0.34162357706381796,1.8272589392338037e-08,0.010994278100962896,1.2184306606618216e-09
Random901
Raw:0.14338071357773965,1.6658759498061494e-05,0.35268676015622596,0.13323296878920474,0.018046140650205596,1.888341132445483e-05,0.3416235770638185,1.827258939233795e-08,0.010994278100962884,1.2184306606618114e-09
EFT:0.1433807135777398,1.665875949806157e-05,0.35268676015622635,0.13323296878920476,0.018046140650205638,1.8883411324454886e-05,0.34162357706381796,1.8272589392338037e-08,0.010994278100962896,1.2184306606618216e-09
Random902
Raw:0.14338071357773982,1.6658759498061677e-05,0.3526867601562261,0.13323296878920454,0.01804614065020566,1.8883411324455004e-05,0.3416235770638183,1.827258939233828e-08,0.010994278100962887,1.2184306606618336e-09
EFT:0.1433807135777398,1.665875949806157e-05,0.35268676015622635,0.13323296878920476,0.018046140650205638,1.8883411324454886e-05,0.34162357706381796,1.8272589392338037e-08,0.010994278100962896,1.2184306606618216e-09
Random903
Raw:0.1433807135777398,1.6658759498061555e-05,0.35268676015622596,0.13323296878920485,0.018046140650205628,1.8883411324454865e-05,0.3416235770638182,1.8272589392338017e-08,0.010994278100962864,1.2184306606618158e-09
EFT:0.1433807135777398,1.665875949806157e-05,0.35268676015622635,0.13323296878920476,0.018046140650205638,1.8883411324454886e-05,0.34162357706381796,1.8272589392338037e-08,0.010994278100962896,1.2184306606618216e-09
Random904
Raw:0.14338071357773963,1.665875949806155e-05,0.3526867601562259,0.13323296878920518,0.01804614065020563,1.8883411324454798e-05,0.34162357706381813,1.827258939233795e-08,0.010994278100962892,1.2184306606618025e-09
EFT:0.1433807135777398,1.665875949806157e-05,0.35268676015622635,0.13323296878920476,0.018046140650205638,1.8883411324454886e-05,0.34162357706381796,1.8272589392338037e-08,0.010994278100962896,1.2184306606618216e-09
Random905
Raw:0.1433807135777397,1.665875949806165e-05,0.35268676015622613,0.13323296878920468,0.018046140650205652,1.8883411324454876e-05,0.34162357706381835,1.8272589392338156e-08,0.01099427810096291,1.218430660661825e-09
EFT:0.1433807135777398,1.665875949806157e-05,0.35268676015622635,0.13323296878920476,0.018046140650205638,1.8883411324454886e-05,0.34162357706381796,1.8272589392338037e-08,0.010994278100962896,1.2184306606618216e-09
Random906
Raw:0.14338071357773963,1.6658759498061507e-05,0.35268676015622624,0.13323296878920485,0.018046140650205624,1.888341132445485e-05,0.3416235770638182,1.8272589392337967e-08,0.010994278100962884,1.2184306606618125e-09
EFT:0.1433807135777398,1.665875949806157e-05,0.35268676015622635,0.13323296878920476,0.018046140650205638,1.8883411324454886e-05,0.34162357706381796,1.8272589392338037e-08,0.010994278100962896,1.2184306606618216e-09
Random907
Raw:0.1433807135777398,1.665875949806151e-05,0.3526867601562263,0.1332329687892051,0.018046140650205652,1.8883411324454784e-05,0.34162357706381763,1.8272589392337775e-08,0.010994278100962875,1.218430660661804e-09
EFT:0.1433807135777398,1.665875949806157e-05,0.35268676015622635,0.13323296878920476,0.018046140650205638,1.8883411324454886e-05,0.34162357706381796,1.8272589392338037e-08,0.010994278100962896,1.2184306606618216e-09
Random908
Raw:0.1433807135777398,1.6658759498061616e-05,0.352686760156226,0.133232968789205,0.018046140650205614,1.888341132445497e-05,0.34162357706381796,1.8272589392338153e-08,0.010994278100962885,1.2184306606618203e-09
EFT:0.1433807135777398,1.665875949806157e-05,0.35268676015622635,0.13323296878920476,0.018046140650205638,1.8883411324454886e-05,0.34162357706381796,1.8272589392338037e-08,0.010994278100962896,1.2184306606618216e-09
Random909
Raw:0.1433807135777396,1.6658759498061683e-05,0.3526867601562262,0.13323296878920493,0.01804614065020568,1.8883411324454943e-05,0.34162357706381813,1.827258939233816e-08,0.01099427810096289,1.218430660661825e-09
EFT:0.1433807135777398,1.665875949806157e-05,0.35268676015622635,0.13323296878920476,0.018046140650205638,1.8883411324454886e-05,0.34162357706381796,1.8272589392338037e-08,0.010994278100962901,1.2184306606618216e-09
Random910
Raw:0.14338071357773977,1.6658759498061568e-05,0.35268676015622624,0.1332329687892046,0.018046140650205624,1.8883411324454882e-05,0.3416235770638182,1.827258939233803e-08,0.010994278100962903,1.2184306606618212e-09
EFT:0.1433807135777398,1.665875949806157e-05,0.35268676015622635,0.13323296878920476,0.018046140650205638,1.8883411324454886e-05,0.34162357706381796,1.8272589392338037e-08,0.010994278100962901,1.2184306606618216e-09
Random911
Raw:0.14338071357773965,1.6658759498061602e-05,0.3526867601562263,0.133232968789205,0.01804614065020566,1.8883411324454852e-05,0.3416235770638179,1.8272589392338033e-08,0.010994278100962904,1.2184306606618214e-09
EFT:0.1433807135777398,1.665875949806157e-05,0.35268676015622635,0.13323296878920476,0.018046140650205638,1.8883411324454886e-05,0.34162357706381796,1.8272589392338037e-08,0.010994278100962896,1.2184306606618216e-09
Random912
Raw:0.14338071357773993,1.665875949806145e-05,0.3526867601562263,0.13323296878920451,0.018046140650205548,1.8883411324454882e-05,0.34162357706381824,1.827258939233797e-08,0.010994278100962856,1.2184306606618083e-09
EFT:0.1433807135777398,1.665875949806157e-05,0.35268676015622635,0.13323296878920476,0.018046140650205638,1.8883411324454886e-05,0.34162357706381796,1.8272589392338037e-08,0.010994278100962896,1.2184306606618216e-09
Random913
Raw:0.14338071357773985,1.6658759498061517e-05,0.35268676015622646,0.13323296878920515,0.018046140650205614,1.8883411324454825e-05,0.34162357706381746,1.8272589392337848e-08,0.010994278100962871,1.2184306606618046e-09
EFT:0.1433807135777398,1.665875949806157e-05,0.35268676015622635,0.13323296878920476,0.018046140650205638,1.8883411324454886e-05,0.34162357706381796,1.8272589392338037e-08,0.010994278100962901,1.2184306606618216e-09
Random914
Raw:0.14338071357773965,1.6658759498061514e-05,0.35268676015622635,0.13323296878920513,0.018046140650205638,1.8883411324454788e-05,0.3416235770638177,1.827258939233778e-08,0.010994278100962877,1.2184306606618042e-09
EFT:0.1433807135777398,1.665875949806157e-05,0.35268676015622635,0.13323296878920476,0.018046140650205638,1.8883411324454886e-05,0.34162357706381796,1.8272589392338037e-08,0.010994278100962896,1.2184306606618216e-09
Random915
Raw:0.14338071357773985,1.665875949806149e-05,0.35268676015622646,0.13323296878920446,0.018046140650205645,1.888341132445479e-05,0.3416235770638181,1.827258939233791e-08,0.01099427810096289,1.218430660661813e-09
EFT:0.1433807135777398,1.665875949806157e-05,0.35268676015622635,0.13323296878920476,0.018046140650205638,1.8883411324454886e-05,0.34162357706381796,1.8272589392338037e-08,0.010994278100962896,1.2184306606618216e-09
Random916
Raw:0.14338071357773985,1.6658759498061622e-05,0.35268676015622613,0.1332329687892042,0.01804614065020561,1.8883411324454974e-05,0.3416235770638187,1.8272589392338222e-08,0.0109942781009629,1.2184306606618294e-09
EFT:0.1433807135777398,1.665875949806157e-05,0.35268676015622635,0.13323296878920476,0.018046140650205638,1.8883411324454886e-05,0.34162357706381796,1.8272589392338037e-08,0.010994278100962901,1.2184306606618216e-09
Random917
Raw:0.14338071357773963,1.6658759498061626e-05,0.35268676015622624,0.13323296878920485,0.01804614065020565,1.8883411324454913e-05,0.3416235770638182,1.8272589392338096e-08,0.010994278100962892,1.2184306606618212e-09
EFT:0.1433807135777398,1.665875949806157e-05,0.35268676015622635,0.13323296878920476,0.018046140650205638,1.8883411324454886e-05,0.34162357706381796,1.8272589392338037e-08,0.010994278100962901,1.2184306606618216e-09
Random918
Raw:0.14338071357773985,1.6658759498061636e-05,0.35268676015622585,0.13323296878920504,0.01804614065020568,1.8883411324454828e-05,0.3416235770638181,1.827258939233801e-08,0.01099427810096289,1.2184306606618154e-09
EFT:0.1433807135777398,1.665875949806157e-05,0.35268676015622635,0.13323296878920476,0.018046140650205638,1.8883411324454886e-05,0.34162357706381796,1.8272589392338037e-08,0.010994278100962901,1.2184306606618216e-09
Random919
Raw:0.1433807135777397,1.6658759498061517e-05,0.35268676015622646,0.13323296878920457,0.018046140650205645,1.888341132445486e-05,0.3416235770638181,1.8272589392337977e-08,0.01099427810096289,1.218430660661813e-09
EFT:0.1433807135777398,1.665875949806157e-05,0.35268676015622635,0.13323296878920476,0.018046140650205638,1.8883411324454886e-05,0.34162357706381796,1.8272589392338037e-08,0.010994278100962896,1.2184306606618216e-09
Random920
Raw:0.14338071357773965,1.6658759498061524e-05,0.35268676015622596,0.1332329687892051,0.018046140650205617,1.8883411324454767e-05,0.3416235770638182,1.827258939233795e-08,0.010994278100962875,1.218430660661807e-09
EFT:0.1433807135777398,1.665875949806157e-05,0.35268676015622635,0.13323296878920476,0.018046140650205638,1.8883411324454886e-05,0.34162357706381796,1.8272589392338037e-08,0.010994278100962896,1.2184306606618216e-09
Random921
Raw:0.1433807135777397,1.6658759498061548e-05,0.3526867601562258,0.13323296878920501,0.018046140650205603,1.8883411324454825e-05,0.34162357706381835,1.8272589392337944e-08,0.01099427810096287,1.2184306606618108e-09
EFT:0.1433807135777398,1.665875949806157e-05,0.35268676015622635,0.13323296878920476,0.018046140650205638,1.8883411324454886e-05,0.34162357706381796,1.8272589392338037e-08,0.010994278100962896,1.2184306606618216e-09
Random922
Raw:0.14338071357773954,1.6658759498061677e-05,0.3526867601562261,0.1332329687892049,0.018046140650205666,1.8883411324454906e-05,0.3416235770638183,1.8272589392338153e-08,0.010994278100962917,1.2184306606618249e-09
EFT:0.1433807135777398,1.665875949806157e-05,0.35268676015622635,0.13323296878920476,0.018046140650205638,1.8883411324454886e-05,0.34162357706381796,1.8272589392338037e-08,0.010994278100962901,1.2184306606618216e-09
Random923
Raw:0.14338071357773985,1.6658759498061548e-05,0.35268676015622646,0.13323296878920468,0.018046140650205645,1.8883411324454825e-05,0.3416235770638178,1.8272589392337977e-08,0.01099427810096288,1.218430660661813e-09
EFT:0.1433807135777398,1.665875949806157e-05,0.35268676015622635,0.13323296878920476,0.018046140650205638,1.8883411324454886e-05,0.34162357706381796,1.8272589392338037e-08,0.010994278100962896,1.2184306606618216e-09
Random924
Raw:0.14338071357773968,1.6658759498061575e-05,0.3526867601562264,0.1332329687892048,0.018046140650205652,1.8883411324454855e-05,0.341623577063818,1.827258939233804e-08,0.010994278100962897,1.2184306606618129e-09
EFT:0.1433807135777398,1.665875949806157e-05,0.35268676015622635,0.13323296878920476,0.018046140650205638,1.8883411324454886e-05,0.34162357706381796,1.8272589392338037e-08,0.010994278100962896,1.2184306606618216e-09
Random925
Raw:0.1433807135777396,1.665875949806143e-05,0.35268676015622646,0.1332329687892048,0.018046140650205635,1.8883411324454727e-05,0.3416235770638181,1.8272589392337785e-08,0.01099427810096289,1.218430660661796e-09
EFT:0.1433807135777398,1.665875949806157e-05,0.35268676015622635,0.13323296878920476,0.018046140650205638,1.8883411324454886e-05,0.34162357706381796,1.8272589392338037e-08,0.010994278100962896,1.2184306606618216e-09
Random926
Raw:0.14338071357773965,1.6658759498061514e-05,0.35268676015622635,0.13323296878920454,0.0180461406502056,1.888341132445492e-05,0.3416235770638183,1.8272589392338103e-08,0.010994278100962887,1.2184306606618172e-09
EFT:0.1433807135777398,1.665875949806157e-05,0.35268676015622635,0.13323296878920476,0.018046140650205638,1.8883411324454886e-05,0.34162357706381796,1.8272589392338037e-08,0.010994278100962896,1.2184306606618216e-09
Random927
Raw:0.14338071357773988,1.6658759498061612e-05,0.3526867601562259,0.1332329687892047,0.018046140650205624,1.8883411324454862e-05,0.34162357706381846,1.8272589392338014e-08,0.010994278100962892,1.2184306606618156e-09
EFT:0.1433807135777398,1.665875949806157e-05,0.35268676015622635,0.13323296878920476,0.018046140650205638,1.8883411324454886e-05,0.34162357706381796,1.8272589392338037e-08,0.010994278100962896,1.2184306606618216e-09
Random928
Raw:0.1433807135777398,1.6658759498061616e-05,0.35268676015622596,0.1332329687892045,0.018046140650205603,1.8883411324454967e-05,0.3416235770638185,1.8272589392338212e-08,0.010994278100962884,1.2184306606618245e-09
EFT:0.1433807135777398,1.665875949806157e-05,0.35268676015622635,0.13323296878920476,0.018046140650205638,1.8883411324454886e-05,0.34162357706381796,1.8272589392338037e-08,0.010994278100962896,1.2184306606618216e-09
Random929
Raw:0.1433807135777398,1.6658759498061734e-05,0.35268676015622596,0.1332329687892052,0.018046140650205666,1.8883411324454967e-05,0.3416235770638179,1.8272589392338212e-08,0.010994278100962904,1.2184306606618288e-09
EFT:0.1433807135777398,1.665875949806157e-05,0.35268676015622635,0.13323296878920476,0.018046140650205638,1.8883411324454886e-05,0.34162357706381796,1.8272589392338037e-08,0.010994278100962896,1.2184306606618216e-09
Random930
Raw:0.14338071357773968,1.6658759498061575e-05,0.3526867601562264,0.13323296878920443,0.018046140650205617,1.8883411324454923e-05,0.34162357706381835,1.8272589392338106e-08,0.010994278100962897,1.2184306606618218e-09
EFT:0.1433807135777398,1.665875949806157e-05,0.35268676015622635,0.13323296878920476,0.018046140650205638,1.8883411324454886e-05,0.34162357706381796,1.8272589392338037e-08,0.010994278100962896,1.2184306606618216e-09
Random931
Raw:0.14338071357773974,1.6658759498061612e-05,0.3526867601562265,0.13323296878920507,0.018046140650205687,1.8883411324454794e-05,0.3416235770638175,1.8272589392337914e-08,0.010994278100962901,1.2184306606618133e-09
EFT:0.1433807135777398,1.665875949806157e-05,0.35268676015622635,0.13323296878920476,0.018046140650205638,1.8883411324454886e-05,0.34162357706381796,1.8272589392338037e-08,0.010994278100962896,1.2184306606618216e-09
Random932
Raw:0.1433807135777395,1.665875949806146e-05,0.3526867601562265,0.13323296878920482,0.018046140650205607,1.8883411324454794e-05,0.34162357706381813,1.827258939233785e-08,0.010994278100962873,1.2184306606618048e-09
EFT:0.1433807135777398,1.665875949806157e-05,0.35268676015622635,0.13323296878920476,0.018046140650205638,1.8883411324454886e-05,0.34162357706381796,1.8272589392338037e-08,0.010994278100962896,1.2184306606618216e-09
Random933
Raw:0.14338071357773982,1.665875949806153e-05,0.3526867601562261,0.13323296878920454,0.0180461406502056,1.888341132445484e-05,0.3416235770638183,1.8272589392337957e-08,0.010994278100962878,1.2184306606618118e-09
EFT:0.1433807135777398,1.665875949806157e-05,0.35268676015622635,0.13323296878920476,0.018046140650205638,1.8883411324454886e-05,0.34162357706381796,1.8272589392338037e-08,0.010994278100962896,1.2184306606618216e-09
Random934
Raw:0.14338071357773982,1.66587594980615e-05,0.3526867601562261,0.1332329687892049,0.018046140650205617,1.888341132445484e-05,0.341623577063818,1.827258939233789e-08,0.010994278100962878,1.2184306606618075e-09
EFT:0.1433807135777398,1.665875949806157e-05,0.35268676015622635,0.13323296878920476,0.018046140650205638,1.8883411324454886e-05,0.34162357706381796,1.8272589392338037e-08,0.010994278100962901,1.2184306606618216e-09
Random935
Raw:0.1433807135777397,1.6658759498061504e-05,0.35268676015622613,0.1332329687892048,0.01804614065020558,1.888341132445491e-05,0.34162357706381835,1.827258939233809e-08,0.01099427810096287,1.218430660661812e-09
EFT:0.1433807135777398,1.665875949806157e-05,0.35268676015622635,0.13323296878920476,0.018046140650205638,1.8883411324454886e-05,0.34162357706381796,1.8272589392338037e-08,0.010994278100962901,1.2184306606618216e-09
Random936
Raw:0.14338071357773982,1.665875949806153e-05,0.35268676015622674,0.13323296878920457,0.01804614065020566,1.8883411324454842e-05,0.34162357706381774,1.8272589392337928e-08,0.010994278100962889,1.2184306606618141e-09
EFT:0.1433807135777398,1.665875949806157e-05,0.35268676015622635,0.13323296878920476,0.018046140650205638,1.8883411324454886e-05,0.34162357706381796,1.8272589392338037e-08,0.010994278100962901,1.2184306606618216e-09
Random937
Raw:0.1433807135777397,1.665875949806156e-05,0.35268676015622613,0.13323296878920526,0.018046140650205652,1.8883411324454842e-05,0.3416235770638178,1.827258939233796e-08,0.01099427810096288,1.218430660661812e-09
EFT:0.1433807135777398,1.665875949806157e-05,0.35268676015622635,0.13323296878920476,0.018046140650205638,1.8883411324454886e-05,0.34162357706381796,1.8272589392338037e-08,0.010994278100962901,1.2184306606618216e-09
Random938
Raw:0.1433807135777396,1.665875949806161e-05,0.35268676015622646,0.1332329687892048,0.018046140650205645,1.8883411324454926e-05,0.3416235770638181,1.827258939233811e-08,0.0109942781009629,1.218430660661822e-09
EFT:0.1433807135777398,1.665875949806157e-05,0.35268676015622635,0.13323296878920476,0.018046140650205638,1.8883411324454886e-05,0.34162357706381796,1.8272589392338037e-08,0.010994278100962896,1.2184306606618216e-09
Random939
Raw:0.14338071357773996,1.6658759498061592e-05,0.35268676015622613,0.1332329687892048,0.01804614065020561,1.8883411324454943e-05,0.3416235770638181,1.827258939233809e-08,0.01099427810096288,1.2184306606618207e-09
EFT:0.1433807135777398,1.665875949806157e-05,0.35268676015622635,0.13323296878920476,0.018046140650205638,1.8883411324454886e-05,0.34162357706381796,1.8272589392338037e-08,0.010994278100962901,1.2184306606618216e-09
Random940
Raw:0.14338071357773965,1.6658759498061555e-05,0.35268676015622596,0.1332329687892045,0.01804614065020559,1.8883411324454933e-05,0.34162357706381885,1.827258939233815e-08,0.010994278100962884,1.2184306606618201e-09
EFT:0.1433807135777398,1.665875949806157e-05,0.35268676015622635,0.13323296878920476,0.018046140650205638,1.8883411324454886e-05,0.34162357706381796,1.8272589392338037e-08,0.010994278100962896,1.2184306606618216e-09
Random941
Raw:0.14338071357773952,1.665875949806151e-05,0.3526867601562263,0.13323296878920451,0.018046140650205628,1.8883411324454784e-05,0.3416235770638185,1.827258939233797e-08,0.010994278100962894,1.2184306606618083e-09
EFT:0.1433807135777398,1.665875949806157e-05,0.35268676015622635,0.13323296878920476,0.018046140650205638,1.8883411324454886e-05,0.34162357706381796,1.8272589392338037e-08,0.010994278100962901,1.2184306606618216e-09
Random942
Raw:0.1433807135777398,1.665875949806163e-05,0.3526867601562263,0.13323296878920485,0.01804614065020566,1.8883411324454916e-05,0.3416235770638179,1.82725893923381e-08,0.010994278100962885,1.2184306606618214e-09
EFT:0.1433807135777398,1.665875949806157e-05,0.35268676015622635,0.13323296878920476,0.018046140650205638,1.8883411324454886e-05,0.34162357706381796,1.8272589392338037e-08,0.010994278100962896,1.2184306606618216e-09
Random943
Raw:0.14338071357773954,1.665875949806165e-05,0.3526867601562261,0.1332329687892049,0.018046140650205683,1.888341132445484e-05,0.3416235770638183,1.827258939233809e-08,0.010994278100962917,1.2184306606618205e-09
EFT:0.1433807135777398,1.665875949806157e-05,0.35268676015622635,0.13323296878920476,0.018046140650205638,1.8883411324454886e-05,0.34162357706381796,1.8272589392338037e-08,0.010994278100962896,1.2184306606618216e-09
Random944
Raw:0.1433807135777397,1.6658759498061382e-05,0.35268676015622613,0.13323296878920443,0.018046140650205555,1.8883411324454842e-05,0.3416235770638187,1.827258939233796e-08,0.01099427810096288,1.2184306606618034e-09
EFT:0.1433807135777398,1.665875949806157e-05,0.35268676015622635,0.13323296878920476,0.018046140650205638,1.8883411324454886e-05,0.34162357706381796,1.8272589392338037e-08,0.010994278100962901,1.2184306606618216e-09
Random945
Raw:0.14338071357773977,1.665875949806145e-05,0.35268676015622624,0.1332329687892045,0.018046140650205544,1.8883411324454913e-05,0.34162357706381846,1.827258939233803e-08,0.010994278100962873,1.2184306606618125e-09
EFT:0.1433807135777398,1.665875949806157e-05,0.35268676015622635,0.13323296878920476,0.018046140650205638,1.8883411324454886e-05,0.34162357706381796,1.8272589392338037e-08,0.010994278100962896,1.2184306606618216e-09
Random946
Raw:0.14338071357773974,1.665875949806164e-05,0.3526867601562265,0.1332329687892047,0.01804614065020567,1.8883411324454964e-05,0.34162357706381785,1.8272589392338242e-08,0.010994278100962892,1.2184306606618263e-09
EFT:0.1433807135777398,1.665875949806157e-05,0.35268676015622635,0.13323296878920476,0.018046140650205638,1.8883411324454886e-05,0.34162357706381796,1.8272589392338037e-08,0.010994278100962901,1.2184306606618216e-09
Random947
Raw:0.14338071357773963,1.6658759498061568e-05,0.35268676015622624,0.1332329687892045,0.018046140650205617,1.8883411324454913e-05,0.34162357706381846,1.8272589392338163e-08,0.010994278100962903,1.2184306606618212e-09
EFT:0.1433807135777398,1.665875949806157e-05,0.35268676015622635,0.13323296878920476,0.018046140650205638,1.8883411324454886e-05,0.34162357706381796,1.8272589392338037e-08,0.010994278100962896,1.2184306606618216e-09
Random948
Raw:0.1433807135777396,1.6658759498061595e-05,0.3526867601562262,0.13323296878920435,0.01804614065020562,1.8883411324454977e-05,0.34162357706381874,1.8272589392338354e-08,0.01099427810096294,1.2184306606618296e-09
EFT:0.1433807135777398,1.665875949806157e-05,0.35268676015622635,0.13323296878920476,0.018046140650205638,1.8883411324454886e-05,0.34162357706381796,1.8272589392338037e-08,0.010994278100962896,1.2184306606618216e-09
Random949
Raw:0.14338071357773996,1.665875949806162e-05,0.35268676015622547,0.13323296878920513,0.01804614065020561,1.888341132445484e-05,0.34162357706381835,1.827258939233799e-08,0.010994278100962889,1.2184306606618141e-09
EFT:0.1433807135777398,1.665875949806157e-05,0.35268676015622635,0.13323296878920476,0.018046140650205638,1.8883411324454886e-05,0.34162357706381796,1.8272589392338037e-08,0.010994278100962896,1.2184306606618216e-09
Random950
Raw:0.14338071357773974,1.665875949806161e-05,0.35268676015622585,0.13323296878920515,0.01804614065020562,1.8883411324454893e-05,0.3416235770638181,1.8272589392338077e-08,0.01099427810096289,1.2184306606618197e-09
EFT:0.1433807135777398,1.665875949806157e-05,0.35268676015622635,0.13323296878920476,0.018046140650205638,1.8883411324454886e-05,0.34162357706381796,1.8272589392338037e-08,0.010994278100962896,1.2184306606618216e-09
Random951
Raw:0.14338071357773974,1.6658759498061565e-05,0.3526867601562262,0.13323296878920482,0.018046140650205638,1.8883411324454845e-05,0.34162357706381813,1.8272589392337964e-08,0.010994278100962901,1.2184306606618123e-09
EFT:0.1433807135777398,1.665875949806157e-05,0.35268676015622635,0.13323296878920476,0.018046140650205638,1.8883411324454886e-05,0.34162357706381796,1.8272589392338037e-08,0.010994278100962896,1.2184306606618216e-09
Random952
Raw:0.14338071357773974,1.665875949806161e-05,0.35268676015622585,0.1332329687892042,0.01804614065020562,1.8883411324454926e-05,0.341623577063819,1.8272589392338272e-08,0.01099427810096292,1.218430660661824e-09
EFT:0.1433807135777398,1.665875949806157e-05,0.35268676015622635,0.13323296878920476,0.018046140650205638,1.8883411324454886e-05,0.34162357706381796,1.8272589392338037e-08,0.010994278100962901,1.2184306606618216e-09
Random953
Raw:0.14338071357773968,1.6658759498061633e-05,0.35268676015622574,0.13323296878920535,0.018046140650205655,1.888341132445489e-05,0.34162357706381796,1.827258939233807e-08,0.010994278100962897,1.2184306606618195e-09
EFT:0.1433807135777398,1.665875949806157e-05,0.35268676015622635,0.13323296878920476,0.018046140650205638,1.8883411324454886e-05,0.34162357706381796,1.8272589392338037e-08,0.010994278100962901,1.2184306606618216e-09
Random954
Raw:0.1433807135777398,1.6658759498061616e-05,0.35268676015622596,0.13323296878920463,0.018046140650205635,1.88834113244549e-05,0.3416235770638185,1.8272589392338083e-08,0.010994278100962894,1.2184306606618201e-09
EFT:0.1433807135777398,1.665875949806157e-05,0.35268676015622635,0.13323296878920476,0.018046140650205638,1.8883411324454886e-05,0.34162357706381796,1.8272589392338037e-08,0.010994278100962896,1.2184306606618216e-09
Random955
Raw:0.1433807135777398,1.6658759498061528e-05,0.352686760156226,0.133232968789205,0.01804614065020563,1.8883411324454835e-05,0.34162357706381796,1.8272589392337954e-08,0.010994278100962877,1.2184306606618116e-09
EFT:0.1433807135777398,1.665875949806157e-05,0.35268676015622635,0.13323296878920476,0.018046140650205638,1.8883411324454886e-05,0.34162357706381796,1.8272589392338037e-08,0.010994278100962896,1.2184306606618216e-09
Random956
Raw:0.14338071357773977,1.665875949806155e-05,0.3526867601562259,0.1332329687892047,0.018046140650205624,1.8883411324454862e-05,0.34162357706381846,1.827258939233808e-08,0.010994278100962882,1.2184306606618156e-09
EFT:0.1433807135777398,1.665875949806157e-05,0.35268676015622635,0.13323296878920476,0.018046140650205638,1.8883411324454886e-05,0.34162357706381796,1.8272589392338037e-08,0.010994278100962901,1.2184306606618216e-09
Random957
Raw:0.14338071357773977,1.665875949806155e-05,0.3526867601562259,0.13323296878920507,0.018046140650205614,1.8883411324454828e-05,0.34162357706381813,1.827258939233795e-08,0.010994278100962873,1.2184306606618112e-09
EFT:0.1433807135777398,1.665875949806157e-05,0.35268676015622635,0.13323296878920476,0.018046140650205638,1.8883411324454886e-05,0.34162357706381796,1.8272589392338037e-08,0.010994278100962901,1.2184306606618216e-09
Random958
Raw:0.1433807135777398,1.6658759498061392e-05,0.3526867601562263,0.13323296878920463,0.018046140650205572,1.8883411324454852e-05,0.34162357706381824,1.827258939233797e-08,0.010994278100962875,1.218430660661804e-09
EFT:0.1433807135777398,1.665875949806157e-05,0.35268676015622635,0.13323296878920476,0.018046140650205638,1.8883411324454886e-05,0.34162357706381796,1.8272589392338037e-08,0.010994278100962896,1.2184306606618216e-09
Random959
Raw:0.14338071357773968,1.6658759498061673e-05,0.352686760156226,0.13323296878920488,0.01804614065020567,1.8883411324454903e-05,0.34162357706381824,1.8272589392338153e-08,0.010994278100962906,1.2184306606618247e-09
EFT:0.1433807135777398,1.665875949806157e-05,0.35268676015622635,0.13323296878920476,0.018046140650205638,1.8883411324454886e-05,0.34162357706381796,1.8272589392338037e-08,0.010994278100962901,1.2184306606618216e-09
Random960
Raw:0.1433807135777397,1.6658759498061504e-05,0.35268676015622613,0.1332329687892049,0.018046140650205652,1.8883411324454706e-05,0.3416235770638181,1.8272589392337765e-08,0.01099427810096288,1.2184306606618034e-09
EFT:0.1433807135777398,1.665875949806157e-05,0.35268676015622635,0.13323296878920476,0.018046140650205638,1.8883411324454886e-05,0.34162357706381796,1.8272589392338037e-08,0.010994278100962896,1.2184306606618216e-09
Random961
Raw:0.1433807135777398,1.66587594980615e-05,0.3526867601562267,0.13323296878920443,0.018046140650205607,1.8883411324454872e-05,0.341623577063818,1.827258939233799e-08,0.010994278100962878,1.218430660661814e-09
EFT:0.1433807135777398,1.665875949806157e-05,0.35268676015622635,0.13323296878920476,0.018046140650205638,1.8883411324454886e-05,0.34162357706381796,1.8272589392338037e-08,0.010994278100962896,1.2184306606618216e-09
Random962
Raw:0.14338071357773993,1.6658759498061558e-05,0.352686760156226,0.1332329687892044,0.018046140650205607,1.8883411324454937e-05,0.3416235770638186,1.8272589392338215e-08,0.010994278100962906,1.2184306606618247e-09
EFT:0.1433807135777398,1.665875949806157e-05,0.35268676015622635,0.13323296878920476,0.018046140650205638,1.8883411324454886e-05,0.34162357706381796,1.8272589392338037e-08,0.010994278100962901,1.2184306606618216e-09
Random963
Raw:0.1433807135777398,1.6658759498061616e-05,0.352686760156226,0.13323296878920476,0.018046140650205614,1.888341132445497e-05,0.34162357706381824,1.8272589392338215e-08,0.010994278100962896,1.218430660661829e-09
EFT:0.1433807135777398,1.665875949806157e-05,0.35268676015622635,0.13323296878920476,0.018046140650205638,1.8883411324454886e-05,0.34162357706381796,1.8272589392338037e-08,0.010994278100962901,1.2184306606618216e-09
Random964
Raw:0.1433807135777399,1.66587594980616e-05,0.35268676015622624,0.13323296878920485,0.018046140650205624,1.888341132445498e-05,0.34162357706381785,1.8272589392338163e-08,0.010994278100962892,1.2184306606618212e-09
EFT:0.1433807135777398,1.665875949806157e-05,0.35268676015622635,0.13323296878920476,0.018046140650205638,1.8883411324454886e-05,0.34162357706381796,1.8272589392338037e-08,0.010994278100962896,1.2184306606618216e-09
Random965
Raw:0.14338071357773993,1.6658759498061544e-05,0.35268676015622635,0.13323296878920488,0.01804614065020563,1.8883411324454886e-05,0.3416235770638177,1.827258939233797e-08,0.010994278100962877,1.2184306606618127e-09
EFT:0.1433807135777398,1.665875949806157e-05,0.35268676015622635,0.13323296878920476,0.018046140650205638,1.8883411324454886e-05,0.34162357706381796,1.8272589392338037e-08,0.010994278100962896,1.2184306606618216e-09
Random966
Raw:0.14338071357773988,1.6658759498061612e-05,0.3526867601562259,0.13323296878920496,0.01804614065020563,1.8883411324454896e-05,0.34162357706381813,1.8272589392338014e-08,0.010994278100962882,1.2184306606618156e-09
EFT:0.1433807135777398,1.665875949806157e-05,0.35268676015622635,0.13323296878920476,0.018046140650205638,1.8883411324454886e-05,0.34162357706381796,1.8272589392338037e-08,0.010994278100962896,1.2184306606618216e-09
Random967
Raw:0.1433807135777397,1.6658759498061622e-05,0.35268676015622613,0.1332329687892049,0.01804614065020566,1.8883411324454842e-05,0.3416235770638181,1.827258939233796e-08,0.0109942781009629,1.2184306606618207e-09
EFT:0.1433807135777398,1.665875949806157e-05,0.35268676015622635,0.13323296878920476,0.018046140650205638,1.8883411324454886e-05,0.34162357706381796,1.8272589392338037e-08,0.010994278100962901,1.2184306606618216e-09
Random968
Raw:0.1433807135777397,1.6658759498061592e-05,0.35268676015622613,0.1332329687892049,0.018046140650205645,1.8883411324454876e-05,0.3416235770638181,1.8272589392338027e-08,0.0109942781009629,1.2184306606618164e-09
EFT:0.1433807135777398,1.665875949806157e-05,0.35268676015622635,0.13323296878920476,0.018046140650205638,1.8883411324454886e-05,0.34162357706381796,1.8272589392338037e-08,0.010994278100962896,1.2184306606618216e-09
Random969
Raw:0.14338071357773963,1.6658759498061582e-05,0.3526867601562259,0.13323296878920518,0.018046140650205624,1.8883411324454828e-05,0.34162357706381813,1.8272589392338014e-08,0.010994278100962892,1.2184306606618112e-09
EFT:0.1433807135777398,1.665875949806157e-05,0.35268676015622635,0.13323296878920476,0.018046140650205638,1.8883411324454886e-05,0.34162357706381796,1.8272589392338037e-08,0.010994278100962901,1.2184306606618216e-09
Random970
Raw:0.14338071357773977,1.6658759498061656e-05,0.35268676015622563,0.1332329687892052,0.018046140650205666,1.8883411324454882e-05,0.3416235770638182,1.8272589392338067e-08,0.010994278100962903,1.218430660661819e-09
EFT:0.1433807135777398,1.665875949806157e-05,0.35268676015622635,0.13323296878920476,0.018046140650205638,1.8883411324454886e-05,0.34162357706381796,1.8272589392338037e-08,0.010994278100962896,1.2184306606618216e-09
Random971
Raw:0.14338071357773957,1.6658759498061528e-05,0.3526867601562267,0.13323296878920465,0.01804614065020565,1.8883411324454906e-05,0.341623577063818,1.8272589392338053e-08,0.010994278100962887,1.2184306606618183e-09
EFT:0.1433807135777398,1.665875949806157e-05,0.35268676015622635,0.13323296878920476,0.018046140650205638,1.8883411324454886e-05,0.34162357706381796,1.8272589392338037e-08,0.010994278100962901,1.2184306606618216e-09
Random972
Raw:0.14338071357774,1.6658759498061653e-05,0.3526867601562256,0.13323296878920518,0.01804614065020563,1.888341132445488e-05,0.34162357706381813,1.8272589392338063e-08,0.010994278100962892,1.2184306606618189e-09
EFT:0.1433807135777398,1.665875949806157e-05,0.35268676015622635,0.13323296878920476,0.018046140650205638,1.8883411324454886e-05,0.34162357706381796,1.8272589392338037e-08,0.010994278100962896,1.2184306606618216e-09
Random973
Raw:0.1433807135777398,1.6658759498061605e-05,0.35268676015622635,0.13323296878920465,0.018046140650205638,1.8883411324454886e-05,0.34162357706381796,1.8272589392338037e-08,0.010994278100962896,1.2184306606618216e-09
EFT:0.1433807135777398,1.665875949806157e-05,0.35268676015622635,0.13323296878920476,0.018046140650205638,1.8883411324454886e-05,0.34162357706381796,1.8272589392338037e-08,0.010994278100962896,1.2184306606618216e-09
Random974
Raw:0.1433807135777398,1.6658759498061497e-05,0.352686760156226,0.133232968789205,0.0180461406502056,1.8883411324454835e-05,0.34162357706381796,1.827258939233789e-08,0.010994278100962858,1.2184306606618073e-09
EFT:0.1433807135777398,1.665875949806157e-05,0.35268676015622635,0.13323296878920476,0.018046140650205638,1.8883411324454886e-05,0.34162357706381796,1.8272589392338037e-08,0.010994278100962901,1.2184306606618216e-09
Random975
Raw:0.14338071357773985,1.665875949806146e-05,0.35268676015622585,0.13323296878920482,0.018046140650205572,1.8883411324454794e-05,0.3416235770638184,1.8272589392337815e-08,0.010994278100962861,1.2184306606618023e-09
EFT:0.1433807135777398,1.665875949806157e-05,0.35268676015622635,0.13323296878920476,0.018046140650205638,1.8883411324454886e-05,0.34162357706381796,1.8272589392338037e-08,0.010994278100962896,1.2184306606618216e-09
Random976
Raw:0.14338071357773965,1.6658759498061704e-05,0.35268676015622596,0.13323296878920496,0.01804614065020569,1.88834113244549e-05,0.3416235770638182,1.8272589392338212e-08,0.010994278100962904,1.2184306606618288e-09
EFT:0.1433807135777398,1.665875949806157e-05,0.35268676015622635,0.13323296878920476,0.018046140650205638,1.8883411324454886e-05,0.34162357706381796,1.8272589392338037e-08,0.010994278100962896,1.2184306606618216e-09
Random977
Raw:0.1433807135777398,1.665875949806159e-05,0.3526867601562267,0.13323296878920465,0.018046140650205666,1.8883411324454906e-05,0.3416235770638177,1.8272589392338053e-08,0.010994278100962887,1.2184306606618226e-09
EFT:0.1433807135777398,1.665875949806157e-05,0.35268676015622635,0.13323296878920476,0.018046140650205638,1.8883411324454886e-05,0.34162357706381796,1.8272589392338037e-08,0.010994278100962901,1.2184306606618216e-09
Random978
Raw:0.1433807135777397,1.665875949806146e-05,0.35268676015622646,0.13323296878920435,0.01804614065020558,1.888341132445486e-05,0.3416235770638184,1.8272589392337977e-08,0.01099427810096289,1.218430660661813e-09
EFT:0.1433807135777398,1.665875949806157e-05,0.35268676015622635,0.13323296878920476,0.018046140650205638,1.8883411324454886e-05,0.34162357706381796,1.8272589392338037e-08,0.010994278100962901,1.2184306606618216e-09
Random979
Raw:0.1433807135777398,1.6658759498061558e-05,0.352686760156226,0.13323296878920476,0.018046140650205614,1.8883411324454903e-05,0.34162357706381824,1.8272589392338086e-08,0.010994278100962877,1.2184306606618203e-09
EFT:0.1433807135777398,1.665875949806157e-05,0.35268676015622635,0.13323296878920476,0.018046140650205638,1.8883411324454886e-05,0.34162357706381796,1.8272589392338037e-08,0.010994278100962896,1.2184306606618216e-09
Random980
Raw:0.1433807135777396,1.6658759498061446e-05,0.3526867601562262,0.13323296878920457,0.01804614065020562,1.888341132445471e-05,0.3416235770638184,1.8272589392337832e-08,0.01099427810096289,1.2184306606618036e-09
EFT:0.1433807135777398,1.665875949806157e-05,0.35268676015622635,0.13323296878920476,0.018046140650205638,1.8883411324454886e-05,0.34162357706381796,1.8272589392338037e-08,0.010994278100962896,1.2184306606618216e-09
Random981
Raw:0.1433807135777398,1.6658759498061633e-05,0.35268676015622635,0.13323296878920465,0.018046140650205655,1.888341132445492e-05,0.34162357706381796,1.8272589392338103e-08,0.010994278100962896,1.2184306606618257e-09
EFT:0.1433807135777398,1.665875949806157e-05,0.35268676015622635,0.13323296878920476,0.018046140650205638,1.8883411324454886e-05,0.34162357706381796,1.8272589392338037e-08,0.010994278100962901,1.2184306606618216e-09
Random982
Raw:0.1433807135777398,1.6658759498061673e-05,0.35268676015622596,0.13323296878920485,0.01804614065020566,1.8883411324454967e-05,0.3416235770638182,1.8272589392338212e-08,0.010994278100962894,1.2184306606618288e-09
EFT:0.1433807135777398,1.665875949806157e-05,0.35268676015622635,0.13323296878920476,0.018046140650205638,1.8883411324454886e-05,0.34162357706381796,1.8272589392338037e-08,0.010994278100962896,1.2184306606618216e-09
Random983
Raw:0.14338071357773996,1.66587594980615e-05,0.3526867601562261,0.13323296878920465,0.018046140650205593,1.8883411324454906e-05,0.3416235770638183,1.8272589392337957e-08,0.010994278100962868,1.2184306606618118e-09
EFT:0.1433807135777398,1.665875949806157e-05,0.35268676015622635,0.13323296878920476,0.018046140650205638,1.8883411324454886e-05,0.34162357706381796,1.8272589392338037e-08,0.010994278100962896,1.2184306606618216e-09
Random984
Raw:0.14338071357773977,1.665875949806145e-05,0.35268676015622624,0.13323296878920426,0.01804614065020558,1.888341132445485e-05,0.3416235770638188,1.8272589392337967e-08,0.010994278100962884,1.2184306606618125e-09
EFT:0.1433807135777398,1.665875949806157e-05,0.35268676015622635,0.13323296878920476,0.018046140650205638,1.8883411324454886e-05,0.34162357706381796,1.8272589392338037e-08,0.010994278100962901,1.2184306606618216e-09
Random985
Raw:0.14338071357773977,1.665875949806155e-05,0.3526867601562259,0.1332329687892047,0.018046140650205614,1.8883411324454896e-05,0.34162357706381846,1.827258939233808e-08,0.010994278100962892,1.21843066066182e-09
EFT:0.1433807135777398,1.665875949806157e-05,0.35268676015622635,0.13323296878920476,0.018046140650205638,1.8883411324454886e-05,0.34162357706381796,1.8272589392338037e-08,0.010994278100962901,1.2184306606618216e-09
Random986
Raw:0.1433807135777398,1.6658759498061514e-05,0.35268676015622635,0.13323296878920418,0.018046140650205583,1.888341132445492e-05,0.3416235770638186,1.827258939233817e-08,0.010994278100962877,1.2184306606618172e-09
EFT:0.1433807135777398,1.665875949806157e-05,0.35268676015622635,0.13323296878920476,0.018046140650205638,1.8883411324454886e-05,0.34162357706381796,1.8272589392338037e-08,0.010994278100962896,1.2184306606618216e-09
Random987
Raw:0.14338071357773963,1.6658759498061507e-05,0.35268676015622624,0.13323296878920507,0.01804614065020564,1.888341132445478e-05,0.34162357706381785,1.8272589392337772e-08,0.010994278100962873,1.2184306606618038e-09
EFT:0.1433807135777398,1.665875949806157e-05,0.35268676015622635,0.13323296878920476,0.018046140650205638,1.8883411324454886e-05,0.34162357706381796,1.8272589392338037e-08,0.010994278100962896,1.2184306606618216e-09
Random988
Raw:0.1433807135777398,1.6658759498061422e-05,0.35268676015622696,0.1332329687892043,0.018046140650205572,1.8883411324454886e-05,0.34162357706381796,1.8272589392338004e-08,0.010994278100962877,1.2184306606618106e-09
EFT:0.1433807135777398,1.665875949806157e-05,0.35268676015622635,0.13323296878920476,0.018046140650205638,1.8883411324454886e-05,0.34162357706381796,1.8272589392338037e-08,0.010994278100962896,1.2184306606618216e-09
Random989
Raw:0.14338071357773963,1.6658759498061507e-05,0.35268676015622624,0.1332329687892045,0.01804614065020561,1.888341132445485e-05,0.34162357706381846,1.827258939233803e-08,0.010994278100962884,1.2184306606618125e-09
EFT:0.1433807135777398,1.665875949806157e-05,0.35268676015622635,0.13323296878920476,0.018046140650205638,1.8883411324454886e-05,0.34162357706381796,1.8272589392338037e-08,0.010994278100962896,1.2184306606618216e-09
Random990
Raw:0.14338071357773996,1.6658759498061504e-05,0.35268676015622613,0.13323296878920443,0.01804614065020558,1.8883411324454943e-05,0.34162357706381835,1.8272589392338027e-08,0.01099427810096287,1.2184306606618164e-09
EFT:0.1433807135777398,1.665875949806157e-05,0.35268676015622635,0.13323296878920476,0.018046140650205638,1.8883411324454886e-05,0.34162357706381796,1.8272589392338037e-08,0.010994278100962896,1.2184306606618216e-09
Random991
Raw:0.1433807135777398,1.6658759498061497e-05,0.35268676015622663,0.13323296878920488,0.018046140650205638,1.8883411324454764e-05,0.34162357706381763,1.8272589392337855e-08,0.010994278100962885,1.218430660661805e-09
EFT:0.1433807135777398,1.665875949806157e-05,0.35268676015622635,0.13323296878920476,0.018046140650205638,1.8883411324454886e-05,0.34162357706381796,1.8272589392338037e-08,0.010994278100962901,1.2184306606618216e-09
Random992
Raw:0.14338071357773985,1.665875949806158e-05,0.35268676015622646,0.13323296878920446,0.018046140650205635,1.8883411324454926e-05,0.3416235770638181,1.827258939233811e-08,0.0109942781009629,1.218430660661822e-09
EFT:0.1433807135777398,1.665875949806157e-05,0.35268676015622635,0.13323296878920476,0.018046140650205638,1.8883411324454886e-05,0.34162357706381796,1.8272589392338037e-08,0.010994278100962896,1.2184306606618216e-09
Random993
Raw:0.14338071357773974,1.6658759498061565e-05,0.3526867601562262,0.13323296878920518,0.018046140650205652,1.8883411324454845e-05,0.34162357706381785,1.8272589392337898e-08,0.010994278100962871,1.2184306606618123e-09
EFT:0.1433807135777398,1.665875949806157e-05,0.35268676015622635,0.13323296878920476,0.018046140650205638,1.8883411324454886e-05,0.34162357706381796,1.8272589392338037e-08,0.010994278100962901,1.2184306606618216e-09
Random994
Raw:0.14338071357773977,1.6658759498061463e-05,0.3526867601562266,0.13323296878920463,0.01804614065020561,1.8883411324454798e-05,0.3416235770638179,1.827258939233785e-08,0.010994278100962875,1.218430660661805e-09
EFT:0.1433807135777398,1.665875949806157e-05,0.35268676015622635,0.13323296878920476,0.018046140650205638,1.8883411324454886e-05,0.34162357706381796,1.8272589392338037e-08,0.010994278100962896,1.2184306606618216e-09
Random995
Raw:0.14338071357773988,1.6658759498061595e-05,0.3526867601562262,0.1332329687892047,0.018046140650205638,1.8883411324454913e-05,0.34162357706381813,1.8272589392338093e-08,0.010994278100962901,1.218430660661821e-09
EFT:0.1433807135777398,1.665875949806157e-05,0.35268676015622635,0.13323296878920476,0.018046140650205638,1.8883411324454886e-05,0.34162357706381796,1.8272589392338037e-08,0.010994278100962901,1.2184306606618216e-09
Random996
Raw:0.1433807135777397,1.6658759498061548e-05,0.3526867601562258,0.1332329687892049,0.018046140650205593,1.888341132445489e-05,0.34162357706381835,1.8272589392338073e-08,0.01099427810096287,1.2184306606618108e-09
EFT:0.1433807135777398,1.665875949806157e-05,0.35268676015622635,0.13323296878920476,0.018046140650205638,1.8883411324454886e-05,0.34162357706381796,1.8272589392338037e-08,0.010994278100962896,1.2184306606618216e-09
Random997
Raw:0.1433807135777398,1.665875949806147e-05,0.3526867601562267,0.13323296878920382,0.018046140650205565,1.8883411324455038e-05,0.34162357706381863,1.8272589392338252e-08,0.010994278100962878,1.218430660661827e-09
EFT:0.1433807135777398,1.665875949806157e-05,0.35268676015622635,0.13323296878920476,0.018046140650205638,1.8883411324454886e-05,0.34162357706381796,1.8272589392338037e-08,0.010994278100962896,1.2184306606618216e-09
Random998
Raw:0.1433807135777398,1.665875949806145e-05,0.3526867601562263,0.13323296878920463,0.01804614065020559,1.8883411324454852e-05,0.34162357706381824,1.827258939233797e-08,0.010994278100962875,1.2184306606618083e-09
EFT:0.1433807135777398,1.665875949806157e-05,0.35268676015622635,0.13323296878920476,0.018046140650205638,1.8883411324454886e-05,0.34162357706381796,1.8272589392338037e-08,0.010994278100962901,1.2184306606618216e-09
Random999
Raw:0.1433807135777398,1.6658759498061673e-05,0.35268676015622596,0.13323296878920485,0.018046140650205652,1.8883411324454967e-05,0.3416235770638182,1.8272589392338212e-08,0.010994278100962904,1.2184306606618288e-09
EFT:0.1433807135777398,1.665875949806157e-05,0.35268676015622635,0.13323296878920476,0.018046140650205638,1.8883411324454886e-05,0.34162357706381796,1.8272589392338037e-08,0.010994278100962896,1.2184306606618216e-09
Random1000
Raw:0.14338071357773965,1.6658759498061633e-05,0.35268676015622635,0.13323296878920488,0.01804614065020565,1.888341132445492e-05,0.34162357706381796,1.8272589392338103e-08,0.010994278100962887,1.2184306606618216e-09
EFT:0.1433807135777398,1.665875949806157e-05,0.35268676015622635,0.13323296878920476,0.018046140650205638,1.8883411324454886e-05,0.34162357706381796,1.8272589392338037e-08,0.010994278100962901,1.2184306606618216e-09
