Ascend
Raw:9.13507982480444,3.1647914000550212,10.136758544467359,6.034068117456714,9.463524688059755,5.786027358917865,21.759262533352313,-6.350703081765946,10.856170865865995,-4.379423786196847
EFT:9.135079824804437,3.1647914000550204,10.136758544467359,6.034068117456714,9.463524688059755,5.786027358917865,21.759262533352317,-6.350703081765945,10.856170865865995,-4.379423786196846
Descend
Raw:9.135079824804441,3.1647914000550226,10.136758544467362,6.034068117456716,9.46352468805976,5.786027358917865,21.759262533352317,-6.350703081765945,10.856170865865998,-4.3794237861968455
EFT:9.135079824804437,3.1647914000550204,10.136758544467359,6.034068117456714,9.463524688059755,5.786027358917865,21.759262533352317,-6.350703081765945,10.856170865865995,-4.379423786196846
Random1
Raw:9.135079824804441,3.164791400055021,10.136758544467362,6.034068117456714,9.463524688059758,5.786027358917864,21.759262533352317,-6.350703081765948,10.856170865865998,-4.379423786196847
EFT:9.135079824804437,3.1647914000550204,10.136758544467359,6.034068117456714,9.463524688059755,5.786027358917865,21.759262533352317,-6.350703081765945,10.856170865865995,-4.379423786196846
Random2
Raw:9.13507982480444,3.164791400055022,10.13675854446736,6.034068117456716,9.463524688059756,5.786027358917865,21.759262533352317,-6.350703081765946,10.856170865865996,-4.3794237861968455
EFT:9.135079824804437,3.1647914000550204,10.136758544467359,6.034068117456714,9.463524688059755,5.786027358917865,21.759262533352317,-6.350703081765945,10.856170865865995,-4.379423786196846
Random3
Raw:9.13507982480444,3.1647914000550195,10.136758544467359,6.034068117456714,9.463524688059755,5.786027358917864,21.759262533352317,-6.350703081765946,10.856170865865996,-4.379423786196846
EFT:9.135079824804437,3.1647914000550204,10.136758544467359,6.034068117456714,9.463524688059755,5.786027358917865,21.759262533352317,-6.350703081765945,10.856170865865995,-4.379423786196846
Random4
Raw:9.13507982480444,3.164791400055017,10.136758544467357,6.034068117456711,9.463524688059755,5.786027358917861,21.759262533352313,-6.350703081765945,10.856170865865991,-4.379423786196847
EFT:9.135079824804437,3.1647914000550204,10.136758544467359,6.034068117456714,9.463524688059755,5.786027358917865,21.759262533352317,-6.350703081765945,10.856170865865995,-4.379423786196846
Random5
Raw:9.13507982480444,3.164791400055018,10.136758544467357,6.0340681174567115,9.463524688059755,5.786027358917862,21.759262533352317,-6.350703081765946,10.856170865865995,-4.3794237861968455
EFT:9.135079824804437,3.1647914000550204,10.136758544467359,6.034068117456714,9.463524688059755,5.786027358917865,21.759262533352317,-6.350703081765945,10.856170865865995,-4.379423786196846
Random6
Raw:9.13507982480444,3.1647914000550195,10.136758544467359,6.034068117456712,9.463524688059755,5.786027358917863,21.759262533352317,-6.350703081765948,10.856170865865996,-4.3794237861968455
EFT:9.135079824804437,3.1647914000550204,10.136758544467359,6.034068117456714,9.463524688059755,5.786027358917865,21.759262533352317,-6.350703081765945,10.856170865865995,-4.379423786196846
Random7
Raw:9.135079824804437,3.1647914000550204,10.136758544467359,6.034068117456713,9.463524688059756,5.786027358917863,21.759262533352313,-6.350703081765946,10.856170865865995,-4.379423786196847
EFT:9.135079824804437,3.1647914000550204,10.136758544467359,6.034068117456714,9.463524688059755,5.786027358917865,21.759262533352317,-6.350703081765945,10.856170865865995,-4.379423786196846
Random8
Raw:9.13507982480444,3.164791400055025,10.136758544467362,6.034068117456715,9.463524688059756,5.786027358917865,21.759262533352317,-6.350703081765945,10.856170865865995,-4.379423786196847
EFT:9.135079824804437,3.1647914000550204,10.136758544467359,6.034068117456714,9.463524688059755,5.786027358917865,21.759262533352317,-6.350703081765945,10.856170865865995,-4.379423786196846
Random9
Raw:9.13507982480444,3.1647914000550212,10.136758544467359,6.034068117456714,9.463524688059756,5.786027358917865,21.759262533352313,-6.350703081765946,10.856170865865998,-4.3794237861968455
EFT:9.135079824804437,3.1647914000550204,10.136758544467359,6.034068117456714,9.463524688059755,5.786027358917865,21.759262533352317,-6.350703081765945,10.856170865865995,-4.379423786196846
Random10
Raw:9.135079824804441,3.1647914000550212,10.136758544467362,6.034068117456714,9.463524688059756,5.786027358917864,21.759262533352317,-6.350703081765947,10.856170865865998,-4.379423786196847
EFT:9.135079824804437,3.1647914000550204,10.136758544467359,6.034068117456714,9.463524688059755,5.786027358917865,21.759262533352317,-6.350703081765945,10.856170865865995,-4.379423786196846
Random11
Raw:9.13507982480444,3.164791400055019,10.136758544467355,6.034068117456711,9.463524688059756,5.7860273589178615,21.759262533352317,-6.350703081765947,10.856170865865995,-4.379423786196847
EFT:9.135079824804437,3.1647914000550204,10.136758544467359,6.034068117456714,9.463524688059755,5.786027358917865,21.759262533352317,-6.350703081765945,10.856170865865995,-4.379423786196846
Random12
Raw:9.13507982480444,3.1647914000550212,10.136758544467362,6.034068117456714,9.46352468805976,5.786027358917865,21.75926253335232,-6.350703081765947,10.856170865865996,-4.379423786196848
EFT:9.135079824804437,3.1647914000550204,10.136758544467359,6.034068117456714,9.463524688059755,5.786027358917865,21.759262533352317,-6.350703081765945,10.856170865865995,-4.379423786196846
Random13
Raw:9.13507982480444,3.164791400055023,10.13675854446736,6.034068117456715,9.463524688059758,5.786027358917863,21.759262533352317,-6.350703081765946,10.856170865865995,-4.379423786196847
EFT:9.135079824804437,3.1647914000550204,10.136758544467359,6.034068117456714,9.463524688059755,5.786027358917865,21.759262533352317,-6.350703081765945,10.856170865865995,-4.379423786196846
Random14
Raw:9.13507982480444,3.1647914000550212,10.136758544467359,6.034068117456714,9.463524688059756,5.786027358917865,21.759262533352313,-6.350703081765945,10.856170865865995,-4.379423786196846
EFT:9.135079824804437,3.1647914000550204,10.136758544467359,6.034068117456714,9.463524688059755,5.786027358917865,21.759262533352317,-6.350703081765945,10.856170865865995,-4.379423786196846
Random15
Raw:9.135079824804437,3.1647914000550212,10.136758544467359,6.034068117456713,9.463524688059756,5.786027358917863,21.759262533352317,-6.350703081765945,10.856170865865995,-4.379423786196847
EFT:9.135079824804437,3.1647914000550204,10.136758544467359,6.034068117456714,9.463524688059755,5.786027358917865,21.759262533352317,-6.350703081765945,10.856170865865995,-4.379423786196846
Random16
Raw:9.13507982480444,3.164791400055022,10.136758544467359,6.034068117456714,9.463524688059756,5.786027358917867,21.759262533352317,-6.3507030817659444,10.856170865865998,-4.3794237861968455
EFT:9.135079824804437,3.1647914000550204,10.136758544467359,6.034068117456714,9.463524688059755,5.786027358917865,21.759262533352317,-6.350703081765945,10.856170865865995,-4.379423786196846
Random17
Raw:9.13507982480444,3.164791400055025,10.136758544467364,6.034068117456716,9.463524688059756,5.786027358917865,21.759262533352317,-6.3507030817659444,10.856170865865996,-4.379423786196847
EFT:9.135079824804437,3.1647914000550204,10.136758544467359,6.034068117456714,9.463524688059755,5.786027358917865,21.759262533352317,-6.350703081765945,10.856170865865995,-4.379423786196846
Random18
Raw:9.135079824804437,3.1647914000550177,10.136758544467355,6.034068117456711,9.463524688059755,5.786027358917862,21.759262533352313,-6.350703081765946,10.856170865865993,-4.379423786196846
EFT:9.135079824804437,3.1647914000550204,10.136758544467359,6.034068117456714,9.463524688059755,5.786027358917865,21.759262533352317,-6.350703081765945,10.856170865865995,-4.379423786196846
Random19
Raw:9.13507982480444,3.1647914000550212,10.136758544467362,6.034068117456715,9.463524688059758,5.786027358917863,21.759262533352317,-6.350703081765946,10.856170865865995,-4.379423786196847
EFT:9.135079824804437,3.1647914000550204,10.136758544467359,6.034068117456714,9.463524688059755,5.786027358917865,21.759262533352317,-6.350703081765945,10.856170865865995,-4.379423786196846
Random20
Raw:9.13507982480444,3.1647914000550204,10.136758544467362,6.034068117456716,9.463524688059755,5.786027358917867,21.75926253335232,-6.350703081765948,10.856170865865998,-4.379423786196847
EFT:9.135079824804437,3.1647914000550204,10.136758544467359,6.034068117456714,9.463524688059755,5.786027358917865,21.759262533352317,-6.350703081765945,10.856170865865995,-4.379423786196846
Random21
Raw:9.135079824804441,3.164791400055023,10.136758544467364,6.034068117456715,9.463524688059758,5.786027358917863,21.759262533352313,-6.3507030817659444,10.856170865865995,-4.379423786196846
EFT:9.135079824804437,3.1647914000550204,10.136758544467359,6.034068117456714,9.463524688059755,5.786027358917865,21.759262533352317,-6.350703081765945,10.856170865865995,-4.379423786196846
Random22
Raw:9.135079824804437,3.1647914000550172,10.136758544467357,6.03406811745671,9.463524688059753,5.786027358917861,21.759262533352313,-6.350703081765946,10.856170865865993,-4.379423786196847
EFT:9.135079824804437,3.1647914000550204,10.136758544467359,6.034068117456714,9.463524688059755,5.786027358917865,21.759262533352317,-6.350703081765945,10.856170865865995,-4.379423786196846
Random23
Raw:9.13507982480444,3.1647914000550177,10.136758544467357,6.034068117456713,9.463524688059753,5.786027358917863,21.759262533352313,-6.350703081765947,10.856170865865995,-4.379423786196846
EFT:9.135079824804437,3.1647914000550204,10.136758544467359,6.034068117456714,9.463524688059755,5.786027358917865,21.759262533352317,-6.350703081765945,10.856170865865995,-4.379423786196846
Random24
Raw:9.135079824804437,3.1647914000550212,10.136758544467357,6.034068117456714,9.463524688059756,5.786027358917865,21.759262533352317,-6.350703081765943,10.856170865865995,-4.379423786196846
EFT:9.135079824804437,3.1647914000550204,10.136758544467359,6.034068117456714,9.463524688059755,5.786027358917865,21.759262533352317,-6.350703081765945,10.856170865865995,-4.379423786196846
Random25
Raw:9.13507982480444,3.164791400055022,10.136758544467362,6.034068117456714,9.463524688059758,5.786027358917862,21.759262533352313,-6.3507030817659444,10.856170865865995,-4.379423786196848
EFT:9.135079824804437,3.1647914000550204,10.136758544467359,6.034068117456714,9.463524688059755,5.786027358917865,21.759262533352317,-6.350703081765945,10.856170865865995,-4.379423786196846
Random26
Raw:9.13507982480444,3.164791400055021,10.136758544467357,6.034068117456713,9.463524688059755,5.786027358917866,21.759262533352317,-6.350703081765947,10.856170865865998,-4.379423786196846
EFT:9.135079824804437,3.1647914000550204,10.136758544467359,6.034068117456714,9.463524688059755,5.786027358917865,21.759262533352317,-6.350703081765945,10.856170865865995,-4.379423786196846
Random27
Raw:9.13507982480444,3.164791400055019,10.136758544467355,6.034068117456712,9.463524688059755,5.786027358917863,21.759262533352313,-6.350703081765948,10.856170865865995,-4.379423786196847
EFT:9.135079824804437,3.1647914000550204,10.136758544467359,6.034068117456714,9.463524688059755,5.786027358917865,21.759262533352317,-6.350703081765945,10.856170865865995,-4.379423786196846
Random28
Raw:9.13507982480444,3.164791400055023,10.136758544467359,6.034068117456715,9.463524688059756,5.786027358917864,21.759262533352313,-6.350703081765945,10.856170865865995,-4.379423786196845
EFT:9.135079824804437,3.1647914000550204,10.136758544467359,6.034068117456714,9.463524688059755,5.786027358917865,21.759262533352317,-6.350703081765945,10.856170865865995,-4.379423786196846
Random29
Raw:9.13507982480444,3.164791400055023,10.136758544467362,6.034068117456715,9.463524688059758,5.786027358917863,21.759262533352317,-6.350703081765946,10.856170865865995,-4.379423786196847
EFT:9.135079824804437,3.1647914000550204,10.136758544467359,6.034068117456714,9.463524688059755,5.786027358917865,21.759262533352317,-6.350703081765945,10.856170865865995,-4.379423786196846
Random30
Raw:9.135079824804441,3.1647914000550186,10.13675854446736,6.034068117456714,9.463524688059755,5.7860273589178615,21.759262533352313,-6.350703081765946,10.856170865865996,-4.379423786196849
EFT:9.135079824804437,3.1647914000550204,10.136758544467359,6.034068117456714,9.463524688059755,5.786027358917865,21.759262533352317,-6.350703081765945,10.856170865865995,-4.379423786196846
Random31
Raw:9.13507982480444,3.164791400055024,10.136758544467364,6.034068117456717,9.463524688059758,5.786027358917865,21.759262533352317,-6.350703081765945,10.856170865865998,-4.379423786196846
EFT:9.135079824804437,3.1647914000550204,10.136758544467359,6.034068117456714,9.463524688059755,5.786027358917865,21.759262533352317,-6.350703081765945,10.856170865865995,-4.379423786196846
Random32
Raw:9.13507982480444,3.164791400055021,10.136758544467362,6.034068117456715,9.463524688059758,5.786027358917863,21.759262533352317,-6.350703081765946,10.856170865865998,-4.379423786196847
EFT:9.135079824804437,3.1647914000550204,10.136758544467359,6.034068117456714,9.463524688059755,5.786027358917865,21.759262533352317,-6.350703081765945,10.856170865865995,-4.379423786196846
Random33
Raw:9.135079824804437,3.1647914000550257,10.13675854446736,6.034068117456717,9.463524688059756,5.786027358917868,21.75926253335232,-6.350703081765943,10.856170865865998,-4.379423786196845
EFT:9.135079824804437,3.1647914000550204,10.136758544467359,6.034068117456714,9.463524688059755,5.786027358917865,21.759262533352317,-6.350703081765945,10.856170865865995,-4.379423786196846
Random34
Raw:9.13507982480444,3.1647914000550226,10.136758544467364,6.034068117456714,9.463524688059758,5.786027358917863,21.759262533352317,-6.350703081765945,10.856170865865995,-4.379423786196847
EFT:9.135079824804437,3.1647914000550204,10.136758544467359,6.034068117456714,9.463524688059755,5.786027358917865,21.759262533352317,-6.350703081765945,10.856170865865995,-4.379423786196846
Random35
Raw:9.13507982480444,3.164791400055023,10.13675854446736,6.034068117456715,9.463524688059756,5.786027358917864,21.759262533352317,-6.350703081765947,10.856170865865996,-4.379423786196847
EFT:9.135079824804437,3.1647914000550204,10.136758544467359,6.034068117456714,9.463524688059755,5.786027358917865,21.759262533352317,-6.350703081765945,10.856170865865995,-4.379423786196846
Random36
Raw:9.13507982480444,3.1647914000550195,10.136758544467357,6.034068117456712,9.463524688059756,5.786027358917863,21.759262533352317,-6.350703081765947,10.856170865865996,-4.379423786196846
EFT:9.135079824804437,3.1647914000550204,10.136758544467359,6.034068117456714,9.463524688059755,5.786027358917865,21.759262533352317,-6.350703081765945,10.856170865865995,-4.379423786196846
Random37
Raw:9.13507982480444,3.1647914000550226,10.136758544467362,6.034068117456715,9.463524688059756,5.786027358917866,21.759262533352317,-6.3507030817659444,10.856170865865998,-4.379423786196847
EFT:9.135079824804437,3.1647914000550204,10.136758544467359,6.034068117456714,9.463524688059755,5.786027358917865,21.759262533352317,-6.350703081765945,10.856170865865995,-4.379423786196846
Random38
Raw:9.13507982480444,3.1647914000550212,10.136758544467359,6.034068117456713,9.463524688059755,5.786027358917864,21.759262533352317,-6.350703081765946,10.856170865865995,-4.379423786196846
EFT:9.135079824804437,3.1647914000550204,10.136758544467359,6.034068117456714,9.463524688059755,5.786027358917865,21.759262533352317,-6.350703081765945,10.856170865865995,-4.379423786196846
Random39
Raw:9.13507982480444,3.164791400055023,10.136758544467359,6.034068117456716,9.463524688059756,5.786027358917866,21.759262533352317,-6.350703081765945,10.856170865865996,-4.379423786196844
EFT:9.135079824804437,3.1647914000550204,10.136758544467359,6.034068117456714,9.463524688059755,5.786027358917865,21.759262533352317,-6.350703081765945,10.856170865865995,-4.379423786196846
Random40
Raw:9.135079824804437,3.1647914000550212,10.136758544467359,6.034068117456714,9.463524688059755,5.786027358917865,21.759262533352317,-6.350703081765945,10.856170865865995,-4.379423786196847
EFT:9.135079824804437,3.1647914000550204,10.136758544467359,6.034068117456714,9.463524688059755,5.786027358917865,21.759262533352317,-6.350703081765945,10.856170865865995,-4.379423786196846
Random41
Raw:9.13507982480444,3.164791400055021,10.136758544467362,6.034068117456716,9.463524688059756,5.786027358917866,21.759262533352317,-6.350703081765946,10.856170865865995,-4.379423786196847
EFT:9.135079824804437,3.1647914000550204,10.136758544467359,6.034068117456714,9.463524688059755,5.786027358917865,21.759262533352317,-6.350703081765945,10.856170865865995,-4.379423786196846
Random42
Raw:9.13507982480444,3.1647914000550212,10.136758544467359,6.034068117456714,9.463524688059756,5.786027358917865,21.759262533352317,-6.350703081765946,10.856170865865995,-4.379423786196846
EFT:9.135079824804437,3.1647914000550204,10.136758544467359,6.034068117456714,9.463524688059755,5.786027358917865,21.759262533352317,-6.350703081765945,10.856170865865995,-4.379423786196846
Random43
Raw:9.135079824804437,3.164791400055021,10.13675854446736,6.034068117456713,9.463524688059755,5.786027358917863,21.759262533352313,-6.350703081765946,10.856170865865995,-4.379423786196847
EFT:9.135079824804437,3.1647914000550204,10.136758544467359,6.034068117456714,9.463524688059755,5.786027358917865,21.759262533352317,-6.350703081765945,10.856170865865995,-4.379423786196846
Random44
Raw:9.13507982480444,3.164791400055022,10.136758544467362,6.034068117456715,9.463524688059758,5.786027358917867,21.759262533352317,-6.3507030817659444,10.856170865865995,-4.379423786196847
EFT:9.135079824804437,3.1647914000550204,10.136758544467359,6.034068117456714,9.463524688059755,5.786027358917865,21.759262533352317,-6.350703081765945,10.856170865865995,-4.379423786196846
Random45
Raw:9.135079824804437,3.164791400055021,10.13675854446736,6.034068117456713,9.463524688059753,5.786027358917862,21.759262533352313,-6.350703081765945,10.856170865865995,-4.379423786196847
EFT:9.135079824804437,3.1647914000550204,10.136758544467359,6.034068117456714,9.463524688059755,5.786027358917865,21.759262533352317,-6.350703081765945,10.856170865865995,-4.379423786196846
Random46
Raw:9.13507982480444,3.164791400055021,10.136758544467362,6.034068117456713,9.463524688059756,5.786027358917865,21.759262533352317,-6.350703081765947,10.856170865865998,-4.379423786196847
EFT:9.135079824804437,3.1647914000550204,10.136758544467359,6.034068117456714,9.463524688059755,5.786027358917865,21.759262533352317,-6.350703081765945,10.856170865865995,-4.379423786196846
Random47
Raw:9.13507982480444,3.164791400055019,10.136758544467357,6.034068117456712,9.463524688059753,5.786027358917863,21.759262533352317,-6.350703081765948,10.856170865865995,-4.379423786196847
EFT:9.135079824804437,3.1647914000550204,10.136758544467359,6.034068117456714,9.463524688059755,5.786027358917865,21.759262533352317,-6.350703081765945,10.856170865865995,-4.379423786196846
Random48
Raw:9.135079824804441,3.164791400055021,10.136758544467362,6.034068117456712,9.463524688059756,5.786027358917862,21.759262533352317,-6.350703081765946,10.856170865865996,-4.379423786196847
EFT:9.135079824804437,3.1647914000550204,10.136758544467359,6.034068117456714,9.463524688059755,5.786027358917865,21.759262533352317,-6.350703081765945,10.856170865865995,-4.379423786196846
Random49
Raw:9.13507982480444,3.164791400055019,10.136758544467359,6.034068117456711,9.463524688059756,5.7860273589178615,21.759262533352313,-6.350703081765947,10.856170865865995,-4.379423786196847
EFT:9.135079824804437,3.1647914000550204,10.136758544467359,6.034068117456714,9.463524688059755,5.786027358917865,21.759262533352317,-6.350703081765945,10.856170865865995,-4.379423786196846
Random50
Raw:9.13507982480444,3.164791400055022,10.136758544467362,6.034068117456717,9.463524688059756,5.786027358917866,21.759262533352317,-6.350703081765946,10.856170865865996,-4.3794237861968455
EFT:9.135079824804437,3.1647914000550204,10.136758544467359,6.034068117456714,9.463524688059755,5.786027358917865,21.759262533352317,-6.350703081765945,10.856170865865995,-4.379423786196846
Random51
Raw:9.135079824804437,3.164791400055021,10.136758544467362,6.034068117456714,9.463524688059756,5.786027358917862,21.759262533352313,-6.350703081765945,10.856170865865995,-4.379423786196847
EFT:9.135079824804437,3.1647914000550204,10.136758544467359,6.034068117456714,9.463524688059755,5.786027358917865,21.759262533352317,-6.350703081765945,10.856170865865995,-4.379423786196846
Random52
Raw:9.13507982480444,3.1647914000550212,10.136758544467359,6.034068117456714,9.463524688059756,5.786027358917865,21.759262533352317,-6.3507030817659444,10.856170865865998,-4.3794237861968455
EFT:9.135079824804437,3.1647914000550204,10.136758544467359,6.034068117456714,9.463524688059755,5.786027358917865,21.759262533352317,-6.350703081765945,10.856170865865995,-4.379423786196846
Random53
Raw:9.13507982480444,3.164791400055023,10.13675854446736,6.034068117456716,9.463524688059756,5.786027358917863,21.759262533352317,-6.350703081765945,10.856170865865995,-4.3794237861968455
EFT:9.135079824804437,3.1647914000550204,10.136758544467359,6.034068117456714,9.463524688059755,5.786027358917865,21.759262533352317,-6.350703081765945,10.856170865865995,-4.379423786196846
Random54
Raw:9.13507982480444,3.164791400055022,10.136758544467362,6.034068117456715,9.463524688059758,5.786027358917863,21.759262533352317,-6.350703081765945,10.856170865865996,-4.379423786196847
EFT:9.135079824804437,3.1647914000550204,10.136758544467359,6.034068117456714,9.463524688059755,5.786027358917865,21.759262533352317,-6.350703081765945,10.856170865865995,-4.379423786196846
Random55
Raw:9.13507982480444,3.1647914000550195,10.136758544467362,6.034068117456713,9.463524688059756,5.786027358917864,21.759262533352317,-6.350703081765948,10.856170865865996,-4.379423786196847
EFT:9.135079824804437,3.1647914000550204,10.136758544467359,6.034068117456714,9.463524688059755,5.786027358917865,21.759262533352317,-6.350703081765945,10.856170865865995,-4.379423786196846
Random56
Raw:9.13507982480444,3.164791400055025,10.136758544467359,6.034068117456714,9.463524688059755,5.786027358917866,21.759262533352317,-6.3507030817659444,10.856170865865995,-4.379423786196847
EFT:9.135079824804437,3.1647914000550204,10.136758544467359,6.034068117456714,9.463524688059755,5.786027358917865,21.759262533352317,-6.350703081765945,10.856170865865995,-4.379423786196846
Random57
Raw:9.13507982480444,3.1647914000550226,10.136758544467362,6.034068117456716,9.463524688059756,5.786027358917867,21.759262533352317,-6.350703081765946,10.856170865865995,-4.379423786196847
EFT:9.135079824804437,3.1647914000550204,10.136758544467359,6.034068117456714,9.463524688059755,5.786027358917865,21.759262533352317,-6.350703081765945,10.856170865865995,-4.379423786196846
Random58
Raw:9.13507982480444,3.1647914000550212,10.136758544467359,6.0340681174567115,9.463524688059756,5.786027358917863,21.759262533352313,-6.3507030817659444,10.856170865865995,-4.379423786196846
EFT:9.135079824804437,3.1647914000550204,10.136758544467359,6.034068117456714,9.463524688059755,5.786027358917865,21.759262533352317,-6.350703081765945,10.856170865865995,-4.379423786196846
Random59
Raw:9.135079824804437,3.1647914000550186,10.136758544467357,6.034068117456712,9.463524688059751,5.786027358917864,21.759262533352313,-6.350703081765945,10.856170865865995,-4.379423786196847
EFT:9.135079824804437,3.1647914000550204,10.136758544467359,6.034068117456714,9.463524688059755,5.786027358917865,21.759262533352317,-6.350703081765945,10.856170865865995,-4.379423786196846
Random60
Raw:9.13507982480444,3.164791400055023,10.136758544467362,6.034068117456714,9.463524688059756,5.786027358917863,21.759262533352317,-6.350703081765945,10.856170865865998,-4.379423786196847
EFT:9.135079824804437,3.1647914000550204,10.136758544467359,6.034068117456714,9.463524688059755,5.786027358917865,21.759262533352317,-6.350703081765945,10.856170865865995,-4.379423786196846
Random61
Raw:9.13507982480444,3.1647914000550226,10.136758544467364,6.034068117456715,9.463524688059756,5.786027358917866,21.759262533352317,-6.3507030817659444,10.856170865865995,-4.379423786196847
EFT:9.135079824804437,3.1647914000550204,10.136758544467359,6.034068117456714,9.463524688059755,5.786027358917865,21.759262533352317,-6.350703081765945,10.856170865865995,-4.379423786196846
Random62
Raw:9.13507982480444,3.164791400055022,10.136758544467362,6.034068117456715,9.463524688059758,5.786027358917864,21.759262533352317,-6.3507030817659444,10.856170865865995,-4.379423786196847
EFT:9.135079824804437,3.1647914000550204,10.136758544467359,6.034068117456714,9.463524688059755,5.786027358917865,21.759262533352317,-6.350703081765945,10.856170865865995,-4.379423786196846
Random63
Raw:9.13507982480444,3.1647914000550244,10.136758544467362,6.034068117456716,9.463524688059756,5.786027358917864,21.759262533352313,-6.350703081765944,10.856170865865995,-4.379423786196847
EFT:9.135079824804437,3.1647914000550204,10.136758544467359,6.034068117456714,9.463524688059755,5.786027358917865,21.759262533352317,-6.350703081765945,10.856170865865995,-4.379423786196846
Random64
Raw:9.13507982480444,3.164791400055021,10.136758544467362,6.034068117456714,9.463524688059756,5.786027358917864,21.759262533352317,-6.350703081765946,10.856170865865996,-4.379423786196849
EFT:9.135079824804437,3.1647914000550204,10.136758544467359,6.034068117456714,9.463524688059755,5.786027358917865,21.759262533352317,-6.350703081765945,10.856170865865995,-4.379423786196846
Random65
Raw:9.13507982480444,3.1647914000550226,10.136758544467359,6.034068117456714,9.463524688059756,5.786027358917865,21.759262533352317,-6.350703081765945,10.856170865865996,-4.3794237861968455
EFT:9.135079824804437,3.1647914000550204,10.136758544467359,6.034068117456714,9.463524688059755,5.786027358917865,21.759262533352317,-6.350703081765945,10.856170865865995,-4.379423786196846
Random66
Raw:9.135079824804437,3.1647914000550204,10.136758544467359,6.034068117456714,9.463524688059756,5.786027358917863,21.759262533352317,-6.350703081765946,10.856170865865996,-4.379423786196846
EFT:9.135079824804437,3.1647914000550204,10.136758544467359,6.034068117456714,9.463524688059755,5.786027358917865,21.759262533352317,-6.350703081765945,10.856170865865995,-4.379423786196846
Random67
Raw:9.135079824804437,3.1647914000550226,10.136758544467362,6.034068117456715,9.463524688059756,5.786027358917863,21.759262533352313,-6.3507030817659444,10.856170865865995,-4.379423786196846
EFT:9.135079824804437,3.1647914000550204,10.136758544467359,6.034068117456714,9.463524688059755,5.786027358917865,21.759262533352317,-6.350703081765945,10.856170865865995,-4.379423786196846
Random68
Raw:9.13507982480444,3.1647914000550195,10.13675854446736,6.034068117456714,9.463524688059756,5.786027358917862,21.759262533352317,-6.350703081765945,10.856170865865995,-4.379423786196847
EFT:9.135079824804437,3.1647914000550204,10.136758544467359,6.034068117456714,9.463524688059755,5.786027358917865,21.759262533352317,-6.350703081765945,10.856170865865995,-4.379423786196846
Random69
Raw:9.13507982480444,3.1647914000550212,10.136758544467362,6.034068117456715,9.463524688059758,5.786027358917863,21.759262533352317,-6.350703081765945,10.856170865865996,-4.379423786196847
EFT:9.135079824804437,3.1647914000550204,10.136758544467359,6.034068117456714,9.463524688059755,5.786027358917865,21.759262533352317,-6.350703081765945,10.856170865865995,-4.379423786196846
Random70
Raw:9.13507982480444,3.1647914000550212,10.13675854446736,6.034068117456715,9.463524688059756,5.786027358917864,21.759262533352317,-6.350703081765945,10.856170865865995,-4.379423786196847
EFT:9.135079824804437,3.1647914000550204,10.136758544467359,6.034068117456714,9.463524688059755,5.786027358917865,21.759262533352317,-6.350703081765945,10.856170865865995,-4.379423786196846
Random71
Raw:9.13507982480444,3.1647914000550212,10.136758544467359,6.034068117456714,9.463524688059756,5.786027358917867,21.759262533352317,-6.350703081765945,10.856170865865995,-4.3794237861968455
EFT:9.135079824804437,3.1647914000550204,10.136758544467359,6.034068117456714,9.463524688059755,5.786027358917865,21.759262533352317,-6.350703081765945,10.856170865865995,-4.379423786196846
Random72
Raw:9.13507982480444,3.1647914000550212,10.13675854446736,6.034068117456714,9.463524688059756,5.786027358917865,21.759262533352317,-6.350703081765946,10.856170865865998,-4.3794237861968455
EFT:9.135079824804437,3.1647914000550204,10.136758544467359,6.034068117456714,9.463524688059755,5.786027358917865,21.759262533352317,-6.350703081765945,10.856170865865995,-4.379423786196846
Random73
Raw:9.13507982480444,3.1647914000550195,10.136758544467359,6.0340681174567115,9.463524688059755,5.7860273589178615,21.759262533352317,-6.350703081765946,10.856170865865995,-4.379423786196847
EFT:9.135079824804437,3.1647914000550204,10.136758544467359,6.034068117456714,9.463524688059755,5.786027358917865,21.759262533352317,-6.350703081765945,10.856170865865995,-4.379423786196846
Random74
Raw:9.13507982480444,3.164791400055023,10.136758544467359,6.034068117456714,9.463524688059756,5.786027358917864,21.759262533352313,-6.350703081765946,10.856170865865995,-4.379423786196846
EFT:9.135079824804437,3.1647914000550204,10.136758544467359,6.034068117456714,9.463524688059755,5.786027358917865,21.759262533352317,-6.350703081765945,10.856170865865995,-4.379423786196846
Random75
Raw:9.13507982480444,3.1647914000550204,10.136758544467359,6.034068117456713,9.463524688059756,5.786027358917862,21.759262533352317,-6.350703081765946,10.856170865865995,-4.379423786196846
EFT:9.135079824804437,3.1647914000550204,10.136758544467359,6.034068117456714,9.463524688059755,5.786027358917865,21.759262533352317,-6.350703081765945,10.856170865865995,-4.379423786196846
Random76
Raw:9.135079824804437,3.164791400055023,10.136758544467359,6.034068117456716,9.463524688059755,5.786027358917866,21.759262533352317,-6.350703081765945,10.856170865865996,-4.3794237861968455
EFT:9.135079824804437,3.1647914000550204,10.136758544467359,6.034068117456714,9.463524688059755,5.786027358917865,21.759262533352317,-6.350703081765945,10.856170865865995,-4.379423786196846
Random77
Raw:9.135079824804437,3.1647914000550186,10.136758544467359,6.034068117456712,9.463524688059756,5.786027358917864,21.759262533352317,-6.350703081765948,10.856170865865995,-4.379423786196846
EFT:9.135079824804437,3.1647914000550204,10.136758544467359,6.034068117456714,9.463524688059755,5.786027358917865,21.759262533352317,-6.350703081765945,10.856170865865995,-4.379423786196846
Random78
Raw:9.135079824804437,3.164791400055019,10.136758544467357,6.034068117456711,9.463524688059755,5.786027358917862,21.759262533352317,-6.350703081765947,10.856170865865995,-4.379423786196847
EFT:9.135079824804437,3.1647914000550204,10.136758544467359,6.034068117456714,9.463524688059755,5.786027358917865,21.759262533352317,-6.350703081765945,10.856170865865995,-4.379423786196846
Random79
Raw:9.13507982480444,3.1647914000550212,10.136758544467359,6.034068117456712,9.463524688059756,5.786027358917864,21.759262533352313,-6.350703081765946,10.856170865865996,-4.3794237861968455
EFT:9.135079824804437,3.1647914000550204,10.136758544467359,6.034068117456714,9.463524688059755,5.786027358917865,21.759262533352317,-6.350703081765945,10.856170865865995,-4.379423786196846
Random80
Raw:9.13507982480444,3.1647914000550177,10.13675854446736,6.034068117456714,9.463524688059756,5.786027358917864,21.759262533352313,-6.350703081765946,10.856170865865995,-4.379423786196847
EFT:9.135079824804437,3.1647914000550204,10.136758544467359,6.034068117456714,9.463524688059755,5.786027358917865,21.759262533352317,-6.350703081765945,10.856170865865995,-4.379423786196846
Random81
Raw:9.13507982480444,3.1647914000550212,10.136758544467359,6.034068117456714,9.463524688059756,5.786027358917865,21.759262533352317,-6.350703081765946,10.856170865865998,-4.3794237861968455
EFT:9.135079824804437,3.1647914000550204,10.136758544467359,6.034068117456714,9.463524688059755,5.786027358917865,21.759262533352317,-6.350703081765945,10.856170865865995,-4.379423786196846
Random82
Raw:9.13507982480444,3.1647914000550212,10.136758544467359,6.034068117456715,9.463524688059756,5.786027358917865,21.759262533352313,-6.350703081765945,10.856170865865995,-4.3794237861968455
EFT:9.135079824804437,3.1647914000550204,10.136758544467359,6.034068117456714,9.463524688059755,5.786027358917865,21.759262533352317,-6.350703081765945,10.856170865865995,-4.379423786196846
Random83
Raw:9.13507982480444,3.1647914000550212,10.136758544467357,6.034068117456714,9.463524688059756,5.786027358917864,21.759262533352313,-6.350703081765946,10.856170865865995,-4.3794237861968455
EFT:9.135079824804437,3.1647914000550204,10.136758544467359,6.034068117456714,9.463524688059755,5.786027358917865,21.759262533352317,-6.350703081765945,10.856170865865995,-4.379423786196846
Random84
Raw:9.135079824804437,3.164791400055021,10.13675854446736,6.034068117456715,9.463524688059756,5.786027358917866,21.759262533352317,-6.350703081765946,10.856170865865998,-4.3794237861968455
EFT:9.135079824804437,3.1647914000550204,10.136758544467359,6.034068117456714,9.463524688059755,5.786027358917865,21.759262533352317,-6.350703081765945,10.856170865865995,-4.379423786196846
Random85
Raw:9.13507982480444,3.1647914000550266,10.136758544467364,6.034068117456719,9.463524688059758,5.786027358917866,21.759262533352317,-6.3507030817659444,10.856170865865998,-4.379423786196846
EFT:9.135079824804437,3.1647914000550204,10.136758544467359,6.034068117456714,9.463524688059755,5.786027358917865,21.759262533352317,-6.350703081765945,10.856170865865995,-4.379423786196846
Random86
Raw:9.135079824804437,3.1647914000550195,10.136758544467357,6.0340681174567115,9.463524688059755,5.7860273589178615,21.75926253335231,-6.350703081765946,10.856170865865995,-4.379423786196846
EFT:9.135079824804437,3.1647914000550204,10.136758544467359,6.034068117456714,9.463524688059755,5.786027358917865,21.759262533352317,-6.350703081765945,10.856170865865995,-4.379423786196846
Random87
Raw:9.135079824804437,3.164791400055022,10.136758544467357,6.034068117456715,9.463524688059756,5.786027358917865,21.759262533352317,-6.350703081765945,10.856170865865996,-4.379423786196846
EFT:9.135079824804437,3.1647914000550204,10.136758544467359,6.034068117456714,9.463524688059755,5.786027358917865,21.759262533352317,-6.350703081765945,10.856170865865995,-4.379423786196846
Random88
Raw:9.13507982480444,3.1647914000550195,10.136758544467359,6.034068117456713,9.463524688059755,5.786027358917863,21.759262533352313,-6.3507030817659444,10.856170865865995,-4.379423786196847
EFT:9.135079824804437,3.1647914000550204,10.136758544467359,6.034068117456714,9.463524688059755,5.786027358917865,21.759262533352317,-6.350703081765945,10.856170865865995,-4.379423786196846
Random89
Raw:9.13507982480444,3.1647914000550212,10.136758544467357,6.034068117456712,9.463524688059756,5.786027358917862,21.759262533352317,-6.350703081765946,10.856170865865995,-4.379423786196847
EFT:9.135079824804437,3.1647914000550204,10.136758544467359,6.034068117456714,9.463524688059755,5.786027358917865,21.759262533352317,-6.350703081765945,10.856170865865995,-4.379423786196846
Random90
Raw:9.13507982480444,3.1647914000550212,10.13675854446736,6.034068117456713,9.463524688059756,5.786027358917864,21.759262533352317,-6.350703081765947,10.856170865865996,-4.379423786196847
EFT:9.135079824804437,3.1647914000550204,10.136758544467359,6.034068117456714,9.463524688059755,5.786027358917865,21.759262533352317,-6.350703081765945,10.856170865865995,-4.379423786196846
Random91
Raw:9.13507982480444,3.1647914000550212,10.136758544467364,6.034068117456717,9.463524688059756,5.786027358917865,21.759262533352317,-6.3507030817659444,10.856170865865996,-4.379423786196847
EFT:9.135079824804437,3.1647914000550204,10.136758544467359,6.034068117456714,9.463524688059755,5.786027358917865,21.759262533352317,-6.350703081765945,10.856170865865995,-4.379423786196846
Random92
Raw:9.13507982480444,3.1647914000550226,10.136758544467362,6.034068117456714,9.463524688059756,5.786027358917863,21.759262533352317,-6.350703081765946,10.856170865865996,-4.379423786196848
EFT:9.135079824804437,3.1647914000550204,10.136758544467359,6.034068117456714,9.463524688059755,5.786027358917865,21.759262533352317,-6.350703081765945,10.856170865865995,-4.379423786196846
Random93
Raw:9.13507982480444,3.164791400055022,10.136758544467362,6.034068117456716,9.463524688059756,5.786027358917865,21.759262533352313,-6.3507030817659444,10.856170865865998,-4.379423786196847
EFT:9.135079824804437,3.1647914000550204,10.136758544467359,6.034068117456714,9.463524688059755,5.786027358917865,21.759262533352317,-6.350703081765945,10.856170865865995,-4.379423786196846
Random94
Raw:9.13507982480444,3.164791400055024,10.136758544467364,6.034068117456717,9.463524688059756,5.786027358917865,21.759262533352313,-6.3507030817659444,10.856170865865995,-4.379423786196847
EFT:9.135079824804437,3.1647914000550204,10.136758544467359,6.034068117456714,9.463524688059755,5.786027358917865,21.759262533352317,-6.350703081765945,10.856170865865995,-4.379423786196846
Random95
Raw:9.13507982480444,3.1647914000550226,10.136758544467362,6.034068117456715,9.463524688059758,5.786027358917864,21.759262533352317,-6.350703081765945,10.856170865865995,-4.379423786196847
EFT:9.135079824804437,3.1647914000550204,10.136758544467359,6.034068117456714,9.463524688059755,5.786027358917865,21.759262533352317,-6.350703081765945,10.856170865865995,-4.379423786196846
Random96
Raw:9.13507982480444,3.1647914000550226,10.136758544467362,6.034068117456715,9.463524688059756,5.786027358917866,21.759262533352317,-6.350703081765947,10.856170865865998,-4.379423786196846
EFT:9.135079824804437,3.1647914000550204,10.136758544467359,6.034068117456714,9.463524688059755,5.786027358917865,21.759262533352317,-6.350703081765945,10.856170865865995,-4.379423786196846
Random97
Raw:9.135079824804437,3.1647914000550212,10.136758544467359,6.034068117456714,9.463524688059756,5.786027358917862,21.759262533352317,-6.350703081765945,10.856170865865995,-4.379423786196847
EFT:9.135079824804437,3.1647914000550204,10.136758544467359,6.034068117456714,9.463524688059755,5.786027358917865,21.759262533352317,-6.350703081765945,10.856170865865995,-4.379423786196846
Random98
Raw:9.13507982480444,3.164791400055019,10.13675854446736,6.034068117456714,9.463524688059755,5.786027358917865,21.759262533352313,-6.350703081765946,10.856170865865993,-4.379423786196848
EFT:9.135079824804437,3.1647914000550204,10.136758544467359,6.034068117456714,9.463524688059755,5.786027358917865,21.759262533352317,-6.350703081765945,10.856170865865995,-4.379423786196846
Random99
Raw:9.13507982480444,3.164791400055021,10.13675854446736,6.034068117456714,9.463524688059755,5.786027358917865,21.759262533352317,-6.350703081765946,10.856170865865995,-4.379423786196847
EFT:9.135079824804437,3.1647914000550204,10.136758544467359,6.034068117456714,9.463524688059755,5.786027358917865,21.759262533352317,-6.350703081765945,10.856170865865995,-4.379423786196846
Random100
Raw:9.135079824804437,3.1647914000550195,10.136758544467359,6.034068117456715,9.463524688059755,5.786027358917864,21.759262533352317,-6.350703081765944,10.856170865865996,-4.379423786196847
EFT:9.135079824804437,3.1647914000550204,10.136758544467359,6.034068117456714,9.463524688059755,5.786027358917865,21.759262533352317,-6.350703081765945,10.856170865865995,-4.379423786196846
Random101
Raw:9.13507982480444,3.164791400055024,10.13675854446736,6.034068117456717,9.463524688059756,5.786027358917868,21.759262533352317,-6.350703081765945,10.856170865865998,-4.3794237861968455
EFT:9.135079824804437,3.1647914000550204,10.136758544467359,6.034068117456714,9.463524688059755,5.786027358917865,21.759262533352317,-6.350703081765945,10.856170865865995,-4.379423786196846
Random102
Raw:9.13507982480444,3.1647914000550212,10.136758544467359,6.034068117456714,9.463524688059756,5.786027358917865,21.759262533352317,-6.3507030817659444,10.856170865865996,-4.3794237861968455
EFT:9.135079824804437,3.1647914000550204,10.136758544467359,6.034068117456714,9.463524688059755,5.786027358917865,21.759262533352317,-6.350703081765945,10.856170865865995,-4.379423786196846
Random103
Raw:9.13507982480444,3.164791400055021,10.13675854446736,6.0340681174567115,9.463524688059756,5.786027358917863,21.759262533352317,-6.350703081765946,10.856170865865995,-4.37942378619685
EFT:9.135079824804437,3.1647914000550204,10.136758544467359,6.034068117456714,9.463524688059755,5.786027358917865,21.759262533352317,-6.350703081765945,10.856170865865995,-4.379423786196846
Random104
Raw:9.13507982480444,3.164791400055022,10.136758544467362,6.034068117456717,9.463524688059756,5.786027358917865,21.759262533352313,-6.350703081765945,10.856170865865996,-4.379423786196847
EFT:9.135079824804437,3.1647914000550204,10.136758544467359,6.034068117456714,9.463524688059755,5.786027358917865,21.759262533352317,-6.350703081765945,10.856170865865995,-4.379423786196846
Random105
Raw:9.13507982480444,3.1647914000550212,10.136758544467359,6.034068117456713,9.463524688059755,5.786027358917862,21.759262533352317,-6.350703081765946,10.856170865865996,-4.379423786196847
EFT:9.135079824804437,3.1647914000550204,10.136758544467359,6.034068117456714,9.463524688059755,5.786027358917865,21.759262533352317,-6.350703081765945,10.856170865865995,-4.379423786196846
Random106
Raw:9.13507982480444,3.1647914000550212,10.13675854446736,6.034068117456713,9.463524688059756,5.786027358917864,21.759262533352317,-6.350703081765946,10.856170865865995,-4.3794237861968455
EFT:9.135079824804437,3.1647914000550204,10.136758544467359,6.034068117456714,9.463524688059755,5.786027358917865,21.759262533352317,-6.350703081765945,10.856170865865995,-4.379423786196846
Random107
Raw:9.13507982480444,3.164791400055022,10.136758544467362,6.034068117456715,9.463524688059756,5.786027358917863,21.759262533352317,-6.350703081765945,10.856170865865995,-4.379423786196847
EFT:9.135079824804437,3.1647914000550204,10.136758544467359,6.034068117456714,9.463524688059755,5.786027358917865,21.759262533352317,-6.350703081765945,10.856170865865995,-4.379423786196846
Random108
Raw:9.13507982480444,3.1647914000550177,10.136758544467359,6.034068117456712,9.463524688059756,5.786027358917864,21.759262533352317,-6.350703081765947,10.856170865865996,-4.379423786196846
EFT:9.135079824804437,3.1647914000550204,10.136758544467359,6.034068117456714,9.463524688059755,5.786027358917865,21.759262533352317,-6.350703081765945,10.856170865865995,-4.379423786196846
Random109
Raw:9.13507982480444,3.1647914000550204,10.136758544467357,6.034068117456713,9.463524688059756,5.786027358917863,21.75926253335232,-6.350703081765948,10.856170865865996,-4.3794237861968455
EFT:9.135079824804437,3.1647914000550204,10.136758544467359,6.034068117456714,9.463524688059755,5.786027358917865,21.759262533352317,-6.350703081765945,10.856170865865995,-4.379423786196846
Random110
Raw:9.13507982480444,3.164791400055019,10.13675854446736,6.034068117456714,9.463524688059756,5.786027358917865,21.759262533352317,-6.350703081765947,10.856170865865995,-4.379423786196847
EFT:9.135079824804437,3.1647914000550204,10.136758544467359,6.034068117456714,9.463524688059755,5.786027358917865,21.759262533352317,-6.350703081765945,10.856170865865995,-4.379423786196846
Random111
Raw:9.135079824804441,3.164791400055023,10.136758544467362,6.034068117456716,9.463524688059756,5.786027358917865,21.759262533352317,-6.350703081765946,10.856170865865996,-4.379423786196847
EFT:9.135079824804437,3.1647914000550204,10.136758544467359,6.034068117456714,9.463524688059755,5.786027358917865,21.759262533352317,-6.350703081765945,10.856170865865995,-4.379423786196846
Random112
Raw:9.13507982480444,3.164791400055019,10.13675854446736,6.034068117456712,9.463524688059755,5.786027358917863,21.759262533352317,-6.350703081765949,10.856170865865991,-4.379423786196849
EFT:9.135079824804437,3.1647914000550204,10.136758544467359,6.034068117456714,9.463524688059755,5.786027358917865,21.759262533352317,-6.350703081765945,10.856170865865995,-4.379423786196846
Random113
Raw:9.13507982480444,3.1647914000550195,10.136758544467357,6.034068117456711,9.463524688059756,5.7860273589178615,21.759262533352317,-6.350703081765948,10.856170865865996,-4.379423786196847
EFT:9.135079824804437,3.1647914000550204,10.136758544467359,6.034068117456714,9.463524688059755,5.786027358917865,21.759262533352317,-6.350703081765945,10.856170865865995,-4.379423786196846
Random114
Raw:9.13507982480444,3.164791400055018,10.136758544467355,6.0340681174567115,9.463524688059753,5.7860273589178615,21.759262533352317,-6.350703081765946,10.856170865865995,-4.379423786196848
EFT:9.135079824804437,3.1647914000550204,10.136758544467359,6.034068117456714,9.463524688059755,5.786027358917865,21.759262533352317,-6.350703081765945,10.856170865865995,-4.379423786196846
Random115
Raw:9.13507982480444,3.164791400055022,10.136758544467362,6.034068117456712,9.463524688059756,5.786027358917863,21.759262533352317,-6.350703081765945,10.856170865865995,-4.379423786196847
EFT:9.135079824804437,3.1647914000550204,10.136758544467359,6.034068117456714,9.463524688059755,5.786027358917865,21.759262533352317,-6.350703081765945,10.856170865865995,-4.379423786196846
Random116
Raw:9.13507982480444,3.164791400055019,10.136758544467359,6.034068117456712,9.463524688059755,5.786027358917864,21.759262533352317,-6.350703081765948,10.856170865865996,-4.379423786196846
EFT:9.135079824804437,3.1647914000550204,10.136758544467359,6.034068117456714,9.463524688059755,5.786027358917865,21.759262533352317,-6.350703081765945,10.856170865865995,-4.379423786196846
Random117
Raw:9.13507982480444,3.164791400055025,10.136758544467362,6.034068117456717,9.463524688059756,5.786027358917866,21.759262533352313,-6.350703081765946,10.856170865865998,-4.379423786196847
EFT:9.135079824804437,3.1647914000550204,10.136758544467359,6.034068117456714,9.463524688059755,5.786027358917865,21.759262533352317,-6.350703081765945,10.856170865865995,-4.379423786196846
Random118
Raw:9.135079824804437,3.1647914000550212,10.136758544467359,6.034068117456714,9.463524688059756,5.786027358917865,21.759262533352313,-6.350703081765945,10.856170865865995,-4.379423786196847
EFT:9.135079824804437,3.1647914000550204,10.136758544467359,6.034068117456714,9.463524688059755,5.786027358917865,21.759262533352317,-6.350703081765945,10.856170865865995,-4.379423786196846
Random119
Raw:9.13507982480444,3.1647914000550226,10.136758544467362,6.034068117456714,9.463524688059756,5.786027358917865,21.759262533352317,-6.350703081765945,10.856170865865996,-4.379423786196847
EFT:9.135079824804437,3.1647914000550204,10.136758544467359,6.034068117456714,9.463524688059755,5.786027358917865,21.759262533352317,-6.350703081765945,10.856170865865995,-4.379423786196846
Random120
Raw:9.135079824804437,3.164791400055021,10.136758544467359,6.034068117456712,9.463524688059753,5.786027358917863,21.759262533352313,-6.350703081765947,10.856170865865995,-4.379423786196846
EFT:9.135079824804437,3.1647914000550204,10.136758544467359,6.034068117456714,9.463524688059755,5.786027358917865,21.759262533352317,-6.350703081765945,10.856170865865995,-4.379423786196846
Random121
Raw:9.13507982480444,3.1647914000550226,10.136758544467362,6.034068117456716,9.463524688059756,5.786027358917863,21.759262533352313,-6.350703081765945,10.856170865865996,-4.379423786196847
EFT:9.135079824804437,3.1647914000550204,10.136758544467359,6.034068117456714,9.463524688059755,5.786027358917865,21.759262533352317,-6.350703081765945,10.856170865865995,-4.379423786196846
Random122
Raw:9.13507982480444,3.1647914000550204,10.13675854446736,6.034068117456714,9.463524688059755,5.786027358917863,21.759262533352313,-6.350703081765946,10.856170865865993,-4.379423786196847
EFT:9.135079824804437,3.1647914000550204,10.136758544467359,6.034068117456714,9.463524688059755,5.786027358917865,21.759262533352317,-6.350703081765945,10.856170865865995,-4.379423786196846
Random123
Raw:9.13507982480444,3.164791400055021,10.136758544467359,6.034068117456714,9.463524688059756,5.786027358917864,21.759262533352317,-6.350703081765947,10.856170865865996,-4.3794237861968455
EFT:9.135079824804437,3.1647914000550204,10.136758544467359,6.034068117456714,9.463524688059755,5.786027358917865,21.759262533352317,-6.350703081765945,10.856170865865995,-4.379423786196846
Random124
Raw:9.13507982480444,3.1647914000550212,10.13675854446736,6.034068117456712,9.463524688059756,5.786027358917863,21.759262533352313,-6.350703081765945,10.856170865865995,-4.379423786196846
EFT:9.135079824804437,3.1647914000550204,10.136758544467359,6.034068117456714,9.463524688059755,5.786027358917865,21.759262533352317,-6.350703081765945,10.856170865865995,-4.379423786196846
Random125
Raw:9.13507982480444,3.164791400055025,10.136758544467362,6.034068117456717,9.463524688059758,5.786027358917867,21.75926253335232,-6.3507030817659444,10.856170865865998,-4.379423786196847
EFT:9.135079824804437,3.1647914000550204,10.136758544467359,6.034068117456714,9.463524688059755,5.786027358917865,21.759262533352317,-6.350703081765945,10.856170865865995,-4.379423786196846
Random126
Raw:9.13507982480444,3.1647914000550212,10.13675854446736,6.034068117456715,9.463524688059756,5.786027358917864,21.759262533352317,-6.350703081765946,10.856170865865996,-4.379423786196848
EFT:9.135079824804437,3.1647914000550204,10.136758544467359,6.034068117456714,9.463524688059755,5.786027358917865,21.759262533352317,-6.350703081765945,10.856170865865995,-4.379423786196846
Random127
Raw:9.135079824804437,3.1647914000550212,10.136758544467357,6.034068117456713,9.463524688059753,5.786027358917866,21.759262533352313,-6.350703081765947,10.856170865865996,-4.3794237861968455
EFT:9.135079824804437,3.1647914000550204,10.136758544467359,6.034068117456714,9.463524688059755,5.786027358917865,21.759262533352317,-6.350703081765945,10.856170865865995,-4.379423786196846
Random128
Raw:9.13507982480444,3.164791400055023,10.136758544467362,6.034068117456715,9.463524688059758,5.786027358917866,21.759262533352317,-6.350703081765945,10.856170865865996,-4.379423786196847
EFT:9.135079824804437,3.1647914000550204,10.136758544467359,6.034068117456714,9.463524688059755,5.786027358917865,21.759262533352317,-6.350703081765945,10.856170865865995,-4.379423786196846
Random129
Raw:9.135079824804441,3.1647914000550155,10.13675854446736,6.0340681174567115,9.463524688059755,5.786027358917859,21.759262533352313,-6.35070308176595,10.856170865865993,-4.379423786196849
EFT:9.135079824804437,3.1647914000550204,10.136758544467359,6.034068117456714,9.463524688059755,5.786027358917865,21.759262533352317,-6.350703081765945,10.856170865865995,-4.379423786196846
Random130
Raw:9.13507982480444,3.1647914000550172,10.136758544467357,6.034068117456709,9.463524688059753,5.786027358917861,21.759262533352313,-6.350703081765948,10.856170865865995,-4.379423786196847
EFT:9.135079824804437,3.1647914000550204,10.136758544467359,6.034068117456714,9.463524688059755,5.786027358917865,21.759262533352317,-6.350703081765945,10.856170865865995,-4.379423786196846
Random131
Raw:9.13507982480444,3.1647914000550195,10.13675854446736,6.034068117456712,9.463524688059756,5.786027358917863,21.759262533352313,-6.350703081765947,10.856170865865996,-4.379423786196847
EFT:9.135079824804437,3.1647914000550204,10.136758544467359,6.034068117456714,9.463524688059755,5.786027358917865,21.759262533352317,-6.350703081765945,10.856170865865995,-4.379423786196846
Random132
Raw:9.13507982480444,3.164791400055025,10.136758544467364,6.034068117456716,9.463524688059758,5.786027358917866,21.759262533352317,-6.350703081765944,10.856170865865998,-4.379423786196847
EFT:9.135079824804437,3.1647914000550204,10.136758544467359,6.034068117456714,9.463524688059755,5.786027358917865,21.759262533352317,-6.350703081765945,10.856170865865995,-4.379423786196846
Random133
Raw:9.13507982480444,3.1647914000550186,10.136758544467357,6.034068117456712,9.463524688059756,5.786027358917863,21.759262533352313,-6.350703081765948,10.856170865865998,-4.3794237861968455
EFT:9.135079824804437,3.1647914000550204,10.136758544467359,6.034068117456714,9.463524688059755,5.786027358917865,21.759262533352317,-6.350703081765945,10.856170865865995,-4.379423786196846
Random134
Raw:9.13507982480444,3.164791400055021,10.136758544467362,6.034068117456713,9.463524688059756,5.786027358917864,21.759262533352313,-6.350703081765947,10.856170865865996,-4.379423786196847
EFT:9.135079824804437,3.1647914000550204,10.136758544467359,6.034068117456714,9.463524688059755,5.786027358917865,21.759262533352317,-6.350703081765945,10.856170865865995,-4.379423786196846
Random135
Raw:9.13507982480444,3.164791400055021,10.136758544467364,6.034068117456716,9.463524688059756,5.786027358917863,21.759262533352313,-6.350703081765945,10.856170865865996,-4.379423786196848
EFT:9.135079824804437,3.1647914000550204,10.136758544467359,6.034068117456714,9.463524688059755,5.786027358917865,21.759262533352317,-6.350703081765945,10.856170865865995,-4.379423786196846
Random136
Raw:9.13507982480444,3.164791400055023,10.136758544467362,6.034068117456715,9.463524688059758,5.786027358917862,21.759262533352317,-6.3507030817659444,10.856170865865995,-4.379423786196847
EFT:9.135079824804437,3.1647914000550204,10.136758544467359,6.034068117456714,9.463524688059755,5.786027358917865,21.759262533352317,-6.350703081765945,10.856170865865995,-4.379423786196846
Random137
Raw:9.135079824804441,3.164791400055017,10.13675854446736,6.034068117456713,9.463524688059756,5.786027358917862,21.759262533352313,-6.350703081765951,10.856170865865995,-4.379423786196847
EFT:9.135079824804437,3.1647914000550204,10.136758544467359,6.034068117456714,9.463524688059755,5.786027358917865,21.759262533352317,-6.350703081765945,10.856170865865995,-4.379423786196846
Random138
Raw:9.13507982480444,3.1647914000550226,10.136758544467362,6.034068117456714,9.463524688059756,5.786027358917863,21.759262533352317,-6.3507030817659444,10.856170865865996,-4.379423786196847
EFT:9.135079824804437,3.1647914000550204,10.136758544467359,6.034068117456714,9.463524688059755,5.786027358917865,21.759262533352317,-6.350703081765945,10.856170865865995,-4.379423786196846
Random139
Raw:9.13507982480444,3.1647914000550212,10.136758544467362,6.034068117456714,9.463524688059758,5.7860273589178615,21.759262533352313,-6.350703081765946,10.856170865865995,-4.379423786196847
EFT:9.135079824804437,3.1647914000550204,10.136758544467359,6.034068117456714,9.463524688059755,5.786027358917865,21.759262533352317,-6.350703081765945,10.856170865865995,-4.379423786196846
Random140
Raw:9.135079824804441,3.1647914000550212,10.13675854446736,6.034068117456714,9.463524688059756,5.786027358917864,21.759262533352317,-6.350703081765947,10.856170865865996,-4.379423786196847
EFT:9.135079824804437,3.1647914000550204,10.136758544467359,6.034068117456714,9.463524688059755,5.786027358917865,21.759262533352317,-6.350703081765945,10.856170865865995,-4.379423786196846
Random141
Raw:9.135079824804441,3.164791400055025,10.136758544467364,6.034068117456718,9.463524688059758,5.786027358917868,21.759262533352317,-6.350703081765946,10.856170865865998,-4.3794237861968455
EFT:9.135079824804437,3.1647914000550204,10.136758544467359,6.034068117456714,9.463524688059755,5.786027358917865,21.759262533352317,-6.350703081765945,10.856170865865995,-4.379423786196846
Random142
Raw:9.13507982480444,3.1647914000550204,10.136758544467357,6.034068117456711,9.463524688059756,5.786027358917862,21.759262533352313,-6.350703081765946,10.856170865865995,-4.379423786196846
EFT:9.135079824804437,3.1647914000550204,10.136758544467359,6.034068117456714,9.463524688059755,5.786027358917865,21.759262533352317,-6.350703081765945,10.856170865865995,-4.379423786196846
Random143
Raw:9.135079824804437,3.1647914000550204,10.136758544467357,6.034068117456714,9.463524688059755,5.786027358917865,21.759262533352313,-6.350703081765947,10.856170865865995,-4.3794237861968455
EFT:9.135079824804437,3.1647914000550204,10.136758544467359,6.034068117456714,9.463524688059755,5.786027358917865,21.759262533352317,-6.350703081765945,10.856170865865995,-4.379423786196846
Random144
Raw:9.13507982480444,3.1647914000550212,10.136758544467362,6.034068117456716,9.463524688059758,5.786027358917866,21.759262533352317,-6.350703081765946,10.856170865865995,-4.379423786196847
EFT:9.135079824804437,3.1647914000550204,10.136758544467359,6.034068117456714,9.463524688059755,5.786027358917865,21.759262533352317,-6.350703081765945,10.856170865865995,-4.379423786196846
Random145
Raw:9.135079824804437,3.1647914000550204,10.136758544467359,6.034068117456711,9.463524688059755,5.786027358917862,21.759262533352313,-6.350703081765945,10.856170865865995,-4.379423786196847
EFT:9.135079824804437,3.1647914000550204,10.136758544467359,6.034068117456714,9.463524688059755,5.786027358917865,21.759262533352317,-6.350703081765945,10.856170865865995,-4.379423786196846
Random146
Raw:9.13507982480444,3.164791400055022,10.136758544467362,6.034068117456714,9.463524688059756,5.786027358917863,21.759262533352313,-6.350703081765946,10.856170865865995,-4.379423786196847
EFT:9.135079824804437,3.1647914000550204,10.136758544467359,6.034068117456714,9.463524688059755,5.786027358917865,21.759262533352317,-6.350703081765945,10.856170865865995,-4.379423786196846
Random147
Raw:9.13507982480444,3.1647914000550226,10.136758544467362,6.034068117456716,9.463524688059758,5.786027358917865,21.759262533352317,-6.350703081765946,10.856170865865998,-4.379423786196847
EFT:9.135079824804437,3.1647914000550204,10.136758544467359,6.034068117456714,9.463524688059755,5.786027358917865,21.759262533352317,-6.350703081765945,10.856170865865995,-4.379423786196846
Random148
Raw:9.13507982480444,3.1647914000550212,10.136758544467357,6.034068117456712,9.463524688059756,5.786027358917862,21.759262533352317,-6.350703081765945,10.856170865865995,-4.3794237861968455
EFT:9.135079824804437,3.1647914000550204,10.136758544467359,6.034068117456714,9.463524688059755,5.786027358917865,21.759262533352317,-6.350703081765945,10.856170865865995,-4.379423786196846
Random149
Raw:9.135079824804437,3.16479140005502,10.136758544467359,6.034068117456712,9.463524688059756,5.7860273589178615,21.759262533352313,-6.350703081765944,10.856170865865995,-4.379423786196847
EFT:9.135079824804437,3.1647914000550204,10.136758544467359,6.034068117456714,9.463524688059755,5.786027358917865,21.759262533352317,-6.350703081765945,10.856170865865995,-4.379423786196846
Random150
Raw:9.135079824804437,3.164791400055017,10.136758544467357,6.034068117456711,9.463524688059755,5.7860273589178615,21.75926253335231,-6.350703081765945,10.856170865865991,-4.379423786196847
EFT:9.135079824804437,3.1647914000550204,10.136758544467359,6.034068117456714,9.463524688059755,5.786027358917865,21.759262533352317,-6.350703081765945,10.856170865865995,-4.379423786196846
Random151
Raw:9.13507982480444,3.1647914000550212,10.136758544467362,6.034068117456714,9.463524688059756,5.7860273589178615,21.759262533352313,-6.3507030817659444,10.856170865865995,-4.379423786196848
EFT:9.135079824804437,3.1647914000550204,10.136758544467359,6.034068117456714,9.463524688059755,5.786027358917865,21.759262533352317,-6.350703081765945,10.856170865865995,-4.379423786196846
Random152
Raw:9.13507982480444,3.164791400055023,10.13675854446736,6.034068117456715,9.463524688059756,5.786027358917865,21.759262533352317,-6.350703081765948,10.856170865865998,-4.379423786196848
EFT:9.135079824804437,3.1647914000550204,10.136758544467359,6.034068117456714,9.463524688059755,5.786027358917865,21.759262533352317,-6.350703081765945,10.856170865865995,-4.379423786196846
Random153
Raw:9.13507982480444,3.1647914000550226,10.13675854446736,6.034068117456715,9.463524688059756,5.786027358917863,21.759262533352313,-6.3507030817659444,10.856170865865995,-4.379423786196849
EFT:9.135079824804437,3.1647914000550204,10.136758544467359,6.034068117456714,9.463524688059755,5.786027358917865,21.759262533352317,-6.350703081765945,10.856170865865995,-4.379423786196846
Random154
Raw:9.13507982480444,3.1647914000550172,10.136758544467362,6.034068117456712,9.463524688059756,5.7860273589178615,21.759262533352313,-6.350703081765947,10.856170865865991,-4.379423786196849
EFT:9.135079824804437,3.1647914000550204,10.136758544467359,6.034068117456714,9.463524688059755,5.786027358917865,21.759262533352317,-6.350703081765945,10.856170865865995,-4.379423786196846
Random155
Raw:9.135079824804441,3.164791400055016,10.136758544467359,6.03406811745671,9.463524688059753,5.78602735891786,21.759262533352317,-6.35070308176595,10.856170865865991,-4.379423786196849
EFT:9.135079824804437,3.1647914000550204,10.136758544467359,6.034068117456714,9.463524688059755,5.786027358917865,21.759262533352317,-6.350703081765945,10.856170865865995,-4.379423786196846
Random156
Raw:9.13507982480444,3.164791400055023,10.136758544467362,6.034068117456715,9.463524688059758,5.786027358917865,21.759262533352317,-6.3507030817659444,10.856170865865995,-4.379423786196847
EFT:9.135079824804437,3.1647914000550204,10.136758544467359,6.034068117456714,9.463524688059755,5.786027358917865,21.759262533352317,-6.350703081765945,10.856170865865995,-4.379423786196846
Random157
Raw:9.13507982480444,3.1647914000550226,10.13675854446736,6.034068117456716,9.463524688059758,5.786027358917865,21.759262533352317,-6.350703081765946,10.856170865865996,-4.379423786196847
EFT:9.135079824804437,3.1647914000550204,10.136758544467359,6.034068117456714,9.463524688059755,5.786027358917865,21.759262533352317,-6.350703081765945,10.856170865865995,-4.379423786196846
Random158
Raw:9.13507982480444,3.1647914000550212,10.136758544467357,6.034068117456713,9.463524688059756,5.786027358917863,21.759262533352313,-6.350703081765945,10.856170865865995,-4.379423786196847
EFT:9.135079824804437,3.1647914000550204,10.136758544467359,6.034068117456714,9.463524688059755,5.786027358917865,21.759262533352317,-6.350703081765945,10.856170865865995,-4.379423786196846
Random159
Raw:9.13507982480444,3.164791400055019,10.136758544467359,6.034068117456713,9.463524688059755,5.786027358917864,21.759262533352313,-6.350703081765947,10.856170865865996,-4.379423786196846
EFT:9.135079824804437,3.1647914000550204,10.136758544467359,6.034068117456714,9.463524688059755,5.786027358917865,21.759262533352317,-6.350703081765945,10.856170865865995,-4.379423786196846
Random160
Raw:9.13507982480444,3.1647914000550195,10.136758544467359,6.034068117456714,9.463524688059755,5.786027358917864,21.759262533352317,-6.350703081765945,10.856170865865995,-4.379423786196847
EFT:9.135079824804437,3.1647914000550204,10.136758544467359,6.034068117456714,9.463524688059755,5.786027358917865,21.759262533352317,-6.350703081765945,10.856170865865995,-4.379423786196846
Random161
Raw:9.13507982480444,3.164791400055025,10.136758544467364,6.034068117456717,9.463524688059758,5.786027358917868,21.75926253335232,-6.3507030817659444,10.856170865865998,-4.379423786196846
EFT:9.135079824804437,3.1647914000550204,10.136758544467359,6.034068117456714,9.463524688059755,5.786027358917865,21.759262533352317,-6.350703081765945,10.856170865865995,-4.379423786196846
Random162
Raw:9.13507982480444,3.1647914000550195,10.136758544467359,6.034068117456712,9.463524688059755,5.786027358917863,21.759262533352313,-6.350703081765947,10.856170865865995,-4.379423786196849
EFT:9.135079824804437,3.1647914000550204,10.136758544467359,6.034068117456714,9.463524688059755,5.786027358917865,21.759262533352317,-6.350703081765945,10.856170865865995,-4.379423786196846
Random163
Raw:9.13507982480444,3.164791400055023,10.136758544467362,6.034068117456716,9.463524688059756,5.786027358917866,21.759262533352317,-6.3507030817659444,10.856170865865996,-4.379423786196847
EFT:9.135079824804437,3.1647914000550204,10.136758544467359,6.034068117456714,9.463524688059755,5.786027358917865,21.759262533352317,-6.350703081765945,10.856170865865995,-4.379423786196846
Random164
Raw:9.13507982480444,3.164791400055022,10.13675854446736,6.034068117456713,9.463524688059756,5.786027358917864,21.759262533352317,-6.350703081765945,10.856170865865995,-4.379423786196846
EFT:9.135079824804437,3.1647914000550204,10.136758544467359,6.034068117456714,9.463524688059755,5.786027358917865,21.759262533352317,-6.350703081765945,10.856170865865995,-4.379423786196846
Random165
Raw:9.13507982480444,3.1647914000550195,10.136758544467355,6.0340681174567115,9.463524688059755,5.786027358917862,21.759262533352313,-6.350703081765948,10.856170865865996,-4.379423786196847
EFT:9.135079824804437,3.1647914000550204,10.136758544467359,6.034068117456714,9.463524688059755,5.786027358917865,21.759262533352317,-6.350703081765945,10.856170865865995,-4.379423786196846
Random166
Raw:9.13507982480444,3.164791400055023,10.136758544467362,6.034068117456715,9.463524688059756,5.786027358917864,21.759262533352317,-6.350703081765946,10.856170865865996,-4.3794237861968455
EFT:9.135079824804437,3.1647914000550204,10.136758544467359,6.034068117456714,9.463524688059755,5.786027358917865,21.759262533352317,-6.350703081765945,10.856170865865995,-4.379423786196846
Random167
Raw:9.13507982480444,3.1647914000550177,10.136758544467359,6.0340681174567115,9.463524688059753,5.7860273589178615,21.759262533352317,-6.350703081765946,10.856170865865995,-4.379423786196848
EFT:9.135079824804437,3.1647914000550204,10.136758544467359,6.034068117456714,9.463524688059755,5.786027358917865,21.759262533352317,-6.350703081765945,10.856170865865995,-4.379423786196846
Random168
Raw:9.135079824804441,3.1647914000550186,10.136758544467362,6.034068117456713,9.463524688059756,5.7860273589178615,21.759262533352313,-6.350703081765947,10.856170865865993,-4.379423786196848
EFT:9.135079824804437,3.1647914000550204,10.136758544467359,6.034068117456714,9.463524688059755,5.786027358917865,21.759262533352317,-6.350703081765945,10.856170865865995,-4.379423786196846
Random169
Raw:9.13507982480444,3.1647914000550226,10.136758544467362,6.034068117456715,9.463524688059758,5.786027358917863,21.759262533352317,-6.350703081765946,10.856170865865996,-4.379423786196847
EFT:9.135079824804437,3.1647914000550204,10.136758544467359,6.034068117456714,9.463524688059755,5.786027358917865,21.759262533352317,-6.350703081765945,10.856170865865995,-4.379423786196846
Random170
Raw:9.135079824804437,3.1647914000550177,10.136758544467355,6.0340681174567115,9.463524688059753,5.786027358917862,21.759262533352313,-6.350703081765949,10.856170865865995,-4.379423786196846
EFT:9.135079824804437,3.1647914000550204,10.136758544467359,6.034068117456714,9.463524688059755,5.786027358917865,21.759262533352317,-6.350703081765945,10.856170865865995,-4.379423786196846
Random171
Raw:9.13507982480444,3.1647914000550195,10.136758544467357,6.034068117456712,9.463524688059753,5.786027358917864,21.759262533352317,-6.350703081765946,10.856170865865996,-4.379423786196847
EFT:9.135079824804437,3.1647914000550204,10.136758544467359,6.034068117456714,9.463524688059755,5.786027358917865,21.759262533352317,-6.350703081765945,10.856170865865995,-4.379423786196846
Random172
Raw:9.13507982480444,3.164791400055016,10.13675854446736,6.0340681174567115,9.463524688059753,5.786027358917863,21.759262533352317,-6.350703081765948,10.856170865865995,-4.379423786196847
EFT:9.135079824804437,3.1647914000550204,10.136758544467359,6.034068117456714,9.463524688059755,5.786027358917865,21.759262533352317,-6.350703081765945,10.856170865865995,-4.379423786196846
Random173
Raw:9.13507982480444,3.164791400055022,10.136758544467359,6.034068117456714,9.463524688059756,5.786027358917864,21.75926253335232,-6.350703081765945,10.856170865865996,-4.3794237861968455
EFT:9.135079824804437,3.1647914000550204,10.136758544467359,6.034068117456714,9.463524688059755,5.786027358917865,21.759262533352317,-6.350703081765945,10.856170865865995,-4.379423786196846
Random174
Raw:9.13507982480444,3.164791400055023,10.136758544467362,6.034068117456714,9.463524688059756,5.786027358917866,21.759262533352317,-6.350703081765947,10.856170865865995,-4.3794237861968455
EFT:9.135079824804437,3.1647914000550204,10.136758544467359,6.034068117456714,9.463524688059755,5.786027358917865,21.759262533352317,-6.350703081765945,10.856170865865995,-4.379423786196846
Random175
Raw:9.135079824804441,3.1647914000550212,10.136758544467362,6.034068117456714,9.463524688059756,5.786027358917865,21.759262533352317,-6.350703081765947,10.856170865865996,-4.379423786196847
EFT:9.135079824804437,3.1647914000550204,10.136758544467359,6.034068117456714,9.463524688059755,5.786027358917865,21.759262533352317,-6.350703081765945,10.856170865865995,-4.379423786196846
Random176
Raw:9.13507982480444,3.1647914000550212,10.136758544467357,6.034068117456713,9.463524688059755,5.786027358917863,21.759262533352317,-6.350703081765947,10.856170865865996,-4.379423786196846
EFT:9.135079824804437,3.1647914000550204,10.136758544467359,6.034068117456714,9.463524688059755,5.786027358917865,21.759262533352317,-6.350703081765945,10.856170865865995,-4.379423786196846
Random177
Raw:9.13507982480444,3.1647914000550186,10.13675854446736,6.034068117456714,9.463524688059756,5.786027358917864,21.759262533352317,-6.350703081765947,10.856170865865995,-4.379423786196847
EFT:9.135079824804437,3.1647914000550204,10.136758544467359,6.034068117456714,9.463524688059755,5.786027358917865,21.759262533352317,-6.350703081765945,10.856170865865995,-4.379423786196846
Random178
Raw:9.13507982480444,3.164791400055022,10.13675854446736,6.034068117456717,9.463524688059756,5.786027358917866,21.759262533352317,-6.3507030817659444,10.856170865865996,-4.3794237861968455
EFT:9.135079824804437,3.1647914000550204,10.136758544467359,6.034068117456714,9.463524688059755,5.786027358917865,21.759262533352317,-6.350703081765945,10.856170865865995,-4.379423786196846
Random179
Raw:9.13507982480444,3.164791400055022,10.136758544467359,6.034068117456714,9.463524688059756,5.786027358917865,21.759262533352317,-6.350703081765945,10.856170865865996,-4.3794237861968455
EFT:9.135079824804437,3.1647914000550204,10.136758544467359,6.034068117456714,9.463524688059755,5.786027358917865,21.759262533352317,-6.350703081765945,10.856170865865995,-4.379423786196846
Random180
Raw:9.13507982480444,3.164791400055021,10.136758544467359,6.034068117456715,9.463524688059756,5.786027358917865,21.759262533352317,-6.350703081765946,10.856170865865996,-4.379423786196846
EFT:9.135079824804437,3.1647914000550204,10.136758544467359,6.034068117456714,9.463524688059755,5.786027358917865,21.759262533352317,-6.350703081765945,10.856170865865995,-4.379423786196846
Random181
Raw:9.135079824804437,3.1647914000550244,10.13675854446736,6.034068117456716,9.463524688059756,5.786027358917866,21.759262533352317,-6.350703081765944,10.856170865865998,-4.3794237861968455
EFT:9.135079824804437,3.1647914000550204,10.136758544467359,6.034068117456714,9.463524688059755,5.786027358917865,21.759262533352317,-6.350703081765945,10.856170865865995,-4.379423786196846
Random182
Raw:9.13507982480444,3.1647914000550212,10.136758544467359,6.034068117456715,9.463524688059756,5.786027358917865,21.759262533352317,-6.350703081765946,10.856170865865996,-4.3794237861968455
EFT:9.135079824804437,3.1647914000550204,10.136758544467359,6.034068117456714,9.463524688059755,5.786027358917865,21.759262533352317,-6.350703081765945,10.856170865865995,-4.379423786196846
Random183
Raw:9.13507982480444,3.1647914000550212,10.13675854446736,6.034068117456715,9.463524688059758,5.786027358917865,21.759262533352317,-6.350703081765945,10.856170865865995,-4.3794237861968455
EFT:9.135079824804437,3.1647914000550204,10.136758544467359,6.034068117456714,9.463524688059755,5.786027358917865,21.759262533352317,-6.350703081765945,10.856170865865995,-4.379423786196846
Random184
Raw:9.13507982480444,3.164791400055023,10.136758544467359,6.034068117456716,9.463524688059756,5.786027358917863,21.759262533352317,-6.350703081765946,10.856170865865998,-4.379423786196845
EFT:9.135079824804437,3.1647914000550204,10.136758544467359,6.034068117456714,9.463524688059755,5.786027358917865,21.759262533352317,-6.350703081765945,10.856170865865995,-4.379423786196846
Random185
Raw:9.13507982480444,3.1647914000550212,10.13675854446736,6.034068117456713,9.463524688059756,5.786027358917863,21.759262533352313,-6.350703081765947,10.856170865865995,-4.379423786196847
EFT:9.135079824804437,3.1647914000550204,10.136758544467359,6.034068117456714,9.463524688059755,5.786027358917865,21.759262533352317,-6.350703081765945,10.856170865865995,-4.379423786196846
Random186
Raw:9.13507982480444,3.164791400055021,10.13675854446736,6.034068117456713,9.463524688059756,5.786027358917862,21.759262533352313,-6.350703081765948,10.856170865865996,-4.379423786196847
EFT:9.135079824804437,3.1647914000550204,10.136758544467359,6.034068117456714,9.463524688059755,5.786027358917865,21.759262533352317,-6.350703081765945,10.856170865865995,-4.379423786196846
Random187
Raw:9.13507982480444,3.164791400055025,10.136758544467362,6.034068117456718,9.463524688059758,5.786027358917866,21.759262533352317,-6.350703081765946,10.856170865865995,-4.379423786196846
EFT:9.135079824804437,3.1647914000550204,10.136758544467359,6.034068117456714,9.463524688059755,5.786027358917865,21.759262533352317,-6.350703081765945,10.856170865865995,-4.379423786196846
Random188
Raw:9.13507982480444,3.164791400055023,10.136758544467362,6.034068117456715,9.463524688059758,5.786027358917867,21.759262533352317,-6.350703081765945,10.856170865865996,-4.379423786196847
EFT:9.135079824804437,3.1647914000550204,10.136758544467359,6.034068117456714,9.463524688059755,5.786027358917865,21.759262533352317,-6.350703081765945,10.856170865865995,-4.379423786196846
Random189
Raw:9.135079824804441,3.1647914000550195,10.136758544467359,6.034068117456714,9.463524688059755,5.786027358917863,21.759262533352317,-6.350703081765948,10.856170865865998,-4.3794237861968455
EFT:9.135079824804437,3.1647914000550204,10.136758544467359,6.034068117456714,9.463524688059755,5.786027358917865,21.759262533352317,-6.350703081765945,10.856170865865995,-4.379423786196846
Random190
Raw:9.13507982480444,3.1647914000550195,10.136758544467359,6.034068117456712,9.463524688059756,5.786027358917863,21.759262533352317,-6.350703081765948,10.856170865865996,-4.3794237861968455
EFT:9.135079824804437,3.1647914000550204,10.136758544467359,6.034068117456714,9.463524688059755,5.786027358917865,21.759262533352317,-6.350703081765945,10.856170865865995,-4.379423786196846
Random191
Raw:9.13507982480444,3.164791400055021,10.136758544467357,6.034068117456713,9.463524688059756,5.786027358917863,21.759262533352313,-6.350703081765946,10.856170865865995,-4.3794237861968455
EFT:9.135079824804437,3.1647914000550204,10.136758544467359,6.034068117456714,9.463524688059755,5.786027358917865,21.759262533352317,-6.350703081765945,10.856170865865995,-4.379423786196846
Random192
Raw:9.13507982480444,3.1647914000550212,10.136758544467359,6.034068117456713,9.463524688059756,5.786027358917862,21.759262533352317,-6.350703081765946,10.856170865865993,-4.379423786196847
EFT:9.135079824804437,3.1647914000550204,10.136758544467359,6.034068117456714,9.463524688059755,5.786027358917865,21.759262533352317,-6.350703081765945,10.856170865865995,-4.379423786196846
Random193
Raw:9.135079824804437,3.1647914000550226,10.136758544467359,6.034068117456717,9.463524688059756,5.786027358917866,21.759262533352317,-6.350703081765945,10.856170865865996,-4.3794237861968455
EFT:9.135079824804437,3.1647914000550204,10.136758544467359,6.034068117456714,9.463524688059755,5.786027358917865,21.759262533352317,-6.350703081765945,10.856170865865995,-4.379423786196846
Random194
Raw:9.13507982480444,3.1647914000550195,10.136758544467357,6.034068117456712,9.463524688059756,5.786027358917863,21.759262533352317,-6.350703081765946,10.856170865865995,-4.3794237861968455
EFT:9.135079824804437,3.1647914000550204,10.136758544467359,6.034068117456714,9.463524688059755,5.786027358917865,21.759262533352317,-6.350703081765945,10.856170865865995,-4.379423786196846
Random195
Raw:9.135079824804437,3.1647914000550204,10.136758544467359,6.034068117456713,9.463524688059755,5.786027358917863,21.759262533352313,-6.350703081765945,10.856170865865995,-4.379423786196847
EFT:9.135079824804437,3.1647914000550204,10.136758544467359,6.034068117456714,9.463524688059755,5.786027358917865,21.759262533352317,-6.350703081765945,10.856170865865995,-4.379423786196846
Random196
Raw:9.135079824804437,3.1647914000550195,10.136758544467355,6.0340681174567115,9.463524688059753,5.786027358917863,21.75926253335231,-6.350703081765946,10.856170865865995,-4.379423786196846
EFT:9.135079824804437,3.1647914000550204,10.136758544467359,6.034068117456714,9.463524688059755,5.786027358917865,21.759262533352317,-6.350703081765945,10.856170865865995,-4.379423786196846
Random197
Raw:9.13507982480444,3.164791400055025,10.136758544467362,6.034068117456717,9.463524688059758,5.786027358917865,21.759262533352317,-6.350703081765946,10.856170865865998,-4.379423786196846
EFT:9.135079824804437,3.1647914000550204,10.136758544467359,6.034068117456714,9.463524688059755,5.786027358917865,21.759262533352317,-6.350703081765945,10.856170865865995,-4.379423786196846
Random198
Raw:9.13507982480444,3.1647914000550195,10.136758544467359,6.034068117456712,9.463524688059755,5.786027358917863,21.759262533352317,-6.350703081765947,10.856170865865998,-4.379423786196847
EFT:9.135079824804437,3.1647914000550204,10.136758544467359,6.034068117456714,9.463524688059755,5.786027358917865,21.759262533352317,-6.350703081765945,10.856170865865995,-4.379423786196846
Random199
Raw:9.135079824804437,3.164791400055025,10.13675854446736,6.034068117456716,9.463524688059756,5.786027358917865,21.759262533352313,-6.3507030817659444,10.856170865865998,-4.3794237861968455
EFT:9.135079824804437,3.1647914000550204,10.136758544467359,6.034068117456714,9.463524688059755,5.786027358917865,21.759262533352317,-6.350703081765945,10.856170865865995,-4.379423786196846
Random200
Raw:9.13507982480444,3.1647914000550177,10.136758544467355,6.03406811745671,9.463524688059753,5.78602735891786,21.759262533352313,-6.350703081765949,10.856170865865993,-4.379423786196847
EFT:9.135079824804437,3.1647914000550204,10.136758544467359,6.034068117456714,9.463524688059755,5.786027358917865,21.759262533352317,-6.350703081765945,10.856170865865995,-4.379423786196846
Random201
Raw:9.13507982480444,3.1647914000550226,10.136758544467359,6.034068117456715,9.463524688059756,5.786027358917864,21.759262533352317,-6.350703081765946,10.856170865865996,-4.3794237861968455
EFT:9.135079824804437,3.1647914000550204,10.136758544467359,6.034068117456714,9.463524688059755,5.786027358917865,21.759262533352317,-6.350703081765945,10.856170865865995,-4.379423786196846
Random202
Raw:9.13507982480444,3.164791400055021,10.13675854446736,6.034068117456713,9.463524688059756,5.786027358917862,21.759262533352317,-6.350703081765946,10.856170865865995,-4.3794237861968455
EFT:9.135079824804437,3.1647914000550204,10.136758544467359,6.034068117456714,9.463524688059755,5.786027358917865,21.759262533352317,-6.350703081765945,10.856170865865995,-4.379423786196846
Random203
Raw:9.13507982480444,3.1647914000550226,10.136758544467362,6.034068117456716,9.463524688059758,5.786027358917865,21.759262533352313,-6.3507030817659444,10.856170865865996,-4.379423786196847
EFT:9.135079824804437,3.1647914000550204,10.136758544467359,6.034068117456714,9.463524688059755,5.786027358917865,21.759262533352317,-6.350703081765945,10.856170865865995,-4.379423786196846
Random204
Raw:9.13507982480444,3.164791400055019,10.136758544467362,6.034068117456713,9.463524688059756,5.7860273589178615,21.759262533352313,-6.350703081765948,10.856170865865996,-4.379423786196848
EFT:9.135079824804437,3.1647914000550204,10.136758544467359,6.034068117456714,9.463524688059755,5.786027358917865,21.759262533352317,-6.350703081765945,10.856170865865995,-4.379423786196846
Random205
Raw:9.13507982480444,3.1647914000550212,10.136758544467362,6.034068117456713,9.463524688059756,5.786027358917862,21.759262533352317,-6.350703081765946,10.856170865865995,-4.379423786196847
EFT:9.135079824804437,3.1647914000550204,10.136758544467359,6.034068117456714,9.463524688059755,5.786027358917865,21.759262533352317,-6.350703081765945,10.856170865865995,-4.379423786196846
Random206
Raw:9.13507982480444,3.1647914000550204,10.13675854446736,6.034068117456714,9.463524688059753,5.786027358917864,21.759262533352317,-6.350703081765946,10.856170865865995,-4.379423786196847
EFT:9.135079824804437,3.1647914000550204,10.136758544467359,6.034068117456714,9.463524688059755,5.786027358917865,21.759262533352317,-6.350703081765945,10.856170865865995,-4.379423786196846
Random207
Raw:9.13507982480444,3.1647914000550204,10.136758544467359,6.034068117456714,9.463524688059755,5.786027358917865,21.759262533352317,-6.350703081765945,10.856170865865995,-4.379423786196846
EFT:9.135079824804437,3.1647914000550204,10.136758544467359,6.034068117456714,9.463524688059755,5.786027358917865,21.759262533352317,-6.350703081765945,10.856170865865995,-4.379423786196846
Random208
Raw:9.13507982480444,3.164791400055019,10.136758544467359,6.0340681174567115,9.463524688059755,5.7860273589178615,21.759262533352317,-6.350703081765947,10.856170865865995,-4.379423786196847
EFT:9.135079824804437,3.1647914000550204,10.136758544467359,6.034068117456714,9.463524688059755,5.786027358917865,21.759262533352317,-6.350703081765945,10.856170865865995,-4.379423786196846
Random209
Raw:9.13507982480444,3.1647914000550212,10.13675854446736,6.034068117456713,9.463524688059756,5.786027358917862,21.759262533352313,-6.350703081765948,10.856170865865995,-4.379423786196847
EFT:9.135079824804437,3.1647914000550204,10.136758544467359,6.034068117456714,9.463524688059755,5.786027358917865,21.759262533352317,-6.350703081765945,10.856170865865995,-4.379423786196846
Random210
Raw:9.13507982480444,3.1647914000550212,10.136758544467359,6.034068117456712,9.463524688059756,5.786027358917865,21.759262533352317,-6.350703081765945,10.856170865865998,-4.379423786196846
EFT:9.135079824804437,3.1647914000550204,10.136758544467359,6.034068117456714,9.463524688059755,5.786027358917865,21.759262533352317,-6.350703081765945,10.856170865865995,-4.379423786196846
Random211
Raw:9.13507982480444,3.164791400055021,10.136758544467359,6.034068117456714,9.463524688059755,5.786027358917865,21.759262533352313,-6.3507030817659444,10.856170865865995,-4.379423786196846
EFT:9.135079824804437,3.1647914000550204,10.136758544467359,6.034068117456714,9.463524688059755,5.786027358917865,21.759262533352317,-6.350703081765945,10.856170865865995,-4.379423786196846
Random212
Raw:9.135079824804441,3.1647914000550186,10.136758544467359,6.034068117456712,9.463524688059755,5.786027358917862,21.759262533352317,-6.350703081765949,10.856170865865995,-4.379423786196849
EFT:9.135079824804437,3.1647914000550204,10.136758544467359,6.034068117456714,9.463524688059755,5.786027358917865,21.759262533352317,-6.350703081765945,10.856170865865995,-4.379423786196846
Random213
Raw:9.13507982480444,3.1647914000550212,10.136758544467357,6.034068117456714,9.463524688059756,5.786027358917863,21.759262533352317,-6.350703081765945,10.856170865865995,-4.379423786196846
EFT:9.135079824804437,3.1647914000550204,10.136758544467359,6.034068117456714,9.463524688059755,5.786027358917865,21.759262533352317,-6.350703081765945,10.856170865865995,-4.379423786196846
Random214
Raw:9.13507982480444,3.164791400055025,10.13675854446736,6.034068117456718,9.463524688059756,5.786027358917867,21.759262533352317,-6.350703081765946,10.856170865865998,-4.379423786196846
EFT:9.135079824804437,3.1647914000550204,10.136758544467359,6.034068117456714,9.463524688059755,5.786027358917865,21.759262533352317,-6.350703081765945,10.856170865865995,-4.379423786196846
Random215
Raw:9.135079824804437,3.1647914000550186,10.136758544467359,6.034068117456712,9.463524688059755,5.786027358917862,21.759262533352317,-6.350703081765944,10.856170865865993,-4.379423786196847
EFT:9.135079824804437,3.1647914000550204,10.136758544467359,6.034068117456714,9.463524688059755,5.786027358917865,21.759262533352317,-6.350703081765945,10.856170865865995,-4.379423786196846
Random216
Raw:9.13507982480444,3.164791400055017,10.136758544467359,6.034068117456713,9.463524688059755,5.786027358917863,21.759262533352317,-6.350703081765948,10.856170865865995,-4.379423786196847
EFT:9.135079824804437,3.1647914000550204,10.136758544467359,6.034068117456714,9.463524688059755,5.786027358917865,21.759262533352317,-6.350703081765945,10.856170865865995,-4.379423786196846
Random217
Raw:9.13507982480444,3.1647914000550226,10.136758544467359,6.034068117456716,9.463524688059756,5.786027358917865,21.759262533352317,-6.350703081765945,10.856170865865995,-4.3794237861968455
EFT:9.135079824804437,3.1647914000550204,10.136758544467359,6.034068117456714,9.463524688059755,5.786027358917865,21.759262533352317,-6.350703081765945,10.856170865865995,-4.379423786196846
Random218
Raw:9.135079824804441,3.1647914000550177,10.13675854446736,6.034068117456713,9.463524688059755,5.7860273589178615,21.759262533352313,-6.350703081765947,10.856170865865995,-4.379423786196849
EFT:9.135079824804437,3.1647914000550204,10.136758544467359,6.034068117456714,9.463524688059755,5.786027358917865,21.759262533352317,-6.350703081765945,10.856170865865995,-4.379423786196846
Random219
Raw:9.13507982480444,3.1647914000550217,10.13675854446736,6.034068117456715,9.463524688059755,5.786027358917864,21.759262533352317,-6.350703081765946,10.856170865865998,-4.379423786196847
EFT:9.135079824804437,3.1647914000550204,10.136758544467359,6.034068117456714,9.463524688059755,5.786027358917865,21.759262533352317,-6.350703081765945,10.856170865865995,-4.379423786196846
Random220
Raw:9.135079824804437,3.164791400055021,10.136758544467359,6.034068117456715,9.463524688059755,5.786027358917865,21.759262533352317,-6.350703081765946,10.856170865865996,-4.3794237861968455
EFT:9.135079824804437,3.1647914000550204,10.136758544467359,6.034068117456714,9.463524688059755,5.786027358917865,21.759262533352317,-6.350703081765945,10.856170865865995,-4.379423786196846
Random221
Raw:9.13507982480444,3.1647914000550204,10.136758544467359,6.034068117456712,9.463524688059756,5.786027358917865,21.759262533352313,-6.350703081765946,10.856170865865998,-4.379423786196847
EFT:9.135079824804437,3.1647914000550204,10.136758544467359,6.034068117456714,9.463524688059755,5.786027358917865,21.759262533352317,-6.350703081765945,10.856170865865995,-4.379423786196846
Random222
Raw:9.135079824804441,3.1647914000550212,10.13675854446736,6.0340681174567115,9.463524688059756,5.786027358917863,21.759262533352313,-6.350703081765949,10.856170865865998,-4.379423786196847
EFT:9.135079824804437,3.1647914000550204,10.136758544467359,6.034068117456714,9.463524688059755,5.786027358917865,21.759262533352317,-6.350703081765945,10.856170865865995,-4.379423786196846
Random223
Raw:9.13507982480444,3.1647914000550204,10.136758544467359,6.034068117456714,9.463524688059756,5.786027358917863,21.759262533352317,-6.350703081765948,10.856170865865996,-4.3794237861968455
EFT:9.135079824804437,3.1647914000550204,10.136758544467359,6.034068117456714,9.463524688059755,5.786027358917865,21.759262533352317,-6.350703081765945,10.856170865865995,-4.379423786196846
Random224
Raw:9.13507982480444,3.164791400055021,10.136758544467362,6.034068117456714,9.463524688059756,5.786027358917865,21.759262533352317,-6.350703081765948,10.856170865865998,-4.379423786196848
EFT:9.135079824804437,3.1647914000550204,10.136758544467359,6.034068117456714,9.463524688059755,5.786027358917865,21.759262533352317,-6.350703081765945,10.856170865865995,-4.379423786196846
Random225
Raw:9.13507982480444,3.1647914000550195,10.136758544467359,6.034068117456712,9.463524688059756,5.7860273589178615,21.759262533352317,-6.350703081765946,10.856170865865995,-4.379423786196847
EFT:9.135079824804437,3.1647914000550204,10.136758544467359,6.034068117456714,9.463524688059755,5.786027358917865,21.759262533352317,-6.350703081765945,10.856170865865995,-4.379423786196846
Random226
Raw:9.13507982480444,3.1647914000550212,10.136758544467359,6.034068117456714,9.463524688059756,5.786027358917862,21.759262533352317,-6.350703081765946,10.856170865865996,-4.3794237861968455
EFT:9.135079824804437,3.1647914000550204,10.136758544467359,6.034068117456714,9.463524688059755,5.786027358917865,21.759262533352317,-6.350703081765945,10.856170865865995,-4.379423786196846
Random227
Raw:9.13507982480444,3.1647914000550212,10.13675854446736,6.034068117456716,9.463524688059756,5.786027358917863,21.759262533352317,-6.350703081765946,10.856170865865996,-4.379423786196847
EFT:9.135079824804437,3.1647914000550204,10.136758544467359,6.034068117456714,9.463524688059755,5.786027358917865,21.759262533352317,-6.350703081765945,10.856170865865995,-4.379423786196846
Random228
Raw:9.13507982480444,3.164791400055021,10.13675854446736,6.034068117456713,9.463524688059755,5.786027358917865,21.759262533352317,-6.350703081765946,10.856170865865995,-4.379423786196847
EFT:9.135079824804437,3.1647914000550204,10.136758544467359,6.034068117456714,9.463524688059755,5.786027358917865,21.759262533352317,-6.350703081765945,10.856170865865995,-4.379423786196846
Random229
Raw:9.13507982480444,3.164791400055024,10.136758544467362,6.034068117456718,9.463524688059756,5.786027358917869,21.75926253335232,-6.3507030817659444,10.856170865865998,-4.379423786196847
EFT:9.135079824804437,3.1647914000550204,10.136758544467359,6.034068117456714,9.463524688059755,5.786027358917865,21.759262533352317,-6.350703081765945,10.856170865865995,-4.379423786196846
Random230
Raw:9.135079824804441,3.164791400055016,10.136758544467355,6.034068117456708,9.463524688059753,5.786027358917858,21.759262533352313,-6.350703081765951,10.856170865865991,-4.379423786196849
EFT:9.135079824804437,3.1647914000550204,10.136758544467359,6.034068117456714,9.463524688059755,5.786027358917865,21.759262533352317,-6.350703081765945,10.856170865865995,-4.379423786196846
Random231
Raw:9.135079824804437,3.1647914000550212,10.136758544467357,6.034068117456713,9.463524688059756,5.786027358917862,21.759262533352317,-6.350703081765946,10.856170865865995,-4.379423786196846
EFT:9.135079824804437,3.1647914000550204,10.136758544467359,6.034068117456714,9.463524688059755,5.786027358917865,21.759262533352317,-6.350703081765945,10.856170865865995,-4.379423786196846
Random232
Raw:9.13507982480444,3.1647914000550226,10.13675854446736,6.034068117456715,9.463524688059755,5.786027358917865,21.759262533352317,-6.350703081765946,10.856170865865998,-4.3794237861968455
EFT:9.135079824804437,3.1647914000550204,10.136758544467359,6.034068117456714,9.463524688059755,5.786027358917865,21.759262533352317,-6.350703081765945,10.856170865865995,-4.379423786196846
Random233
Raw:9.135079824804437,3.1647914000550226,10.136758544467359,6.034068117456716,9.463524688059756,5.786027358917869,21.75926253335232,-6.350703081765946,10.856170865866,-4.3794237861968455
EFT:9.135079824804437,3.1647914000550204,10.136758544467359,6.034068117456714,9.463524688059755,5.786027358917865,21.759262533352317,-6.350703081765945,10.856170865865995,-4.379423786196846
Random234
Raw:9.13507982480444,3.1647914000550186,10.136758544467357,6.034068117456712,9.463524688059756,5.786027358917861,21.759262533352313,-6.350703081765948,10.856170865865995,-4.379423786196847
EFT:9.135079824804437,3.1647914000550204,10.136758544467359,6.034068117456714,9.463524688059755,5.786027358917865,21.759262533352317,-6.350703081765945,10.856170865865995,-4.379423786196846
Random235
Raw:9.135079824804437,3.164791400055017,10.136758544467355,6.034068117456709,9.463524688059753,5.7860273589178615,21.759262533352313,-6.350703081765949,10.856170865865995,-4.379423786196847
EFT:9.135079824804437,3.1647914000550204,10.136758544467359,6.034068117456714,9.463524688059755,5.786027358917865,21.759262533352317,-6.350703081765945,10.856170865865995,-4.379423786196846
Random236
Raw:9.135079824804437,3.1647914000550204,10.13675854446736,6.034068117456713,9.463524688059756,5.786027358917862,21.759262533352313,-6.350703081765945,10.856170865865996,-4.379423786196846
EFT:9.135079824804437,3.1647914000550204,10.136758544467359,6.034068117456714,9.463524688059755,5.786027358917865,21.759262533352317,-6.350703081765945,10.856170865865995,-4.379423786196846
Random237
Raw:9.135079824804441,3.1647914000550212,10.136758544467362,6.034068117456714,9.463524688059756,5.786027358917863,21.759262533352317,-6.350703081765948,10.856170865865998,-4.379423786196847
EFT:9.135079824804437,3.1647914000550204,10.136758544467359,6.034068117456714,9.463524688059755,5.786027358917865,21.759262533352317,-6.350703081765945,10.856170865865995,-4.379423786196846
Random238
Raw:9.13507982480444,3.1647914000550195,10.136758544467357,6.034068117456711,9.463524688059755,5.7860273589178615,21.759262533352313,-6.350703081765947,10.856170865865995,-4.379423786196847
EFT:9.135079824804437,3.1647914000550204,10.136758544467359,6.034068117456714,9.463524688059755,5.786027358917865,21.759262533352317,-6.350703081765945,10.856170865865995,-4.379423786196846
Random239
Raw:9.13507982480444,3.1647914000550226,10.136758544467362,6.034068117456717,9.463524688059758,5.786027358917865,21.759262533352317,-6.3507030817659444,10.856170865865996,-4.379423786196847
EFT:9.135079824804437,3.1647914000550204,10.136758544467359,6.034068117456714,9.463524688059755,5.786027358917865,21.759262533352317,-6.350703081765945,10.856170865865995,-4.379423786196846
Random240
Raw:9.135079824804437,3.1647914000550186,10.136758544467355,6.034068117456711,9.463524688059755,5.786027358917863,21.759262533352313,-6.350703081765946,10.856170865865995,-4.3794237861968455
EFT:9.135079824804437,3.1647914000550204,10.136758544467359,6.034068117456714,9.463524688059755,5.786027358917865,21.759262533352317,-6.350703081765945,10.856170865865995,-4.379423786196846
Random241
Raw:9.13507982480444,3.164791400055021,10.13675854446736,6.034068117456712,9.463524688059755,5.7860273589178615,21.759262533352317,-6.350703081765949,10.856170865865995,-4.379423786196849
EFT:9.135079824804437,3.1647914000550204,10.136758544467359,6.034068117456714,9.463524688059755,5.786027358917865,21.759262533352317,-6.350703081765945,10.856170865865995,-4.379423786196846
Random242
Raw:9.13507982480444,3.164791400055021,10.136758544467359,6.034068117456713,9.463524688059755,5.786027358917865,21.759262533352317,-6.3507030817659444,10.856170865865995,-4.379423786196847
EFT:9.135079824804437,3.1647914000550204,10.136758544467359,6.034068117456714,9.463524688059755,5.786027358917865,21.759262533352317,-6.350703081765945,10.856170865865995,-4.379423786196846
Random243
Raw:9.13507982480444,3.1647914000550186,10.136758544467359,6.0340681174567115,9.463524688059755,5.7860273589178615,21.759262533352317,-6.350703081765948,10.856170865865996,-4.379423786196847
EFT:9.135079824804437,3.1647914000550204,10.136758544467359,6.034068117456714,9.463524688059755,5.786027358917865,21.759262533352317,-6.350703081765945,10.856170865865995,-4.379423786196846
Random244
Raw:9.13507982480444,3.1647914000550204,10.13675854446736,6.034068117456711,9.463524688059756,5.786027358917862,21.759262533352317,-6.350703081765946,10.856170865865995,-4.379423786196849
EFT:9.135079824804437,3.1647914000550204,10.136758544467359,6.034068117456714,9.463524688059755,5.786027358917865,21.759262533352317,-6.350703081765945,10.856170865865995,-4.379423786196846
Random245
Raw:9.13507982480444,3.1647914000550177,10.136758544467357,6.0340681174567115,9.463524688059755,5.786027358917861,21.759262533352313,-6.350703081765947,10.856170865865995,-4.379423786196846
EFT:9.135079824804437,3.1647914000550204,10.136758544467359,6.034068117456714,9.463524688059755,5.786027358917865,21.759262533352317,-6.350703081765945,10.856170865865995,-4.379423786196846
Random246
Raw:9.13507982480444,3.164791400055023,10.136758544467364,6.034068117456717,9.463524688059758,5.786027358917863,21.759262533352317,-6.350703081765945,10.856170865865995,-4.379423786196847
EFT:9.135079824804437,3.1647914000550204,10.136758544467359,6.034068117456714,9.463524688059755,5.786027358917865,21.759262533352317,-6.350703081765945,10.856170865865995,-4.379423786196846
Random247
Raw:9.135079824804441,3.164791400055019,10.136758544467359,6.034068117456712,9.463524688059756,5.7860273589178615,21.759262533352313,-6.350703081765947,10.856170865865993,-4.379423786196848
EFT:9.135079824804437,3.1647914000550204,10.136758544467359,6.034068117456714,9.463524688059755,5.786027358917865,21.759262533352317,-6.350703081765945,10.856170865865995,-4.379423786196846
Random248
Raw:9.13507982480444,3.1647914000550244,10.136758544467362,6.034068117456717,9.463524688059758,5.786027358917867,21.759262533352317,-6.3507030817659444,10.856170865865996,-4.379423786196847
EFT:9.135079824804437,3.1647914000550204,10.136758544467359,6.034068117456714,9.463524688059755,5.786027358917865,21.759262533352317,-6.350703081765945,10.856170865865995,-4.379423786196846
Random249
Raw:9.13507982480444,3.1647914000550226,10.13675854446736,6.034068117456715,9.463524688059756,5.786027358917867,21.759262533352317,-6.350703081765946,10.856170865865996,-4.379423786196847
EFT:9.135079824804437,3.1647914000550204,10.136758544467359,6.034068117456714,9.463524688059755,5.786027358917865,21.759262533352317,-6.350703081765945,10.856170865865995,-4.379423786196846
Random250
Raw:9.135079824804441,3.164791400055026,10.136758544467364,6.034068117456719,9.463524688059758,5.786027358917866,21.759262533352317,-6.3507030817659444,10.856170865865998,-4.3794237861968455
EFT:9.135079824804437,3.1647914000550204,10.136758544467359,6.034068117456714,9.463524688059755,5.786027358917865,21.759262533352317,-6.350703081765945,10.856170865865995,-4.379423786196846
Random251
Raw:9.13507982480444,3.1647914000550266,10.136758544467366,6.034068117456716,9.46352468805976,5.786027358917864,21.759262533352313,-6.3507030817659444,10.856170865865998,-4.3794237861968455
EFT:9.135079824804437,3.1647914000550204,10.136758544467359,6.034068117456714,9.463524688059755,5.786027358917865,21.759262533352317,-6.350703081765945,10.856170865865995,-4.379423786196846
Random252
Raw:9.135079824804437,3.16479140005502,10.136758544467359,6.034068117456712,9.463524688059755,5.7860273589178615,21.759262533352317,-6.350703081765945,10.856170865865995,-4.379423786196847
EFT:9.135079824804437,3.1647914000550204,10.136758544467359,6.034068117456714,9.463524688059755,5.786027358917865,21.759262533352317,-6.350703081765945,10.856170865865995,-4.379423786196846
Random253
Raw:9.13507982480444,3.16479140005502,10.136758544467357,6.034068117456712,9.463524688059756,5.786027358917864,21.759262533352317,-6.350703081765946,10.856170865865995,-4.3794237861968455
EFT:9.135079824804437,3.1647914000550204,10.136758544467359,6.034068117456714,9.463524688059755,5.786027358917865,21.759262533352317,-6.350703081765945,10.856170865865995,-4.379423786196846
Random254
Raw:9.13507982480444,3.1647914000550172,10.136758544467359,6.034068117456712,9.463524688059755,5.786027358917862,21.759262533352313,-6.350703081765947,10.856170865865995,-4.379423786196847
EFT:9.135079824804437,3.1647914000550204,10.136758544467359,6.034068117456714,9.463524688059755,5.786027358917865,21.759262533352317,-6.350703081765945,10.856170865865995,-4.379423786196846
Random255
Raw:9.135079824804441,3.1647914000550212,10.136758544467362,6.034068117456716,9.463524688059756,5.786027358917865,21.759262533352317,-6.350703081765945,10.856170865865998,-4.379423786196847
EFT:9.135079824804437,3.1647914000550204,10.136758544467359,6.034068117456714,9.463524688059755,5.786027358917865,21.759262533352317,-6.350703081765945,10.856170865865995,-4.379423786196846
Random256
Raw:9.13507982480444,3.1647914000550226,10.13675854446736,6.034068117456716,9.463524688059758,5.786027358917866,21.759262533352317,-6.3507030817659444,10.856170865865998,-4.379423786196847
EFT:9.135079824804437,3.1647914000550204,10.136758544467359,6.034068117456714,9.463524688059755,5.786027358917865,21.759262533352317,-6.350703081765945,10.856170865865995,-4.379423786196846
Random257
Raw:9.13507982480444,3.1647914000550195,10.136758544467357,6.034068117456712,9.463524688059756,5.7860273589178615,21.759262533352313,-6.350703081765948,10.856170865865995,-4.379423786196847
EFT:9.135079824804437,3.1647914000550204,10.136758544467359,6.034068117456714,9.463524688059755,5.786027358917865,21.759262533352317,-6.350703081765945,10.856170865865995,-4.379423786196846
Random258
Raw:9.13507982480444,3.1647914000550226,10.136758544467364,6.034068117456715,9.463524688059756,5.786027358917864,21.759262533352317,-6.350703081765945,10.856170865865996,-4.379423786196847
EFT:9.135079824804437,3.1647914000550204,10.136758544467359,6.034068117456714,9.463524688059755,5.786027358917865,21.759262533352317,-6.350703081765945,10.856170865865995,-4.379423786196846
Random259
Raw:9.13507982480444,3.164791400055019,10.136758544467359,6.034068117456712,9.463524688059755,5.786027358917863,21.759262533352313,-6.3507030817659444,10.856170865865995,-4.379423786196847
EFT:9.135079824804437,3.1647914000550204,10.136758544467359,6.034068117456714,9.463524688059755,5.786027358917865,21.759262533352317,-6.350703081765945,10.856170865865995,-4.379423786196846
Random260
Raw:9.135079824804437,3.16479140005502,10.136758544467357,6.034068117456712,9.463524688059755,5.786027358917865,21.759262533352313,-6.350703081765944,10.856170865865995,-4.3794237861968455
EFT:9.135079824804437,3.1647914000550204,10.136758544467359,6.034068117456714,9.463524688059755,5.786027358917865,21.759262533352317,-6.350703081765945,10.856170865865995,-4.379423786196846
Random261
Raw:9.13507982480444,3.1647914000550212,10.136758544467362,6.034068117456714,9.463524688059756,5.786027358917865,21.759262533352317,-6.350703081765948,10.856170865865996,-4.379423786196847
EFT:9.135079824804437,3.1647914000550204,10.136758544467359,6.034068117456714,9.463524688059755,5.786027358917865,21.759262533352317,-6.350703081765945,10.856170865865995,-4.379423786196846
Random262
Raw:9.13507982480444,3.1647914000550195,10.136758544467357,6.034068117456712,9.463524688059755,5.7860273589178615,21.759262533352313,-6.350703081765947,10.856170865865996,-4.379423786196847
EFT:9.135079824804437,3.1647914000550204,10.136758544467359,6.034068117456714,9.463524688059755,5.786027358917865,21.759262533352317,-6.350703081765945,10.856170865865995,-4.379423786196846
Random263
Raw:9.13507982480444,3.1647914000550235,10.136758544467362,6.034068117456718,9.463524688059755,5.786027358917866,21.75926253335232,-6.350703081765945,10.856170865865998,-4.379423786196847
EFT:9.135079824804437,3.1647914000550204,10.136758544467359,6.034068117456714,9.463524688059755,5.786027358917865,21.759262533352317,-6.350703081765945,10.856170865865995,-4.379423786196846
Random264
Raw:9.135079824804437,3.164791400055019,10.136758544467359,6.034068117456713,9.463524688059755,5.7860273589178615,21.759262533352317,-6.350703081765946,10.856170865865993,-4.379423786196847
EFT:9.135079824804437,3.1647914000550204,10.136758544467359,6.034068117456714,9.463524688059755,5.786027358917865,21.759262533352317,-6.350703081765945,10.856170865865995,-4.379423786196846
Random265
Raw:9.13507982480444,3.164791400055022,10.136758544467362,6.034068117456714,9.463524688059756,5.786027358917863,21.759262533352313,-6.350703081765945,10.856170865865995,-4.379423786196847
EFT:9.135079824804437,3.1647914000550204,10.136758544467359,6.034068117456714,9.463524688059755,5.786027358917865,21.759262533352317,-6.350703081765945,10.856170865865995,-4.379423786196846
Random266
Raw:9.13507982480444,3.164791400055017,10.136758544467355,6.034068117456713,9.463524688059755,5.786027358917863,21.759262533352317,-6.350703081765948,10.856170865865995,-4.3794237861968455
EFT:9.135079824804437,3.1647914000550204,10.136758544467359,6.034068117456714,9.463524688059755,5.786027358917865,21.759262533352317,-6.350703081765945,10.856170865865995,-4.379423786196846
Random267
Raw:9.135079824804441,3.1647914000550226,10.136758544467362,6.034068117456714,9.463524688059758,5.786027358917863,21.759262533352317,-6.350703081765945,10.856170865865998,-4.3794237861968455
EFT:9.135079824804437,3.1647914000550204,10.136758544467359,6.034068117456714,9.463524688059755,5.786027358917865,21.759262533352317,-6.350703081765945,10.856170865865995,-4.379423786196846
Random268
Raw:9.13507982480444,3.1647914000550212,10.136758544467364,6.034068117456715,9.463524688059756,5.786027358917865,21.759262533352317,-6.3507030817659444,10.856170865865996,-4.379423786196847
EFT:9.135079824804437,3.1647914000550204,10.136758544467359,6.034068117456714,9.463524688059755,5.786027358917865,21.759262533352317,-6.350703081765945,10.856170865865995,-4.379423786196846
Random269
Raw:9.13507982480444,3.1647914000550186,10.13675854446736,6.034068117456713,9.463524688059755,5.786027358917864,21.759262533352317,-6.350703081765948,10.856170865865996,-4.379423786196846
EFT:9.135079824804437,3.1647914000550204,10.136758544467359,6.034068117456714,9.463524688059755,5.786027358917865,21.759262533352317,-6.350703081765945,10.856170865865995,-4.379423786196846
Random270
Raw:9.13507982480444,3.164791400055021,10.136758544467362,6.034068117456712,9.463524688059756,5.786027358917863,21.759262533352317,-6.350703081765946,10.856170865865996,-4.379423786196847
EFT:9.135079824804437,3.1647914000550204,10.136758544467359,6.034068117456714,9.463524688059755,5.786027358917865,21.759262533352317,-6.350703081765945,10.856170865865995,-4.379423786196846
Random271
Raw:9.13507982480444,3.1647914000550212,10.136758544467362,6.034068117456715,9.463524688059756,5.786027358917864,21.759262533352317,-6.350703081765945,10.856170865865998,-4.379423786196845
EFT:9.135079824804437,3.1647914000550204,10.136758544467359,6.034068117456714,9.463524688059755,5.786027358917865,21.759262533352317,-6.350703081765945,10.856170865865995,-4.379423786196846
Random272
Raw:9.13507982480444,3.164791400055025,10.136758544467362,6.034068117456718,9.463524688059758,5.786027358917865,21.759262533352317,-6.350703081765946,10.856170865866,-4.3794237861968455
EFT:9.135079824804437,3.1647914000550204,10.136758544467359,6.034068117456714,9.463524688059755,5.786027358917865,21.759262533352317,-6.350703081765945,10.856170865865995,-4.379423786196846
Random273
Raw:9.13507982480444,3.164791400055023,10.13675854446736,6.034068117456715,9.463524688059758,5.786027358917866,21.759262533352317,-6.350703081765945,10.856170865865996,-4.379423786196847
EFT:9.135079824804437,3.1647914000550204,10.136758544467359,6.034068117456714,9.463524688059755,5.786027358917865,21.759262533352317,-6.350703081765945,10.856170865865995,-4.379423786196846
Random274
Raw:9.13507982480444,3.1647914000550195,10.136758544467357,6.034068117456712,9.463524688059756,5.786027358917863,21.759262533352317,-6.350703081765947,10.856170865865995,-4.379423786196846
EFT:9.135079824804437,3.1647914000550204,10.136758544467359,6.034068117456714,9.463524688059755,5.786027358917865,21.759262533352317,-6.350703081765945,10.856170865865995,-4.379423786196846
Random275
Raw:9.13507982480444,3.164791400055021,10.13675854446736,6.034068117456714,9.463524688059756,5.786027358917865,21.759262533352313,-6.350703081765947,10.856170865865996,-4.379423786196847
EFT:9.135079824804437,3.1647914000550204,10.136758544467359,6.034068117456714,9.463524688059755,5.786027358917865,21.759262533352317,-6.350703081765945,10.856170865865995,-4.379423786196846
Random276
Raw:9.13507982480444,3.164791400055021,10.13675854446736,6.034068117456714,9.463524688059758,5.786027358917863,21.759262533352317,-6.350703081765945,10.856170865865995,-4.379423786196847
EFT:9.135079824804437,3.1647914000550204,10.136758544467359,6.034068117456714,9.463524688059755,5.786027358917865,21.759262533352317,-6.350703081765945,10.856170865865995,-4.379423786196846
Random277
Raw:9.13507982480444,3.1647914000550226,10.136758544467362,6.034068117456714,9.463524688059756,5.786027358917866,21.759262533352317,-6.3507030817659444,10.856170865865995,-4.379423786196847
EFT:9.135079824804437,3.1647914000550204,10.136758544467359,6.034068117456714,9.463524688059755,5.786027358917865,21.759262533352317,-6.350703081765945,10.856170865865995,-4.379423786196846
Random278
Raw:9.13507982480444,3.1647914000550195,10.13675854446736,6.034068117456713,9.463524688059756,5.786027358917863,21.759262533352313,-6.350703081765947,10.856170865865995,-4.379423786196848
EFT:9.135079824804437,3.1647914000550204,10.136758544467359,6.034068117456714,9.463524688059755,5.786027358917865,21.759262533352317,-6.350703081765945,10.856170865865995,-4.379423786196846
Random279
Raw:9.135079824804437,3.164791400055021,10.136758544467359,6.034068117456714,9.463524688059755,5.786027358917865,21.759262533352317,-6.350703081765945,10.856170865865995,-4.379423786196847
EFT:9.135079824804437,3.1647914000550204,10.136758544467359,6.034068117456714,9.463524688059755,5.786027358917865,21.759262533352317,-6.350703081765945,10.856170865865995,-4.379423786196846
Random280
Raw:9.13507982480444,3.1647914000550212,10.136758544467364,6.034068117456716,9.463524688059758,5.786027358917865,21.759262533352317,-6.350703081765945,10.856170865865995,-4.379423786196847
EFT:9.135079824804437,3.1647914000550204,10.136758544467359,6.034068117456714,9.463524688059755,5.786027358917865,21.759262533352317,-6.350703081765945,10.856170865865995,-4.379423786196846
Random281
Raw:9.13507982480444,3.164791400055021,10.13675854446736,6.034068117456714,9.463524688059756,5.786027358917864,21.759262533352317,-6.350703081765947,10.856170865865996,-4.379423786196847
EFT:9.135079824804437,3.1647914000550204,10.136758544467359,6.034068117456714,9.463524688059755,5.786027358917865,21.759262533352317,-6.350703081765945,10.856170865865995,-4.379423786196846
Random282
Raw:9.13507982480444,3.164791400055021,10.13675854446736,6.034068117456712,9.463524688059756,5.786027358917864,21.759262533352317,-6.350703081765946,10.856170865865996,-4.3794237861968455
EFT:9.135079824804437,3.1647914000550204,10.136758544467359,6.034068117456714,9.463524688059755,5.786027358917865,21.759262533352317,-6.350703081765945,10.856170865865995,-4.379423786196846
Random283
Raw:9.135079824804441,3.1647914000550244,10.136758544467364,6.034068117456716,9.463524688059758,5.7860273589178615,21.759262533352313,-6.350703081765946,10.856170865865998,-4.379423786196847
EFT:9.135079824804437,3.1647914000550204,10.136758544467359,6.034068117456714,9.463524688059755,5.786027358917865,21.759262533352317,-6.350703081765945,10.856170865865995,-4.379423786196846
Random284
Raw:9.13507982480444,3.164791400055019,10.136758544467359,6.034068117456712,9.463524688059753,5.786027358917863,21.759262533352317,-6.350703081765948,10.856170865865996,-4.379423786196847
EFT:9.135079824804437,3.1647914000550204,10.136758544467359,6.034068117456714,9.463524688059755,5.786027358917865,21.759262533352317,-6.350703081765945,10.856170865865995,-4.379423786196846
Random285
Raw:9.135079824804437,3.164791400055019,10.136758544467357,6.0340681174567115,9.463524688059755,5.7860273589178615,21.759262533352313,-6.350703081765947,10.856170865865995,-4.379423786196847
EFT:9.135079824804437,3.1647914000550204,10.136758544467359,6.034068117456714,9.463524688059755,5.786027358917865,21.759262533352317,-6.350703081765945,10.856170865865995,-4.379423786196846
Random286
Raw:9.13507982480444,3.1647914000550283,10.136758544467364,6.0340681174567194,9.463524688059758,5.786027358917872,21.75926253335232,-6.350703081765944,10.856170865866002,-4.379423786196844
EFT:9.135079824804437,3.1647914000550204,10.136758544467359,6.034068117456714,9.463524688059755,5.786027358917865,21.759262533352317,-6.350703081765945,10.856170865865995,-4.379423786196846
Random287
Raw:9.13507982480444,3.164791400055024,10.136758544467366,6.034068117456717,9.463524688059756,5.786027358917863,21.759262533352313,-6.350703081765945,10.856170865865995,-4.379423786196847
EFT:9.135079824804437,3.1647914000550204,10.136758544467359,6.034068117456714,9.463524688059755,5.786027358917865,21.759262533352317,-6.350703081765945,10.856170865865995,-4.379423786196846
Random288
Raw:9.135079824804437,3.1647914000550212,10.136758544467359,6.0340681174567115,9.463524688059755,5.786027358917863,21.759262533352313,-6.350703081765945,10.856170865865995,-4.379423786196846
EFT:9.135079824804437,3.1647914000550204,10.136758544467359,6.034068117456714,9.463524688059755,5.786027358917865,21.759262533352317,-6.350703081765945,10.856170865865995,-4.379423786196846
Random289
Raw:9.13507982480444,3.164791400055025,10.136758544467359,6.034068117456715,9.463524688059756,5.786027358917865,21.759262533352313,-6.350703081765943,10.856170865865998,-4.3794237861968455
EFT:9.135079824804437,3.1647914000550204,10.136758544467359,6.034068117456714,9.463524688059755,5.786027358917865,21.759262533352317,-6.350703081765945,10.856170865865995,-4.379423786196846
Random290
Raw:9.135079824804441,3.1647914000550226,10.136758544467362,6.034068117456716,9.463524688059758,5.786027358917866,21.759262533352317,-6.350703081765945,10.856170865865996,-4.379423786196847
EFT:9.135079824804437,3.1647914000550204,10.136758544467359,6.034068117456714,9.463524688059755,5.786027358917865,21.759262533352317,-6.350703081765945,10.856170865865995,-4.379423786196846
Random291
Raw:9.13507982480444,3.1647914000550226,10.13675854446736,6.034068117456715,9.463524688059756,5.786027358917864,21.759262533352313,-6.350703081765946,10.856170865865995,-4.379423786196846
EFT:9.135079824804437,3.1647914000550204,10.136758544467359,6.034068117456714,9.463524688059755,5.786027358917865,21.759262533352317,-6.350703081765945,10.856170865865995,-4.379423786196846
Random292
Raw:9.13507982480444,3.1647914000550204,10.13675854446736,6.034068117456714,9.463524688059756,5.786027358917863,21.759262533352313,-6.350703081765944,10.856170865865995,-4.379423786196846
EFT:9.135079824804437,3.1647914000550204,10.136758544467359,6.034068117456714,9.463524688059755,5.786027358917865,21.759262533352317,-6.350703081765945,10.856170865865995,-4.379423786196846
Random293
Raw:9.13507982480444,3.164791400055025,10.136758544467364,6.034068117456716,9.463524688059758,5.786027358917865,21.759262533352317,-6.350703081765947,10.856170865865998,-4.379423786196846
EFT:9.135079824804437,3.1647914000550204,10.136758544467359,6.034068117456714,9.463524688059755,5.786027358917865,21.759262533352317,-6.350703081765945,10.856170865865995,-4.379423786196846
Random294
Raw:9.13507982480444,3.164791400055021,10.136758544467359,6.034068117456713,9.463524688059756,5.786027358917862,21.759262533352317,-6.350703081765945,10.856170865865995,-4.379423786196847
EFT:9.135079824804437,3.1647914000550204,10.136758544467359,6.034068117456714,9.463524688059755,5.786027358917865,21.759262533352317,-6.350703081765945,10.856170865865995,-4.379423786196846
Random295
Raw:9.135079824804437,3.164791400055024,10.136758544467362,6.034068117456717,9.463524688059755,5.786027358917865,21.75926253335232,-6.350703081765946,10.856170865865998,-4.3794237861968455
EFT:9.135079824804437,3.1647914000550204,10.136758544467359,6.034068117456714,9.463524688059755,5.786027358917865,21.759262533352317,-6.350703081765945,10.856170865865995,-4.379423786196846
Random296
Raw:9.13507982480444,3.164791400055024,10.136758544467364,6.034068117456717,9.463524688059758,5.786027358917864,21.759262533352313,-6.350703081765945,10.856170865865996,-4.379423786196847
EFT:9.135079824804437,3.1647914000550204,10.136758544467359,6.034068117456714,9.463524688059755,5.786027358917865,21.759262533352317,-6.350703081765945,10.856170865865995,-4.379423786196846
Random297
Raw:9.13507982480444,3.1647914000550195,10.13675854446736,6.034068117456714,9.463524688059756,5.786027358917866,21.759262533352317,-6.350703081765947,10.856170865865998,-4.379423786196847
EFT:9.135079824804437,3.1647914000550204,10.136758544467359,6.034068117456714,9.463524688059755,5.786027358917865,21.759262533352317,-6.350703081765945,10.856170865865995,-4.379423786196846
Random298
Raw:9.13507982480444,3.1647914000550212,10.13675854446736,6.034068117456713,9.463524688059756,5.786027358917862,21.759262533352313,-6.350703081765947,10.856170865865995,-4.379423786196846
EFT:9.135079824804437,3.1647914000550204,10.136758544467359,6.034068117456714,9.463524688059755,5.786027358917865,21.759262533352317,-6.350703081765945,10.856170865865995,-4.379423786196846
Random299
Raw:9.13507982480444,3.1647914000550204,10.136758544467359,6.034068117456713,9.463524688059756,5.786027358917863,21.75926253335232,-6.350703081765946,10.856170865865995,-4.379423786196846
EFT:9.135079824804437,3.1647914000550204,10.136758544467359,6.034068117456714,9.463524688059755,5.786027358917865,21.759262533352317,-6.350703081765945,10.856170865865995,-4.379423786196846
Random300
Raw:9.13507982480444,3.1647914000550204,10.13675854446736,6.034068117456714,9.463524688059756,5.786027358917864,21.759262533352313,-6.350703081765947,10.856170865865996,-4.379423786196848
EFT:9.135079824804437,3.1647914000550204,10.136758544467359,6.034068117456714,9.463524688059755,5.786027358917865,21.759262533352317,-6.350703081765945,10.856170865865995,-4.379423786196846
