Ascend
Raw:0.8606927477740433,1.793930592072687,4.8710384800301,4.936910448981694,-0.029234463678783573,2.2211409089123206,-8.544988215702318,11.411160315170452,-2.1888650075626197,5.915301526223338
EFT:0.8606927477740409,1.7939305920726833,4.871038480030098,4.936910448981692,-0.029234463678785017,2.221140908912319,-8.54498821570232,11.41116031517045,-2.1888650075626224,5.9153015262233355
Descend
Raw:0.8606927477740406,1.7939305920726825,4.871038480030098,4.936910448981693,-0.02923446367878635,2.221140908912319,-8.544988215702324,11.41116031517045,-2.1888650075626233,5.915301526223336
EFT:0.8606927477740409,1.7939305920726833,4.871038480030098,4.936910448981692,-0.029234463678785017,2.221140908912319,-8.54498821570232,11.41116031517045,-2.1888650075626224,5.9153015262233355
Random1
Raw:0.8606927477740408,1.7939305920726833,4.871038480030097,4.93691044898169,-0.029234463678783712,2.2211409089123184,-8.544988215702318,11.411160315170449,-2.188865007562622,5.915301526223335
EFT:0.8606927477740409,1.7939305920726833,4.871038480030098,4.936910448981692,-0.029234463678785017,2.221140908912319,-8.54498821570232,11.41116031517045,-2.1888650075626224,5.9153015262233355
Random2
Raw:0.8606927477740398,1.7939305920726811,4.871038480030097,4.936910448981692,-0.029234463678787126,2.221140908912318,-8.544988215702322,11.41116031517045,-2.188865007562623,5.915301526223334
EFT:0.8606927477740409,1.7939305920726833,4.871038480030098,4.936910448981692,-0.029234463678785017,2.221140908912319,-8.54498821570232,11.41116031517045,-2.1888650075626224,5.9153015262233355
Random3
Raw:0.8606927477740433,1.793930592072687,4.8710384800301,4.936910448981694,-0.02923446367878335,2.2211409089123206,-8.544988215702318,11.411160315170452,-2.1888650075626197,5.915301526223337
EFT:0.8606927477740409,1.7939305920726833,4.871038480030098,4.936910448981692,-0.029234463678785017,2.221140908912319,-8.54498821570232,11.41116031517045,-2.1888650075626224,5.9153015262233355
Random4
Raw:0.8606927477740436,1.7939305920726873,4.8710384800301,4.936910448981694,-0.029234463678782685,2.2211409089123206,-8.544988215702318,11.411160315170452,-2.18886500756262,5.915301526223338
EFT:0.8606927477740409,1.7939305920726833,4.871038480030098,4.936910448981692,-0.029234463678785017,2.221140908912319,-8.54498821570232,11.41116031517045,-2.1888650075626224,5.9153015262233355
Random5
Raw:0.8606927477740429,1.7939305920726865,4.8710384800301005,4.936910448981694,-0.02923446367878413,2.2211409089123206,-8.544988215702322,11.411160315170454,-2.188865007562621,5.915301526223338
EFT:0.8606927477740409,1.7939305920726833,4.871038480030098,4.936910448981692,-0.029234463678785017,2.221140908912319,-8.54498821570232,11.41116031517045,-2.1888650075626224,5.9153015262233355
Random6
Raw:0.8606927477740394,1.7939305920726807,4.871038480030096,4.936910448981691,-0.02923446367878635,2.2211409089123175,-8.544988215702324,11.411160315170449,-2.188865007562624,5.915301526223334
EFT:0.8606927477740409,1.7939305920726833,4.871038480030098,4.936910448981692,-0.029234463678785017,2.221140908912319,-8.54498821570232,11.41116031517045,-2.1888650075626224,5.9153015262233355
Random7
Raw:0.8606927477740435,1.7939305920726873,4.8710384800301,4.936910448981692,-0.029234463678781908,2.221140908912321,-8.544988215702316,11.411160315170454,-2.18886500756262,5.915301526223337
EFT:0.8606927477740409,1.7939305920726833,4.871038480030098,4.936910448981692,-0.029234463678785017,2.221140908912319,-8.54498821570232,11.41116031517045,-2.1888650075626224,5.9153015262233355
Random8
Raw:0.8606927477740425,1.7939305920726847,4.871038480030098,4.93691044898169,-0.029234463678782574,2.2211409089123197,-8.544988215702316,11.411160315170449,-2.1888650075626215,5.915301526223335
EFT:0.8606927477740409,1.7939305920726833,4.871038480030098,4.936910448981692,-0.029234463678785017,2.221140908912319,-8.54498821570232,11.41116031517045,-2.1888650075626224,5.9153015262233355
Random9
Raw:0.860692747774042,1.7939305920726851,4.871038480030099,4.936910448981692,-0.029234463678783573,2.2211409089123197,-8.54498821570232,11.411160315170452,-2.1888650075626215,5.915301526223336
EFT:0.8606927477740409,1.7939305920726833,4.871038480030098,4.936910448981692,-0.029234463678785017,2.221140908912319,-8.54498821570232,11.41116031517045,-2.1888650075626224,5.9153015262233355
Random10
Raw:0.8606927477740418,1.7939305920726856,4.871038480030098,4.936910448981692,-0.029234463678783365,2.2211409089123197,-8.544988215702318,11.411160315170452,-2.1888650075626215,5.915301526223337
EFT:0.8606927477740409,1.7939305920726833,4.871038480030098,4.936910448981692,-0.029234463678785017,2.221140908912319,-8.54498821570232,11.41116031517045,-2.1888650075626224,5.9153015262233355
Random11
Raw:0.86069274777404,1.793930592072682,4.871038480030096,4.936910448981688,-0.029234463678783837,2.221140908912318,-8.54498821570232,11.411160315170449,-2.188865007562624,5.915301526223335
EFT:0.8606927477740409,1.7939305920726833,4.871038480030098,4.936910448981692,-0.029234463678785017,2.221140908912319,-8.54498821570232,11.41116031517045,-2.1888650075626224,5.9153015262233355
Random12
Raw:0.8606927477740423,1.7939305920726851,4.871038480030099,4.936910448981692,-0.029234463678783323,2.2211409089123197,-8.544988215702318,11.41116031517045,-2.1888650075626206,5.9153015262233355
EFT:0.8606927477740409,1.7939305920726833,4.871038480030098,4.936910448981692,-0.029234463678785017,2.221140908912319,-8.54498821570232,11.41116031517045,-2.1888650075626224,5.9153015262233355
Random13
Raw:0.8606927477740396,1.7939305920726807,4.871038480030098,4.936910448981693,-0.029234463678787778,2.221140908912318,-8.544988215702324,11.41116031517045,-2.188865007562624,5.915301526223335
EFT:0.8606927477740409,1.7939305920726833,4.871038480030098,4.936910448981692,-0.029234463678785017,2.221140908912319,-8.54498821570232,11.41116031517045,-2.1888650075626224,5.9153015262233355
Random14
Raw:0.8606927477740437,1.7939305920726873,4.8710384800301,4.936910448981692,-0.029234463678781797,2.2211409089123206,-8.544988215702318,11.411160315170454,-2.1888650075626197,5.915301526223337
EFT:0.8606927477740409,1.7939305920726833,4.871038480030098,4.936910448981692,-0.029234463678785017,2.221140908912319,-8.54498821570232,11.41116031517045,-2.1888650075626224,5.9153015262233355
Random15
Raw:0.8606927477740454,1.7939305920726905,4.871038480030101,4.9369104489816955,-0.0292344636787812,2.221140908912322,-8.544988215702318,11.411160315170456,-2.188865007562618,5.91530152622334
EFT:0.8606927477740409,1.7939305920726833,4.871038480030098,4.936910448981692,-0.029234463678785017,2.221140908912319,-8.54498821570232,11.41116031517045,-2.1888650075626224,5.9153015262233355
Random16
Raw:0.8606927477740414,1.7939305920726842,4.871038480030098,4.936910448981692,-0.02923446367878424,2.221140908912319,-8.54498821570232,11.41116031517045,-2.188865007562622,5.915301526223336
EFT:0.8606927477740409,1.7939305920726833,4.871038480030098,4.936910448981692,-0.029234463678785017,2.221140908912319,-8.54498821570232,11.41116031517045,-2.1888650075626224,5.9153015262233355
Random17
Raw:0.8606927477740407,1.793930592072683,4.871038480030096,4.936910448981688,-0.029234463678782796,2.221140908912319,-8.544988215702318,11.411160315170449,-2.1888650075626233,5.915301526223333
EFT:0.8606927477740409,1.7939305920726833,4.871038480030098,4.936910448981692,-0.029234463678785017,2.221140908912319,-8.54498821570232,11.41116031517045,-2.1888650075626224,5.9153015262233355
Random18
Raw:0.8606927477740423,1.7939305920726847,4.8710384800301,4.936910448981695,-0.029234463678784905,2.2211409089123197,-8.544988215702318,11.411160315170452,-2.1888650075626206,5.915301526223336
EFT:0.8606927477740409,1.7939305920726833,4.871038480030098,4.936910448981692,-0.029234463678785017,2.221140908912319,-8.54498821570232,11.41116031517045,-2.1888650075626224,5.9153015262233355
Random19
Raw:0.8606927477740414,1.7939305920726838,4.871038480030098,4.936910448981692,-0.0292344636787846,2.221140908912319,-8.54498821570232,11.41116031517045,-2.1888650075626224,5.915301526223336
EFT:0.8606927477740409,1.7939305920726833,4.871038480030098,4.936910448981692,-0.029234463678785017,2.221140908912319,-8.54498821570232,11.41116031517045,-2.1888650075626224,5.9153015262233355
Random20
Raw:0.8606927477740433,1.7939305920726865,4.8710384800301,4.936910448981692,-0.02923446367878313,2.2211409089123206,-8.544988215702316,11.411160315170452,-2.1888650075626197,5.915301526223336
EFT:0.8606927477740409,1.7939305920726833,4.871038480030098,4.936910448981692,-0.029234463678785017,2.221140908912319,-8.54498821570232,11.41116031517045,-2.1888650075626224,5.9153015262233355
Random21
Raw:0.8606927477740414,1.7939305920726838,4.871038480030098,4.936910448981693,-0.029234463678785017,2.221140908912319,-8.54498821570232,11.411160315170452,-2.1888650075626215,5.915301526223336
EFT:0.8606927477740409,1.7939305920726833,4.871038480030098,4.936910448981692,-0.029234463678785017,2.221140908912319,-8.54498821570232,11.41116031517045,-2.1888650075626224,5.9153015262233355
Random22
Raw:0.8606927477740414,1.7939305920726842,4.871038480030098,4.936910448981693,-0.029234463678784017,2.221140908912319,-8.54498821570232,11.41116031517045,-2.1888650075626215,5.915301526223336
EFT:0.8606927477740409,1.7939305920726833,4.871038480030098,4.936910448981692,-0.029234463678785017,2.221140908912319,-8.54498821570232,11.41116031517045,-2.1888650075626224,5.9153015262233355
Random23
Raw:0.8606927477740409,1.793930592072683,4.871038480030098,4.936910448981692,-0.029234463678785794,2.221140908912319,-8.544988215702322,11.41116031517045,-2.188865007562622,5.9153015262233355
EFT:0.8606927477740409,1.7939305920726833,4.871038480030098,4.936910448981692,-0.029234463678785017,2.221140908912319,-8.54498821570232,11.41116031517045,-2.1888650075626224,5.9153015262233355
Random24
Raw:0.8606927477740434,1.7939305920726873,4.8710384800301,4.936910448981692,-0.029234463678781797,2.2211409089123206,-8.544988215702316,11.411160315170452,-2.1888650075626197,5.915301526223337
EFT:0.8606927477740409,1.7939305920726833,4.871038480030098,4.936910448981692,-0.029234463678785017,2.221140908912319,-8.54498821570232,11.41116031517045,-2.1888650075626224,5.9153015262233355
Random25
Raw:0.8606927477740417,1.7939305920726847,4.871038480030098,4.936910448981692,-0.029234463678783976,2.2211409089123193,-8.54498821570232,11.411160315170452,-2.1888650075626224,5.915301526223336
EFT:0.8606927477740409,1.7939305920726833,4.871038480030098,4.936910448981692,-0.029234463678785017,2.221140908912319,-8.54498821570232,11.41116031517045,-2.1888650075626224,5.9153015262233355
Random26
Raw:0.8606927477740394,1.7939305920726811,4.871038480030098,4.936910448981692,-0.029234463678787237,2.2211409089123175,-8.544988215702324,11.41116031517045,-2.188865007562624,5.9153015262233355
EFT:0.8606927477740409,1.7939305920726833,4.871038480030098,4.936910448981692,-0.029234463678785017,2.221140908912319,-8.54498821570232,11.41116031517045,-2.1888650075626224,5.9153015262233355
Random27
Raw:0.8606927477740438,1.7939305920726887,4.8710384800301,4.936910448981693,-0.029234463678781353,2.221140908912321,-8.544988215702318,11.411160315170454,-2.1888650075626206,5.915301526223339
EFT:0.8606927477740409,1.7939305920726833,4.871038480030098,4.936910448981692,-0.029234463678785017,2.221140908912319,-8.54498821570232,11.41116031517045,-2.1888650075626224,5.9153015262233355
Random28
Raw:0.8606927477740406,1.793930592072683,4.871038480030099,4.936910448981693,-0.029234463678786238,2.221140908912319,-8.544988215702324,11.41116031517045,-2.1888650075626233,5.915301526223336
EFT:0.8606927477740409,1.7939305920726833,4.871038480030098,4.936910448981692,-0.029234463678785017,2.221140908912319,-8.54498821570232,11.41116031517045,-2.1888650075626224,5.9153015262233355
Random29
Raw:0.8606927477740407,1.793930592072683,4.871038480030099,4.936910448981694,-0.029234463678786682,2.221140908912319,-8.544988215702324,11.411160315170452,-2.188865007562623,5.915301526223336
EFT:0.8606927477740409,1.7939305920726833,4.871038480030098,4.936910448981692,-0.029234463678785017,2.221140908912319,-8.54498821570232,11.41116031517045,-2.1888650075626224,5.9153015262233355
Random30
Raw:0.8606927477740427,1.7939305920726856,4.8710384800301,4.936910448981693,-0.029234463678784017,2.2211409089123197,-8.54498821570232,11.411160315170452,-2.18886500756262,5.915301526223337
EFT:0.8606927477740409,1.7939305920726833,4.871038480030098,4.936910448981692,-0.029234463678785017,2.221140908912319,-8.54498821570232,11.41116031517045,-2.1888650075626224,5.9153015262233355
Random31
Raw:0.8606927477740406,1.7939305920726825,4.871038480030097,4.93691044898169,-0.029234463678784017,2.221140908912319,-8.544988215702318,11.41116031517045,-2.1888650075626237,5.915301526223335
EFT:0.8606927477740409,1.7939305920726833,4.871038480030098,4.936910448981692,-0.029234463678785017,2.221140908912319,-8.54498821570232,11.41116031517045,-2.1888650075626224,5.9153015262233355
Random32
Raw:0.8606927477740406,1.793930592072682,4.871038480030098,4.93691044898169,-0.029234463678785794,2.2211409089123184,-8.54498821570232,11.411160315170449,-2.1888650075626215,5.915301526223333
EFT:0.8606927477740409,1.7939305920726833,4.871038480030098,4.936910448981692,-0.029234463678785017,2.221140908912319,-8.54498821570232,11.41116031517045,-2.1888650075626224,5.9153015262233355
Random33
Raw:0.8606927477740414,1.7939305920726838,4.871038480030099,4.936910448981692,-0.029234463678784017,2.2211409089123193,-8.54498821570232,11.411160315170452,-2.1888650075626237,5.915301526223336
EFT:0.8606927477740409,1.7939305920726833,4.871038480030098,4.936910448981692,-0.029234463678785017,2.221140908912319,-8.54498821570232,11.41116031517045,-2.1888650075626224,5.9153015262233355
Random34
Raw:0.8606927477740451,1.7939305920726905,4.871038480030101,4.9369104489816955,-0.029234463678781242,2.221140908912322,-8.544988215702318,11.411160315170456,-2.1888650075626184,5.91530152622334
EFT:0.8606927477740409,1.7939305920726833,4.871038480030098,4.936910448981692,-0.029234463678785017,2.221140908912319,-8.54498821570232,11.41116031517045,-2.1888650075626224,5.9153015262233355
Random35
Raw:0.860692747774043,1.793930592072687,4.8710384800301,4.936910448981693,-0.029234463678782685,2.22114090891232,-8.544988215702318,11.411160315170452,-2.1888650075626206,5.915301526223338
EFT:0.8606927477740409,1.7939305920726833,4.871038480030098,4.936910448981692,-0.029234463678785017,2.221140908912319,-8.54498821570232,11.41116031517045,-2.1888650075626224,5.9153015262233355
Random36
Raw:0.8606927477740407,1.793930592072683,4.871038480030098,4.936910448981692,-0.02923446367878521,2.221140908912319,-8.54498821570232,11.411160315170449,-2.188865007562623,5.915301526223335
EFT:0.8606927477740409,1.7939305920726833,4.871038480030098,4.936910448981692,-0.029234463678785017,2.221140908912319,-8.54498821570232,11.41116031517045,-2.1888650075626224,5.9153015262233355
Random37
Raw:0.8606927477740405,1.7939305920726825,4.871038480030097,4.936910448981692,-0.02923446367878585,2.221140908912318,-8.544988215702322,11.41116031517045,-2.1888650075626215,5.915301526223335
EFT:0.8606927477740409,1.7939305920726833,4.871038480030098,4.936910448981692,-0.029234463678785017,2.221140908912319,-8.54498821570232,11.41116031517045,-2.1888650075626224,5.9153015262233355
Random38
Raw:0.860692747774044,1.7939305920726878,4.8710384800301005,4.936910448981694,-0.029234463678782685,2.2211409089123206,-8.544988215702318,11.411160315170454,-2.188865007562619,5.915301526223338
EFT:0.8606927477740409,1.7939305920726833,4.871038480030098,4.936910448981692,-0.029234463678785017,2.221140908912319,-8.54498821570232,11.41116031517045,-2.1888650075626224,5.9153015262233355
Random39
Raw:0.86069274777404,1.7939305920726816,4.871038480030098,4.936910448981693,-0.029234463678787126,2.221140908912318,-8.544988215702324,11.41116031517045,-2.188865007562623,5.9153015262233355
EFT:0.8606927477740409,1.7939305920726833,4.871038480030098,4.936910448981692,-0.029234463678785017,2.221140908912319,-8.54498821570232,11.41116031517045,-2.1888650075626224,5.9153015262233355
Random40
Raw:0.860692747774042,1.7939305920726847,4.871038480030099,4.936910448981692,-0.029234463678783906,2.2211409089123193,-8.54498821570232,11.41116031517045,-2.1888650075626206,5.915301526223337
EFT:0.8606927477740409,1.7939305920726833,4.871038480030098,4.936910448981692,-0.029234463678785017,2.221140908912319,-8.54498821570232,11.41116031517045,-2.1888650075626224,5.9153015262233355
Random41
Raw:0.8606927477740418,1.7939305920726847,4.871038480030099,4.936910448981692,-0.029234463678783087,2.2211409089123197,-8.54498821570232,11.411160315170452,-2.1888650075626224,5.915301526223337
EFT:0.8606927477740409,1.7939305920726833,4.871038480030098,4.936910448981692,-0.029234463678785017,2.221140908912319,-8.54498821570232,11.41116031517045,-2.1888650075626224,5.9153015262233355
Random42
Raw:0.8606927477740409,1.793930592072683,4.8710384800301,4.936910448981694,-0.029234463678786682,2.2211409089123184,-8.544988215702322,11.411160315170452,-2.1888650075626215,5.915301526223336
EFT:0.8606927477740409,1.7939305920726833,4.871038480030098,4.936910448981692,-0.029234463678785017,2.221140908912319,-8.54498821570232,11.41116031517045,-2.1888650075626224,5.9153015262233355
Random43
Raw:0.8606927477740411,1.7939305920726838,4.871038480030098,4.93691044898169,-0.029234463678783573,2.221140908912319,-8.544988215702318,11.41116031517045,-2.1888650075626224,5.9153015262233355
EFT:0.8606927477740409,1.7939305920726833,4.871038480030098,4.936910448981692,-0.029234463678785017,2.221140908912319,-8.54498821570232,11.41116031517045,-2.1888650075626224,5.9153015262233355
Random44
Raw:0.8606927477740423,1.7939305920726851,4.8710384800301,4.936910448981694,-0.029234463678784864,2.2211409089123197,-8.54498821570232,11.411160315170452,-2.1888650075626206,5.915301526223336
EFT:0.8606927477740409,1.7939305920726833,4.871038480030098,4.936910448981692,-0.029234463678785017,2.221140908912319,-8.54498821570232,11.41116031517045,-2.1888650075626224,5.9153015262233355
Random45
Raw:0.8606927477740366,1.7939305920726754,4.871038480030094,4.936910448981688,-0.029234463678789402,2.2211409089123153,-8.544988215702322,11.411160315170445,-2.188865007562626,5.915301526223329
EFT:0.8606927477740409,1.7939305920726833,4.871038480030098,4.936910448981692,-0.029234463678785017,2.221140908912319,-8.54498821570232,11.41116031517045,-2.1888650075626224,5.9153015262233355
Random46
Raw:0.860692747774042,1.7939305920726851,4.8710384800301,4.936910448981693,-0.02923446367878353,2.22114090891232,-8.54498821570232,11.411160315170452,-2.1888650075626224,5.915301526223337
EFT:0.8606927477740409,1.7939305920726833,4.871038480030098,4.936910448981692,-0.029234463678785017,2.221140908912319,-8.54498821570232,11.41116031517045,-2.1888650075626224,5.9153015262233355
Random47
Raw:0.8606927477740404,1.793930592072682,4.871038480030098,4.936910448981692,-0.02923446367878535,2.2211409089123184,-8.54498821570232,11.41116031517045,-2.1888650075626233,5.915301526223335
EFT:0.8606927477740409,1.7939305920726833,4.871038480030098,4.936910448981692,-0.029234463678785017,2.221140908912319,-8.54498821570232,11.41116031517045,-2.1888650075626224,5.9153015262233355
Random48
Raw:0.8606927477740398,1.7939305920726816,4.871038480030098,4.936910448981693,-0.029234463678787126,2.221140908912318,-8.544988215702322,11.41116031517045,-2.1888650075626224,5.915301526223334
EFT:0.8606927477740409,1.7939305920726833,4.871038480030098,4.936910448981692,-0.029234463678785017,2.221140908912319,-8.54498821570232,11.41116031517045,-2.1888650075626224,5.9153015262233355
Random49
Raw:0.8606927477740409,1.793930592072683,4.871038480030098,4.936910448981693,-0.029234463678786238,2.221140908912318,-8.544988215702322,11.411160315170449,-2.1888650075626206,5.9153015262233355
EFT:0.8606927477740409,1.7939305920726833,4.871038480030098,4.936910448981692,-0.029234463678785017,2.221140908912319,-8.54498821570232,11.41116031517045,-2.1888650075626224,5.9153015262233355
Random50
Raw:0.86069274777404,1.7939305920726816,4.871038480030097,4.936910448981691,-0.029234463678785932,2.2211409089123184,-8.544988215702322,11.41116031517045,-2.1888650075626237,5.915301526223335
EFT:0.8606927477740409,1.7939305920726833,4.871038480030098,4.936910448981692,-0.029234463678785017,2.221140908912319,-8.54498821570232,11.41116031517045,-2.1888650075626224,5.9153015262233355
Random51
Raw:0.8606927477740409,1.793930592072683,4.871038480030098,4.936910448981693,-0.029234463678785683,2.221140908912319,-8.544988215702322,11.411160315170452,-2.188865007562622,5.915301526223335
EFT:0.8606927477740409,1.7939305920726833,4.871038480030098,4.936910448981692,-0.029234463678785017,2.221140908912319,-8.54498821570232,11.41116031517045,-2.1888650075626224,5.9153015262233355
Random52
Raw:0.8606927477740421,1.7939305920726851,4.871038480030099,4.936910448981694,-0.02923446367878446,2.2211409089123197,-8.54498821570232,11.411160315170452,-2.1888650075626215,5.915301526223336
EFT:0.8606927477740409,1.7939305920726833,4.871038480030098,4.936910448981692,-0.029234463678785017,2.221140908912319,-8.54498821570232,11.41116031517045,-2.1888650075626224,5.9153015262233355
Random53
Raw:0.8606927477740418,1.7939305920726842,4.871038480030099,4.936910448981693,-0.029234463678784794,2.221140908912319,-8.54498821570232,11.41116031517045,-2.1888650075626215,5.915301526223336
EFT:0.8606927477740409,1.7939305920726833,4.871038480030098,4.936910448981692,-0.029234463678785017,2.221140908912319,-8.54498821570232,11.41116031517045,-2.1888650075626224,5.9153015262233355
Random54
Raw:0.86069274777404,1.793930592072682,4.871038480030098,4.936910448981691,-0.029234463678784905,2.2211409089123184,-8.544988215702322,11.41116031517045,-2.188865007562624,5.915301526223335
EFT:0.8606927477740409,1.7939305920726833,4.871038480030098,4.936910448981692,-0.029234463678785017,2.221140908912319,-8.54498821570232,11.41116031517045,-2.1888650075626224,5.9153015262233355
Random55
Raw:0.8606927477740405,1.793930592072682,4.871038480030098,4.936910448981692,-0.02923446367878546,2.2211409089123184,-8.544988215702322,11.41116031517045,-2.1888650075626233,5.915301526223335
EFT:0.8606927477740409,1.7939305920726833,4.871038480030098,4.936910448981692,-0.029234463678785017,2.221140908912319,-8.54498821570232,11.41116031517045,-2.1888650075626224,5.9153015262233355
Random56
Raw:0.86069274777404,1.7939305920726811,4.871038480030097,4.93691044898169,-0.029234463678785794,2.221140908912318,-8.54498821570232,11.41116031517045,-2.1888650075626233,5.915301526223333
EFT:0.8606927477740409,1.7939305920726833,4.871038480030098,4.936910448981692,-0.029234463678785017,2.221140908912319,-8.54498821570232,11.41116031517045,-2.1888650075626224,5.9153015262233355
Random57
Raw:0.8606927477740407,1.793930592072683,4.871038480030098,4.936910448981692,-0.02923446367878625,2.221140908912319,-8.54498821570232,11.41116031517045,-2.188865007562622,5.915301526223335
EFT:0.8606927477740409,1.7939305920726833,4.871038480030098,4.936910448981692,-0.029234463678785017,2.221140908912319,-8.54498821570232,11.41116031517045,-2.1888650075626224,5.9153015262233355
Random58
Raw:0.8606927477740398,1.7939305920726825,4.871038480030098,4.936910448981692,-0.029234463678785128,2.2211409089123184,-8.544988215702324,11.41116031517045,-2.188865007562624,5.915301526223336
EFT:0.8606927477740409,1.7939305920726833,4.871038480030098,4.936910448981692,-0.029234463678785017,2.221140908912319,-8.54498821570232,11.41116031517045,-2.1888650075626224,5.9153015262233355
Random59
Raw:0.8606927477740436,1.7939305920726882,4.871038480030101,4.936910448981695,-0.02923446367878313,2.2211409089123206,-8.54498821570232,11.411160315170452,-2.1888650075626206,5.91530152622334
EFT:0.8606927477740409,1.7939305920726833,4.871038480030098,4.936910448981692,-0.029234463678785017,2.221140908912319,-8.54498821570232,11.41116031517045,-2.1888650075626224,5.9153015262233355
Random60
Raw:0.8606927477740396,1.7939305920726811,4.871038480030097,4.936910448981691,-0.029234463678786682,2.221140908912318,-8.544988215702322,11.411160315170449,-2.1888650075626237,5.915301526223335
EFT:0.8606927477740409,1.7939305920726833,4.871038480030098,4.936910448981692,-0.029234463678785017,2.221140908912319,-8.54498821570232,11.41116031517045,-2.1888650075626224,5.9153015262233355
Random61
Raw:0.8606927477740433,1.793930592072687,4.8710384800301,4.936910448981694,-0.029234463678784017,2.22114090891232,-8.54498821570232,11.411160315170452,-2.1888650075626193,5.915301526223337
EFT:0.8606927477740409,1.7939305920726833,4.871038480030098,4.936910448981692,-0.029234463678785017,2.221140908912319,-8.54498821570232,11.41116031517045,-2.1888650075626224,5.9153015262233355
Random62
Raw:0.8606927477740428,1.7939305920726856,4.871038480030099,4.936910448981691,-0.029234463678782685,2.2211409089123197,-8.544988215702318,11.411160315170454,-2.1888650075626206,5.915301526223336
EFT:0.8606927477740409,1.7939305920726833,4.871038480030098,4.936910448981692,-0.029234463678785017,2.221140908912319,-8.54498821570232,11.41116031517045,-2.1888650075626224,5.9153015262233355
Random63
Raw:0.86069274777404,1.793930592072682,4.871038480030096,4.936910448981691,-0.029234463678785128,2.221140908912318,-8.54498821570232,11.411160315170449,-2.1888650075626237,5.915301526223335
EFT:0.8606927477740409,1.7939305920726833,4.871038480030098,4.936910448981692,-0.029234463678785017,2.221140908912319,-8.54498821570232,11.41116031517045,-2.1888650075626224,5.9153015262233355
Random64
Raw:0.8606927477740394,1.7939305920726807,4.871038480030097,4.936910448981691,-0.029234463678786238,2.221140908912318,-8.544988215702322,11.41116031517045,-2.188865007562624,5.915301526223334
EFT:0.8606927477740409,1.7939305920726833,4.871038480030098,4.936910448981692,-0.029234463678785017,2.221140908912319,-8.54498821570232,11.41116031517045,-2.1888650075626224,5.9153015262233355
Random65
Raw:0.860692747774039,1.7939305920726802,4.871038480030096,4.936910448981689,-0.02923446367878535,2.2211409089123175,-8.544988215702322,11.411160315170449,-2.188865007562625,5.915301526223335
EFT:0.8606927477740409,1.7939305920726833,4.871038480030098,4.936910448981692,-0.029234463678785017,2.221140908912319,-8.54498821570232,11.41116031517045,-2.1888650075626224,5.9153015262233355
Random66
Raw:0.8606927477740423,1.7939305920726847,4.8710384800301,4.936910448981692,-0.029234463678783976,2.2211409089123197,-8.544988215702318,11.41116031517045,-2.1888650075626206,5.9153015262233355
EFT:0.8606927477740409,1.7939305920726833,4.871038480030098,4.936910448981692,-0.029234463678785017,2.221140908912319,-8.54498821570232,11.41116031517045,-2.1888650075626224,5.9153015262233355
Random67
Raw:0.8606927477740429,1.7939305920726865,4.8710384800301,4.936910448981693,-0.02923446367878313,2.22114090891232,-8.544988215702318,11.411160315170452,-2.1888650075626206,5.915301526223337
EFT:0.8606927477740409,1.7939305920726833,4.871038480030098,4.936910448981692,-0.029234463678785017,2.221140908912319,-8.54498821570232,11.41116031517045,-2.1888650075626224,5.9153015262233355
Random68
Raw:0.8606927477740414,1.7939305920726842,4.871038480030099,4.936910448981692,-0.029234463678783906,2.2211409089123197,-8.54498821570232,11.411160315170452,-2.188865007562623,5.915301526223336
EFT:0.8606927477740409,1.7939305920726833,4.871038480030098,4.936910448981692,-0.029234463678785017,2.221140908912319,-8.54498821570232,11.41116031517045,-2.1888650075626224,5.9153015262233355
Random69
Raw:0.860692747774042,1.7939305920726847,4.871038480030099,4.936910448981693,-0.02923446367878446,2.2211409089123197,-8.54498821570232,11.411160315170452,-2.1888650075626215,5.915301526223336
EFT:0.8606927477740409,1.7939305920726833,4.871038480030098,4.936910448981692,-0.029234463678785017,2.221140908912319,-8.54498821570232,11.41116031517045,-2.1888650075626224,5.9153015262233355
Random70
Raw:0.8606927477740421,1.7939305920726847,4.8710384800301,4.936910448981693,-0.02923446367878446,2.2211409089123197,-8.54498821570232,11.411160315170452,-2.1888650075626215,5.915301526223336
EFT:0.8606927477740409,1.7939305920726833,4.871038480030098,4.936910448981692,-0.029234463678785017,2.221140908912319,-8.54498821570232,11.41116031517045,-2.1888650075626224,5.9153015262233355
Random71
Raw:0.8606927477740423,1.7939305920726851,4.8710384800301,4.936910448981693,-0.029234463678783573,2.2211409089123197,-8.54498821570232,11.411160315170452,-2.188865007562622,5.915301526223336
EFT:0.8606927477740409,1.7939305920726833,4.871038480030098,4.936910448981692,-0.029234463678785017,2.221140908912319,-8.54498821570232,11.41116031517045,-2.1888650075626224,5.9153015262233355
Random72
Raw:0.8606927477740391,1.7939305920726802,4.871038480030096,4.936910448981692,-0.02923446367878689,2.221140908912317,-8.544988215702322,11.411160315170449,-2.1888650075626237,5.915301526223334
EFT:0.8606927477740409,1.7939305920726833,4.871038480030098,4.936910448981692,-0.029234463678785017,2.221140908912319,-8.54498821570232,11.41116031517045,-2.1888650075626224,5.9153015262233355
Random73
Raw:0.8606927477740429,1.7939305920726865,4.871038480030098,4.936910448981688,-0.029234463678779132,2.2211409089123206,-8.544988215702316,11.411160315170452,-2.1888650075626233,5.9153015262233355
EFT:0.8606927477740409,1.7939305920726833,4.871038480030098,4.936910448981692,-0.029234463678785017,2.221140908912319,-8.54498821570232,11.41116031517045,-2.1888650075626224,5.9153015262233355
Random74
Raw:0.8606927477740397,1.7939305920726811,4.871038480030096,4.936910448981688,-0.029234463678784045,2.2211409089123184,-8.54498821570232,11.411160315170449,-2.1888650075626246,5.915301526223335
EFT:0.8606927477740409,1.7939305920726833,4.871038480030098,4.936910448981692,-0.029234463678785017,2.221140908912319,-8.54498821570232,11.41116031517045,-2.1888650075626224,5.9153015262233355
Random75
Raw:0.8606927477740409,1.793930592072683,4.871038480030098,4.936910448981692,-0.02923446367878535,2.2211409089123184,-8.54498821570232,11.411160315170449,-2.1888650075626215,5.9153015262233355
EFT:0.8606927477740409,1.7939305920726833,4.871038480030098,4.936910448981692,-0.029234463678785017,2.221140908912319,-8.54498821570232,11.41116031517045,-2.1888650075626224,5.9153015262233355
Random76
Raw:0.8606927477740391,1.7939305920726798,4.871038480030096,4.936910448981689,-0.029234463678786682,2.221140908912317,-8.544988215702322,11.411160315170449,-2.1888650075626237,5.915301526223333
EFT:0.8606927477740409,1.7939305920726833,4.871038480030098,4.936910448981692,-0.029234463678785017,2.221140908912319,-8.54498821570232,11.41116031517045,-2.1888650075626224,5.9153015262233355
Random77
Raw:0.8606927477740429,1.7939305920726865,4.871038480030099,4.936910448981691,-0.02923446367878224,2.22114090891232,-8.544988215702316,11.411160315170452,-2.188865007562621,5.915301526223336
EFT:0.8606927477740409,1.7939305920726833,4.871038480030098,4.936910448981692,-0.029234463678785017,2.221140908912319,-8.54498821570232,11.41116031517045,-2.1888650075626224,5.9153015262233355
Random78
Raw:0.86069274777404,1.7939305920726811,4.871038480030097,4.93691044898169,-0.029234463678786446,2.221140908912318,-8.544988215702318,11.411160315170449,-2.1888650075626224,5.915301526223333
EFT:0.8606927477740409,1.7939305920726833,4.871038480030098,4.936910448981692,-0.029234463678785017,2.221140908912319,-8.54498821570232,11.41116031517045,-2.1888650075626224,5.9153015262233355
Random79
Raw:0.8606927477740406,1.793930592072683,4.871038480030098,4.936910448981692,-0.029234463678784572,2.221140908912319,-8.544988215702322,11.41116031517045,-2.188865007562624,5.9153015262233355
EFT:0.8606927477740409,1.7939305920726833,4.871038480030098,4.936910448981692,-0.029234463678785017,2.221140908912319,-8.54498821570232,11.41116031517045,-2.1888650075626224,5.9153015262233355
Random80
Raw:0.8606927477740416,1.7939305920726838,4.871038480030098,4.93691044898169,-0.02923446367878413,2.221140908912319,-8.544988215702318,11.41116031517045,-2.188865007562621,5.9153015262233355
EFT:0.8606927477740409,1.7939305920726833,4.871038480030098,4.936910448981692,-0.029234463678785017,2.221140908912319,-8.54498821570232,11.41116031517045,-2.1888650075626224,5.9153015262233355
Random81
Raw:0.8606927477740417,1.7939305920726838,4.871038480030098,4.936910448981691,-0.029234463678784794,2.2211409089123193,-8.544988215702318,11.41116031517045,-2.188865007562621,5.915301526223335
EFT:0.8606927477740409,1.7939305920726833,4.871038480030098,4.936910448981692,-0.029234463678785017,2.221140908912319,-8.54498821570232,11.41116031517045,-2.1888650075626224,5.9153015262233355
Random82
Raw:0.8606927477740395,1.7939305920726807,4.871038480030096,4.93691044898169,-0.029234463678786238,2.221140908912317,-8.54498821570232,11.411160315170449,-2.1888650075626233,5.915301526223333
EFT:0.8606927477740409,1.7939305920726833,4.871038480030098,4.936910448981692,-0.029234463678785017,2.221140908912319,-8.54498821570232,11.41116031517045,-2.1888650075626224,5.9153015262233355
Random83
Raw:0.860692747774042,1.7939305920726847,4.871038480030099,4.936910448981693,-0.029234463678784572,2.2211409089123193,-8.54498821570232,11.41116031517045,-2.1888650075626206,5.915301526223336
EFT:0.8606927477740409,1.7939305920726833,4.871038480030098,4.936910448981692,-0.029234463678785017,2.221140908912319,-8.54498821570232,11.41116031517045,-2.1888650075626224,5.9153015262233355
Random84
Raw:0.8606927477740438,1.7939305920726878,4.8710384800301005,4.936910448981694,-0.029234463678782352,2.221140908912321,-8.544988215702318,11.411160315170454,-2.18886500756262,5.915301526223339
EFT:0.8606927477740409,1.7939305920726833,4.871038480030098,4.936910448981692,-0.029234463678785017,2.221140908912319,-8.54498821570232,11.41116031517045,-2.1888650075626224,5.9153015262233355
Random85
Raw:0.86069274777404,1.7939305920726816,4.871038480030097,4.936910448981692,-0.02923446367878635,2.2211409089123184,-8.544988215702322,11.41116031517045,-2.188865007562623,5.915301526223334
EFT:0.8606927477740409,1.7939305920726833,4.871038480030098,4.936910448981692,-0.029234463678785017,2.221140908912319,-8.54498821570232,11.41116031517045,-2.1888650075626224,5.9153015262233355
Random86
Raw:0.8606927477740419,1.7939305920726847,4.871038480030098,4.936910448981691,-0.029234463678783573,2.2211409089123193,-8.544988215702318,11.41116031517045,-2.1888650075626206,5.9153015262233355
EFT:0.8606927477740409,1.7939305920726833,4.871038480030098,4.936910448981692,-0.029234463678785017,2.221140908912319,-8.54498821570232,11.41116031517045,-2.1888650075626224,5.9153015262233355
Random87
Raw:0.8606927477740407,1.793930592072683,4.871038480030098,4.936910448981692,-0.02923446367878546,2.221140908912319,-8.544988215702322,11.41116031517045,-2.188865007562623,5.915301526223335
EFT:0.8606927477740409,1.7939305920726833,4.871038480030098,4.936910448981692,-0.029234463678785017,2.221140908912319,-8.54498821570232,11.41116031517045,-2.1888650075626224,5.9153015262233355
Random88
Raw:0.860692747774038,1.7939305920726794,4.871038480030095,4.936910448981689,-0.029234463678786793,2.221140908912316,-8.544988215702322,11.411160315170449,-2.188865007562625,5.915301526223333
EFT:0.8606927477740409,1.7939305920726833,4.871038480030098,4.936910448981692,-0.029234463678785017,2.221140908912319,-8.54498821570232,11.41116031517045,-2.1888650075626224,5.9153015262233355
Random89
Raw:0.8606927477740407,1.7939305920726825,4.871038480030098,4.93691044898169,-0.029234463678784905,2.2211409089123184,-8.544988215702318,11.411160315170449,-2.1888650075626215,5.915301526223334
EFT:0.8606927477740409,1.7939305920726833,4.871038480030098,4.936910448981692,-0.029234463678785017,2.221140908912319,-8.54498821570232,11.41116031517045,-2.1888650075626224,5.9153015262233355
Random90
Raw:0.8606927477740438,1.7939305920726878,4.871038480030101,4.936910448981694,-0.0292344636787832,2.221140908912321,-8.544988215702318,11.411160315170456,-2.1888650075626197,5.915301526223338
EFT:0.8606927477740409,1.7939305920726833,4.871038480030098,4.936910448981692,-0.029234463678785017,2.221140908912319,-8.54498821570232,11.41116031517045,-2.1888650075626224,5.9153015262233355
Random91
Raw:0.8606927477740411,1.7939305920726833,4.871038480030098,4.936910448981691,-0.02923446367878446,2.221140908912319,-8.54498821570232,11.411160315170452,-2.188865007562622,5.9153015262233355
EFT:0.8606927477740409,1.7939305920726833,4.871038480030098,4.936910448981692,-0.029234463678785017,2.221140908912319,-8.54498821570232,11.41116031517045,-2.1888650075626224,5.9153015262233355
Random92
Raw:0.8606927477740389,1.7939305920726798,4.871038480030096,4.936910448981691,-0.029234463678787126,2.2211409089123166,-8.544988215702322,11.411160315170449,-2.188865007562624,5.915301526223333
EFT:0.8606927477740409,1.7939305920726833,4.871038480030098,4.936910448981692,-0.029234463678785017,2.221140908912319,-8.54498821570232,11.41116031517045,-2.1888650075626224,5.9153015262233355
Random93
Raw:0.8606927477740433,1.793930592072687,4.8710384800301,4.936910448981694,-0.02923446367878324,2.22114090891232,-8.544988215702318,11.411160315170452,-2.1888650075626197,5.915301526223337
EFT:0.8606927477740409,1.7939305920726833,4.871038480030098,4.936910448981692,-0.029234463678785017,2.221140908912319,-8.54498821570232,11.41116031517045,-2.1888650075626224,5.9153015262233355
Random94
Raw:0.8606927477740444,1.7939305920726891,4.8710384800301005,4.936910448981694,-0.029234463678781686,2.221140908912321,-8.544988215702318,11.411160315170454,-2.1888650075626193,5.915301526223339
EFT:0.8606927477740409,1.7939305920726833,4.871038480030098,4.936910448981692,-0.029234463678785017,2.221140908912319,-8.54498821570232,11.41116031517045,-2.1888650075626224,5.9153015262233355
Random95
Raw:0.8606927477740434,1.793930592072687,4.8710384800301,4.936910448981694,-0.0292344636787832,2.22114090891232,-8.544988215702318,11.411160315170454,-2.1888650075626193,5.915301526223337
EFT:0.8606927477740409,1.7939305920726833,4.871038480030098,4.936910448981692,-0.029234463678785017,2.221140908912319,-8.54498821570232,11.41116031517045,-2.1888650075626224,5.9153015262233355
Random96
Raw:0.8606927477740403,1.793930592072682,4.871038480030098,4.936910448981692,-0.029234463678785794,2.221140908912319,-8.544988215702322,11.41116031517045,-2.188865007562624,5.915301526223335
EFT:0.8606927477740409,1.7939305920726833,4.871038480030098,4.936910448981692,-0.029234463678785017,2.221140908912319,-8.54498821570232,11.41116031517045,-2.1888650075626224,5.9153015262233355
Random97
Raw:0.86069274777404,1.7939305920726825,4.871038480030097,4.936910448981692,-0.029234463678785433,2.221140908912318,-8.54498821570232,11.411160315170449,-2.188865007562623,5.915301526223335
EFT:0.8606927477740409,1.7939305920726833,4.871038480030098,4.936910448981692,-0.029234463678785017,2.221140908912319,-8.54498821570232,11.41116031517045,-2.1888650075626224,5.9153015262233355
Random98
Raw:0.8606927477740416,1.7939305920726842,4.871038480030099,4.936910448981694,-0.02923446367878535,2.2211409089123193,-8.54498821570232,11.411160315170452,-2.188865007562621,5.9153015262233355
EFT:0.8606927477740409,1.7939305920726833,4.871038480030098,4.936910448981692,-0.029234463678785017,2.221140908912319,-8.54498821570232,11.41116031517045,-2.1888650075626224,5.9153015262233355
Random99
Raw:0.8606927477740409,1.793930592072683,4.871038480030098,4.936910448981692,-0.02923446367878542,2.2211409089123184,-8.54498821570232,11.41116031517045,-2.1888650075626215,5.9153015262233355
EFT:0.8606927477740409,1.7939305920726833,4.871038480030098,4.936910448981692,-0.029234463678785017,2.221140908912319,-8.54498821570232,11.41116031517045,-2.1888650075626224,5.9153015262233355
Random100
Raw:0.860692747774042,1.7939305920726851,4.8710384800301005,4.936910448981692,-0.029234463678783976,2.2211409089123197,-8.544988215702322,11.411160315170454,-2.1888650075626233,5.915301526223338
EFT:0.8606927477740409,1.7939305920726833,4.871038480030098,4.936910448981692,-0.029234463678785017,2.221140908912319,-8.54498821570232,11.41116031517045,-2.1888650075626224,5.9153015262233355
Random101
Raw:0.8606927477740419,1.7939305920726847,4.871038480030099,4.936910448981692,-0.02923446367878324,2.2211409089123197,-8.54498821570232,11.411160315170454,-2.1888650075626224,5.915301526223337
EFT:0.8606927477740409,1.7939305920726833,4.871038480030098,4.936910448981692,-0.029234463678785017,2.221140908912319,-8.54498821570232,11.41116031517045,-2.1888650075626224,5.9153015262233355
Random102
Raw:0.8606927477740397,1.7939305920726811,4.871038480030096,4.936910448981689,-0.029234463678784905,2.2211409089123184,-8.544988215702318,11.41116031517045,-2.1888650075626246,5.915301526223334
EFT:0.8606927477740409,1.7939305920726833,4.871038480030098,4.936910448981692,-0.029234463678785017,2.221140908912319,-8.54498821570232,11.41116031517045,-2.1888650075626224,5.9153015262233355
Random103
Raw:0.8606927477740403,1.7939305920726825,4.871038480030097,4.936910448981691,-0.02923446367878535,2.221140908912318,-8.544988215702322,11.411160315170449,-2.188865007562623,5.915301526223335
EFT:0.8606927477740409,1.7939305920726833,4.871038480030098,4.936910448981692,-0.029234463678785017,2.221140908912319,-8.54498821570232,11.41116031517045,-2.1888650075626224,5.9153015262233355
Random104
Raw:0.8606927477740431,1.7939305920726865,4.871038480030098,4.93691044898169,-0.029234463678781353,2.22114090891232,-8.544988215702315,11.411160315170449,-2.1888650075626206,5.9153015262233355
EFT:0.8606927477740409,1.7939305920726833,4.871038480030098,4.936910448981692,-0.029234463678785017,2.221140908912319,-8.54498821570232,11.41116031517045,-2.1888650075626224,5.9153015262233355
Random105
Raw:0.8606927477740431,1.793930592072687,4.8710384800301005,4.936910448981695,-0.029234463678783906,2.22114090891232,-8.54498821570232,11.411160315170454,-2.1888650075626193,5.915301526223339
EFT:0.8606927477740409,1.7939305920726833,4.871038480030098,4.936910448981692,-0.029234463678785017,2.221140908912319,-8.54498821570232,11.41116031517045,-2.1888650075626224,5.9153015262233355
Random106
Raw:0.8606927477740407,1.793930592072683,4.871038480030097,4.936910448981692,-0.029234463678784905,2.2211409089123184,-8.54498821570232,11.41116031517045,-2.1888650075626224,5.915301526223336
EFT:0.8606927477740409,1.7939305920726833,4.871038480030098,4.936910448981692,-0.029234463678785017,2.221140908912319,-8.54498821570232,11.41116031517045,-2.1888650075626224,5.9153015262233355
Random107
Raw:0.8606927477740425,1.7939305920726856,4.8710384800301,4.936910448981693,-0.029234463678783573,2.22114090891232,-8.54498821570232,11.411160315170454,-2.1888650075626215,5.915301526223336
EFT:0.8606927477740409,1.7939305920726833,4.871038480030098,4.936910448981692,-0.029234463678785017,2.221140908912319,-8.54498821570232,11.41116031517045,-2.1888650075626224,5.9153015262233355
Random108
Raw:0.8606927477740427,1.7939305920726851,4.871038480030099,4.936910448981692,-0.02923446367878353,2.2211409089123197,-8.544988215702315,11.411160315170449,-2.1888650075626197,5.915301526223334
EFT:0.8606927477740409,1.7939305920726833,4.871038480030098,4.936910448981692,-0.029234463678785017,2.221140908912319,-8.54498821570232,11.41116031517045,-2.1888650075626224,5.9153015262233355
Random109
Raw:0.8606927477740409,1.793930592072683,4.871038480030098,4.936910448981693,-0.029234463678786543,2.221140908912319,-8.54498821570232,11.41116031517045,-2.1888650075626215,5.915301526223335
EFT:0.8606927477740409,1.7939305920726833,4.871038480030098,4.936910448981692,-0.029234463678785017,2.221140908912319,-8.54498821570232,11.41116031517045,-2.1888650075626224,5.9153015262233355
Random110
Raw:0.8606927477740416,1.7939305920726842,4.871038480030099,4.936910448981693,-0.02923446367878535,2.2211409089123193,-8.544988215702318,11.411160315170452,-2.188865007562621,5.9153015262233355
EFT:0.8606927477740409,1.7939305920726833,4.871038480030098,4.936910448981692,-0.029234463678785017,2.221140908912319,-8.54498821570232,11.41116031517045,-2.1888650075626224,5.9153015262233355
Random111
Raw:0.8606927477740393,1.7939305920726802,4.871038480030096,4.936910448981688,-0.02923446367878535,2.2211409089123175,-8.54498821570232,11.411160315170449,-2.188865007562624,5.915301526223334
EFT:0.8606927477740409,1.7939305920726833,4.871038480030098,4.936910448981692,-0.029234463678785017,2.221140908912319,-8.54498821570232,11.41116031517045,-2.1888650075626224,5.9153015262233355
Random112
Raw:0.8606927477740404,1.7939305920726825,4.871038480030097,4.93691044898169,-0.02923446367878446,2.221140908912319,-8.544988215702322,11.411160315170452,-2.188865007562624,5.9153015262233355
EFT:0.8606927477740409,1.7939305920726833,4.871038480030098,4.936910448981692,-0.029234463678785017,2.221140908912319,-8.54498821570232,11.41116031517045,-2.1888650075626224,5.9153015262233355
Random113
Raw:0.860692747774042,1.7939305920726851,4.871038480030099,4.936910448981692,-0.02923446367878367,2.2211409089123197,-8.54498821570232,11.411160315170452,-2.1888650075626215,5.915301526223336
EFT:0.8606927477740409,1.7939305920726833,4.871038480030098,4.936910448981692,-0.029234463678785017,2.221140908912319,-8.54498821570232,11.41116031517045,-2.1888650075626224,5.9153015262233355
Random114
Raw:0.86069274777404,1.793930592072682,4.871038480030097,4.936910448981691,-0.029234463678785794,2.221140908912318,-8.544988215702322,11.411160315170449,-2.1888650075626237,5.915301526223335
EFT:0.8606927477740409,1.7939305920726833,4.871038480030098,4.936910448981692,-0.029234463678785017,2.221140908912319,-8.54498821570232,11.41116031517045,-2.1888650075626224,5.9153015262233355
Random115
Raw:0.8606927477740426,1.7939305920726865,4.8710384800301,4.936910448981694,-0.029234463678784017,2.2211409089123197,-8.544988215702322,11.411160315170452,-2.188865007562621,5.915301526223339
EFT:0.8606927477740409,1.7939305920726833,4.871038480030098,4.936910448981692,-0.029234463678785017,2.221140908912319,-8.54498821570232,11.41116031517045,-2.1888650075626224,5.9153015262233355
Random116
Raw:0.8606927477740401,1.793930592072682,4.871038480030097,4.936910448981691,-0.029234463678784905,2.2211409089123184,-8.544988215702322,11.41116031517045,-2.188865007562624,5.9153015262233355
EFT:0.8606927477740409,1.7939305920726833,4.871038480030098,4.936910448981692,-0.029234463678785017,2.221140908912319,-8.54498821570232,11.41116031517045,-2.1888650075626224,5.9153015262233355
Random117
Raw:0.860692747774046,1.7939305920726913,4.871038480030102,4.9369104489816955,-0.029234463678781242,2.2211409089123224,-8.544988215702316,11.411160315170456,-2.188865007562617,5.91530152622334
EFT:0.8606927477740409,1.7939305920726833,4.871038480030098,4.936910448981692,-0.029234463678785017,2.221140908912319,-8.54498821570232,11.41116031517045,-2.1888650075626224,5.9153015262233355
Random118
Raw:0.8606927477740405,1.793930592072683,4.871038480030099,4.936910448981694,-0.029234463678786682,2.221140908912319,-8.544988215702325,11.411160315170454,-2.1888650075626233,5.915301526223336
EFT:0.8606927477740409,1.7939305920726833,4.871038480030098,4.936910448981692,-0.029234463678785017,2.221140908912319,-8.54498821570232,11.41116031517045,-2.1888650075626224,5.9153015262233355
Random119
Raw:0.8606927477740407,1.793930592072683,4.8710384800301,4.936910448981694,-0.02923446367878757,2.2211409089123184,-8.544988215702322,11.41116031517045,-2.1888650075626215,5.9153015262233355
EFT:0.8606927477740409,1.7939305920726833,4.871038480030098,4.936910448981692,-0.029234463678785017,2.221140908912319,-8.54498821570232,11.41116031517045,-2.1888650075626224,5.9153015262233355
Random120
Raw:0.860692747774042,1.7939305920726847,4.871038480030099,4.936910448981693,-0.029234463678784572,2.2211409089123193,-8.54498821570232,11.41116031517045,-2.1888650075626206,5.915301526223336
EFT:0.8606927477740409,1.7939305920726833,4.871038480030098,4.936910448981692,-0.029234463678785017,2.221140908912319,-8.54498821570232,11.41116031517045,-2.1888650075626224,5.9153015262233355
Random121
Raw:0.8606927477740424,1.7939305920726856,4.871038480030099,4.936910448981693,-0.029234463678783698,2.2211409089123193,-8.54498821570232,11.411160315170452,-2.18886500756262,5.915301526223337
EFT:0.8606927477740409,1.7939305920726833,4.871038480030098,4.936910448981692,-0.029234463678785017,2.221140908912319,-8.54498821570232,11.41116031517045,-2.1888650075626224,5.9153015262233355
Random122
Raw:0.8606927477740427,1.793930592072686,4.8710384800301,4.936910448981693,-0.029234463678783018,2.2211409089123197,-8.54498821570232,11.411160315170452,-2.188865007562621,5.915301526223337
EFT:0.8606927477740409,1.7939305920726833,4.871038480030098,4.936910448981692,-0.029234463678785017,2.221140908912319,-8.54498821570232,11.41116031517045,-2.1888650075626224,5.9153015262233355
Random123
Raw:0.8606927477740418,1.7939305920726847,4.8710384800301,4.936910448981694,-0.029234463678785017,2.2211409089123197,-8.544988215702322,11.411160315170452,-2.1888650075626215,5.915301526223337
EFT:0.8606927477740409,1.7939305920726833,4.871038480030098,4.936910448981692,-0.029234463678785017,2.221140908912319,-8.54498821570232,11.41116031517045,-2.1888650075626224,5.9153015262233355
Random124
Raw:0.8606927477740441,1.7939305920726878,4.8710384800301005,4.936910448981692,-0.029234463678781686,2.2211409089123215,-8.544988215702315,11.411160315170454,-2.1888650075626197,5.915301526223338
EFT:0.8606927477740409,1.7939305920726833,4.871038480030098,4.936910448981692,-0.029234463678785017,2.221140908912319,-8.54498821570232,11.41116031517045,-2.1888650075626224,5.9153015262233355
Random125
Raw:0.8606927477740418,1.7939305920726842,4.8710384800301,4.936910448981694,-0.02923446367878546,2.2211409089123197,-8.54498821570232,11.411160315170452,-2.1888650075626206,5.9153015262233355
EFT:0.8606927477740409,1.7939305920726833,4.871038480030098,4.936910448981692,-0.029234463678785017,2.221140908912319,-8.54498821570232,11.41116031517045,-2.1888650075626224,5.9153015262233355
Random126
Raw:0.8606927477740423,1.7939305920726847,4.871038480030099,4.936910448981692,-0.02923446367878442,2.2211409089123197,-8.544988215702318,11.41116031517045,-2.1888650075626206,5.9153015262233355
EFT:0.8606927477740409,1.7939305920726833,4.871038480030098,4.936910448981692,-0.029234463678785017,2.221140908912319,-8.54498821570232,11.41116031517045,-2.1888650075626224,5.9153015262233355
Random127
Raw:0.8606927477740391,1.7939305920726802,4.871038480030097,4.936910448981691,-0.029234463678787126,2.221140908912318,-8.544988215702322,11.411160315170449,-2.188865007562624,5.915301526223334
EFT:0.8606927477740409,1.7939305920726833,4.871038480030098,4.936910448981692,-0.029234463678785017,2.221140908912319,-8.54498821570232,11.41116031517045,-2.1888650075626224,5.9153015262233355
Random128
Raw:0.8606927477740391,1.7939305920726802,4.871038480030098,4.936910448981692,-0.029234463678787126,2.221140908912318,-8.544988215702322,11.41116031517045,-2.188865007562625,5.915301526223335
EFT:0.8606927477740409,1.7939305920726833,4.871038480030098,4.936910448981692,-0.029234463678785017,2.221140908912319,-8.54498821570232,11.41116031517045,-2.1888650075626224,5.9153015262233355
Random129
Raw:0.8606927477740406,1.793930592072683,4.871038480030099,4.936910448981693,-0.02923446367878678,2.2211409089123184,-8.544988215702322,11.411160315170452,-2.188865007562623,5.9153015262233355
EFT:0.8606927477740409,1.7939305920726833,4.871038480030098,4.936910448981692,-0.029234463678785017,2.221140908912319,-8.54498821570232,11.41116031517045,-2.1888650075626224,5.9153015262233355
Random130
Raw:0.8606927477740396,1.7939305920726802,4.871038480030096,4.936910448981689,-0.029234463678786238,2.2211409089123175,-8.54498821570232,11.411160315170449,-2.188865007562623,5.915301526223333
EFT:0.8606927477740409,1.7939305920726833,4.871038480030098,4.936910448981692,-0.029234463678785017,2.221140908912319,-8.54498821570232,11.41116031517045,-2.1888650075626224,5.9153015262233355
Random131
Raw:0.8606927477740403,1.793930592072682,4.871038480030098,4.936910448981691,-0.029234463678785794,2.221140908912318,-8.544988215702322,11.41116031517045,-2.1888650075626233,5.915301526223335
EFT:0.8606927477740409,1.7939305920726833,4.871038480030098,4.936910448981692,-0.029234463678785017,2.221140908912319,-8.54498821570232,11.41116031517045,-2.1888650075626224,5.9153015262233355
Random132
Raw:0.8606927477740407,1.793930592072683,4.871038480030098,4.936910448981692,-0.02923446367878535,2.221140908912319,-8.54498821570232,11.411160315170452,-2.188865007562623,5.9153015262233355
EFT:0.8606927477740409,1.7939305920726833,4.871038480030098,4.936910448981692,-0.029234463678785017,2.221140908912319,-8.54498821570232,11.41116031517045,-2.1888650075626224,5.9153015262233355
Random133
Raw:0.860692747774041,1.793930592072683,4.871038480030098,4.936910448981691,-0.02923446367878535,2.221140908912319,-8.544988215702318,11.41116031517045,-2.188865007562621,5.915301526223335
EFT:0.8606927477740409,1.7939305920726833,4.871038480030098,4.936910448981692,-0.029234463678785017,2.221140908912319,-8.54498821570232,11.41116031517045,-2.1888650075626224,5.9153015262233355
Random134
Raw:0.8606927477740418,1.7939305920726842,4.8710384800301,4.936910448981695,-0.02923446367878678,2.2211409089123197,-8.544988215702322,11.411160315170452,-2.1888650075626215,5.915301526223336
EFT:0.8606927477740409,1.7939305920726833,4.871038480030098,4.936910448981692,-0.029234463678785017,2.221140908912319,-8.54498821570232,11.41116031517045,-2.1888650075626224,5.9153015262233355
Random135
Raw:0.86069274777404,1.7939305920726816,4.871038480030097,4.936910448981691,-0.029234463678784905,2.221140908912318,-8.544988215702322,11.41116031517045,-2.1888650075626246,5.915301526223335
EFT:0.8606927477740409,1.7939305920726833,4.871038480030098,4.936910448981692,-0.029234463678785017,2.221140908912319,-8.54498821570232,11.41116031517045,-2.1888650075626224,5.9153015262233355
Random136
Raw:0.8606927477740411,1.7939305920726838,4.871038480030098,4.936910448981692,-0.02923446367878446,2.2211409089123197,-8.544988215702318,11.411160315170452,-2.1888650075626233,5.9153015262233355
EFT:0.8606927477740409,1.7939305920726833,4.871038480030098,4.936910448981692,-0.029234463678785017,2.221140908912319,-8.54498821570232,11.41116031517045,-2.1888650075626224,5.9153015262233355
Random137
Raw:0.8606927477740416,1.7939305920726838,4.871038480030099,4.936910448981694,-0.029234463678785377,2.2211409089123193,-8.54498821570232,11.411160315170452,-2.188865007562621,5.9153015262233355
EFT:0.8606927477740409,1.7939305920726833,4.871038480030098,4.936910448981692,-0.029234463678785017,2.221140908912319,-8.54498821570232,11.41116031517045,-2.1888650075626224,5.9153015262233355
Random138
Raw:0.8606927477740418,1.7939305920726842,4.871038480030099,4.936910448981693,-0.02923446367878471,2.2211409089123197,-8.54498821570232,11.411160315170452,-2.188865007562621,5.915301526223336
EFT:0.8606927477740409,1.7939305920726833,4.871038480030098,4.936910448981692,-0.029234463678785017,2.221140908912319,-8.54498821570232,11.41116031517045,-2.1888650075626224,5.9153015262233355
Random139
Raw:0.8606927477740429,1.7939305920726865,4.8710384800301,4.936910448981694,-0.029234463678783018,2.2211409089123197,-8.54498821570232,11.411160315170452,-2.18886500756262,5.915301526223337
EFT:0.8606927477740409,1.7939305920726833,4.871038480030098,4.936910448981692,-0.029234463678785017,2.221140908912319,-8.54498821570232,11.41116031517045,-2.1888650075626224,5.9153015262233355
Random140
Raw:0.8606927477740423,1.7939305920726847,4.8710384800301,4.936910448981694,-0.029234463678784794,2.2211409089123197,-8.54498821570232,11.411160315170452,-2.1888650075626206,5.915301526223336
EFT:0.8606927477740409,1.7939305920726833,4.871038480030098,4.936910448981692,-0.029234463678785017,2.221140908912319,-8.54498821570232,11.41116031517045,-2.1888650075626224,5.9153015262233355
Random141
Raw:0.8606927477740387,1.7939305920726802,4.871038480030095,4.93691044898169,-0.029234463678786224,2.221140908912317,-8.544988215702322,11.411160315170449,-2.188865007562625,5.915301526223335
EFT:0.8606927477740409,1.7939305920726833,4.871038480030098,4.936910448981692,-0.029234463678785017,2.221140908912319,-8.54498821570232,11.41116031517045,-2.1888650075626224,5.9153015262233355
Random142
Raw:0.8606927477740434,1.793930592072687,4.8710384800301005,4.936910448981694,-0.02923446367878313,2.22114090891232,-8.544988215702318,11.411160315170452,-2.1888650075626197,5.915301526223338
EFT:0.8606927477740409,1.7939305920726833,4.871038480030098,4.936910448981692,-0.029234463678785017,2.221140908912319,-8.54498821570232,11.41116031517045,-2.1888650075626224,5.9153015262233355
Random143
Raw:0.8606927477740409,1.793930592072683,4.871038480030098,4.936910448981694,-0.029234463678786238,2.221140908912319,-8.544988215702322,11.41116031517045,-2.1888650075626215,5.915301526223335
EFT:0.8606927477740409,1.7939305920726833,4.871038480030098,4.936910448981692,-0.029234463678785017,2.221140908912319,-8.54498821570232,11.41116031517045,-2.1888650075626224,5.9153015262233355
Random144
Raw:0.8606927477740405,1.7939305920726825,4.871038480030097,4.936910448981691,-0.029234463678785128,2.2211409089123184,-8.544988215702322,11.411160315170449,-2.1888650075626233,5.915301526223335
EFT:0.8606927477740409,1.7939305920726833,4.871038480030098,4.936910448981692,-0.029234463678785017,2.221140908912319,-8.54498821570232,11.41116031517045,-2.1888650075626224,5.9153015262233355
Random145
Raw:0.8606927477740405,1.7939305920726825,4.871038480030098,4.936910448981692,-0.029234463678785794,2.221140908912318,-8.54498821570232,11.41116031517045,-2.1888650075626224,5.915301526223335
EFT:0.8606927477740409,1.7939305920726833,4.871038480030098,4.936910448981692,-0.029234463678785017,2.221140908912319,-8.54498821570232,11.41116031517045,-2.1888650075626224,5.9153015262233355
Random146
Raw:0.8606927477740418,1.7939305920726851,4.8710384800301,4.936910448981694,-0.02923446367878546,2.2211409089123197,-8.544988215702324,11.411160315170456,-2.188865007562622,5.915301526223338
EFT:0.8606927477740409,1.7939305920726833,4.871038480030098,4.936910448981692,-0.029234463678785017,2.221140908912319,-8.54498821570232,11.41116031517045,-2.1888650075626224,5.9153015262233355
Random147
Raw:0.8606927477740435,1.7939305920726873,4.871038480030101,4.936910448981695,-0.029234463678783906,2.2211409089123206,-8.544988215702322,11.411160315170456,-2.18886500756262,5.915301526223339
EFT:0.8606927477740409,1.7939305920726833,4.871038480030098,4.936910448981692,-0.029234463678785017,2.221140908912319,-8.54498821570232,11.41116031517045,-2.1888650075626224,5.9153015262233355
Random148
Raw:0.8606927477740423,1.793930592072686,4.8710384800301,4.936910448981694,-0.02923446367878446,2.2211409089123197,-8.544988215702322,11.411160315170452,-2.1888650075626206,5.915301526223338
EFT:0.8606927477740409,1.7939305920726833,4.871038480030098,4.936910448981692,-0.029234463678785017,2.221140908912319,-8.54498821570232,11.41116031517045,-2.1888650075626224,5.9153015262233355
Random149
Raw:0.8606927477740394,1.7939305920726802,4.871038480030096,4.936910448981691,-0.029234463678786446,2.2211409089123175,-8.544988215702322,11.411160315170449,-2.188865007562624,5.915301526223334
EFT:0.8606927477740409,1.7939305920726833,4.871038480030098,4.936910448981692,-0.029234463678785017,2.221140908912319,-8.54498821570232,11.41116031517045,-2.1888650075626224,5.9153015262233355
Random150
Raw:0.8606927477740423,1.7939305920726851,4.871038480030099,4.936910448981694,-0.02923446367878446,2.2211409089123197,-8.54498821570232,11.411160315170452,-2.1888650075626215,5.915301526223336
EFT:0.8606927477740409,1.7939305920726833,4.871038480030098,4.936910448981692,-0.029234463678785017,2.221140908912319,-8.54498821570232,11.41116031517045,-2.1888650075626224,5.9153015262233355
Random151
Raw:0.8606927477740418,1.7939305920726847,4.871038480030099,4.936910448981693,-0.02923446367878413,2.2211409089123197,-8.54498821570232,11.41116031517045,-2.1888650075626215,5.915301526223336
EFT:0.8606927477740409,1.7939305920726833,4.871038480030098,4.936910448981692,-0.029234463678785017,2.221140908912319,-8.54498821570232,11.41116031517045,-2.1888650075626224,5.9153015262233355
Random152
Raw:0.8606927477740417,1.7939305920726847,4.8710384800301005,4.936910448981694,-0.029234463678785794,2.2211409089123197,-8.544988215702322,11.411160315170454,-2.1888650075626215,5.915301526223337
EFT:0.8606927477740409,1.7939305920726833,4.871038480030098,4.936910448981692,-0.029234463678785017,2.221140908912319,-8.54498821570232,11.41116031517045,-2.1888650075626224,5.9153015262233355
Random153
Raw:0.8606927477740414,1.7939305920726838,4.871038480030098,4.936910448981693,-0.02923446367878524,2.2211409089123193,-8.54498821570232,11.41116031517045,-2.1888650075626224,5.915301526223336
EFT:0.8606927477740409,1.7939305920726833,4.871038480030098,4.936910448981692,-0.029234463678785017,2.221140908912319,-8.54498821570232,11.41116031517045,-2.1888650075626224,5.9153015262233355
Random154
Raw:0.8606927477740425,1.7939305920726856,4.871038480030099,4.936910448981693,-0.029234463678784073,2.2211409089123197,-8.544988215702318,11.411160315170452,-2.1888650075626206,5.915301526223336
EFT:0.8606927477740409,1.7939305920726833,4.871038480030098,4.936910448981692,-0.029234463678785017,2.221140908912319,-8.54498821570232,11.41116031517045,-2.1888650075626224,5.9153015262233355
Random155
Raw:0.8606927477740451,1.79393059207269,4.8710384800301005,4.936910448981693,-0.02923446367878091,2.2211409089123224,-8.544988215702316,11.411160315170454,-2.188865007562619,5.915301526223338
EFT:0.8606927477740409,1.7939305920726833,4.871038480030098,4.936910448981692,-0.029234463678785017,2.221140908912319,-8.54498821570232,11.41116031517045,-2.1888650075626224,5.9153015262233355
Random156
Raw:0.8606927477740418,1.7939305920726847,4.871038480030098,4.936910448981692,-0.02923446367878435,2.221140908912319,-8.54498821570232,11.41116031517045,-2.188865007562621,5.915301526223336
EFT:0.8606927477740409,1.7939305920726833,4.871038480030098,4.936910448981692,-0.029234463678785017,2.221140908912319,-8.54498821570232,11.41116031517045,-2.1888650075626224,5.9153015262233355
Random157
Raw:0.8606927477740436,1.7939305920726873,4.8710384800301005,4.936910448981694,-0.02923446367878324,2.2211409089123206,-8.544988215702318,11.411160315170452,-2.188865007562619,5.915301526223338
EFT:0.8606927477740409,1.7939305920726833,4.871038480030098,4.936910448981692,-0.029234463678785017,2.221140908912319,-8.54498821570232,11.41116031517045,-2.1888650075626224,5.9153015262233355
Random158
Raw:0.8606927477740416,1.7939305920726838,4.871038480030099,4.936910448981694,-0.029234463678785932,2.2211409089123193,-8.544988215702318,11.41116031517045,-2.1888650075626215,5.9153015262233355
EFT:0.8606927477740409,1.7939305920726833,4.871038480030098,4.936910448981692,-0.029234463678785017,2.221140908912319,-8.54498821570232,11.41116031517045,-2.1888650075626224,5.9153015262233355
Random159
Raw:0.8606927477740423,1.7939305920726847,4.8710384800301,4.936910448981693,-0.02923446367878446,2.2211409089123197,-8.54498821570232,11.411160315170452,-2.1888650075626215,5.915301526223336
EFT:0.8606927477740409,1.7939305920726833,4.871038480030098,4.936910448981692,-0.029234463678785017,2.221140908912319,-8.54498821570232,11.41116031517045,-2.1888650075626224,5.9153015262233355
Random160
Raw:0.8606927477740428,1.7939305920726865,4.8710384800301,4.936910448981694,-0.0292344636787836,2.2211409089123197,-8.544988215702318,11.411160315170452,-2.18886500756262,5.915301526223337
EFT:0.8606927477740409,1.7939305920726833,4.871038480030098,4.936910448981692,-0.029234463678785017,2.221140908912319,-8.54498821570232,11.41116031517045,-2.1888650075626224,5.9153015262233355
Random161
Raw:0.8606927477740434,1.7939305920726873,4.8710384800301005,4.936910448981695,-0.029234463678783573,2.2211409089123206,-8.544988215702322,11.411160315170454,-2.1888650075626206,5.915301526223339
EFT:0.8606927477740409,1.7939305920726833,4.871038480030098,4.936910448981692,-0.029234463678785017,2.221140908912319,-8.54498821570232,11.41116031517045,-2.1888650075626224,5.9153015262233355
Random162
Raw:0.8606927477740411,1.793930592072683,4.871038480030098,4.936910448981691,-0.029234463678785058,2.221140908912319,-8.544988215702318,11.41116031517045,-2.188865007562621,5.915301526223335
EFT:0.8606927477740409,1.7939305920726833,4.871038480030098,4.936910448981692,-0.029234463678785017,2.221140908912319,-8.54498821570232,11.41116031517045,-2.1888650075626224,5.9153015262233355
Random163
Raw:0.8606927477740434,1.7939305920726873,4.8710384800301,4.936910448981694,-0.029234463678782796,2.2211409089123206,-8.544988215702318,11.411160315170452,-2.1888650075626193,5.915301526223338
EFT:0.8606927477740409,1.7939305920726833,4.871038480030098,4.936910448981692,-0.029234463678785017,2.221140908912319,-8.54498821570232,11.41116031517045,-2.1888650075626224,5.9153015262233355
Random164
Raw:0.8606927477740407,1.793930592072683,4.871038480030099,4.936910448981693,-0.029234463678786737,2.221140908912319,-8.544988215702324,11.411160315170452,-2.188865007562623,5.915301526223336
EFT:0.8606927477740409,1.7939305920726833,4.871038480030098,4.936910448981692,-0.029234463678785017,2.221140908912319,-8.54498821570232,11.41116031517045,-2.1888650075626224,5.9153015262233355
Random165
Raw:0.86069274777404,1.7939305920726816,4.871038480030097,4.936910448981692,-0.029234463678786238,2.221140908912318,-8.544988215702322,11.411160315170449,-2.1888650075626224,5.915301526223335
EFT:0.8606927477740409,1.7939305920726833,4.871038480030098,4.936910448981692,-0.029234463678785017,2.221140908912319,-8.54498821570232,11.41116031517045,-2.1888650075626224,5.9153015262233355
Random166
Raw:0.8606927477740411,1.7939305920726838,4.871038480030099,4.936910448981693,-0.029234463678785683,2.221140908912319,-8.544988215702322,11.411160315170452,-2.1888650075626215,5.915301526223336
EFT:0.8606927477740409,1.7939305920726833,4.871038480030098,4.936910448981692,-0.029234463678785017,2.221140908912319,-8.54498821570232,11.41116031517045,-2.1888650075626224,5.9153015262233355
Random167
Raw:0.8606927477740431,1.7939305920726865,4.8710384800301,4.936910448981693,-0.029234463678783462,2.2211409089123206,-8.544988215702318,11.411160315170452,-2.1888650075626206,5.915301526223337
EFT:0.8606927477740409,1.7939305920726833,4.871038480030098,4.936910448981692,-0.029234463678785017,2.221140908912319,-8.54498821570232,11.41116031517045,-2.1888650075626224,5.9153015262233355
Random168
Raw:0.8606927477740447,1.7939305920726896,4.871038480030101,4.936910448981695,-0.029234463678781963,2.2211409089123215,-8.544988215702318,11.411160315170456,-2.1888650075626193,5.915301526223339
EFT:0.8606927477740409,1.7939305920726833,4.871038480030098,4.936910448981692,-0.029234463678785017,2.221140908912319,-8.54498821570232,11.41116031517045,-2.1888650075626224,5.9153015262233355
Random169
Raw:0.8606927477740425,1.7939305920726856,4.8710384800301,4.936910448981691,-0.02923446367878313,2.22114090891232,-8.544988215702318,11.411160315170452,-2.188865007562621,5.915301526223336
EFT:0.8606927477740409,1.7939305920726833,4.871038480030098,4.936910448981692,-0.029234463678785017,2.221140908912319,-8.54498821570232,11.41116031517045,-2.1888650075626224,5.9153015262233355
Random170
Raw:0.860692747774044,1.7939305920726882,4.8710384800301005,4.936910448981695,-0.029234463678783407,2.221140908912321,-8.544988215702318,11.411160315170454,-2.1888650075626184,5.915301526223338
EFT:0.8606927477740409,1.7939305920726833,4.871038480030098,4.936910448981692,-0.029234463678785017,2.221140908912319,-8.54498821570232,11.41116031517045,-2.1888650075626224,5.9153015262233355
Random171
Raw:0.8606927477740438,1.7939305920726878,4.8710384800301005,4.936910448981695,-0.029234463678783573,2.2211409089123206,-8.544988215702318,11.411160315170454,-2.1888650075626193,5.915301526223337
EFT:0.8606927477740409,1.7939305920726833,4.871038480030098,4.936910448981692,-0.029234463678785017,2.221140908912319,-8.54498821570232,11.41116031517045,-2.1888650075626224,5.9153015262233355
Random172
Raw:0.860692747774041,1.7939305920726833,4.871038480030098,4.936910448981688,-0.029234463678782685,2.221140908912319,-8.54498821570232,11.41116031517045,-2.1888650075626233,5.9153015262233355
EFT:0.8606927477740409,1.7939305920726833,4.871038480030098,4.936910448981692,-0.029234463678785017,2.221140908912319,-8.54498821570232,11.41116031517045,-2.1888650075626224,5.9153015262233355
Random173
Raw:0.8606927477740426,1.7939305920726865,4.8710384800301,4.936910448981694,-0.02923446367878313,2.2211409089123197,-8.544988215702318,11.411160315170452,-2.1888650075626206,5.915301526223337
EFT:0.8606927477740409,1.7939305920726833,4.871038480030098,4.936910448981692,-0.029234463678785017,2.221140908912319,-8.54498821570232,11.41116031517045,-2.1888650075626224,5.9153015262233355
Random174
Raw:0.8606927477740439,1.7939305920726882,4.8710384800301005,4.936910448981694,-0.029234463678782685,2.2211409089123206,-8.544988215702318,11.411160315170454,-2.188865007562619,5.915301526223338
EFT:0.8606927477740409,1.7939305920726833,4.871038480030098,4.936910448981692,-0.029234463678785017,2.221140908912319,-8.54498821570232,11.41116031517045,-2.1888650075626224,5.9153015262233355
Random175
Raw:0.8606927477740418,1.7939305920726842,4.8710384800301,4.936910448981693,-0.029234463678785044,2.2211409089123197,-8.544988215702318,11.411160315170452,-2.1888650075626215,5.915301526223336
EFT:0.8606927477740409,1.7939305920726833,4.871038480030098,4.936910448981692,-0.029234463678785017,2.221140908912319,-8.54498821570232,11.41116031517045,-2.1888650075626224,5.9153015262233355
Random176
Raw:0.860692747774044,1.7939305920726878,4.8710384800301005,4.936910448981692,-0.029234463678781908,2.2211409089123206,-8.544988215702316,11.411160315170454,-2.188865007562619,5.915301526223338
EFT:0.8606927477740409,1.7939305920726833,4.871038480030098,4.936910448981692,-0.029234463678785017,2.221140908912319,-8.54498821570232,11.41116031517045,-2.1888650075626224,5.9153015262233355
Random177
Raw:0.860692747774044,1.7939305920726882,4.8710384800301005,4.936910448981695,-0.02923446367878313,2.221140908912321,-8.544988215702318,11.411160315170454,-2.188865007562619,5.915301526223338
EFT:0.8606927477740409,1.7939305920726833,4.871038480030098,4.936910448981692,-0.029234463678785017,2.221140908912319,-8.54498821570232,11.41116031517045,-2.1888650075626224,5.9153015262233355
Random178
Raw:0.8606927477740407,1.793930592072683,4.871038480030098,4.936910448981692,-0.029234463678785322,2.221140908912319,-8.54498821570232,11.411160315170452,-2.1888650075626224,5.915301526223335
EFT:0.8606927477740409,1.7939305920726833,4.871038480030098,4.936910448981692,-0.029234463678785017,2.221140908912319,-8.54498821570232,11.41116031517045,-2.1888650075626224,5.9153015262233355
Random179
Raw:0.8606927477740426,1.793930592072686,4.8710384800301,4.936910448981693,-0.029234463678783573,2.2211409089123197,-8.54498821570232,11.411160315170452,-2.188865007562621,5.915301526223338
EFT:0.8606927477740409,1.7939305920726833,4.871038480030098,4.936910448981692,-0.029234463678785017,2.221140908912319,-8.54498821570232,11.41116031517045,-2.1888650075626224,5.9153015262233355
Random180
Raw:0.8606927477740398,1.7939305920726811,4.871038480030097,4.936910448981691,-0.029234463678785017,2.221140908912318,-8.544988215702322,11.41116031517045,-2.188865007562624,5.915301526223335
EFT:0.8606927477740409,1.7939305920726833,4.871038480030098,4.936910448981692,-0.029234463678785017,2.221140908912319,-8.54498821570232,11.41116031517045,-2.1888650075626224,5.9153015262233355
Random181
Raw:0.8606927477740396,1.7939305920726811,4.871038480030097,4.936910448981691,-0.029234463678786002,2.2211409089123184,-8.544988215702322,11.411160315170452,-2.1888650075626246,5.915301526223334
EFT:0.8606927477740409,1.7939305920726833,4.871038480030098,4.936910448981692,-0.029234463678785017,2.221140908912319,-8.54498821570232,11.41116031517045,-2.1888650075626224,5.9153015262233355
Random182
Raw:0.8606927477740405,1.793930592072683,4.871038480030098,4.936910448981692,-0.02923446367878446,2.221140908912319,-8.544988215702322,11.411160315170452,-2.1888650075626237,5.9153015262233355
EFT:0.8606927477740409,1.7939305920726833,4.871038480030098,4.936910448981692,-0.029234463678785017,2.221140908912319,-8.54498821570232,11.41116031517045,-2.1888650075626224,5.9153015262233355
Random183
Raw:0.860692747774042,1.7939305920726847,4.8710384800301,4.936910448981693,-0.029234463678784017,2.2211409089123197,-8.54498821570232,11.411160315170452,-2.1888650075626215,5.915301526223336
EFT:0.8606927477740409,1.7939305920726833,4.871038480030098,4.936910448981692,-0.029234463678785017,2.221140908912319,-8.54498821570232,11.41116031517045,-2.1888650075626224,5.9153015262233355
Random184
Raw:0.860692747774044,1.7939305920726882,4.8710384800301005,4.936910448981695,-0.02923446367878313,2.221140908912321,-8.544988215702318,11.411160315170452,-2.1888650075626193,5.915301526223338
EFT:0.8606927477740409,1.7939305920726833,4.871038480030098,4.936910448981692,-0.029234463678785017,2.221140908912319,-8.54498821570232,11.41116031517045,-2.1888650075626224,5.9153015262233355
Random185
Raw:0.8606927477740418,1.7939305920726847,4.871038480030098,4.936910448981693,-0.02923446367878446,2.221140908912319,-8.54498821570232,11.41116031517045,-2.188865007562621,5.915301526223336
EFT:0.8606927477740409,1.7939305920726833,4.871038480030098,4.936910448981692,-0.029234463678785017,2.221140908912319,-8.54498821570232,11.41116031517045,-2.1888650075626224,5.9153015262233355
Random186
Raw:0.8606927477740408,1.793930592072683,4.871038480030098,4.936910448981692,-0.029234463678784905,2.2211409089123193,-8.544988215702322,11.411160315170452,-2.1888650075626233,5.9153015262233355
EFT:0.8606927477740409,1.7939305920726833,4.871038480030098,4.936910448981692,-0.029234463678785017,2.221140908912319,-8.54498821570232,11.41116031517045,-2.1888650075626224,5.9153015262233355
Random187
Raw:0.8606927477740423,1.7939305920726851,4.871038480030099,4.936910448981694,-0.02923446367878413,2.2211409089123197,-8.54498821570232,11.411160315170452,-2.1888650075626206,5.915301526223336
EFT:0.8606927477740409,1.7939305920726833,4.871038480030098,4.936910448981692,-0.029234463678785017,2.221140908912319,-8.54498821570232,11.41116031517045,-2.1888650075626224,5.9153015262233355
Random188
Raw:0.8606927477740434,1.7939305920726873,4.8710384800301,4.936910448981694,-0.029234463678782574,2.2211409089123206,-8.544988215702318,11.411160315170452,-2.1888650075626197,5.915301526223338
EFT:0.8606927477740409,1.7939305920726833,4.871038480030098,4.936910448981692,-0.029234463678785017,2.221140908912319,-8.54498821570232,11.41116031517045,-2.1888650075626224,5.9153015262233355
Random189
Raw:0.8606927477740403,1.793930592072682,4.871038480030098,4.936910448981692,-0.029234463678786418,2.221140908912319,-8.544988215702322,11.411160315170452,-2.188865007562623,5.915301526223335
EFT:0.8606927477740409,1.7939305920726833,4.871038480030098,4.936910448981692,-0.029234463678785017,2.221140908912319,-8.54498821570232,11.41116031517045,-2.1888650075626224,5.9153015262233355
Random190
Raw:0.8606927477740416,1.7939305920726842,4.871038480030099,4.936910448981693,-0.029234463678784794,2.2211409089123197,-8.54498821570232,11.411160315170452,-2.188865007562622,5.915301526223336
EFT:0.8606927477740409,1.7939305920726833,4.871038480030098,4.936910448981692,-0.029234463678785017,2.221140908912319,-8.54498821570232,11.41116031517045,-2.1888650075626224,5.9153015262233355
Random191
Raw:0.8606927477740407,1.793930592072682,4.871038480030097,4.93691044898169,-0.029234463678784905,2.221140908912318,-8.544988215702318,11.411160315170449,-2.188865007562622,5.915301526223335
EFT:0.8606927477740409,1.7939305920726833,4.871038480030098,4.936910448981692,-0.029234463678785017,2.221140908912319,-8.54498821570232,11.41116031517045,-2.1888650075626224,5.9153015262233355
Random192
Raw:0.8606927477740389,1.7939305920726802,4.871038480030097,4.936910448981691,-0.029234463678785794,2.221140908912318,-8.544988215702324,11.411160315170452,-2.1888650075626255,5.9153015262233355
EFT:0.8606927477740409,1.7939305920726833,4.871038480030098,4.936910448981692,-0.029234463678785017,2.221140908912319,-8.54498821570232,11.41116031517045,-2.1888650075626224,5.9153015262233355
Random193
Raw:0.8606927477740409,1.7939305920726838,4.871038480030099,4.936910448981692,-0.029234463678783573,2.2211409089123193,-8.544988215702324,11.411160315170454,-2.1888650075626246,5.915301526223337
EFT:0.8606927477740409,1.7939305920726833,4.871038480030098,4.936910448981692,-0.029234463678785017,2.221140908912319,-8.54498821570232,11.41116031517045,-2.1888650075626224,5.9153015262233355
Random194
Raw:0.8606927477740405,1.7939305920726825,4.871038480030098,4.936910448981692,-0.029234463678786682,2.2211409089123184,-8.544988215702322,11.41116031517045,-2.188865007562622,5.915301526223335
EFT:0.8606927477740409,1.7939305920726833,4.871038480030098,4.936910448981692,-0.029234463678785017,2.221140908912319,-8.54498821570232,11.41116031517045,-2.1888650075626224,5.9153015262233355
Random195
Raw:0.860692747774042,1.7939305920726847,4.871038480030099,4.936910448981692,-0.02923446367878413,2.2211409089123197,-8.54498821570232,11.411160315170452,-2.1888650075626215,5.915301526223336
EFT:0.8606927477740409,1.7939305920726833,4.871038480030098,4.936910448981692,-0.029234463678785017,2.221140908912319,-8.54498821570232,11.41116031517045,-2.1888650075626224,5.9153015262233355
Random196
Raw:0.8606927477740403,1.7939305920726816,4.871038480030097,4.936910448981689,-0.02923446367878535,2.221140908912319,-8.54498821570232,11.411160315170449,-2.1888650075626233,5.915301526223334
EFT:0.8606927477740409,1.7939305920726833,4.871038480030098,4.936910448981692,-0.029234463678785017,2.221140908912319,-8.54498821570232,11.41116031517045,-2.1888650075626224,5.9153015262233355
Random197
Raw:0.860692747774039,1.7939305920726798,4.871038480030096,4.936910448981691,-0.02923446367878746,2.2211409089123175,-8.544988215702322,11.411160315170449,-2.1888650075626237,5.915301526223333
EFT:0.8606927477740409,1.7939305920726833,4.871038480030098,4.936910448981692,-0.029234463678785017,2.221140908912319,-8.54498821570232,11.41116031517045,-2.1888650075626224,5.9153015262233355
Random198
Raw:0.8606927477740397,1.7939305920726807,4.871038480030096,4.93691044898169,-0.029234463678786335,2.221140908912318,-8.544988215702318,11.411160315170449,-2.1888650075626233,5.915301526223333
EFT:0.8606927477740409,1.7939305920726833,4.871038480030098,4.936910448981692,-0.029234463678785017,2.221140908912319,-8.54498821570232,11.41116031517045,-2.1888650075626224,5.9153015262233355
Random199
Raw:0.8606927477740384,1.793930592072679,4.871038480030094,4.936910448981688,-0.029234463678786238,2.2211409089123166,-8.54498821570232,11.411160315170447,-2.188865007562624,5.915301526223332
EFT:0.8606927477740409,1.7939305920726833,4.871038480030098,4.936910448981692,-0.029234463678785017,2.221140908912319,-8.54498821570232,11.41116031517045,-2.1888650075626224,5.9153015262233355
Random200
Raw:0.860692747774044,1.7939305920726882,4.8710384800301005,4.936910448981694,-0.02923446367878224,2.2211409089123206,-8.544988215702318,11.411160315170454,-2.188865007562619,5.915301526223338
EFT:0.8606927477740409,1.7939305920726833,4.871038480030098,4.936910448981692,-0.029234463678785017,2.221140908912319,-8.54498821570232,11.41116031517045,-2.1888650075626224,5.9153015262233355
Random201
Raw:0.8606927477740419,1.7939305920726851,4.8710384800301,4.936910448981692,-0.029234463678784017,2.2211409089123197,-8.544988215702322,11.411160315170454,-2.1888650075626224,5.915301526223338
EFT:0.8606927477740409,1.7939305920726833,4.871038480030098,4.936910448981692,-0.029234463678785017,2.221140908912319,-8.54498821570232,11.41116031517045,-2.1888650075626224,5.9153015262233355
Random202
Raw:0.8606927477740418,1.7939305920726847,4.871038480030099,4.936910448981694,-0.02923446367878535,2.2211409089123197,-8.544988215702318,11.41116031517045,-2.188865007562621,5.9153015262233355
EFT:0.8606927477740409,1.7939305920726833,4.871038480030098,4.936910448981692,-0.029234463678785017,2.221140908912319,-8.54498821570232,11.41116031517045,-2.1888650075626224,5.9153015262233355
Random203
Raw:0.8606927477740426,1.793930592072686,4.8710384800301,4.936910448981692,-0.029234463678782588,2.22114090891232,-8.54498821570232,11.411160315170454,-2.1888650075626215,5.915301526223338
EFT:0.8606927477740409,1.7939305920726833,4.871038480030098,4.936910448981692,-0.029234463678785017,2.221140908912319,-8.54498821570232,11.41116031517045,-2.1888650075626224,5.9153015262233355
Random204
Raw:0.8606927477740387,1.7939305920726794,4.871038480030096,4.936910448981691,-0.02923446367878757,2.221140908912317,-8.544988215702322,11.411160315170449,-2.1888650075626233,5.915301526223333
EFT:0.8606927477740409,1.7939305920726833,4.871038480030098,4.936910448981692,-0.029234463678785017,2.221140908912319,-8.54498821570232,11.41116031517045,-2.1888650075626224,5.9153015262233355
Random205
Raw:0.8606927477740423,1.7939305920726851,4.871038480030098,4.936910448981691,-0.02923446367878313,2.2211409089123193,-8.544988215702318,11.41116031517045,-2.1888650075626206,5.9153015262233355
EFT:0.8606927477740409,1.7939305920726833,4.871038480030098,4.936910448981692,-0.029234463678785017,2.221140908912319,-8.54498821570232,11.41116031517045,-2.1888650075626224,5.9153015262233355
Random206
Raw:0.8606927477740394,1.7939305920726802,4.871038480030097,4.936910448981691,-0.029234463678786682,2.2211409089123175,-8.544988215702322,11.411160315170449,-2.188865007562624,5.915301526223334
EFT:0.8606927477740409,1.7939305920726833,4.871038480030098,4.936910448981692,-0.029234463678785017,2.221140908912319,-8.54498821570232,11.41116031517045,-2.1888650075626224,5.9153015262233355
Random207
Raw:0.8606927477740434,1.793930592072687,4.8710384800301,4.936910448981692,-0.02923446367878242,2.2211409089123206,-8.544988215702316,11.411160315170452,-2.1888650075626193,5.915301526223336
EFT:0.8606927477740409,1.7939305920726833,4.871038480030098,4.936910448981692,-0.029234463678785017,2.221140908912319,-8.54498821570232,11.41116031517045,-2.1888650075626224,5.9153015262233355
Random208
Raw:0.8606927477740414,1.7939305920726838,4.871038480030098,4.936910448981692,-0.029234463678785044,2.221140908912319,-8.54498821570232,11.411160315170452,-2.188865007562621,5.915301526223336
EFT:0.8606927477740409,1.7939305920726833,4.871038480030098,4.936910448981692,-0.029234463678785017,2.221140908912319,-8.54498821570232,11.41116031517045,-2.1888650075626224,5.9153015262233355
Random209
Raw:0.8606927477740407,1.793930592072683,4.871038480030098,4.936910448981692,-0.029234463678785794,2.2211409089123184,-8.54498821570232,11.41116031517045,-2.188865007562622,5.9153015262233355
EFT:0.8606927477740409,1.7939305920726833,4.871038480030098,4.936910448981692,-0.029234463678785017,2.221140908912319,-8.54498821570232,11.41116031517045,-2.1888650075626224,5.9153015262233355
Random210
Raw:0.8606927477740407,1.793930592072682,4.871038480030097,4.93691044898169,-0.02923446367878535,2.221140908912319,-8.544988215702318,11.411160315170449,-2.188865007562623,5.915301526223335
EFT:0.8606927477740409,1.7939305920726833,4.871038480030098,4.936910448981692,-0.029234463678785017,2.221140908912319,-8.54498821570232,11.41116031517045,-2.1888650075626224,5.9153015262233355
Random211
Raw:0.8606927477740431,1.7939305920726865,4.8710384800301,4.936910448981694,-0.029234463678784017,2.2211409089123206,-8.544988215702318,11.411160315170452,-2.1888650075626197,5.915301526223337
EFT:0.8606927477740409,1.7939305920726833,4.871038480030098,4.936910448981692,-0.029234463678785017,2.221140908912319,-8.54498821570232,11.41116031517045,-2.1888650075626224,5.9153015262233355
Random212
Raw:0.8606927477740416,1.7939305920726838,4.871038480030097,4.93691044898169,-0.02923446367878446,2.221140908912319,-8.544988215702316,11.411160315170449,-2.188865007562621,5.915301526223333
EFT:0.8606927477740409,1.7939305920726833,4.871038480030098,4.936910448981692,-0.029234463678785017,2.221140908912319,-8.54498821570232,11.41116031517045,-2.1888650075626224,5.9153015262233355
Random213
Raw:0.8606927477740405,1.793930592072682,4.871038480030096,4.93691044898169,-0.02923446367878446,2.221140908912318,-8.544988215702318,11.411160315170449,-2.1888650075626215,5.915301526223332
EFT:0.8606927477740409,1.7939305920726833,4.871038480030098,4.936910448981692,-0.029234463678785017,2.221140908912319,-8.54498821570232,11.41116031517045,-2.1888650075626224,5.9153015262233355
Random214
Raw:0.8606927477740397,1.7939305920726811,4.871038480030096,4.936910448981689,-0.029234463678784794,2.221140908912318,-8.54498821570232,11.411160315170449,-2.188865007562624,5.915301526223334
EFT:0.8606927477740409,1.7939305920726833,4.871038480030098,4.936910448981692,-0.029234463678785017,2.221140908912319,-8.54498821570232,11.41116031517045,-2.1888650075626224,5.9153015262233355
Random215
Raw:0.8606927477740431,1.793930592072687,4.8710384800301,4.936910448981694,-0.029234463678782685,2.2211409089123206,-8.544988215702318,11.411160315170452,-2.1888650075626206,5.915301526223338
EFT:0.8606927477740409,1.7939305920726833,4.871038480030098,4.936910448981692,-0.029234463678785017,2.221140908912319,-8.54498821570232,11.41116031517045,-2.1888650075626224,5.9153015262233355
Random216
Raw:0.8606927477740404,1.793930592072682,4.871038480030097,4.936910448981689,-0.029234463678784017,2.2211409089123184,-8.54498821570232,11.41116031517045,-2.188865007562624,5.915301526223335
EFT:0.8606927477740409,1.7939305920726833,4.871038480030098,4.936910448981692,-0.029234463678785017,2.221140908912319,-8.54498821570232,11.41116031517045,-2.1888650075626224,5.9153015262233355
Random217
Raw:0.8606927477740416,1.7939305920726847,4.871038480030098,4.936910448981692,-0.029234463678783795,2.221140908912319,-8.54498821570232,11.41116031517045,-2.1888650075626215,5.915301526223337
EFT:0.8606927477740409,1.7939305920726833,4.871038480030098,4.936910448981692,-0.029234463678785017,2.221140908912319,-8.54498821570232,11.41116031517045,-2.1888650075626224,5.9153015262233355
Random218
Raw:0.86069274777404,1.793930592072682,4.871038480030096,4.936910448981692,-0.029234463678785613,2.221140908912318,-8.544988215702322,11.41116031517045,-2.1888650075626224,5.915301526223335
EFT:0.8606927477740409,1.7939305920726833,4.871038480030098,4.936910448981692,-0.029234463678785017,2.221140908912319,-8.54498821570232,11.41116031517045,-2.1888650075626224,5.9153015262233355
Random219
Raw:0.8606927477740435,1.7939305920726873,4.8710384800301,4.936910448981694,-0.02923446367878313,2.2211409089123206,-8.544988215702318,11.411160315170454,-2.1888650075626197,5.915301526223338
EFT:0.8606927477740409,1.7939305920726833,4.871038480030098,4.936910448981692,-0.029234463678785017,2.221140908912319,-8.54498821570232,11.41116031517045,-2.1888650075626224,5.9153015262233355
Random220
Raw:0.8606927477740426,1.7939305920726856,4.871038480030099,4.936910448981691,-0.029234463678782685,2.22114090891232,-8.544988215702318,11.411160315170452,-2.188865007562621,5.915301526223336
EFT:0.8606927477740409,1.7939305920726833,4.871038480030098,4.936910448981692,-0.029234463678785017,2.221140908912319,-8.54498821570232,11.41116031517045,-2.1888650075626224,5.9153015262233355
Random221
Raw:0.8606927477740409,1.793930592072683,4.871038480030098,4.936910448981694,-0.029234463678786238,2.221140908912319,-8.54498821570232,11.41116031517045,-2.188865007562622,5.9153015262233355
EFT:0.8606927477740409,1.7939305920726833,4.871038480030098,4.936910448981692,-0.029234463678785017,2.221140908912319,-8.54498821570232,11.41116031517045,-2.1888650075626224,5.9153015262233355
Random222
Raw:0.8606927477740381,1.7939305920726785,4.871038480030096,4.93691044898169,-0.029234463678787667,2.2211409089123166,-8.544988215702324,11.411160315170449,-2.1888650075626255,5.915301526223333
EFT:0.8606927477740409,1.7939305920726833,4.871038480030098,4.936910448981692,-0.029234463678785017,2.221140908912319,-8.54498821570232,11.41116031517045,-2.1888650075626224,5.9153015262233355
Random223
Raw:0.8606927477740434,1.793930592072687,4.8710384800301,4.936910448981692,-0.02923446367878202,2.2211409089123206,-8.544988215702316,11.411160315170452,-2.1888650075626206,5.915301526223336
EFT:0.8606927477740409,1.7939305920726833,4.871038480030098,4.936910448981692,-0.029234463678785017,2.221140908912319,-8.54498821570232,11.41116031517045,-2.1888650075626224,5.9153015262233355
Random224
Raw:0.860692747774041,1.7939305920726833,4.871038480030098,4.93691044898169,-0.02923446367878446,2.221140908912319,-8.54498821570232,11.41116031517045,-2.1888650075626215,5.915301526223335
EFT:0.8606927477740409,1.7939305920726833,4.871038480030098,4.936910448981692,-0.029234463678785017,2.221140908912319,-8.54498821570232,11.41116031517045,-2.1888650075626224,5.9153015262233355
Random225
Raw:0.8606927477740397,1.7939305920726816,4.871038480030098,4.93691044898169,-0.029234463678785794,2.221140908912318,-8.544988215702324,11.411160315170452,-2.1888650075626246,5.915301526223336
EFT:0.8606927477740409,1.7939305920726833,4.871038480030098,4.936910448981692,-0.029234463678785017,2.221140908912319,-8.54498821570232,11.41116031517045,-2.1888650075626224,5.9153015262233355
Random226
Raw:0.8606927477740414,1.7939305920726838,4.871038480030099,4.936910448981692,-0.02923446367878535,2.2211409089123197,-8.544988215702322,11.411160315170452,-2.188865007562622,5.915301526223336
EFT:0.8606927477740409,1.7939305920726833,4.871038480030098,4.936910448981692,-0.029234463678785017,2.221140908912319,-8.54498821570232,11.41116031517045,-2.1888650075626224,5.9153015262233355
Random227
Raw:0.8606927477740416,1.7939305920726842,4.871038480030098,4.936910448981692,-0.029234463678784572,2.221140908912319,-8.54498821570232,11.411160315170452,-2.188865007562622,5.9153015262233355
EFT:0.8606927477740409,1.7939305920726833,4.871038480030098,4.936910448981692,-0.029234463678785017,2.221140908912319,-8.54498821570232,11.41116031517045,-2.1888650075626224,5.9153015262233355
Random228
Raw:0.8606927477740414,1.7939305920726838,4.871038480030098,4.936910448981692,-0.029234463678783573,2.2211409089123193,-8.54498821570232,11.411160315170452,-2.1888650075626233,5.915301526223336
EFT:0.8606927477740409,1.7939305920726833,4.871038480030098,4.936910448981692,-0.029234463678785017,2.221140908912319,-8.54498821570232,11.41116031517045,-2.1888650075626224,5.9153015262233355
Random229
Raw:0.8606927477740404,1.7939305920726816,4.871038480030097,4.936910448981689,-0.029234463678784628,2.221140908912318,-8.54498821570232,11.411160315170449,-2.1888650075626237,5.915301526223335
EFT:0.8606927477740409,1.7939305920726833,4.871038480030098,4.936910448981692,-0.029234463678785017,2.221140908912319,-8.54498821570232,11.41116031517045,-2.1888650075626224,5.9153015262233355
Random230
Raw:0.8606927477740405,1.7939305920726833,4.871038480030097,4.936910448981691,-0.029234463678782907,2.221140908912319,-8.54498821570232,11.411160315170452,-2.188865007562624,5.915301526223336
EFT:0.8606927477740409,1.7939305920726833,4.871038480030098,4.936910448981692,-0.029234463678785017,2.221140908912319,-8.54498821570232,11.41116031517045,-2.1888650075626224,5.9153015262233355
Random231
Raw:0.8606927477740407,1.793930592072683,4.871038480030097,4.936910448981689,-0.02923446367878417,2.2211409089123184,-8.54498821570232,11.41116031517045,-2.188865007562623,5.915301526223335
EFT:0.8606927477740409,1.7939305920726833,4.871038480030098,4.936910448981692,-0.029234463678785017,2.221140908912319,-8.54498821570232,11.41116031517045,-2.1888650075626224,5.9153015262233355
Random232
Raw:0.8606927477740434,1.793930592072687,4.8710384800301,4.936910448981692,-0.02923446367878224,2.2211409089123206,-8.544988215702316,11.411160315170452,-2.1888650075626193,5.915301526223336
EFT:0.8606927477740409,1.7939305920726833,4.871038480030098,4.936910448981692,-0.029234463678785017,2.221140908912319,-8.54498821570232,11.41116031517045,-2.1888650075626224,5.9153015262233355
Random233
Raw:0.8606927477740423,1.7939305920726856,4.8710384800301,4.936910448981692,-0.02923446367878313,2.2211409089123206,-8.54498821570232,11.411160315170454,-2.1888650075626224,5.915301526223337
EFT:0.8606927477740409,1.7939305920726833,4.871038480030098,4.936910448981692,-0.029234463678785017,2.221140908912319,-8.54498821570232,11.41116031517045,-2.1888650075626224,5.9153015262233355
Random234
Raw:0.8606927477740409,1.793930592072683,4.871038480030098,4.936910448981692,-0.02923446367878546,2.2211409089123184,-8.54498821570232,11.41116031517045,-2.1888650075626215,5.9153015262233355
EFT:0.8606927477740409,1.7939305920726833,4.871038480030098,4.936910448981692,-0.029234463678785017,2.221140908912319,-8.54498821570232,11.41116031517045,-2.1888650075626224,5.9153015262233355
Random235
Raw:0.8606927477740401,1.7939305920726816,4.871038480030096,4.936910448981689,-0.029234463678784905,2.2211409089123184,-8.54498821570232,11.411160315170449,-2.1888650075626233,5.915301526223335
EFT:0.8606927477740409,1.7939305920726833,4.871038480030098,4.936910448981692,-0.029234463678785017,2.221140908912319,-8.54498821570232,11.41116031517045,-2.1888650075626224,5.9153015262233355
Random236
Raw:0.8606927477740425,1.7939305920726851,4.8710384800301,4.936910448981694,-0.029234463678784905,2.2211409089123197,-8.54498821570232,11.411160315170452,-2.1888650075626197,5.915301526223336
EFT:0.8606927477740409,1.7939305920726833,4.871038480030098,4.936910448981692,-0.029234463678785017,2.221140908912319,-8.54498821570232,11.41116031517045,-2.1888650075626224,5.9153015262233355
Random237
Raw:0.8606927477740411,1.7939305920726833,4.871038480030098,4.93691044898169,-0.029234463678784572,2.221140908912319,-8.544988215702318,11.411160315170449,-2.1888650075626215,5.915301526223335
EFT:0.8606927477740409,1.7939305920726833,4.871038480030098,4.936910448981692,-0.029234463678785017,2.221140908912319,-8.54498821570232,11.41116031517045,-2.1888650075626224,5.9153015262233355
Random238
Raw:0.8606927477740421,1.7939305920726851,4.8710384800301,4.936910448981693,-0.029234463678783393,2.22114090891232,-8.544988215702318,11.411160315170452,-2.1888650075626224,5.915301526223336
EFT:0.8606927477740409,1.7939305920726833,4.871038480030098,4.936910448981692,-0.029234463678785017,2.221140908912319,-8.54498821570232,11.41116031517045,-2.1888650075626224,5.9153015262233355
Random239
Raw:0.8606927477740435,1.7939305920726873,4.8710384800301005,4.936910448981694,-0.029234463678783643,2.2211409089123206,-8.544988215702318,11.411160315170454,-2.1888650075626193,5.915301526223337
EFT:0.8606927477740409,1.7939305920726833,4.871038480030098,4.936910448981692,-0.029234463678785017,2.221140908912319,-8.54498821570232,11.41116031517045,-2.1888650075626224,5.9153015262233355
Random240
Raw:0.8606927477740403,1.7939305920726825,4.871038480030098,4.936910448981691,-0.029234463678784017,2.221140908912319,-8.544988215702322,11.411160315170449,-2.188865007562624,5.9153015262233355
EFT:0.8606927477740409,1.7939305920726833,4.871038480030098,4.936910448981692,-0.029234463678785017,2.221140908912319,-8.54498821570232,11.41116031517045,-2.1888650075626224,5.9153015262233355
Random241
Raw:0.8606927477740398,1.7939305920726816,4.871038480030098,4.936910448981692,-0.029234463678786543,2.221140908912318,-8.544988215702322,11.41116031517045,-2.1888650075626237,5.915301526223335
EFT:0.8606927477740409,1.7939305920726833,4.871038480030098,4.936910448981692,-0.029234463678785017,2.221140908912319,-8.54498821570232,11.41116031517045,-2.1888650075626224,5.9153015262233355
Random242
Raw:0.860692747774044,1.7939305920726882,4.8710384800301005,4.936910448981694,-0.02923446367878224,2.2211409089123206,-8.544988215702318,11.411160315170452,-2.188865007562619,5.915301526223338
EFT:0.8606927477740409,1.7939305920726833,4.871038480030098,4.936910448981692,-0.029234463678785017,2.221140908912319,-8.54498821570232,11.41116031517045,-2.1888650075626224,5.9153015262233355
Random243
Raw:0.8606927477740391,1.7939305920726802,4.871038480030096,4.936910448981691,-0.02923446367878657,2.221140908912317,-8.544988215702322,11.411160315170449,-2.1888650075626233,5.915301526223334
EFT:0.8606927477740409,1.7939305920726833,4.871038480030098,4.936910448981692,-0.029234463678785017,2.221140908912319,-8.54498821570232,11.41116031517045,-2.1888650075626224,5.9153015262233355
Random244
Raw:0.8606927477740414,1.7939305920726838,4.871038480030098,4.936910448981692,-0.029234463678784905,2.2211409089123193,-8.54498821570232,11.411160315170452,-2.1888650075626224,5.915301526223336
EFT:0.8606927477740409,1.7939305920726833,4.871038480030098,4.936910448981692,-0.029234463678785017,2.221140908912319,-8.54498821570232,11.41116031517045,-2.1888650075626224,5.9153015262233355
Random245
Raw:0.8606927477740429,1.7939305920726873,4.871038480030101,4.936910448981695,-0.029234463678783656,2.221140908912321,-8.544988215702322,11.411160315170457,-2.1888650075626215,5.91530152622334
EFT:0.8606927477740409,1.7939305920726833,4.871038480030098,4.936910448981692,-0.029234463678785017,2.221140908912319,-8.54498821570232,11.41116031517045,-2.1888650075626224,5.9153015262233355
Random246
Raw:0.8606927477740426,1.7939305920726856,4.871038480030099,4.936910448981691,-0.029234463678782796,2.2211409089123197,-8.544988215702318,11.41116031517045,-2.1888650075626206,5.915301526223336
EFT:0.8606927477740409,1.7939305920726833,4.871038480030098,4.936910448981692,-0.029234463678785017,2.221140908912319,-8.54498821570232,11.41116031517045,-2.1888650075626224,5.9153015262233355
Random247
Raw:0.8606927477740416,1.7939305920726842,4.871038480030099,4.936910448981694,-0.02923446367878535,2.2211409089123193,-8.54498821570232,11.411160315170452,-2.1888650075626215,5.9153015262233355
EFT:0.8606927477740409,1.7939305920726833,4.871038480030098,4.936910448981692,-0.029234463678785017,2.221140908912319,-8.54498821570232,11.41116031517045,-2.1888650075626224,5.9153015262233355
Random248
Raw:0.8606927477740425,1.7939305920726856,4.871038480030099,4.936910448981692,-0.029234463678784017,2.2211409089123197,-8.544988215702318,11.41116031517045,-2.1888650075626197,5.9153015262233355
EFT:0.8606927477740409,1.7939305920726833,4.871038480030098,4.936910448981692,-0.029234463678785017,2.221140908912319,-8.54498821570232,11.41116031517045,-2.1888650075626224,5.9153015262233355
Random249
Raw:0.8606927477740454,1.79393059207269,4.8710384800301005,4.936910448981693,-0.02923446367877991,2.2211409089123215,-8.544988215702315,11.411160315170454,-2.188865007562618,5.915301526223339
EFT:0.8606927477740409,1.7939305920726833,4.871038480030098,4.936910448981692,-0.029234463678785017,2.221140908912319,-8.54498821570232,11.41116031517045,-2.1888650075626224,5.9153015262233355
Random250
Raw:0.8606927477740427,1.7939305920726865,4.8710384800301005,4.936910448981694,-0.029234463678784794,2.2211409089123206,-8.544988215702322,11.411160315170454,-2.1888650075626206,5.915301526223338
EFT:0.8606927477740409,1.7939305920726833,4.871038480030098,4.936910448981692,-0.029234463678785017,2.221140908912319,-8.54498821570232,11.41116031517045,-2.1888650075626224,5.9153015262233355
Random251
Raw:0.8606927477740414,1.7939305920726838,4.871038480030098,4.936910448981692,-0.029234463678784905,2.221140908912319,-8.54498821570232,11.41116031517045,-2.1888650075626224,5.915301526223336
EFT:0.8606927477740409,1.7939305920726833,4.871038480030098,4.936910448981692,-0.029234463678785017,2.221140908912319,-8.54498821570232,11.41116031517045,-2.1888650075626224,5.9153015262233355
Random252
Raw:0.8606927477740415,1.7939305920726838,4.871038480030098,4.93691044898169,-0.029234463678784267,2.221140908912319,-8.544988215702318,11.41116031517045,-2.1888650075626215,5.915301526223335
EFT:0.8606927477740409,1.7939305920726833,4.871038480030098,4.936910448981692,-0.029234463678785017,2.221140908912319,-8.54498821570232,11.41116031517045,-2.1888650075626224,5.9153015262233355
Random253
Raw:0.8606927477740411,1.7939305920726842,4.871038480030098,4.93691044898169,-0.029234463678782643,2.221140908912319,-8.544988215702318,11.411160315170449,-2.1888650075626224,5.915301526223336
EFT:0.8606927477740409,1.7939305920726833,4.871038480030098,4.936910448981692,-0.029234463678785017,2.221140908912319,-8.54498821570232,11.41116031517045,-2.1888650075626224,5.9153015262233355
Random254
Raw:0.8606927477740399,1.7939305920726816,4.871038480030098,4.936910448981694,-0.029234463678787903,2.221140908912318,-8.544988215702324,11.41116031517045,-2.1888650075626224,5.915301526223335
EFT:0.8606927477740409,1.7939305920726833,4.871038480030098,4.936910448981692,-0.029234463678785017,2.221140908912319,-8.54498821570232,11.41116031517045,-2.1888650075626224,5.9153015262233355
Random255
Raw:0.8606927477740419,1.7939305920726847,4.871038480030099,4.936910448981692,-0.029234463678782685,2.2211409089123197,-8.54498821570232,11.411160315170452,-2.188865007562623,5.915301526223337
EFT:0.8606927477740409,1.7939305920726833,4.871038480030098,4.936910448981692,-0.029234463678785017,2.221140908912319,-8.54498821570232,11.41116031517045,-2.1888650075626224,5.9153015262233355
Random256
Raw:0.8606927477740445,1.7939305920726887,4.8710384800301005,4.936910448981693,-0.029234463678781464,2.221140908912321,-8.544988215702316,11.411160315170454,-2.188865007562618,5.915301526223338
EFT:0.8606927477740409,1.7939305920726833,4.871038480030098,4.936910448981692,-0.029234463678785017,2.221140908912319,-8.54498821570232,11.41116031517045,-2.1888650075626224,5.9153015262233355
Random257
Raw:0.8606927477740407,1.793930592072683,4.871038480030099,4.936910448981693,-0.029234463678786238,2.221140908912319,-8.544988215702322,11.411160315170452,-2.188865007562623,5.915301526223336
EFT:0.8606927477740409,1.7939305920726833,4.871038480030098,4.936910448981692,-0.029234463678785017,2.221140908912319,-8.54498821570232,11.41116031517045,-2.1888650075626224,5.9153015262233355
Random258
Raw:0.8606927477740425,1.7939305920726856,4.8710384800301,4.936910448981694,-0.02923446367878446,2.2211409089123197,-8.54498821570232,11.411160315170452,-2.18886500756262,5.915301526223336
EFT:0.8606927477740409,1.7939305920726833,4.871038480030098,4.936910448981692,-0.029234463678785017,2.221140908912319,-8.54498821570232,11.41116031517045,-2.1888650075626224,5.9153015262233355
Random259
Raw:0.8606927477740425,1.7939305920726851,4.8710384800301,4.936910448981694,-0.029234463678784864,2.2211409089123197,-8.544988215702318,11.411160315170452,-2.18886500756262,5.915301526223336
EFT:0.8606927477740409,1.7939305920726833,4.871038480030098,4.936910448981692,-0.029234463678785017,2.221140908912319,-8.54498821570232,11.41116031517045,-2.1888650075626224,5.9153015262233355
Random260
Raw:0.8606927477740391,1.7939305920726802,4.871038480030096,4.936910448981691,-0.029234463678786238,2.221140908912317,-8.544988215702322,11.411160315170449,-2.188865007562624,5.915301526223334
EFT:0.8606927477740409,1.7939305920726833,4.871038480030098,4.936910448981692,-0.029234463678785017,2.221140908912319,-8.54498821570232,11.41116031517045,-2.1888650075626224,5.9153015262233355
Random261
Raw:0.860692747774044,1.7939305920726882,4.8710384800301005,4.936910448981694,-0.029234463678781797,2.221140908912321,-8.544988215702318,11.411160315170454,-2.1888650075626193,5.915301526223338
EFT:0.8606927477740409,1.7939305920726833,4.871038480030098,4.936910448981692,-0.029234463678785017,2.221140908912319,-8.54498821570232,11.41116031517045,-2.1888650075626224,5.9153015262233355
Random262
Raw:0.8606927477740419,1.7939305920726847,4.871038480030099,4.936910448981693,-0.02923446367878413,2.2211409089123197,-8.54498821570232,11.411160315170452,-2.1888650075626215,5.915301526223336
EFT:0.8606927477740409,1.7939305920726833,4.871038480030098,4.936910448981692,-0.029234463678785017,2.221140908912319,-8.54498821570232,11.41116031517045,-2.1888650075626224,5.9153015262233355
Random263
Raw:0.8606927477740403,1.793930592072683,4.871038480030097,4.936910448981692,-0.02923446367878535,2.221140908912318,-8.54498821570232,11.411160315170449,-2.188865007562623,5.9153015262233355
EFT:0.8606927477740409,1.7939305920726833,4.871038480030098,4.936910448981692,-0.029234463678785017,2.221140908912319,-8.54498821570232,11.41116031517045,-2.1888650075626224,5.9153015262233355
Random264
Raw:0.8606927477740436,1.7939305920726878,4.8710384800301005,4.936910448981694,-0.029234463678781464,2.221140908912321,-8.544988215702318,11.411160315170454,-2.1888650075626215,5.915301526223339
EFT:0.8606927477740409,1.7939305920726833,4.871038480030098,4.936910448981692,-0.029234463678785017,2.221140908912319,-8.54498821570232,11.41116031517045,-2.1888650075626224,5.9153015262233355
Random265
Raw:0.860692747774041,1.7939305920726838,4.8710384800301,4.936910448981694,-0.02923446367878657,2.2211409089123193,-8.544988215702322,11.411160315170452,-2.188865007562622,5.915301526223336
EFT:0.8606927477740409,1.7939305920726833,4.871038480030098,4.936910448981692,-0.029234463678785017,2.221140908912319,-8.54498821570232,11.41116031517045,-2.1888650075626224,5.9153015262233355
Random266
Raw:0.8606927477740399,1.793930592072682,4.871038480030097,4.93691044898169,-0.029234463678784017,2.2211409089123184,-8.54498821570232,11.41116031517045,-2.1888650075626246,5.9153015262233355
EFT:0.8606927477740409,1.7939305920726833,4.871038480030098,4.936910448981692,-0.029234463678785017,2.221140908912319,-8.54498821570232,11.41116031517045,-2.1888650075626224,5.9153015262233355
Random267
Raw:0.8606927477740423,1.7939305920726851,4.8710384800301,4.936910448981692,-0.029234463678783573,2.22114090891232,-8.54498821570232,11.411160315170452,-2.1888650075626224,5.915301526223336
EFT:0.8606927477740409,1.7939305920726833,4.871038480030098,4.936910448981692,-0.029234463678785017,2.221140908912319,-8.54498821570232,11.41116031517045,-2.1888650075626224,5.9153015262233355
Random268
Raw:0.860692747774041,1.7939305920726833,4.871038480030098,4.93691044898169,-0.02923446367878446,2.2211409089123184,-8.544988215702318,11.411160315170449,-2.1888650075626215,5.915301526223335
EFT:0.8606927477740409,1.7939305920726833,4.871038480030098,4.936910448981692,-0.029234463678785017,2.221140908912319,-8.54498821570232,11.41116031517045,-2.1888650075626224,5.9153015262233355
Random269
Raw:0.860692747774041,1.7939305920726833,4.871038480030098,4.936910448981692,-0.029234463678784975,2.221140908912319,-8.54498821570232,11.41116031517045,-2.188865007562623,5.9153015262233355
EFT:0.8606927477740409,1.7939305920726833,4.871038480030098,4.936910448981692,-0.029234463678785017,2.221140908912319,-8.54498821570232,11.41116031517045,-2.1888650075626224,5.9153015262233355
Random270
Raw:0.8606927477740418,1.7939305920726847,4.871038480030098,4.936910448981692,-0.029234463678784017,2.2211409089123193,-8.54498821570232,11.41116031517045,-2.1888650075626224,5.915301526223336
EFT:0.8606927477740409,1.7939305920726833,4.871038480030098,4.936910448981692,-0.029234463678785017,2.221140908912319,-8.54498821570232,11.41116031517045,-2.1888650075626224,5.9153015262233355
Random271
Raw:0.8606927477740413,1.7939305920726838,4.871038480030098,4.936910448981689,-0.029234463678783573,2.221140908912319,-8.544988215702318,11.411160315170452,-2.1888650075626224,5.915301526223335
EFT:0.8606927477740409,1.7939305920726833,4.871038480030098,4.936910448981692,-0.029234463678785017,2.221140908912319,-8.54498821570232,11.41116031517045,-2.1888650075626224,5.9153015262233355
Random272
Raw:0.8606927477740409,1.7939305920726833,4.871038480030098,4.936910448981692,-0.029234463678784905,2.221140908912319,-8.54498821570232,11.41116031517045,-2.1888650075626224,5.9153015262233355
EFT:0.8606927477740409,1.7939305920726833,4.871038480030098,4.936910448981692,-0.029234463678785017,2.221140908912319,-8.54498821570232,11.41116031517045,-2.1888650075626224,5.9153015262233355
Random273
Raw:0.8606927477740394,1.7939305920726807,4.871038480030096,4.936910448981691,-0.029234463678786682,2.221140908912318,-8.544988215702322,11.411160315170449,-2.188865007562624,5.915301526223334
EFT:0.8606927477740409,1.7939305920726833,4.871038480030098,4.936910448981692,-0.029234463678785017,2.221140908912319,-8.54498821570232,11.41116031517045,-2.1888650075626224,5.9153015262233355
Random274
Raw:0.8606927477740405,1.7939305920726825,4.871038480030097,4.936910448981692,-0.02923446367878535,2.2211409089123184,-8.544988215702322,11.411160315170449,-2.188865007562623,5.915301526223335
EFT:0.8606927477740409,1.7939305920726833,4.871038480030098,4.936910448981692,-0.029234463678785017,2.221140908912319,-8.54498821570232,11.41116031517045,-2.1888650075626224,5.9153015262233355
Random275
Raw:0.8606927477740424,1.7939305920726851,4.871038480030099,4.936910448981692,-0.02923446367878324,2.22114090891232,-8.544988215702318,11.411160315170452,-2.188865007562621,5.9153015262233355
EFT:0.8606927477740409,1.7939305920726833,4.871038480030098,4.936910448981692,-0.029234463678785017,2.221140908912319,-8.54498821570232,11.41116031517045,-2.1888650075626224,5.9153015262233355
Random276
Raw:0.8606927477740447,1.7939305920726891,4.871038480030101,4.9369104489816955,-0.02923446367878224,2.2211409089123215,-8.544988215702318,11.411160315170454,-2.1888650075626184,5.915301526223339
EFT:0.8606927477740409,1.7939305920726833,4.871038480030098,4.936910448981692,-0.029234463678785017,2.221140908912319,-8.54498821570232,11.41116031517045,-2.1888650075626224,5.9153015262233355
Random277
Raw:0.8606927477740413,1.7939305920726833,4.871038480030098,4.936910448981691,-0.02923446367878535,2.221140908912319,-8.54498821570232,11.41116031517045,-2.1888650075626206,5.915301526223335
EFT:0.8606927477740409,1.7939305920726833,4.871038480030098,4.936910448981692,-0.029234463678785017,2.221140908912319,-8.54498821570232,11.41116031517045,-2.1888650075626224,5.9153015262233355
Random278
Raw:0.8606927477740419,1.7939305920726847,4.8710384800301,4.936910448981694,-0.02923446367878535,2.2211409089123193,-8.544988215702322,11.411160315170452,-2.1888650075626206,5.915301526223337
EFT:0.8606927477740409,1.7939305920726833,4.871038480030098,4.936910448981692,-0.029234463678785017,2.221140908912319,-8.54498821570232,11.41116031517045,-2.1888650075626224,5.9153015262233355
Random279
Raw:0.8606927477740394,1.7939305920726802,4.871038480030097,4.936910448981692,-0.029234463678788014,2.2211409089123175,-8.544988215702322,11.411160315170449,-2.188865007562623,5.915301526223334
EFT:0.8606927477740409,1.7939305920726833,4.871038480030098,4.936910448981692,-0.029234463678785017,2.221140908912319,-8.54498821570232,11.41116031517045,-2.1888650075626224,5.9153015262233355
Random280
Raw:0.8606927477740405,1.7939305920726825,4.871038480030097,4.936910448981692,-0.02923446367878557,2.221140908912318,-8.544988215702322,11.41116031517045,-2.188865007562622,5.915301526223335
EFT:0.8606927477740409,1.7939305920726833,4.871038480030098,4.936910448981692,-0.029234463678785017,2.221140908912319,-8.54498821570232,11.41116031517045,-2.1888650075626224,5.9153015262233355
Random281
Raw:0.8606927477740387,1.7939305920726794,4.871038480030096,4.93691044898169,-0.029234463678787126,2.221140908912317,-8.544988215702322,11.411160315170449,-2.188865007562624,5.915301526223333
EFT:0.8606927477740409,1.7939305920726833,4.871038480030098,4.936910448981692,-0.029234463678785017,2.221140908912319,-8.54498821570232,11.41116031517045,-2.1888650075626224,5.9153015262233355
Random282
Raw:0.8606927477740416,1.7939305920726842,4.871038480030099,4.936910448981693,-0.02923446367878549,2.2211409089123193,-8.544988215702318,11.41116031517045,-2.188865007562621,5.9153015262233355
EFT:0.8606927477740409,1.7939305920726833,4.871038480030098,4.936910448981692,-0.029234463678785017,2.221140908912319,-8.54498821570232,11.41116031517045,-2.1888650075626224,5.9153015262233355
Random283
Raw:0.8606927477740423,1.7939305920726847,4.871038480030098,4.93691044898169,-0.02923446367878313,2.2211409089123193,-8.544988215702316,11.411160315170449,-2.1888650075626206,5.915301526223334
EFT:0.8606927477740409,1.7939305920726833,4.871038480030098,4.936910448981692,-0.029234463678785017,2.221140908912319,-8.54498821570232,11.41116031517045,-2.1888650075626224,5.9153015262233355
Random284
Raw:0.8606927477740445,1.7939305920726887,4.871038480030101,4.936910448981695,-0.02923446367878213,2.2211409089123215,-8.544988215702318,11.411160315170454,-2.1888650075626193,5.915301526223339
EFT:0.8606927477740409,1.7939305920726833,4.871038480030098,4.936910448981692,-0.029234463678785017,2.221140908912319,-8.54498821570232,11.41116031517045,-2.1888650075626224,5.9153015262233355
Random285
Raw:0.8606927477740417,1.7939305920726847,4.8710384800301,4.936910448981694,-0.029234463678786002,2.2211409089123197,-8.544988215702322,11.411160315170452,-2.1888650075626215,5.915301526223336
EFT:0.8606927477740409,1.7939305920726833,4.871038480030098,4.936910448981692,-0.029234463678785017,2.221140908912319,-8.54498821570232,11.41116031517045,-2.1888650075626224,5.9153015262233355
Random286
Raw:0.8606927477740417,1.7939305920726847,4.871038480030099,4.936910448981692,-0.029234463678783087,2.2211409089123197,-8.54498821570232,11.411160315170452,-2.1888650075626224,5.915301526223337
EFT:0.8606927477740409,1.7939305920726833,4.871038480030098,4.936910448981692,-0.029234463678785017,2.221140908912319,-8.54498821570232,11.41116031517045,-2.1888650075626224,5.9153015262233355
Random287
Raw:0.8606927477740394,1.7939305920726807,4.871038480030097,4.936910448981691,-0.02923446367878657,2.221140908912318,-8.544988215702322,11.411160315170449,-2.188865007562624,5.915301526223335
EFT:0.8606927477740409,1.7939305920726833,4.871038480030098,4.936910448981692,-0.029234463678785017,2.221140908912319,-8.54498821570232,11.41116031517045,-2.1888650075626224,5.9153015262233355
Random288
Raw:0.8606927477740413,1.7939305920726838,4.871038480030099,4.936910448981692,-0.029234463678783573,2.2211409089123193,-8.54498821570232,11.411160315170452,-2.188865007562623,5.915301526223336
EFT:0.8606927477740409,1.7939305920726833,4.871038480030098,4.936910448981692,-0.029234463678785017,2.221140908912319,-8.54498821570232,11.41116031517045,-2.1888650075626224,5.9153015262233355
Random289
Raw:0.8606927477740409,1.793930592072683,4.871038480030098,4.936910448981691,-0.029234463678784767,2.221140908912319,-8.544988215702318,11.41116031517045,-2.1888650075626224,5.915301526223335
EFT:0.8606927477740409,1.7939305920726833,4.871038480030098,4.936910448981692,-0.029234463678785017,2.221140908912319,-8.54498821570232,11.41116031517045,-2.1888650075626224,5.9153015262233355
Random290
Raw:0.8606927477740423,1.7939305920726851,4.8710384800301,4.936910448981693,-0.02923446367878367,2.22114090891232,-8.54498821570232,11.411160315170452,-2.1888650075626215,5.915301526223336
EFT:0.8606927477740409,1.7939305920726833,4.871038480030098,4.936910448981692,-0.029234463678785017,2.221140908912319,-8.54498821570232,11.41116031517045,-2.1888650075626224,5.9153015262233355
Random291
Raw:0.860692747774041,1.7939305920726833,4.871038480030099,4.936910448981692,-0.029234463678785294,2.2211409089123184,-8.54498821570232,11.411160315170452,-2.1888650075626215,5.9153015262233355
EFT:0.8606927477740409,1.7939305920726833,4.871038480030098,4.936910448981692,-0.029234463678785017,2.221140908912319,-8.54498821570232,11.41116031517045,-2.1888650075626224,5.9153015262233355
Random292
Raw:0.8606927477740418,1.7939305920726847,4.871038480030099,4.936910448981692,-0.029234463678784905,2.2211409089123193,-8.54498821570232,11.411160315170452,-2.1888650075626215,5.915301526223336
EFT:0.8606927477740409,1.7939305920726833,4.871038480030098,4.936910448981692,-0.029234463678785017,2.221140908912319,-8.54498821570232,11.41116031517045,-2.1888650075626224,5.9153015262233355
Random293
Raw:0.8606927477740399,1.7939305920726811,4.871038480030097,4.936910448981692,-0.029234463678786682,2.221140908912318,-8.544988215702322,11.41116031517045,-2.1888650075626233,5.915301526223335
EFT:0.8606927477740409,1.7939305920726833,4.871038480030098,4.936910448981692,-0.029234463678785017,2.221140908912319,-8.54498821570232,11.41116031517045,-2.1888650075626224,5.9153015262233355
Random294
Raw:0.8606927477740433,1.7939305920726873,4.871038480030099,4.936910448981693,-0.029234463678782352,2.22114090891232,-8.544988215702318,11.411160315170452,-2.1888650075626197,5.915301526223338
EFT:0.8606927477740409,1.7939305920726833,4.871038480030098,4.936910448981692,-0.029234463678785017,2.221140908912319,-8.54498821570232,11.41116031517045,-2.1888650075626224,5.9153015262233355
Random295
Raw:0.8606927477740389,1.7939305920726802,4.871038480030096,4.93691044898169,-0.02923446367878524,2.221140908912318,-8.544988215702322,11.411160315170449,-2.188865007562625,5.915301526223335
EFT:0.8606927477740409,1.7939305920726833,4.871038480030098,4.936910448981692,-0.029234463678785017,2.221140908912319,-8.54498821570232,11.41116031517045,-2.1888650075626224,5.9153015262233355
Random296
Raw:0.8606927477740411,1.7939305920726838,4.871038480030099,4.936910448981693,-0.029234463678785794,2.2211409089123193,-8.544988215702322,11.411160315170452,-2.1888650075626224,5.915301526223335
EFT:0.8606927477740409,1.7939305920726833,4.871038480030098,4.936910448981692,-0.029234463678785017,2.221140908912319,-8.54498821570232,11.41116031517045,-2.1888650075626224,5.9153015262233355
Random297
Raw:0.8606927477740418,1.7939305920726842,4.871038480030098,4.936910448981692,-0.029234463678784406,2.2211409089123193,-8.544988215702318,11.41116031517045,-2.1888650075626206,5.9153015262233355
EFT:0.8606927477740409,1.7939305920726833,4.871038480030098,4.936910448981692,-0.029234463678785017,2.221140908912319,-8.54498821570232,11.41116031517045,-2.1888650075626224,5.9153015262233355
Random298
Raw:0.8606927477740423,1.7939305920726847,4.871038480030099,4.936910448981692,-0.029234463678783865,2.2211409089123197,-8.544988215702318,11.41116031517045,-2.18886500756262,5.9153015262233355
EFT:0.8606927477740409,1.7939305920726833,4.871038480030098,4.936910448981692,-0.029234463678785017,2.221140908912319,-8.54498821570232,11.41116031517045,-2.1888650075626224,5.9153015262233355
Random299
Raw:0.86069274777404,1.7939305920726816,4.871038480030097,4.936910448981692,-0.029234463678786238,2.221140908912318,-8.544988215702322,11.411160315170449,-2.1888650075626224,5.915301526223335
EFT:0.8606927477740409,1.7939305920726833,4.871038480030098,4.936910448981692,-0.029234463678785017,2.221140908912319,-8.54498821570232,11.41116031517045,-2.1888650075626224,5.9153015262233355
Random300
Raw:0.8606927477740419,1.7939305920726856,4.871038480030098,4.936910448981693,-0.029234463678784017,2.2211409089123193,-8.54498821570232,11.41116031517045,-2.188865007562621,5.915301526223337
EFT:0.8606927477740409,1.7939305920726833,4.871038480030098,4.936910448981692,-0.029234463678785017,2.221140908912319,-8.54498821570232,11.41116031517045,-2.1888650075626224,5.9153015262233355
