Ascend
Raw:-12.94529429273664,-7.154380623023221,0.7302921494688421,1.0079202235428673,-3.19306531037721,-9.3293472111365,-24.43959485646138,19.881583872566225,-4.110203703424194,1.5452115002551157
EFT:-12.945294292736639,-7.154380623023219,0.7302921494688438,1.0079202235428684,-3.1930653103772104,-9.3293472111365,-24.439594856461373,19.881583872566225,-4.110203703424193,1.545211500255114
Descend
Raw:-12.945294292736635,-7.1543806230232185,0.7302921494688449,1.0079202235428697,-3.1930653103772104,-9.329347211136497,-24.43959485646137,19.881583872566225,-4.110203703424192,1.5452115002551141
EFT:-12.945294292736639,-7.154380623023219,0.7302921494688438,1.0079202235428684,-3.1930653103772104,-9.3293472111365,-24.439594856461373,19.881583872566225,-4.110203703424193,1.545211500255114
Random1
Raw:-12.94529429273664,-7.15438062302322,0.7302921494688439,1.0079202235428681,-3.1930653103772073,-9.329347211136499,-24.439594856461373,19.881583872566225,-4.110203703424193,1.545211500255114
EFT:-12.945294292736639,-7.154380623023219,0.7302921494688438,1.0079202235428684,-3.1930653103772104,-9.3293472111365,-24.439594856461373,19.881583872566225,-4.110203703424193,1.545211500255114
Random2
Raw:-12.945294292736639,-7.15438062302322,0.7302921494688437,1.0079202235428681,-3.19306531037721,-9.329347211136499,-24.439594856461373,19.881583872566225,-4.110203703424192,1.545211500255114
EFT:-12.945294292736639,-7.154380623023219,0.7302921494688438,1.0079202235428684,-3.1930653103772104,-9.3293472111365,-24.439594856461373,19.881583872566225,-4.110203703424193,1.545211500255114
Random3
Raw:-12.94529429273664,-7.1543806230232185,0.7302921494688448,1.0079202235428686,-3.19306531037721,-9.3293472111365,-24.439594856461373,19.881583872566228,-4.110203703424193,1.5452115002551121
EFT:-12.945294292736639,-7.154380623023219,0.7302921494688438,1.0079202235428684,-3.1930653103772104,-9.3293472111365,-24.439594856461373,19.881583872566225,-4.110203703424193,1.545211500255114
Random4
Raw:-12.945294292736637,-7.154380623023219,0.7302921494688439,1.0079202235428681,-3.19306531037721,-9.3293472111365,-24.43959485646137,19.881583872566225,-4.110203703424193,1.545211500255113
EFT:-12.945294292736639,-7.154380623023219,0.7302921494688438,1.0079202235428684,-3.1930653103772104,-9.3293472111365,-24.439594856461373,19.881583872566225,-4.110203703424193,1.545211500255114
Random5
Raw:-12.94529429273664,-7.15438062302322,0.7302921494688435,1.0079202235428664,-3.193065310377211,-9.329347211136502,-24.439594856461376,19.881583872566228,-4.110203703424195,1.545211500255113
EFT:-12.945294292736639,-7.154380623023219,0.7302921494688438,1.0079202235428684,-3.1930653103772104,-9.3293472111365,-24.439594856461373,19.881583872566225,-4.110203703424193,1.545211500255114
Random6
Raw:-12.945294292736639,-7.15438062302322,0.7302921494688432,1.0079202235428684,-3.1930653103772104,-9.329347211136499,-24.439594856461376,19.881583872566225,-4.110203703424193,1.545211500255114
EFT:-12.945294292736639,-7.154380623023219,0.7302921494688438,1.0079202235428684,-3.1930653103772104,-9.3293472111365,-24.439594856461373,19.881583872566225,-4.110203703424193,1.545211500255114
Random7
Raw:-12.945294292736639,-7.154380623023219,0.730292149468843,1.0079202235428681,-3.193065310377211,-9.329347211136499,-24.439594856461373,19.881583872566225,-4.110203703424193,1.5452115002551134
EFT:-12.945294292736639,-7.154380623023219,0.7302921494688438,1.0079202235428684,-3.1930653103772104,-9.3293472111365,-24.439594856461373,19.881583872566225,-4.110203703424193,1.545211500255114
Random8
Raw:-12.945294292736637,-7.154380623023219,0.7302921494688419,1.007920223542868,-3.193065310377211,-9.329347211136499,-24.43959485646137,19.881583872566225,-4.110203703424194,1.545211500255113
EFT:-12.945294292736639,-7.154380623023219,0.7302921494688438,1.0079202235428684,-3.1930653103772104,-9.3293472111365,-24.439594856461373,19.881583872566225,-4.110203703424193,1.545211500255114
Random9
Raw:-12.945294292736637,-7.1543806230232185,0.7302921494688439,1.007920223542869,-3.1930653103772104,-9.329347211136499,-24.43959485646137,19.881583872566225,-4.110203703424193,1.545211500255114
EFT:-12.945294292736639,-7.154380623023219,0.7302921494688438,1.0079202235428684,-3.1930653103772104,-9.3293472111365,-24.439594856461373,19.881583872566225,-4.110203703424193,1.545211500255114
Random10
Raw:-12.945294292736639,-7.15438062302322,0.7302921494688424,1.0079202235428657,-3.1930653103772104,-9.329347211136502,-24.439594856461376,19.881583872566225,-4.110203703424195,1.545211500255113
EFT:-12.945294292736639,-7.154380623023219,0.7302921494688438,1.0079202235428684,-3.1930653103772104,-9.3293472111365,-24.439594856461373,19.881583872566225,-4.110203703424193,1.545211500255114
Random11
Raw:-12.945294292736639,-7.15438062302322,0.7302921494688424,1.0079202235428681,-3.19306531037721,-9.3293472111365,-24.439594856461376,19.881583872566225,-4.110203703424195,1.545211500255113
EFT:-12.945294292736639,-7.154380623023219,0.7302921494688438,1.0079202235428684,-3.1930653103772104,-9.3293472111365,-24.439594856461373,19.881583872566225,-4.110203703424193,1.545211500255114
Random12
Raw:-12.94529429273664,-7.154380623023219,0.7302921494688421,1.0079202235428653,-3.19306531037721,-9.329347211136502,-24.439594856461376,19.881583872566225,-4.110203703424195,1.545211500255114
EFT:-12.945294292736639,-7.154380623023219,0.7302921494688438,1.0079202235428684,-3.1930653103772104,-9.3293472111365,-24.439594856461373,19.881583872566225,-4.110203703424193,1.545211500255114
Random13
Raw:-12.945294292736639,-7.154380623023219,0.7302921494688424,1.007920223542867,-3.19306531037721,-9.3293472111365,-24.439594856461376,19.88158387256622,-4.110203703424195,1.545211500255114
EFT:-12.945294292736639,-7.154380623023219,0.7302921494688438,1.0079202235428684,-3.1930653103772104,-9.3293472111365,-24.439594856461373,19.881583872566225,-4.110203703424193,1.545211500255114
Random14
Raw:-12.94529429273664,-7.154380623023222,0.7302921494688419,1.0079202235428673,-3.193065310377211,-9.329347211136502,-24.43959485646138,19.881583872566225,-4.110203703424194,1.5452115002551152
EFT:-12.945294292736639,-7.154380623023219,0.7302921494688438,1.0079202235428684,-3.1930653103772104,-9.3293472111365,-24.439594856461373,19.881583872566225,-4.110203703424193,1.545211500255114
Random15
Raw:-12.945294292736639,-7.154380623023219,0.7302921494688432,1.0079202235428668,-3.19306531037721,-9.3293472111365,-24.439594856461376,19.881583872566225,-4.110203703424195,1.5452115002551134
EFT:-12.945294292736639,-7.154380623023219,0.7302921494688438,1.0079202235428684,-3.1930653103772104,-9.3293472111365,-24.439594856461373,19.881583872566225,-4.110203703424193,1.545211500255114
Random16
Raw:-12.945294292736637,-7.15438062302322,0.7302921494688439,1.007920223542869,-3.193065310377211,-9.3293472111365,-24.439594856461373,19.881583872566225,-4.110203703424193,1.545211500255113
EFT:-12.945294292736639,-7.154380623023219,0.7302921494688438,1.0079202235428684,-3.1930653103772104,-9.3293472111365,-24.439594856461373,19.881583872566225,-4.110203703424193,1.545211500255114
Random17
Raw:-12.945294292736639,-7.154380623023219,0.7302921494688447,1.0079202235428677,-3.1930653103772104,-9.3293472111365,-24.439594856461373,19.881583872566225,-4.110203703424193,1.5452115002551128
EFT:-12.945294292736639,-7.154380623023219,0.7302921494688438,1.0079202235428684,-3.1930653103772104,-9.3293472111365,-24.439594856461373,19.881583872566225,-4.110203703424193,1.545211500255114
Random18
Raw:-12.945294292736639,-7.15438062302322,0.730292149468843,1.00792022354287,-3.1930653103772104,-9.3293472111365,-24.439594856461376,19.881583872566225,-4.110203703424192,1.5452115002551157
EFT:-12.945294292736639,-7.154380623023219,0.7302921494688438,1.0079202235428684,-3.1930653103772104,-9.3293472111365,-24.439594856461373,19.881583872566225,-4.110203703424193,1.545211500255114
Random19
Raw:-12.945294292736639,-7.154380623023221,0.7302921494688437,1.0079202235428681,-3.193065310377211,-9.329347211136497,-24.439594856461376,19.881583872566225,-4.110203703424195,1.545211500255114
EFT:-12.945294292736639,-7.154380623023219,0.7302921494688438,1.0079202235428684,-3.1930653103772104,-9.3293472111365,-24.439594856461373,19.881583872566225,-4.110203703424193,1.545211500255114
Random20
Raw:-12.945294292736635,-7.154380623023218,0.730292149468845,1.0079202235428697,-3.1930653103772095,-9.329347211136499,-24.43959485646137,19.881583872566225,-4.110203703424193,1.545211500255113
EFT:-12.945294292736639,-7.154380623023219,0.7302921494688438,1.0079202235428684,-3.1930653103772104,-9.3293472111365,-24.439594856461373,19.881583872566225,-4.110203703424193,1.545211500255114
Random21
Raw:-12.945294292736639,-7.15438062302322,0.7302921494688435,1.0079202235428668,-3.193065310377211,-9.3293472111365,-24.439594856461373,19.881583872566225,-4.110203703424195,1.545211500255113
EFT:-12.945294292736639,-7.154380623023219,0.7302921494688438,1.0079202235428684,-3.1930653103772104,-9.3293472111365,-24.439594856461373,19.881583872566225,-4.110203703424193,1.545211500255114
Random22
Raw:-12.94529429273664,-7.15438062302322,0.7302921494688439,1.007920223542866,-3.1930653103772073,-9.329347211136502,-24.439594856461373,19.881583872566225,-4.110203703424196,1.545211500255113
EFT:-12.945294292736639,-7.154380623023219,0.7302921494688438,1.0079202235428684,-3.1930653103772104,-9.3293472111365,-24.439594856461373,19.881583872566225,-4.110203703424193,1.545211500255114
Random23
Raw:-12.945294292736639,-7.154380623023219,0.7302921494688432,1.007920223542866,-3.1930653103772104,-9.3293472111365,-24.439594856461376,19.881583872566225,-4.110203703424196,1.5452115002551128
EFT:-12.945294292736639,-7.154380623023219,0.7302921494688438,1.0079202235428684,-3.1930653103772104,-9.3293472111365,-24.439594856461373,19.881583872566225,-4.110203703424193,1.545211500255114
Random24
Raw:-12.94529429273664,-7.15438062302322,0.7302921494688424,1.0079202235428664,-3.1930653103772095,-9.329347211136502,-24.439594856461376,19.881583872566225,-4.110203703424195,1.545211500255113
EFT:-12.945294292736639,-7.154380623023219,0.7302921494688438,1.0079202235428684,-3.1930653103772104,-9.3293472111365,-24.439594856461373,19.881583872566225,-4.110203703424193,1.545211500255114
Random25
Raw:-12.945294292736637,-7.154380623023219,0.7302921494688441,1.007920223542866,-3.1930653103772095,-9.3293472111365,-24.439594856461373,19.88158387256622,-4.110203703424195,1.545211500255113
EFT:-12.945294292736639,-7.154380623023219,0.7302921494688438,1.0079202235428684,-3.1930653103772104,-9.3293472111365,-24.439594856461373,19.881583872566225,-4.110203703424193,1.545211500255114
Random26
Raw:-12.94529429273664,-7.154380623023221,0.730292149468843,1.0079202235428655,-3.1930653103772104,-9.3293472111365,-24.439594856461376,19.881583872566225,-4.110203703424196,1.545211500255114
EFT:-12.945294292736639,-7.154380623023219,0.7302921494688438,1.0079202235428684,-3.1930653103772104,-9.3293472111365,-24.439594856461373,19.881583872566225,-4.110203703424193,1.545211500255114
Random27
Raw:-12.94529429273664,-7.154380623023221,0.7302921494688419,1.0079202235428673,-3.193065310377208,-9.329347211136502,-24.43959485646138,19.881583872566228,-4.110203703424194,1.5452115002551148
EFT:-12.945294292736639,-7.154380623023219,0.7302921494688438,1.0079202235428684,-3.1930653103772104,-9.3293472111365,-24.439594856461373,19.881583872566225,-4.110203703424193,1.545211500255114
Random28
Raw:-12.945294292736639,-7.154380623023219,0.7302921494688432,1.0079202235428673,-3.1930653103772118,-9.3293472111365,-24.439594856461373,19.881583872566225,-4.110203703424195,1.545211500255114
EFT:-12.945294292736639,-7.154380623023219,0.7302921494688438,1.0079202235428684,-3.1930653103772104,-9.3293472111365,-24.439594856461373,19.881583872566225,-4.110203703424193,1.545211500255114
Random29
Raw:-12.945294292736637,-7.15438062302322,0.7302921494688432,1.0079202235428664,-3.19306531037721,-9.3293472111365,-24.439594856461376,19.881583872566225,-4.110203703424195,1.545211500255114
EFT:-12.945294292736639,-7.154380623023219,0.7302921494688438,1.0079202235428684,-3.1930653103772104,-9.3293472111365,-24.439594856461373,19.881583872566225,-4.110203703424193,1.545211500255114
Random30
Raw:-12.945294292736637,-7.154380623023219,0.7302921494688412,1.0079202235428677,-3.19306531037721,-9.329347211136499,-24.439594856461373,19.881583872566225,-4.110203703424193,1.5452115002551143
EFT:-12.945294292736639,-7.154380623023219,0.7302921494688438,1.0079202235428684,-3.1930653103772104,-9.3293472111365,-24.439594856461373,19.881583872566225,-4.110203703424193,1.545211500255114
Random31
Raw:-12.945294292736639,-7.154380623023221,0.7302921494688424,1.0079202235428675,-3.19306531037721,-9.3293472111365,-24.43959485646138,19.881583872566225,-4.110203703424195,1.5452115002551152
EFT:-12.945294292736639,-7.154380623023219,0.7302921494688438,1.0079202235428684,-3.1930653103772104,-9.3293472111365,-24.439594856461373,19.881583872566225,-4.110203703424193,1.545211500255114
Random32
Raw:-12.945294292736637,-7.15438062302322,0.7302921494688419,1.007920223542869,-3.19306531037721,-9.329347211136497,-24.439594856461373,19.881583872566225,-4.110203703424192,1.545211500255116
EFT:-12.945294292736639,-7.154380623023219,0.7302921494688438,1.0079202235428684,-3.1930653103772104,-9.3293472111365,-24.439594856461373,19.881583872566225,-4.110203703424193,1.545211500255114
Random33
Raw:-12.945294292736639,-7.15438062302322,0.7302921494688439,1.0079202235428686,-3.19306531037721,-9.329347211136499,-24.439594856461376,19.881583872566225,-4.110203703424193,1.5452115002551137
EFT:-12.945294292736639,-7.154380623023219,0.7302921494688438,1.0079202235428684,-3.1930653103772104,-9.3293472111365,-24.439594856461373,19.881583872566225,-4.110203703424193,1.545211500255114
Random34
Raw:-12.945294292736639,-7.15438062302322,0.7302921494688442,1.0079202235428704,-3.19306531037721,-9.329347211136499,-24.439594856461376,19.881583872566225,-4.110203703424193,1.5452115002551157
EFT:-12.945294292736639,-7.154380623023219,0.7302921494688438,1.0079202235428684,-3.1930653103772104,-9.3293472111365,-24.439594856461373,19.881583872566225,-4.110203703424193,1.545211500255114
Random35
Raw:-12.945294292736639,-7.1543806230232185,0.7302921494688441,1.0079202235428673,-3.1930653103772095,-9.3293472111365,-24.43959485646137,19.881583872566218,-4.110203703424194,1.5452115002551126
EFT:-12.945294292736639,-7.154380623023219,0.7302921494688438,1.0079202235428684,-3.1930653103772104,-9.3293472111365,-24.439594856461373,19.881583872566225,-4.110203703424193,1.545211500255114
Random36
Raw:-12.945294292736639,-7.154380623023219,0.7302921494688428,1.0079202235428664,-3.193065310377208,-9.329347211136502,-24.439594856461376,19.881583872566225,-4.110203703424194,1.545211500255113
EFT:-12.945294292736639,-7.154380623023219,0.7302921494688438,1.0079202235428684,-3.1930653103772104,-9.3293472111365,-24.439594856461373,19.881583872566225,-4.110203703424193,1.545211500255114
Random37
Raw:-12.945294292736639,-7.154380623023219,0.730292149468844,1.007920223542869,-3.193065310377211,-9.329347211136499,-24.439594856461376,19.881583872566225,-4.110203703424193,1.5452115002551132
EFT:-12.945294292736639,-7.154380623023219,0.7302921494688438,1.0079202235428684,-3.1930653103772104,-9.3293472111365,-24.439594856461373,19.881583872566225,-4.110203703424193,1.545211500255114
Random38
Raw:-12.945294292736637,-7.154380623023219,0.7302921494688417,1.0079202235428653,-3.19306531037721,-9.329347211136502,-24.439594856461376,19.881583872566225,-4.110203703424194,1.545211500255114
EFT:-12.945294292736639,-7.154380623023219,0.7302921494688438,1.0079202235428684,-3.1930653103772104,-9.3293472111365,-24.439594856461373,19.881583872566225,-4.110203703424193,1.545211500255114
Random39
Raw:-12.94529429273664,-7.1543806230232185,0.7302921494688428,1.007920223542866,-3.19306531037721,-9.3293472111365,-24.439594856461373,19.881583872566225,-4.110203703424195,1.545211500255113
EFT:-12.945294292736639,-7.154380623023219,0.7302921494688438,1.0079202235428684,-3.1930653103772104,-9.3293472111365,-24.439594856461373,19.881583872566225,-4.110203703424193,1.545211500255114
Random40
Raw:-12.945294292736637,-7.1543806230232185,0.7302921494688458,1.007920223542869,-3.193065310377208,-9.329347211136497,-24.43959485646137,19.881583872566225,-4.110203703424192,1.545211500255114
EFT:-12.945294292736639,-7.154380623023219,0.7302921494688438,1.0079202235428684,-3.1930653103772104,-9.3293472111365,-24.439594856461373,19.881583872566225,-4.110203703424193,1.545211500255114
Random41
Raw:-12.94529429273664,-7.154380623023219,0.7302921494688431,1.007920223542866,-3.193065310377211,-9.3293472111365,-24.439594856461376,19.881583872566225,-4.110203703424195,1.545211500255114
EFT:-12.945294292736639,-7.154380623023219,0.7302921494688438,1.0079202235428684,-3.1930653103772104,-9.3293472111365,-24.439594856461373,19.881583872566225,-4.110203703424193,1.545211500255114
Random42
Raw:-12.945294292736637,-7.15438062302322,0.7302921494688439,1.0079202235428655,-3.193065310377209,-9.3293472111365,-24.439594856461373,19.88158387256622,-4.110203703424195,1.545211500255113
EFT:-12.945294292736639,-7.154380623023219,0.7302921494688438,1.0079202235428684,-3.1930653103772104,-9.3293472111365,-24.439594856461373,19.881583872566225,-4.110203703424193,1.545211500255114
Random43
Raw:-12.94529429273664,-7.15438062302322,0.7302921494688431,1.0079202235428668,-3.193065310377211,-9.3293472111365,-24.439594856461376,19.881583872566228,-4.110203703424195,1.545211500255113
EFT:-12.945294292736639,-7.154380623023219,0.7302921494688438,1.0079202235428684,-3.1930653103772104,-9.3293472111365,-24.439594856461373,19.881583872566225,-4.110203703424193,1.545211500255114
Random44
Raw:-12.945294292736639,-7.154380623023219,0.7302921494688439,1.0079202235428681,-3.193065310377209,-9.329347211136499,-24.439594856461376,19.881583872566225,-4.110203703424193,1.5452115002551137
EFT:-12.945294292736639,-7.154380623023219,0.7302921494688438,1.0079202235428684,-3.1930653103772104,-9.3293472111365,-24.439594856461373,19.881583872566225,-4.110203703424193,1.545211500255114
Random45
Raw:-12.945294292736637,-7.15438062302322,0.7302921494688432,1.0079202235428666,-3.19306531037721,-9.329347211136502,-24.439594856461376,19.881583872566225,-4.110203703424195,1.545211500255114
EFT:-12.945294292736639,-7.154380623023219,0.7302921494688438,1.0079202235428684,-3.1930653103772104,-9.3293472111365,-24.439594856461373,19.881583872566225,-4.110203703424193,1.545211500255114
Random46
Raw:-12.945294292736637,-7.15438062302322,0.7302921494688437,1.0079202235428673,-3.193065310377211,-9.3293472111365,-24.439594856461376,19.881583872566228,-4.110203703424195,1.545211500255114
EFT:-12.945294292736639,-7.154380623023219,0.7302921494688438,1.0079202235428684,-3.1930653103772104,-9.3293472111365,-24.439594856461373,19.881583872566225,-4.110203703424193,1.545211500255114
Random47
Raw:-12.945294292736639,-7.1543806230232185,0.7302921494688448,1.0079202235428673,-3.19306531037721,-9.329347211136499,-24.43959485646137,19.881583872566225,-4.110203703424194,1.5452115002551134
EFT:-12.945294292736639,-7.154380623023219,0.7302921494688438,1.0079202235428684,-3.1930653103772104,-9.3293472111365,-24.439594856461373,19.881583872566225,-4.110203703424193,1.545211500255114
Random48
Raw:-12.945294292736637,-7.15438062302322,0.7302921494688434,1.0079202235428697,-3.19306531037721,-9.3293472111365,-24.439594856461376,19.881583872566228,-4.110203703424193,1.5452115002551152
EFT:-12.945294292736639,-7.154380623023219,0.7302921494688438,1.0079202235428684,-3.1930653103772104,-9.3293472111365,-24.439594856461373,19.881583872566225,-4.110203703424193,1.545211500255114
Random49
Raw:-12.945294292736637,-7.15438062302322,0.7302921494688439,1.0079202235428681,-3.193065310377209,-9.3293472111365,-24.439594856461373,19.88158387256622,-4.110203703424192,1.545211500255114
EFT:-12.945294292736639,-7.154380623023219,0.7302921494688438,1.0079202235428684,-3.1930653103772104,-9.3293472111365,-24.439594856461373,19.881583872566225,-4.110203703424193,1.545211500255114
Random50
Raw:-12.94529429273664,-7.15438062302322,0.730292149468843,1.007920223542867,-3.1930653103772104,-9.3293472111365,-24.439594856461376,19.881583872566225,-4.110203703424195,1.545211500255114
EFT:-12.945294292736639,-7.154380623023219,0.7302921494688438,1.0079202235428684,-3.1930653103772104,-9.3293472111365,-24.439594856461373,19.881583872566225,-4.110203703424193,1.545211500255114
Random51
Raw:-12.945294292736639,-7.154380623023219,0.7302921494688432,1.007920223542869,-3.193065310377211,-9.329347211136499,-24.43959485646137,19.881583872566225,-4.110203703424193,1.545211500255114
EFT:-12.945294292736639,-7.154380623023219,0.7302921494688438,1.0079202235428684,-3.1930653103772104,-9.3293472111365,-24.439594856461373,19.881583872566225,-4.110203703424193,1.545211500255114
Random52
Raw:-12.94529429273664,-7.154380623023219,0.7302921494688441,1.0079202235428681,-3.19306531037721,-9.329347211136499,-24.439594856461373,19.881583872566225,-4.110203703424193,1.5452115002551137
EFT:-12.945294292736639,-7.154380623023219,0.7302921494688438,1.0079202235428684,-3.1930653103772104,-9.3293472111365,-24.439594856461373,19.881583872566225,-4.110203703424193,1.545211500255114
Random53
Raw:-12.945294292736637,-7.15438062302322,0.730292149468843,1.0079202235428668,-3.19306531037721,-9.3293472111365,-24.439594856461376,19.881583872566225,-4.110203703424195,1.545211500255113
EFT:-12.945294292736639,-7.154380623023219,0.7302921494688438,1.0079202235428684,-3.1930653103772104,-9.3293472111365,-24.439594856461373,19.881583872566225,-4.110203703424193,1.545211500255114
Random54
Raw:-12.945294292736639,-7.154380623023221,0.7302921494688432,1.0079202235428664,-3.193065310377208,-9.329347211136502,-24.439594856461376,19.881583872566225,-4.110203703424194,1.545211500255114
EFT:-12.945294292736639,-7.154380623023219,0.7302921494688438,1.0079202235428684,-3.1930653103772104,-9.3293472111365,-24.439594856461373,19.881583872566225,-4.110203703424193,1.545211500255114
Random55
Raw:-12.945294292736639,-7.154380623023219,0.7302921494688436,1.0079202235428686,-3.19306531037721,-9.3293472111365,-24.43959485646137,19.881583872566225,-4.110203703424193,1.5452115002551134
EFT:-12.945294292736639,-7.154380623023219,0.7302921494688438,1.0079202235428684,-3.1930653103772104,-9.3293472111365,-24.439594856461373,19.881583872566225,-4.110203703424193,1.545211500255114
Random56
Raw:-12.945294292736637,-7.1543806230232185,0.7302921494688437,1.0079202235428681,-3.19306531037721,-9.3293472111365,-24.439594856461376,19.881583872566225,-4.110203703424192,1.5452115002551137
EFT:-12.945294292736639,-7.154380623023219,0.7302921494688438,1.0079202235428684,-3.1930653103772104,-9.3293472111365,-24.439594856461373,19.881583872566225,-4.110203703424193,1.545211500255114
Random57
Raw:-12.945294292736637,-7.1543806230232185,0.7302921494688432,1.0079202235428681,-3.1930653103772095,-9.329347211136499,-24.439594856461373,19.881583872566225,-4.110203703424193,1.5452115002551134
EFT:-12.945294292736639,-7.154380623023219,0.7302921494688438,1.0079202235428684,-3.1930653103772104,-9.3293472111365,-24.439594856461373,19.881583872566225,-4.110203703424193,1.545211500255114
Random58
Raw:-12.945294292736639,-7.154380623023219,0.7302921494688439,1.0079202235428686,-3.193065310377211,-9.3293472111365,-24.439594856461373,19.881583872566225,-4.110203703424193,1.545211500255113
EFT:-12.945294292736639,-7.154380623023219,0.7302921494688438,1.0079202235428684,-3.1930653103772104,-9.3293472111365,-24.439594856461373,19.881583872566225,-4.110203703424193,1.545211500255114
Random59
Raw:-12.94529429273664,-7.154380623023221,0.730292149468843,1.0079202235428673,-3.1930653103772118,-9.3293472111365,-24.439594856461376,19.881583872566225,-4.110203703424195,1.545211500255113
EFT:-12.945294292736639,-7.154380623023219,0.7302921494688438,1.0079202235428684,-3.1930653103772104,-9.3293472111365,-24.439594856461373,19.881583872566225,-4.110203703424193,1.545211500255114
Random60
Raw:-12.945294292736639,-7.1543806230232185,0.7302921494688437,1.007920223542869,-3.1930653103772104,-9.3293472111365,-24.439594856461373,19.881583872566225,-4.110203703424193,1.5452115002551137
EFT:-12.945294292736639,-7.154380623023219,0.7302921494688438,1.0079202235428684,-3.1930653103772104,-9.3293472111365,-24.439594856461373,19.881583872566225,-4.110203703424193,1.545211500255114
Random61
Raw:-12.945294292736639,-7.154380623023219,0.730292149468843,1.0079202235428681,-3.1930653103772104,-9.3293472111365,-24.439594856461373,19.881583872566225,-4.110203703424193,1.5452115002551132
EFT:-12.945294292736639,-7.154380623023219,0.7302921494688438,1.0079202235428684,-3.1930653103772104,-9.3293472111365,-24.439594856461373,19.881583872566225,-4.110203703424193,1.545211500255114
Random62
Raw:-12.945294292736637,-7.154380623023219,0.7302921494688435,1.007920223542868,-3.1930653103772118,-9.329347211136499,-24.439594856461373,19.881583872566225,-4.110203703424193,1.545211500255114
EFT:-12.945294292736639,-7.154380623023219,0.7302921494688438,1.0079202235428684,-3.1930653103772104,-9.3293472111365,-24.439594856461373,19.881583872566225,-4.110203703424193,1.545211500255114
Random63
Raw:-12.945294292736639,-7.1543806230232185,0.7302921494688432,1.007920223542869,-3.19306531037721,-9.3293472111365,-24.439594856461373,19.881583872566225,-4.110203703424193,1.5452115002551137
EFT:-12.945294292736639,-7.154380623023219,0.7302921494688438,1.0079202235428684,-3.1930653103772104,-9.3293472111365,-24.439594856461373,19.881583872566225,-4.110203703424193,1.545211500255114
Random64
Raw:-12.945294292736637,-7.1543806230232185,0.7302921494688439,1.007920223542868,-3.193065310377211,-9.329347211136499,-24.439594856461373,19.881583872566225,-4.110203703424192,1.545211500255114
EFT:-12.945294292736639,-7.154380623023219,0.7302921494688438,1.0079202235428684,-3.1930653103772104,-9.3293472111365,-24.439594856461373,19.881583872566225,-4.110203703424193,1.545211500255114
Random65
Raw:-12.94529429273664,-7.15438062302322,0.7302921494688426,1.0079202235428664,-3.1930653103772113,-9.3293472111365,-24.439594856461376,19.881583872566225,-4.110203703424195,1.545211500255114
EFT:-12.945294292736639,-7.154380623023219,0.7302921494688438,1.0079202235428684,-3.1930653103772104,-9.3293472111365,-24.439594856461373,19.881583872566225,-4.110203703424193,1.545211500255114
Random66
Raw:-12.945294292736637,-7.1543806230232185,0.7302921494688434,1.0079202235428695,-3.19306531037721,-9.3293472111365,-24.439594856461376,19.881583872566225,-4.110203703424192,1.545211500255114
EFT:-12.945294292736639,-7.154380623023219,0.7302921494688438,1.0079202235428684,-3.1930653103772104,-9.3293472111365,-24.439594856461373,19.881583872566225,-4.110203703424193,1.545211500255114
Random67
Raw:-12.94529429273664,-7.154380623023219,0.730292149468843,1.007920223542866,-3.19306531037721,-9.329347211136502,-24.439594856461373,19.881583872566225,-4.110203703424196,1.5452115002551121
EFT:-12.945294292736639,-7.154380623023219,0.7302921494688438,1.0079202235428684,-3.1930653103772104,-9.3293472111365,-24.439594856461373,19.881583872566225,-4.110203703424193,1.545211500255114
Random68
Raw:-12.945294292736637,-7.15438062302322,0.7302921494688419,1.0079202235428668,-3.1930653103772095,-9.329347211136497,-24.43959485646137,19.881583872566225,-4.110203703424194,1.545211500255114
EFT:-12.945294292736639,-7.154380623023219,0.7302921494688438,1.0079202235428684,-3.1930653103772104,-9.3293472111365,-24.439594856461373,19.881583872566225,-4.110203703424193,1.545211500255114
Random69
Raw:-12.94529429273664,-7.154380623023221,0.7302921494688424,1.0079202235428681,-3.193065310377211,-9.3293472111365,-24.43959485646138,19.881583872566225,-4.110203703424194,1.5452115002551152
EFT:-12.945294292736639,-7.154380623023219,0.7302921494688438,1.0079202235428684,-3.1930653103772104,-9.3293472111365,-24.439594856461373,19.881583872566225,-4.110203703424193,1.545211500255114
Random70
Raw:-12.945294292736637,-7.1543806230232185,0.7302921494688448,1.0079202235428695,-3.193065310377208,-9.329347211136497,-24.43959485646137,19.881583872566225,-4.110203703424192,1.545211500255115
EFT:-12.945294292736639,-7.154380623023219,0.7302921494688438,1.0079202235428684,-3.1930653103772104,-9.3293472111365,-24.439594856461373,19.881583872566225,-4.110203703424193,1.545211500255114
Random71
Raw:-12.945294292736639,-7.154380623023219,0.7302921494688428,1.007920223542866,-3.19306531037721,-9.3293472111365,-24.439594856461376,19.881583872566225,-4.110203703424196,1.545211500255114
EFT:-12.945294292736639,-7.154380623023219,0.7302921494688438,1.0079202235428684,-3.1930653103772104,-9.3293472111365,-24.439594856461373,19.881583872566225,-4.110203703424193,1.545211500255114
Random72
Raw:-12.945294292736643,-7.15438062302322,0.7302921494688421,1.0079202235428664,-3.193065310377209,-9.329347211136502,-24.439594856461376,19.881583872566228,-4.110203703424195,1.5452115002551134
EFT:-12.945294292736639,-7.154380623023219,0.7302921494688438,1.0079202235428684,-3.1930653103772104,-9.3293472111365,-24.439594856461373,19.881583872566225,-4.110203703424193,1.545211500255114
Random73
Raw:-12.94529429273664,-7.15438062302322,0.7302921494688421,1.0079202235428668,-3.1930653103772086,-9.3293472111365,-24.439594856461376,19.881583872566225,-4.110203703424194,1.545211500255113
EFT:-12.945294292736639,-7.154380623023219,0.7302921494688438,1.0079202235428684,-3.1930653103772104,-9.3293472111365,-24.439594856461373,19.881583872566225,-4.110203703424193,1.545211500255114
Random74
Raw:-12.945294292736639,-7.154380623023221,0.7302921494688424,1.0079202235428673,-3.1930653103772118,-9.3293472111365,-24.439594856461376,19.881583872566225,-4.110203703424195,1.545211500255114
EFT:-12.945294292736639,-7.154380623023219,0.7302921494688438,1.0079202235428684,-3.1930653103772104,-9.3293472111365,-24.439594856461373,19.881583872566225,-4.110203703424193,1.545211500255114
Random75
Raw:-12.945294292736639,-7.15438062302322,0.7302921494688439,1.0079202235428686,-3.19306531037721,-9.3293472111365,-24.439594856461373,19.881583872566225,-4.110203703424193,1.5452115002551134
EFT:-12.945294292736639,-7.154380623023219,0.7302921494688438,1.0079202235428684,-3.1930653103772104,-9.3293472111365,-24.439594856461373,19.881583872566225,-4.110203703424193,1.545211500255114
Random76
Raw:-12.94529429273664,-7.15438062302322,0.7302921494688437,1.0079202235428668,-3.193065310377211,-9.329347211136502,-24.439594856461376,19.881583872566225,-4.110203703424195,1.545211500255113
EFT:-12.945294292736639,-7.154380623023219,0.7302921494688438,1.0079202235428684,-3.1930653103772104,-9.3293472111365,-24.439594856461373,19.881583872566225,-4.110203703424193,1.545211500255114
Random77
Raw:-12.94529429273664,-7.1543806230232185,0.7302921494688432,1.0079202235428657,-3.19306531037721,-9.329347211136502,-24.439594856461376,19.881583872566228,-4.110203703424195,1.5452115002551121
EFT:-12.945294292736639,-7.154380623023219,0.7302921494688438,1.0079202235428684,-3.1930653103772104,-9.3293472111365,-24.439594856461373,19.881583872566225,-4.110203703424193,1.545211500255114
Random78
Raw:-12.945294292736639,-7.15438062302322,0.7302921494688435,1.0079202235428673,-3.19306531037721,-9.3293472111365,-24.439594856461376,19.881583872566225,-4.110203703424195,1.545211500255114
EFT:-12.945294292736639,-7.154380623023219,0.7302921494688438,1.0079202235428684,-3.1930653103772104,-9.3293472111365,-24.439594856461373,19.881583872566225,-4.110203703424193,1.545211500255114
Random79
Raw:-12.945294292736639,-7.1543806230232185,0.7302921494688439,1.007920223542867,-3.1930653103772104,-9.3293472111365,-24.439594856461373,19.881583872566225,-4.110203703424193,1.545211500255113
EFT:-12.945294292736639,-7.154380623023219,0.7302921494688438,1.0079202235428684,-3.1930653103772104,-9.3293472111365,-24.439594856461373,19.881583872566225,-4.110203703424193,1.545211500255114
Random80
Raw:-12.945294292736637,-7.154380623023221,0.7302921494688425,1.0079202235428668,-3.1930653103772104,-9.3293472111365,-24.439594856461376,19.881583872566225,-4.110203703424194,1.5452115002551137
EFT:-12.945294292736639,-7.154380623023219,0.7302921494688438,1.0079202235428684,-3.1930653103772104,-9.3293472111365,-24.439594856461373,19.881583872566225,-4.110203703424193,1.545211500255114
Random81
Raw:-12.94529429273664,-7.154380623023219,0.7302921494688429,1.0079202235428673,-3.1930653103772118,-9.3293472111365,-24.439594856461376,19.881583872566225,-4.110203703424195,1.5452115002551134
EFT:-12.945294292736639,-7.154380623023219,0.7302921494688438,1.0079202235428684,-3.1930653103772104,-9.3293472111365,-24.439594856461373,19.881583872566225,-4.110203703424193,1.545211500255114
Random82
Raw:-12.94529429273664,-7.154380623023219,0.7302921494688422,1.0079202235428668,-3.19306531037721,-9.329347211136502,-24.439594856461376,19.88158387256622,-4.110203703424195,1.545211500255113
EFT:-12.945294292736639,-7.154380623023219,0.7302921494688438,1.0079202235428684,-3.1930653103772104,-9.3293472111365,-24.439594856461373,19.881583872566225,-4.110203703424193,1.545211500255114
Random83
Raw:-12.94529429273664,-7.15438062302322,0.7302921494688435,1.007920223542866,-3.1930653103772113,-9.329347211136502,-24.439594856461376,19.881583872566225,-4.110203703424195,1.5452115002551126
EFT:-12.945294292736639,-7.154380623023219,0.7302921494688438,1.0079202235428684,-3.1930653103772104,-9.3293472111365,-24.439594856461373,19.881583872566225,-4.110203703424193,1.545211500255114
Random84
Raw:-12.94529429273664,-7.15438062302322,0.7302921494688437,1.0079202235428673,-3.1930653103772118,-9.3293472111365,-24.439594856461376,19.881583872566225,-4.110203703424195,1.545211500255114
EFT:-12.945294292736639,-7.154380623023219,0.7302921494688438,1.0079202235428684,-3.1930653103772104,-9.3293472111365,-24.439594856461373,19.881583872566225,-4.110203703424193,1.545211500255114
Random85
Raw:-12.945294292736639,-7.154380623023221,0.7302921494688424,1.0079202235428661,-3.1930653103772113,-9.3293472111365,-24.439594856461373,19.881583872566225,-4.110203703424195,1.545211500255114
EFT:-12.945294292736639,-7.154380623023219,0.7302921494688438,1.0079202235428684,-3.1930653103772104,-9.3293472111365,-24.439594856461373,19.881583872566225,-4.110203703424193,1.545211500255114
Random86
Raw:-12.945294292736635,-7.1543806230232185,0.7302921494688447,1.0079202235428673,-3.19306531037721,-9.3293472111365,-24.439594856461373,19.881583872566225,-4.110203703424194,1.5452115002551134
EFT:-12.945294292736639,-7.154380623023219,0.7302921494688438,1.0079202235428684,-3.1930653103772104,-9.3293472111365,-24.439594856461373,19.881583872566225,-4.110203703424193,1.545211500255114
Random87
Raw:-12.945294292736639,-7.154380623023219,0.7302921494688441,1.0079202235428673,-3.19306531037721,-9.3293472111365,-24.439594856461373,19.881583872566225,-4.110203703424194,1.545211500255113
EFT:-12.945294292736639,-7.154380623023219,0.7302921494688438,1.0079202235428684,-3.1930653103772104,-9.3293472111365,-24.439594856461373,19.881583872566225,-4.110203703424193,1.545211500255114
Random88
Raw:-12.94529429273664,-7.154380623023221,0.730292149468843,1.0079202235428681,-3.193065310377211,-9.329347211136497,-24.439594856461376,19.881583872566225,-4.110203703424194,1.5452115002551157
EFT:-12.945294292736639,-7.154380623023219,0.7302921494688438,1.0079202235428684,-3.1930653103772104,-9.3293472111365,-24.439594856461373,19.881583872566225,-4.110203703424193,1.545211500255114
Random89
Raw:-12.94529429273664,-7.154380623023219,0.7302921494688438,1.0079202235428664,-3.193065310377211,-9.3293472111365,-24.439594856461376,19.881583872566225,-4.110203703424196,1.545211500255113
EFT:-12.945294292736639,-7.154380623023219,0.7302921494688438,1.0079202235428684,-3.1930653103772104,-9.3293472111365,-24.439594856461373,19.881583872566225,-4.110203703424193,1.545211500255114
Random90
Raw:-12.945294292736637,-7.15438062302322,0.7302921494688406,1.007920223542866,-3.19306531037721,-9.3293472111365,-24.43959485646138,19.881583872566225,-4.110203703424195,1.5452115002551148
EFT:-12.945294292736639,-7.154380623023219,0.7302921494688438,1.0079202235428684,-3.1930653103772104,-9.3293472111365,-24.439594856461373,19.881583872566225,-4.110203703424193,1.545211500255114
Random91
Raw:-12.945294292736637,-7.15438062302322,0.7302921494688441,1.0079202235428655,-3.1930653103772104,-9.3293472111365,-24.439594856461376,19.881583872566225,-4.110203703424196,1.545211500255113
EFT:-12.945294292736639,-7.154380623023219,0.7302921494688438,1.0079202235428684,-3.1930653103772104,-9.3293472111365,-24.439594856461373,19.881583872566225,-4.110203703424193,1.545211500255114
Random92
Raw:-12.945294292736639,-7.15438062302322,0.7302921494688417,1.0079202235428673,-3.19306531037721,-9.3293472111365,-24.43959485646138,19.881583872566228,-4.110203703424194,1.5452115002551157
EFT:-12.945294292736639,-7.154380623023219,0.7302921494688438,1.0079202235428684,-3.1930653103772104,-9.3293472111365,-24.439594856461373,19.881583872566225,-4.110203703424193,1.545211500255114
Random93
Raw:-12.945294292736635,-7.1543806230232185,0.7302921494688448,1.0079202235428677,-3.19306531037721,-9.329347211136499,-24.43959485646137,19.881583872566225,-4.110203703424192,1.545211500255114
EFT:-12.945294292736639,-7.154380623023219,0.7302921494688438,1.0079202235428684,-3.1930653103772104,-9.3293472111365,-24.439594856461373,19.881583872566225,-4.110203703424193,1.545211500255114
Random94
Raw:-12.94529429273664,-7.15438062302322,0.7302921494688437,1.007920223542866,-3.193065310377209,-9.3293472111365,-24.439594856461373,19.88158387256622,-4.110203703424195,1.545211500255113
EFT:-12.945294292736639,-7.154380623023219,0.7302921494688438,1.0079202235428684,-3.1930653103772104,-9.3293472111365,-24.439594856461373,19.881583872566225,-4.110203703424193,1.545211500255114
Random95
Raw:-12.945294292736637,-7.15438062302322,0.7302921494688418,1.0079202235428686,-3.19306531037721,-9.329347211136497,-24.439594856461373,19.881583872566225,-4.110203703424193,1.5452115002551146
EFT:-12.945294292736639,-7.154380623023219,0.7302921494688438,1.0079202235428684,-3.1930653103772104,-9.3293472111365,-24.439594856461373,19.881583872566225,-4.110203703424193,1.545211500255114
Random96
Raw:-12.945294292736637,-7.15438062302322,0.7302921494688441,1.0079202235428686,-3.19306531037721,-9.3293472111365,-24.439594856461376,19.881583872566225,-4.110203703424193,1.545211500255114
EFT:-12.945294292736639,-7.154380623023219,0.7302921494688438,1.0079202235428684,-3.1930653103772104,-9.3293472111365,-24.439594856461373,19.881583872566225,-4.110203703424193,1.545211500255114
Random97
Raw:-12.94529429273664,-7.154380623023219,0.7302921494688437,1.0079202235428664,-3.1930653103772095,-9.3293472111365,-24.439594856461376,19.881583872566225,-4.110203703424195,1.545211500255113
EFT:-12.945294292736639,-7.154380623023219,0.7302921494688438,1.0079202235428684,-3.1930653103772104,-9.3293472111365,-24.439594856461373,19.881583872566225,-4.110203703424193,1.545211500255114
Random98
Raw:-12.94529429273664,-7.154380623023219,0.730292149468843,1.0079202235428668,-3.1930653103772113,-9.3293472111365,-24.43959485646138,19.881583872566225,-4.110203703424195,1.5452115002551134
EFT:-12.945294292736639,-7.154380623023219,0.7302921494688438,1.0079202235428684,-3.1930653103772104,-9.3293472111365,-24.439594856461373,19.881583872566225,-4.110203703424193,1.545211500255114
Random99
Raw:-12.94529429273664,-7.154380623023222,0.730292149468843,1.0079202235428664,-3.1930653103772104,-9.3293472111365,-24.439594856461373,19.881583872566225,-4.110203703424195,1.545211500255114
EFT:-12.945294292736639,-7.154380623023219,0.7302921494688438,1.0079202235428684,-3.1930653103772104,-9.3293472111365,-24.439594856461373,19.881583872566225,-4.110203703424193,1.545211500255114
Random100
Raw:-12.945294292736639,-7.15438062302322,0.7302921494688436,1.007920223542869,-3.1930653103772118,-9.329347211136499,-24.439594856461373,19.881583872566225,-4.110203703424193,1.545211500255114
EFT:-12.945294292736639,-7.154380623023219,0.7302921494688438,1.0079202235428684,-3.1930653103772104,-9.3293472111365,-24.439594856461373,19.881583872566225,-4.110203703424193,1.545211500255114
Random101
Raw:-12.945294292736639,-7.15438062302322,0.7302921494688432,1.0079202235428673,-3.193065310377212,-9.3293472111365,-24.439594856461376,19.881583872566225,-4.110203703424195,1.5452115002551134
EFT:-12.945294292736639,-7.154380623023219,0.7302921494688438,1.0079202235428684,-3.1930653103772104,-9.3293472111365,-24.439594856461373,19.881583872566225,-4.110203703424193,1.545211500255114
Random102
Raw:-12.945294292736639,-7.15438062302322,0.7302921494688441,1.0079202235428681,-3.19306531037721,-9.329347211136499,-24.439594856461373,19.881583872566228,-4.110203703424193,1.5452115002551148
EFT:-12.945294292736639,-7.154380623023219,0.7302921494688438,1.0079202235428684,-3.1930653103772104,-9.3293472111365,-24.439594856461373,19.881583872566225,-4.110203703424193,1.545211500255114
Random103
Raw:-12.945294292736635,-7.15438062302322,0.730292149468843,1.0079202235428686,-3.19306531037721,-9.329347211136499,-24.439594856461376,19.88158387256622,-4.110203703424193,1.5452115002551146
EFT:-12.945294292736639,-7.154380623023219,0.7302921494688438,1.0079202235428684,-3.1930653103772104,-9.3293472111365,-24.439594856461373,19.881583872566225,-4.110203703424193,1.545211500255114
Random104
Raw:-12.945294292736637,-7.154380623023219,0.7302921494688441,1.0079202235428664,-3.193065310377211,-9.3293472111365,-24.439594856461376,19.881583872566225,-4.110203703424196,1.545211500255113
EFT:-12.945294292736639,-7.154380623023219,0.7302921494688438,1.0079202235428684,-3.1930653103772104,-9.3293472111365,-24.439594856461373,19.881583872566225,-4.110203703424193,1.545211500255114
Random105
Raw:-12.945294292736639,-7.1543806230232185,0.7302921494688425,1.0079202235428664,-3.19306531037721,-9.3293472111365,-24.439594856461376,19.881583872566225,-4.110203703424195,1.545211500255114
EFT:-12.945294292736639,-7.154380623023219,0.7302921494688438,1.0079202235428684,-3.1930653103772104,-9.3293472111365,-24.439594856461373,19.881583872566225,-4.110203703424193,1.545211500255114
Random106
Raw:-12.945294292736639,-7.1543806230232185,0.7302921494688441,1.0079202235428695,-3.193065310377212,-9.329347211136499,-24.439594856461373,19.881583872566225,-4.110203703424193,1.545211500255113
EFT:-12.945294292736639,-7.154380623023219,0.7302921494688438,1.0079202235428684,-3.1930653103772104,-9.3293472111365,-24.439594856461373,19.881583872566225,-4.110203703424193,1.545211500255114
Random107
Raw:-12.945294292736639,-7.154380623023219,0.7302921494688427,1.0079202235428673,-3.19306531037721,-9.3293472111365,-24.439594856461376,19.881583872566225,-4.110203703424195,1.545211500255114
EFT:-12.945294292736639,-7.154380623023219,0.7302921494688438,1.0079202235428684,-3.1930653103772104,-9.3293472111365,-24.439594856461373,19.881583872566225,-4.110203703424193,1.545211500255114
Random108
Raw:-12.945294292736639,-7.15438062302322,0.7302921494688437,1.007920223542869,-3.193065310377208,-9.3293472111365,-24.439594856461376,19.881583872566225,-4.110203703424192,1.5452115002551166
EFT:-12.945294292736639,-7.154380623023219,0.7302921494688438,1.0079202235428684,-3.1930653103772104,-9.3293472111365,-24.439594856461373,19.881583872566225,-4.110203703424193,1.545211500255114
Random109
Raw:-12.94529429273664,-7.15438062302322,0.7302921494688427,1.007920223542866,-3.193065310377211,-9.329347211136499,-24.439594856461376,19.881583872566228,-4.110203703424195,1.545211500255113
EFT:-12.945294292736639,-7.154380623023219,0.7302921494688438,1.0079202235428684,-3.1930653103772104,-9.3293472111365,-24.439594856461373,19.881583872566225,-4.110203703424193,1.545211500255114
Random110
Raw:-12.945294292736639,-7.154380623023219,0.730292149468843,1.0079202235428664,-3.19306531037721,-9.3293472111365,-24.439594856461376,19.881583872566225,-4.110203703424195,1.545211500255113
EFT:-12.945294292736639,-7.154380623023219,0.7302921494688438,1.0079202235428684,-3.1930653103772104,-9.3293472111365,-24.439594856461373,19.881583872566225,-4.110203703424193,1.545211500255114
Random111
Raw:-12.94529429273664,-7.1543806230232185,0.7302921494688421,1.0079202235428668,-3.19306531037721,-9.3293472111365,-24.439594856461376,19.88158387256622,-4.110203703424195,1.5452115002551137
EFT:-12.945294292736639,-7.154380623023219,0.7302921494688438,1.0079202235428684,-3.1930653103772104,-9.3293472111365,-24.439594856461373,19.881583872566225,-4.110203703424193,1.545211500255114
Random112
Raw:-12.945294292736639,-7.15438062302322,0.7302921494688428,1.0079202235428664,-3.19306531037721,-9.329347211136502,-24.43959485646138,19.881583872566225,-4.110203703424195,1.5452115002551134
EFT:-12.945294292736639,-7.154380623023219,0.7302921494688438,1.0079202235428684,-3.1930653103772104,-9.3293472111365,-24.439594856461373,19.881583872566225,-4.110203703424193,1.545211500255114
Random113
Raw:-12.945294292736643,-7.154380623023218,0.7302921494688441,1.0079202235428666,-3.1930653103772113,-9.329347211136502,-24.439594856461373,19.881583872566225,-4.110203703424195,1.5452115002551117
EFT:-12.945294292736639,-7.154380623023219,0.7302921494688438,1.0079202235428684,-3.1930653103772104,-9.3293472111365,-24.439594856461373,19.881583872566225,-4.110203703424193,1.545211500255114
Random114
Raw:-12.94529429273664,-7.15438062302322,0.7302921494688425,1.0079202235428668,-3.1930653103772113,-9.3293472111365,-24.439594856461376,19.881583872566228,-4.110203703424195,1.545211500255113
EFT:-12.945294292736639,-7.154380623023219,0.7302921494688438,1.0079202235428684,-3.1930653103772104,-9.3293472111365,-24.439594856461373,19.881583872566225,-4.110203703424193,1.545211500255114
Random115
Raw:-12.945294292736639,-7.154380623023222,0.7302921494688404,1.0079202235428677,-3.1930653103772104,-9.3293472111365,-24.43959485646138,19.881583872566225,-4.110203703424195,1.545211500255116
EFT:-12.945294292736639,-7.154380623023219,0.7302921494688438,1.0079202235428684,-3.1930653103772104,-9.3293472111365,-24.439594856461373,19.881583872566225,-4.110203703424193,1.545211500255114
Random116
Raw:-12.94529429273664,-7.15438062302322,0.7302921494688421,1.0079202235428673,-3.1930653103772113,-9.3293472111365,-24.439594856461376,19.881583872566225,-4.110203703424195,1.5452115002551157
EFT:-12.945294292736639,-7.154380623023219,0.7302921494688438,1.0079202235428684,-3.1930653103772104,-9.3293472111365,-24.439594856461373,19.881583872566225,-4.110203703424193,1.545211500255114
Random117
Raw:-12.94529429273664,-7.154380623023219,0.7302921494688415,1.0079202235428664,-3.193065310377209,-9.3293472111365,-24.439594856461376,19.881583872566225,-4.110203703424195,1.5452115002551137
EFT:-12.945294292736639,-7.154380623023219,0.7302921494688438,1.0079202235428684,-3.1930653103772104,-9.3293472111365,-24.439594856461373,19.881583872566225,-4.110203703424193,1.545211500255114
Random118
Raw:-12.945294292736639,-7.1543806230232185,0.7302921494688439,1.007920223542869,-3.1930653103772104,-9.329347211136499,-24.439594856461373,19.881583872566228,-4.110203703424192,1.545211500255114
EFT:-12.945294292736639,-7.154380623023219,0.7302921494688438,1.0079202235428684,-3.1930653103772104,-9.3293472111365,-24.439594856461373,19.881583872566225,-4.110203703424193,1.545211500255114
Random119
Raw:-12.94529429273664,-7.15438062302322,0.7302921494688428,1.0079202235428668,-3.1930653103772118,-9.3293472111365,-24.439594856461376,19.881583872566225,-4.110203703424195,1.5452115002551134
EFT:-12.945294292736639,-7.154380623023219,0.7302921494688438,1.0079202235428684,-3.1930653103772104,-9.3293472111365,-24.439594856461373,19.881583872566225,-4.110203703424193,1.545211500255114
Random120
Raw:-12.945294292736637,-7.1543806230232185,0.7302921494688448,1.0079202235428677,-3.193065310377211,-9.3293472111365,-24.43959485646137,19.881583872566225,-4.110203703424193,1.5452115002551126
EFT:-12.945294292736639,-7.154380623023219,0.7302921494688438,1.0079202235428684,-3.1930653103772104,-9.3293472111365,-24.439594856461373,19.881583872566225,-4.110203703424193,1.545211500255114
Random121
Raw:-12.94529429273664,-7.154380623023219,0.730292149468843,1.0079202235428668,-3.193065310377209,-9.3293472111365,-24.439594856461376,19.881583872566225,-4.110203703424194,1.545211500255114
EFT:-12.945294292736639,-7.154380623023219,0.7302921494688438,1.0079202235428684,-3.1930653103772104,-9.3293472111365,-24.439594856461373,19.881583872566225,-4.110203703424193,1.545211500255114
Random122
Raw:-12.94529429273664,-7.154380623023219,0.7302921494688435,1.0079202235428704,-3.1930653103772113,-9.329347211136497,-24.439594856461376,19.881583872566225,-4.110203703424192,1.5452115002551157
EFT:-12.945294292736639,-7.154380623023219,0.7302921494688438,1.0079202235428684,-3.1930653103772104,-9.3293472111365,-24.439594856461373,19.881583872566225,-4.110203703424193,1.545211500255114
Random123
Raw:-12.945294292736637,-7.15438062302322,0.7302921494688439,1.0079202235428673,-3.193065310377211,-9.329347211136502,-24.439594856461376,19.881583872566225,-4.110203703424195,1.5452115002551137
EFT:-12.945294292736639,-7.154380623023219,0.7302921494688438,1.0079202235428684,-3.1930653103772104,-9.3293472111365,-24.439594856461373,19.881583872566225,-4.110203703424193,1.545211500255114
Random124
Raw:-12.94529429273664,-7.154380623023219,0.7302921494688439,1.0079202235428681,-3.19306531037721,-9.329347211136499,-24.439594856461373,19.881583872566228,-4.110203703424193,1.545211500255113
EFT:-12.945294292736639,-7.154380623023219,0.7302921494688438,1.0079202235428684,-3.1930653103772104,-9.3293472111365,-24.439594856461373,19.881583872566225,-4.110203703424193,1.545211500255114
Random125
Raw:-12.945294292736639,-7.1543806230232185,0.7302921494688448,1.0079202235428681,-3.19306531037721,-9.3293472111365,-24.439594856461373,19.881583872566225,-4.110203703424193,1.545211500255113
EFT:-12.945294292736639,-7.154380623023219,0.7302921494688438,1.0079202235428684,-3.1930653103772104,-9.3293472111365,-24.439594856461373,19.881583872566225,-4.110203703424193,1.545211500255114
Random126
Raw:-12.945294292736637,-7.154380623023221,0.730292149468843,1.007920223542866,-3.193065310377209,-9.329347211136504,-24.43959485646138,19.881583872566225,-4.110203703424195,1.545211500255114
EFT:-12.945294292736639,-7.154380623023219,0.7302921494688438,1.0079202235428684,-3.1930653103772104,-9.3293472111365,-24.439594856461373,19.881583872566225,-4.110203703424193,1.545211500255114
Random127
Raw:-12.945294292736639,-7.154380623023219,0.7302921494688434,1.0079202235428668,-3.19306531037721,-9.3293472111365,-24.43959485646138,19.881583872566228,-4.110203703424195,1.5452115002551134
EFT:-12.945294292736639,-7.154380623023219,0.7302921494688438,1.0079202235428684,-3.1930653103772104,-9.3293472111365,-24.439594856461373,19.881583872566225,-4.110203703424193,1.545211500255114
Random128
Raw:-12.945294292736639,-7.154380623023221,0.7302921494688437,1.0079202235428681,-3.19306531037721,-9.3293472111365,-24.439594856461376,19.881583872566228,-4.110203703424193,1.5452115002551157
EFT:-12.945294292736639,-7.154380623023219,0.7302921494688438,1.0079202235428684,-3.1930653103772104,-9.3293472111365,-24.439594856461373,19.881583872566225,-4.110203703424193,1.545211500255114
Random129
Raw:-12.945294292736637,-7.15438062302322,0.7302921494688432,1.0079202235428673,-3.193065310377211,-9.3293472111365,-24.439594856461376,19.881583872566228,-4.110203703424195,1.5452115002551148
EFT:-12.945294292736639,-7.154380623023219,0.7302921494688438,1.0079202235428684,-3.1930653103772104,-9.3293472111365,-24.439594856461373,19.881583872566225,-4.110203703424193,1.545211500255114
Random130
Raw:-12.945294292736639,-7.154380623023219,0.7302921494688439,1.0079202235428686,-3.19306531037721,-9.3293472111365,-24.439594856461376,19.881583872566225,-4.110203703424193,1.5452115002551143
EFT:-12.945294292736639,-7.154380623023219,0.7302921494688438,1.0079202235428684,-3.1930653103772104,-9.3293472111365,-24.439594856461373,19.881583872566225,-4.110203703424193,1.545211500255114
Random131
Raw:-12.945294292736639,-7.15438062302322,0.730292149468843,1.007920223542868,-3.19306531037721,-9.3293472111365,-24.439594856461373,19.881583872566225,-4.110203703424193,1.545211500255114
EFT:-12.945294292736639,-7.154380623023219,0.7302921494688438,1.0079202235428684,-3.1930653103772104,-9.3293472111365,-24.439594856461373,19.881583872566225,-4.110203703424193,1.545211500255114
Random132
Raw:-12.945294292736637,-7.154380623023219,0.7302921494688439,1.0079202235428686,-3.193065310377208,-9.329347211136499,-24.439594856461373,19.881583872566225,-4.110203703424192,1.545211500255114
EFT:-12.945294292736639,-7.154380623023219,0.7302921494688438,1.0079202235428684,-3.1930653103772104,-9.3293472111365,-24.439594856461373,19.881583872566225,-4.110203703424193,1.545211500255114
Random133
Raw:-12.945294292736637,-7.1543806230232185,0.7302921494688437,1.0079202235428688,-3.19306531037721,-9.3293472111365,-24.439594856461373,19.881583872566225,-4.110203703424193,1.5452115002551141
EFT:-12.945294292736639,-7.154380623023219,0.7302921494688438,1.0079202235428684,-3.1930653103772104,-9.3293472111365,-24.439594856461373,19.881583872566225,-4.110203703424193,1.545211500255114
Random134
Raw:-12.945294292736639,-7.154380623023222,0.7302921494688428,1.0079202235428664,-3.19306531037721,-9.3293472111365,-24.43959485646138,19.881583872566225,-4.110203703424194,1.5452115002551148
EFT:-12.945294292736639,-7.154380623023219,0.7302921494688438,1.0079202235428684,-3.1930653103772104,-9.3293472111365,-24.439594856461373,19.881583872566225,-4.110203703424193,1.545211500255114
Random135
Raw:-12.94529429273664,-7.1543806230232185,0.7302921494688434,1.0079202235428664,-3.193065310377211,-9.3293472111365,-24.439594856461376,19.881583872566225,-4.110203703424195,1.545211500255113
EFT:-12.945294292736639,-7.154380623023219,0.7302921494688438,1.0079202235428684,-3.1930653103772104,-9.3293472111365,-24.439594856461373,19.881583872566225,-4.110203703424193,1.545211500255114
Random136
Raw:-12.945294292736639,-7.154380623023219,0.7302921494688432,1.0079202235428684,-3.19306531037721,-9.3293472111365,-24.439594856461373,19.881583872566225,-4.110203703424193,1.545211500255114
EFT:-12.945294292736639,-7.154380623023219,0.7302921494688438,1.0079202235428684,-3.1930653103772104,-9.3293472111365,-24.439594856461373,19.881583872566225,-4.110203703424193,1.545211500255114
Random137
Raw:-12.945294292736637,-7.15438062302322,0.7302921494688437,1.007920223542869,-3.19306531037721,-9.329347211136497,-24.439594856461376,19.881583872566228,-4.110203703424194,1.5452115002551137
EFT:-12.945294292736639,-7.154380623023219,0.7302921494688438,1.0079202235428684,-3.1930653103772104,-9.3293472111365,-24.439594856461373,19.881583872566225,-4.110203703424193,1.545211500255114
Random138
Raw:-12.945294292736637,-7.154380623023219,0.7302921494688444,1.0079202235428681,-3.193065310377209,-9.329347211136499,-24.439594856461376,19.881583872566225,-4.110203703424193,1.545211500255114
EFT:-12.945294292736639,-7.154380623023219,0.7302921494688438,1.0079202235428684,-3.1930653103772104,-9.3293472111365,-24.439594856461373,19.881583872566225,-4.110203703424193,1.545211500255114
Random139
Raw:-12.945294292736639,-7.154380623023219,0.7302921494688437,1.0079202235428688,-3.193065310377211,-9.329347211136499,-24.439594856461373,19.881583872566225,-4.110203703424193,1.545211500255114
EFT:-12.945294292736639,-7.154380623023219,0.7302921494688438,1.0079202235428684,-3.1930653103772104,-9.3293472111365,-24.439594856461373,19.881583872566225,-4.110203703424193,1.545211500255114
Random140
Raw:-12.945294292736635,-7.1543806230232185,0.7302921494688444,1.007920223542869,-3.19306531037721,-9.329347211136497,-24.43959485646137,19.881583872566225,-4.110203703424192,1.5452115002551143
EFT:-12.945294292736639,-7.154380623023219,0.7302921494688438,1.0079202235428684,-3.1930653103772104,-9.3293472111365,-24.439594856461373,19.881583872566225,-4.110203703424193,1.545211500255114
Random141
Raw:-12.945294292736639,-7.15438062302322,0.7302921494688431,1.0079202235428681,-3.193065310377211,-9.329347211136497,-24.439594856461376,19.881583872566225,-4.110203703424193,1.545211500255113
EFT:-12.945294292736639,-7.154380623023219,0.7302921494688438,1.0079202235428684,-3.1930653103772104,-9.3293472111365,-24.439594856461373,19.881583872566225,-4.110203703424193,1.545211500255114
Random142
Raw:-12.94529429273664,-7.15438062302322,0.730292149468843,1.0079202235428673,-3.1930653103772104,-9.329347211136502,-24.439594856461376,19.881583872566225,-4.110203703424195,1.545211500255114
EFT:-12.945294292736639,-7.154380623023219,0.7302921494688438,1.0079202235428684,-3.1930653103772104,-9.3293472111365,-24.439594856461373,19.881583872566225,-4.110203703424193,1.545211500255114
Random143
Raw:-12.945294292736639,-7.1543806230232185,0.7302921494688435,1.0079202235428686,-3.1930653103772104,-9.3293472111365,-24.439594856461373,19.881583872566225,-4.110203703424193,1.5452115002551137
EFT:-12.945294292736639,-7.154380623023219,0.7302921494688438,1.0079202235428684,-3.1930653103772104,-9.3293472111365,-24.439594856461373,19.881583872566225,-4.110203703424193,1.545211500255114
Random144
Raw:-12.945294292736639,-7.154380623023219,0.7302921494688448,1.0079202235428664,-3.1930653103772118,-9.3293472111365,-24.439594856461373,19.881583872566225,-4.110203703424196,1.545211500255113
EFT:-12.945294292736639,-7.154380623023219,0.7302921494688438,1.0079202235428684,-3.1930653103772104,-9.3293472111365,-24.439594856461373,19.881583872566225,-4.110203703424193,1.545211500255114
Random145
Raw:-12.945294292736639,-7.154380623023219,0.7302921494688434,1.0079202235428668,-3.193065310377211,-9.3293472111365,-24.439594856461376,19.881583872566225,-4.110203703424194,1.545211500255114
EFT:-12.945294292736639,-7.154380623023219,0.7302921494688438,1.0079202235428684,-3.1930653103772104,-9.3293472111365,-24.439594856461373,19.881583872566225,-4.110203703424193,1.545211500255114
Random146
Raw:-12.945294292736637,-7.154380623023219,0.730292149468843,1.0079202235428684,-3.19306531037721,-9.3293472111365,-24.439594856461373,19.881583872566225,-4.110203703424193,1.5452115002551134
EFT:-12.945294292736639,-7.154380623023219,0.7302921494688438,1.0079202235428684,-3.1930653103772104,-9.3293472111365,-24.439594856461373,19.881583872566225,-4.110203703424193,1.545211500255114
Random147
Raw:-12.945294292736639,-7.15438062302322,0.7302921494688427,1.007920223542865,-3.1930653103772104,-9.3293472111365,-24.439594856461376,19.881583872566228,-4.110203703424194,1.545211500255114
EFT:-12.945294292736639,-7.154380623023219,0.7302921494688438,1.0079202235428684,-3.1930653103772104,-9.3293472111365,-24.439594856461373,19.881583872566225,-4.110203703424193,1.545211500255114
Random148
Raw:-12.94529429273664,-7.15438062302322,0.7302921494688424,1.0079202235428664,-3.1930653103772104,-9.3293472111365,-24.439594856461376,19.881583872566228,-4.110203703424195,1.5452115002551134
EFT:-12.945294292736639,-7.154380623023219,0.7302921494688438,1.0079202235428684,-3.1930653103772104,-9.3293472111365,-24.439594856461373,19.881583872566225,-4.110203703424193,1.545211500255114
Random149
Raw:-12.945294292736637,-7.15438062302322,0.7302921494688407,1.0079202235428655,-3.19306531037721,-9.3293472111365,-24.439594856461376,19.881583872566225,-4.110203703424195,1.545211500255114
EFT:-12.945294292736639,-7.154380623023219,0.7302921494688438,1.0079202235428684,-3.1930653103772104,-9.3293472111365,-24.439594856461373,19.881583872566225,-4.110203703424193,1.545211500255114
Random150
Raw:-12.945294292736639,-7.15438062302322,0.7302921494688421,1.0079202235428666,-3.193065310377211,-9.3293472111365,-24.439594856461376,19.881583872566225,-4.110203703424195,1.5452115002551134
EFT:-12.945294292736639,-7.154380623023219,0.7302921494688438,1.0079202235428684,-3.1930653103772104,-9.3293472111365,-24.439594856461373,19.881583872566225,-4.110203703424193,1.545211500255114
Random151
Raw:-12.945294292736637,-7.15438062302322,0.7302921494688424,1.0079202235428681,-3.193065310377209,-9.329347211136499,-24.439594856461373,19.88158387256622,-4.110203703424193,1.5452115002551148
EFT:-12.945294292736639,-7.154380623023219,0.7302921494688438,1.0079202235428684,-3.1930653103772104,-9.3293472111365,-24.439594856461373,19.881583872566225,-4.110203703424193,1.545211500255114
Random152
Raw:-12.945294292736639,-7.15438062302322,0.7302921494688439,1.0079202235428668,-3.1930653103772104,-9.329347211136502,-24.439594856461376,19.881583872566225,-4.110203703424195,1.545211500255114
EFT:-12.945294292736639,-7.154380623023219,0.7302921494688438,1.0079202235428684,-3.1930653103772104,-9.3293472111365,-24.439594856461373,19.881583872566225,-4.110203703424193,1.545211500255114
Random153
Raw:-12.94529429273664,-7.15438062302322,0.7302921494688432,1.0079202235428681,-3.1930653103772086,-9.329347211136499,-24.439594856461373,19.881583872566225,-4.110203703424193,1.5452115002551148
EFT:-12.945294292736639,-7.154380623023219,0.7302921494688438,1.0079202235428684,-3.1930653103772104,-9.3293472111365,-24.439594856461373,19.881583872566225,-4.110203703424193,1.545211500255114
Random154
Raw:-12.94529429273664,-7.15438062302322,0.7302921494688421,1.0079202235428681,-3.1930653103772104,-9.329347211136502,-24.43959485646138,19.881583872566225,-4.110203703424194,1.5452115002551157
EFT:-12.945294292736639,-7.154380623023219,0.7302921494688438,1.0079202235428684,-3.1930653103772104,-9.3293472111365,-24.439594856461373,19.881583872566225,-4.110203703424193,1.545211500255114
Random155
Raw:-12.945294292736637,-7.154380623023218,0.7302921494688439,1.00792022354287,-3.19306531037721,-9.329347211136499,-24.43959485646137,19.881583872566225,-4.110203703424192,1.545211500255114
EFT:-12.945294292736639,-7.154380623023219,0.7302921494688438,1.0079202235428684,-3.1930653103772104,-9.3293472111365,-24.439594856461373,19.881583872566225,-4.110203703424193,1.545211500255114
Random156
Raw:-12.945294292736639,-7.15438062302322,0.7302921494688441,1.0079202235428681,-3.1930653103772104,-9.329347211136499,-24.43959485646137,19.881583872566225,-4.110203703424193,1.545211500255114
EFT:-12.945294292736639,-7.154380623023219,0.7302921494688438,1.0079202235428684,-3.1930653103772104,-9.3293472111365,-24.439594856461373,19.881583872566225,-4.110203703424193,1.545211500255114
Random157
Raw:-12.945294292736639,-7.1543806230232185,0.7302921494688439,1.007920223542869,-3.19306531037721,-9.329347211136499,-24.439594856461373,19.881583872566225,-4.110203703424193,1.5452115002551159
EFT:-12.945294292736639,-7.154380623023219,0.7302921494688438,1.0079202235428684,-3.1930653103772104,-9.3293472111365,-24.439594856461373,19.881583872566225,-4.110203703424193,1.545211500255114
Random158
Raw:-12.94529429273664,-7.154380623023219,0.7302921494688432,1.0079202235428664,-3.1930653103772104,-9.3293472111365,-24.439594856461376,19.881583872566225,-4.110203703424195,1.545211500255114
EFT:-12.945294292736639,-7.154380623023219,0.7302921494688438,1.0079202235428684,-3.1930653103772104,-9.3293472111365,-24.439594856461373,19.881583872566225,-4.110203703424193,1.545211500255114
Random159
Raw:-12.945294292736639,-7.154380623023219,0.7302921494688431,1.0079202235428688,-3.1930653103772104,-9.329347211136499,-24.439594856461373,19.881583872566225,-4.110203703424193,1.5452115002551132
EFT:-12.945294292736639,-7.154380623023219,0.7302921494688438,1.0079202235428684,-3.1930653103772104,-9.3293472111365,-24.439594856461373,19.881583872566225,-4.110203703424193,1.545211500255114
Random160
Raw:-12.945294292736637,-7.154380623023221,0.730292149468843,1.0079202235428673,-3.193065310377211,-9.3293472111365,-24.439594856461376,19.881583872566225,-4.110203703424195,1.545211500255114
EFT:-12.945294292736639,-7.154380623023219,0.7302921494688438,1.0079202235428684,-3.1930653103772104,-9.3293472111365,-24.439594856461373,19.881583872566225,-4.110203703424193,1.545211500255114
Random161
Raw:-12.94529429273664,-7.15438062302322,0.730292149468843,1.0079202235428673,-3.1930653103772104,-9.3293472111365,-24.439594856461376,19.881583872566225,-4.110203703424195,1.5452115002551137
EFT:-12.945294292736639,-7.154380623023219,0.7302921494688438,1.0079202235428684,-3.1930653103772104,-9.3293472111365,-24.439594856461373,19.881583872566225,-4.110203703424193,1.545211500255114
Random162
Raw:-12.94529429273664,-7.15438062302322,0.7302921494688429,1.0079202235428664,-3.1930653103772104,-9.329347211136502,-24.439594856461376,19.881583872566225,-4.110203703424195,1.545211500255113
EFT:-12.945294292736639,-7.154380623023219,0.7302921494688438,1.0079202235428684,-3.1930653103772104,-9.3293472111365,-24.439594856461373,19.881583872566225,-4.110203703424193,1.545211500255114
Random163
Raw:-12.945294292736639,-7.154380623023219,0.730292149468843,1.0079202235428655,-3.193065310377211,-9.3293472111365,-24.439594856461376,19.881583872566225,-4.110203703424196,1.5452115002551121
EFT:-12.945294292736639,-7.154380623023219,0.7302921494688438,1.0079202235428684,-3.1930653103772104,-9.3293472111365,-24.439594856461373,19.881583872566225,-4.110203703424193,1.545211500255114
Random164
Raw:-12.945294292736639,-7.1543806230232185,0.7302921494688444,1.0079202235428681,-3.193065310377209,-9.329347211136499,-24.439594856461376,19.881583872566225,-4.110203703424193,1.545211500255113
EFT:-12.945294292736639,-7.154380623023219,0.7302921494688438,1.0079202235428684,-3.1930653103772104,-9.3293472111365,-24.439594856461373,19.881583872566225,-4.110203703424193,1.545211500255114
Random165
Raw:-12.945294292736637,-7.15438062302322,0.7302921494688439,1.0079202235428686,-3.19306531037721,-9.329347211136499,-24.439594856461373,19.88158387256622,-4.110203703424192,1.545211500255114
EFT:-12.945294292736639,-7.154380623023219,0.7302921494688438,1.0079202235428684,-3.1930653103772104,-9.3293472111365,-24.439594856461373,19.881583872566225,-4.110203703424193,1.545211500255114
Random166
Raw:-12.945294292736639,-7.154380623023219,0.7302921494688432,1.007920223542869,-3.19306531037721,-9.329347211136499,-24.439594856461376,19.881583872566225,-4.110203703424192,1.5452115002551134
EFT:-12.945294292736639,-7.154380623023219,0.7302921494688438,1.0079202235428684,-3.1930653103772104,-9.3293472111365,-24.439594856461373,19.881583872566225,-4.110203703424193,1.545211500255114
Random167
Raw:-12.945294292736643,-7.154380623023219,0.730292149468843,1.0079202235428668,-3.19306531037721,-9.329347211136502,-24.439594856461376,19.881583872566225,-4.110203703424195,1.545211500255113
EFT:-12.945294292736639,-7.154380623023219,0.7302921494688438,1.0079202235428684,-3.1930653103772104,-9.3293472111365,-24.439594856461373,19.881583872566225,-4.110203703424193,1.545211500255114
Random168
Raw:-12.945294292736639,-7.15438062302322,0.730292149468843,1.0079202235428655,-3.1930653103772073,-9.329347211136502,-24.439594856461376,19.881583872566225,-4.110203703424195,1.5452115002551121
EFT:-12.945294292736639,-7.154380623023219,0.7302921494688438,1.0079202235428684,-3.1930653103772104,-9.3293472111365,-24.439594856461373,19.881583872566225,-4.110203703424193,1.545211500255114
Random169
Raw:-12.945294292736639,-7.15438062302322,0.7302921494688439,1.0079202235428688,-3.193065310377209,-9.3293472111365,-24.43959485646137,19.881583872566225,-4.110203703424193,1.545211500255114
EFT:-12.945294292736639,-7.154380623023219,0.7302921494688438,1.0079202235428684,-3.1930653103772104,-9.3293472111365,-24.439594856461373,19.881583872566225,-4.110203703424193,1.545211500255114
Random170
Raw:-12.945294292736639,-7.1543806230232185,0.7302921494688439,1.0079202235428681,-3.19306531037721,-9.329347211136499,-24.439594856461373,19.881583872566225,-4.110203703424193,1.545211500255114
EFT:-12.945294292736639,-7.154380623023219,0.7302921494688438,1.0079202235428684,-3.1930653103772104,-9.3293472111365,-24.439594856461373,19.881583872566225,-4.110203703424193,1.545211500255114
Random171
Raw:-12.945294292736637,-7.15438062302322,0.7302921494688432,1.0079202235428668,-3.19306531037721,-9.3293472111365,-24.439594856461376,19.881583872566225,-4.110203703424194,1.545211500255114
EFT:-12.945294292736639,-7.154380623023219,0.7302921494688438,1.0079202235428684,-3.1930653103772104,-9.3293472111365,-24.439594856461373,19.881583872566225,-4.110203703424193,1.545211500255114
Random172
Raw:-12.945294292736639,-7.154380623023219,0.7302921494688428,1.0079202235428661,-3.19306531037721,-9.3293472111365,-24.439594856461376,19.881583872566228,-4.110203703424195,1.5452115002551157
EFT:-12.945294292736639,-7.154380623023219,0.7302921494688438,1.0079202235428684,-3.1930653103772104,-9.3293472111365,-24.439594856461373,19.881583872566225,-4.110203703424193,1.545211500255114
Random173
Raw:-12.945294292736639,-7.15438062302322,0.7302921494688432,1.007920223542869,-3.193065310377211,-9.329347211136499,-24.439594856461376,19.881583872566225,-4.110203703424193,1.545211500255114
EFT:-12.945294292736639,-7.154380623023219,0.7302921494688438,1.0079202235428684,-3.1930653103772104,-9.3293472111365,-24.439594856461373,19.881583872566225,-4.110203703424193,1.545211500255114
Random174
Raw:-12.945294292736639,-7.15438062302322,0.7302921494688414,1.007920223542866,-3.193065310377208,-9.3293472111365,-24.43959485646138,19.881583872566225,-4.110203703424195,1.5452115002551148
EFT:-12.945294292736639,-7.154380623023219,0.7302921494688438,1.0079202235428684,-3.1930653103772104,-9.3293472111365,-24.439594856461373,19.881583872566225,-4.110203703424193,1.545211500255114
Random175
Raw:-12.945294292736639,-7.154380623023218,0.7302921494688439,1.007920223542868,-3.19306531037721,-9.329347211136502,-24.439594856461373,19.881583872566225,-4.110203703424194,1.5452115002551128
EFT:-12.945294292736639,-7.154380623023219,0.7302921494688438,1.0079202235428684,-3.1930653103772104,-9.3293472111365,-24.439594856461373,19.881583872566225,-4.110203703424193,1.545211500255114
Random176
Raw:-12.94529429273664,-7.154380623023219,0.7302921494688424,1.0079202235428668,-3.193065310377211,-9.3293472111365,-24.439594856461376,19.881583872566225,-4.110203703424195,1.545211500255113
EFT:-12.945294292736639,-7.154380623023219,0.7302921494688438,1.0079202235428684,-3.1930653103772104,-9.3293472111365,-24.439594856461373,19.881583872566225,-4.110203703424193,1.545211500255114
Random177
Raw:-12.945294292736637,-7.1543806230232185,0.730292149468843,1.007920223542868,-3.1930653103772104,-9.329347211136497,-24.439594856461373,19.881583872566225,-4.110203703424193,1.545211500255114
EFT:-12.945294292736639,-7.154380623023219,0.7302921494688438,1.0079202235428684,-3.1930653103772104,-9.3293472111365,-24.439594856461373,19.881583872566225,-4.110203703424193,1.545211500255114
Random178
Raw:-12.945294292736637,-7.15438062302322,0.7302921494688417,1.0079202235428684,-3.19306531037721,-9.329347211136499,-24.439594856461373,19.881583872566225,-4.110203703424193,1.5452115002551143
EFT:-12.945294292736639,-7.154380623023219,0.7302921494688438,1.0079202235428684,-3.1930653103772104,-9.3293472111365,-24.439594856461373,19.881583872566225,-4.110203703424193,1.545211500255114
Random179
Raw:-12.94529429273664,-7.154380623023219,0.7302921494688424,1.0079202235428668,-3.19306531037721,-9.3293472111365,-24.439594856461376,19.881583872566225,-4.110203703424195,1.5452115002551134
EFT:-12.945294292736639,-7.154380623023219,0.7302921494688438,1.0079202235428684,-3.1930653103772104,-9.3293472111365,-24.439594856461373,19.881583872566225,-4.110203703424193,1.545211500255114
Random180
Raw:-12.945294292736639,-7.15438062302322,0.7302921494688421,1.0079202235428673,-3.1930653103772118,-9.3293472111365,-24.439594856461376,19.881583872566225,-4.110203703424195,1.5452115002551134
EFT:-12.945294292736639,-7.154380623023219,0.7302921494688438,1.0079202235428684,-3.1930653103772104,-9.3293472111365,-24.439594856461373,19.881583872566225,-4.110203703424193,1.545211500255114
Random181
Raw:-12.94529429273664,-7.154380623023219,0.7302921494688421,1.0079202235428661,-3.1930653103772113,-9.3293472111365,-24.439594856461376,19.881583872566228,-4.110203703424195,1.545211500255114
EFT:-12.945294292736639,-7.154380623023219,0.7302921494688438,1.0079202235428684,-3.1930653103772104,-9.3293472111365,-24.439594856461373,19.881583872566225,-4.110203703424193,1.545211500255114
Random182
Raw:-12.94529429273664,-7.154380623023221,0.7302921494688432,1.0079202235428673,-3.1930653103772104,-9.3293472111365,-24.439594856461376,19.881583872566228,-4.110203703424194,1.5452115002551134
EFT:-12.945294292736639,-7.154380623023219,0.7302921494688438,1.0079202235428684,-3.1930653103772104,-9.3293472111365,-24.439594856461373,19.881583872566225,-4.110203703424193,1.545211500255114
Random183
Raw:-12.94529429273664,-7.15438062302322,0.7302921494688428,1.0079202235428655,-3.1930653103772118,-9.3293472111365,-24.439594856461376,19.881583872566225,-4.110203703424195,1.545211500255114
EFT:-12.945294292736639,-7.154380623023219,0.7302921494688438,1.0079202235428684,-3.1930653103772104,-9.3293472111365,-24.439594856461373,19.881583872566225,-4.110203703424193,1.545211500255114
Random184
Raw:-12.94529429273664,-7.15438062302322,0.7302921494688421,1.0079202235428668,-3.1930653103772104,-9.329347211136502,-24.43959485646138,19.881583872566228,-4.110203703424194,1.545211500255113
EFT:-12.945294292736639,-7.154380623023219,0.7302921494688438,1.0079202235428684,-3.1930653103772104,-9.3293472111365,-24.439594856461373,19.881583872566225,-4.110203703424193,1.545211500255114
Random185
Raw:-12.945294292736637,-7.15438062302322,0.7302921494688439,1.0079202235428686,-3.19306531037721,-9.329347211136499,-24.439594856461373,19.881583872566225,-4.110203703424192,1.5452115002551137
EFT:-12.945294292736639,-7.154380623023219,0.7302921494688438,1.0079202235428684,-3.1930653103772104,-9.3293472111365,-24.439594856461373,19.881583872566225,-4.110203703424193,1.545211500255114
Random186
Raw:-12.94529429273664,-7.15438062302322,0.7302921494688434,1.0079202235428695,-3.193065310377211,-9.3293472111365,-24.439594856461376,19.881583872566228,-4.110203703424192,1.5452115002551157
EFT:-12.945294292736639,-7.154380623023219,0.7302921494688438,1.0079202235428684,-3.1930653103772104,-9.3293472111365,-24.439594856461373,19.881583872566225,-4.110203703424193,1.545211500255114
Random187
Raw:-12.945294292736639,-7.15438062302322,0.730292149468843,1.0079202235428697,-3.1930653103772118,-9.329347211136499,-24.439594856461373,19.881583872566225,-4.110203703424193,1.5452115002551148
EFT:-12.945294292736639,-7.154380623023219,0.7302921494688438,1.0079202235428684,-3.1930653103772104,-9.3293472111365,-24.439594856461373,19.881583872566225,-4.110203703424193,1.545211500255114
Random188
Raw:-12.94529429273664,-7.154380623023219,0.7302921494688421,1.0079202235428668,-3.1930653103772104,-9.329347211136502,-24.439594856461376,19.881583872566225,-4.110203703424195,1.5452115002551134
EFT:-12.945294292736639,-7.154380623023219,0.7302921494688438,1.0079202235428684,-3.1930653103772104,-9.3293472111365,-24.439594856461373,19.881583872566225,-4.110203703424193,1.545211500255114
Random189
Raw:-12.945294292736639,-7.15438062302322,0.730292149468843,1.0079202235428664,-3.1930653103772104,-9.329347211136502,-24.439594856461376,19.881583872566228,-4.110203703424195,1.5452115002551134
EFT:-12.945294292736639,-7.154380623023219,0.7302921494688438,1.0079202235428684,-3.1930653103772104,-9.3293472111365,-24.439594856461373,19.881583872566225,-4.110203703424193,1.545211500255114
Random190
Raw:-12.94529429273664,-7.154380623023219,0.7302921494688429,1.0079202235428673,-3.19306531037721,-9.3293472111365,-24.439594856461376,19.881583872566225,-4.110203703424195,1.545211500255114
EFT:-12.945294292736639,-7.154380623023219,0.7302921494688438,1.0079202235428684,-3.1930653103772104,-9.3293472111365,-24.439594856461373,19.881583872566225,-4.110203703424193,1.545211500255114
Random191
Raw:-12.945294292736637,-7.15438062302322,0.7302921494688415,1.0079202235428681,-3.1930653103772086,-9.329347211136499,-24.439594856461373,19.881583872566225,-4.110203703424193,1.5452115002551143
EFT:-12.945294292736639,-7.154380623023219,0.7302921494688438,1.0079202235428684,-3.1930653103772104,-9.3293472111365,-24.439594856461373,19.881583872566225,-4.110203703424193,1.545211500255114
Random192
Raw:-12.945294292736637,-7.15438062302322,0.7302921494688448,1.007920223542869,-3.19306531037721,-9.329347211136497,-24.43959485646137,19.881583872566225,-4.110203703424192,1.5452115002551141
EFT:-12.945294292736639,-7.154380623023219,0.7302921494688438,1.0079202235428684,-3.1930653103772104,-9.3293472111365,-24.439594856461373,19.881583872566225,-4.110203703424193,1.545211500255114
Random193
Raw:-12.945294292736639,-7.154380623023219,0.7302921494688432,1.0079202235428688,-3.19306531037721,-9.329347211136499,-24.43959485646137,19.881583872566225,-4.110203703424193,1.545211500255115
EFT:-12.945294292736639,-7.154380623023219,0.7302921494688438,1.0079202235428684,-3.1930653103772104,-9.3293472111365,-24.439594856461373,19.881583872566225,-4.110203703424193,1.545211500255114
Random194
Raw:-12.945294292736639,-7.1543806230232185,0.7302921494688455,1.0079202235428677,-3.19306531037721,-9.3293472111365,-24.439594856461373,19.88158387256622,-4.110203703424193,1.545211500255113
EFT:-12.945294292736639,-7.154380623023219,0.7302921494688438,1.0079202235428684,-3.1930653103772104,-9.3293472111365,-24.439594856461373,19.881583872566225,-4.110203703424193,1.545211500255114
Random195
Raw:-12.94529429273664,-7.15438062302322,0.7302921494688434,1.0079202235428668,-3.19306531037721,-9.329347211136499,-24.439594856461376,19.881583872566228,-4.110203703424195,1.545211500255113
EFT:-12.945294292736639,-7.154380623023219,0.7302921494688438,1.0079202235428684,-3.1930653103772104,-9.3293472111365,-24.439594856461373,19.881583872566225,-4.110203703424193,1.545211500255114
Random196
Raw:-12.945294292736637,-7.154380623023219,0.7302921494688439,1.0079202235428686,-3.19306531037721,-9.329347211136499,-24.439594856461373,19.881583872566225,-4.110203703424193,1.5452115002551137
EFT:-12.945294292736639,-7.154380623023219,0.7302921494688438,1.0079202235428684,-3.1930653103772104,-9.3293472111365,-24.439594856461373,19.881583872566225,-4.110203703424193,1.545211500255114
Random197
Raw:-12.945294292736639,-7.15438062302322,0.7302921494688428,1.0079202235428664,-3.193065310377212,-9.3293472111365,-24.439594856461376,19.881583872566225,-4.110203703424195,1.5452115002551134
EFT:-12.945294292736639,-7.154380623023219,0.7302921494688438,1.0079202235428684,-3.1930653103772104,-9.3293472111365,-24.439594856461373,19.881583872566225,-4.110203703424193,1.545211500255114
Random198
Raw:-12.945294292736644,-7.154380623023221,0.7302921494688435,1.0079202235428677,-3.19306531037721,-9.3293472111365,-24.43959485646138,19.881583872566225,-4.110203703424194,1.5452115002551148
EFT:-12.945294292736639,-7.154380623023219,0.7302921494688438,1.0079202235428684,-3.1930653103772104,-9.3293472111365,-24.439594856461373,19.881583872566225,-4.110203703424193,1.545211500255114
Random199
Raw:-12.945294292736639,-7.15438062302322,0.7302921494688432,1.0079202235428686,-3.193065310377211,-9.3293472111365,-24.439594856461373,19.881583872566225,-4.110203703424193,1.545211500255114
EFT:-12.945294292736639,-7.154380623023219,0.7302921494688438,1.0079202235428684,-3.1930653103772104,-9.3293472111365,-24.439594856461373,19.881583872566225,-4.110203703424193,1.545211500255114
Random200
Raw:-12.94529429273664,-7.154380623023222,0.7302921494688428,1.0079202235428664,-3.1930653103772095,-9.3293472111365,-24.439594856461376,19.881583872566225,-4.110203703424194,1.5452115002551159
EFT:-12.945294292736639,-7.154380623023219,0.7302921494688438,1.0079202235428684,-3.1930653103772104,-9.3293472111365,-24.439594856461373,19.881583872566225,-4.110203703424193,1.545211500255114
Random201
Raw:-12.945294292736637,-7.154380623023219,0.7302921494688439,1.007920223542866,-3.19306531037721,-9.3293472111365,-24.439594856461376,19.881583872566225,-4.110203703424196,1.545211500255113
EFT:-12.945294292736639,-7.154380623023219,0.7302921494688438,1.0079202235428684,-3.1930653103772104,-9.3293472111365,-24.439594856461373,19.881583872566225,-4.110203703424193,1.545211500255114
Random202
Raw:-12.94529429273664,-7.154380623023221,0.7302921494688431,1.0079202235428668,-3.19306531037721,-9.3293472111365,-24.439594856461376,19.881583872566225,-4.110203703424195,1.5452115002551134
EFT:-12.945294292736639,-7.154380623023219,0.7302921494688438,1.0079202235428684,-3.1930653103772104,-9.3293472111365,-24.439594856461373,19.881583872566225,-4.110203703424193,1.545211500255114
Random203
Raw:-12.94529429273664,-7.154380623023219,0.7302921494688429,1.0079202235428664,-3.1930653103772104,-9.3293472111365,-24.439594856461376,19.881583872566228,-4.110203703424195,1.545211500255114
EFT:-12.945294292736639,-7.154380623023219,0.7302921494688438,1.0079202235428684,-3.1930653103772104,-9.3293472111365,-24.439594856461373,19.881583872566225,-4.110203703424193,1.545211500255114
Random204
Raw:-12.945294292736639,-7.154380623023218,0.7302921494688432,1.0079202235428688,-3.1930653103772104,-9.3293472111365,-24.439594856461373,19.881583872566225,-4.110203703424193,1.545211500255114
EFT:-12.945294292736639,-7.154380623023219,0.7302921494688438,1.0079202235428684,-3.1930653103772104,-9.3293472111365,-24.439594856461373,19.881583872566225,-4.110203703424193,1.545211500255114
Random205
Raw:-12.945294292736639,-7.154380623023219,0.7302921494688422,1.0079202235428673,-3.193065310377211,-9.329347211136502,-24.439594856461376,19.881583872566225,-4.110203703424195,1.545211500255114
EFT:-12.945294292736639,-7.154380623023219,0.7302921494688438,1.0079202235428684,-3.1930653103772104,-9.3293472111365,-24.439594856461373,19.881583872566225,-4.110203703424193,1.545211500255114
Random206
Raw:-12.94529429273664,-7.154380623023219,0.7302921494688424,1.0079202235428681,-3.19306531037721,-9.329347211136502,-24.439594856461376,19.88158387256622,-4.110203703424195,1.545211500255114
EFT:-12.945294292736639,-7.154380623023219,0.7302921494688438,1.0079202235428684,-3.1930653103772104,-9.3293472111365,-24.439594856461373,19.881583872566225,-4.110203703424193,1.545211500255114
Random207
Raw:-12.945294292736639,-7.15438062302322,0.730292149468845,1.0079202235428681,-3.19306531037721,-9.329347211136499,-24.43959485646137,19.881583872566225,-4.110203703424193,1.5452115002551141
EFT:-12.945294292736639,-7.154380623023219,0.7302921494688438,1.0079202235428684,-3.1930653103772104,-9.3293472111365,-24.439594856461373,19.881583872566225,-4.110203703424193,1.545211500255114
Random208
Raw:-12.945294292736639,-7.1543806230232185,0.7302921494688431,1.007920223542869,-3.19306531037721,-9.3293472111365,-24.439594856461373,19.881583872566225,-4.110203703424193,1.5452115002551134
EFT:-12.945294292736639,-7.154380623023219,0.7302921494688438,1.0079202235428684,-3.1930653103772104,-9.3293472111365,-24.439594856461373,19.881583872566225,-4.110203703424193,1.545211500255114
Random209
Raw:-12.94529429273664,-7.15438062302322,0.730292149468843,1.0079202235428664,-3.19306531037721,-9.3293472111365,-24.439594856461376,19.881583872566225,-4.110203703424194,1.5452115002551134
EFT:-12.945294292736639,-7.154380623023219,0.7302921494688438,1.0079202235428684,-3.1930653103772104,-9.3293472111365,-24.439594856461373,19.881583872566225,-4.110203703424193,1.545211500255114
Random210
Raw:-12.945294292736637,-7.1543806230232185,0.7302921494688441,1.0079202235428695,-3.193065310377211,-9.3293472111365,-24.439594856461373,19.881583872566228,-4.110203703424193,1.5452115002551137
EFT:-12.945294292736639,-7.154380623023219,0.7302921494688438,1.0079202235428684,-3.1930653103772104,-9.3293472111365,-24.439594856461373,19.881583872566225,-4.110203703424193,1.545211500255114
Random211
Raw:-12.945294292736637,-7.1543806230232185,0.7302921494688439,1.0079202235428681,-3.19306531037721,-9.3293472111365,-24.439594856461373,19.88158387256622,-4.110203703424193,1.5452115002551132
EFT:-12.945294292736639,-7.154380623023219,0.7302921494688438,1.0079202235428684,-3.1930653103772104,-9.3293472111365,-24.439594856461373,19.881583872566225,-4.110203703424193,1.545211500255114
Random212
Raw:-12.94529429273664,-7.154380623023219,0.730292149468843,1.0079202235428657,-3.193065310377211,-9.3293472111365,-24.439594856461376,19.881583872566225,-4.110203703424196,1.545211500255113
EFT:-12.945294292736639,-7.154380623023219,0.7302921494688438,1.0079202235428684,-3.1930653103772104,-9.3293472111365,-24.439594856461373,19.881583872566225,-4.110203703424193,1.545211500255114
Random213
Raw:-12.945294292736637,-7.154380623023222,0.730292149468843,1.0079202235428681,-3.19306531037721,-9.3293472111365,-24.439594856461376,19.881583872566225,-4.110203703424195,1.5452115002551152
EFT:-12.945294292736639,-7.154380623023219,0.7302921494688438,1.0079202235428684,-3.1930653103772104,-9.3293472111365,-24.439594856461373,19.881583872566225,-4.110203703424193,1.545211500255114
Random214
Raw:-12.945294292736639,-7.15438062302322,0.7302921494688432,1.007920223542869,-3.1930653103772104,-9.329347211136499,-24.439594856461373,19.881583872566225,-4.110203703424193,1.5452115002551152
EFT:-12.945294292736639,-7.154380623023219,0.7302921494688438,1.0079202235428684,-3.1930653103772104,-9.3293472111365,-24.439594856461373,19.881583872566225,-4.110203703424193,1.545211500255114
Random215
Raw:-12.945294292736639,-7.1543806230232185,0.7302921494688446,1.0079202235428681,-3.193065310377209,-9.3293472111365,-24.43959485646137,19.88158387256622,-4.110203703424193,1.5452115002551128
EFT:-12.945294292736639,-7.154380623023219,0.7302921494688438,1.0079202235428684,-3.1930653103772104,-9.3293472111365,-24.439594856461373,19.881583872566225,-4.110203703424193,1.545211500255114
Random216
Raw:-12.945294292736639,-7.15438062302322,0.7302921494688432,1.007920223542869,-3.1930653103772104,-9.3293472111365,-24.439594856461373,19.88158387256622,-4.110203703424193,1.5452115002551157
EFT:-12.945294292736639,-7.154380623023219,0.7302921494688438,1.0079202235428684,-3.1930653103772104,-9.3293472111365,-24.439594856461373,19.881583872566225,-4.110203703424193,1.545211500255114
Random217
Raw:-12.94529429273664,-7.1543806230232185,0.7302921494688439,1.007920223542869,-3.19306531037721,-9.3293472111365,-24.439594856461373,19.88158387256622,-4.110203703424193,1.5452115002551134
EFT:-12.945294292736639,-7.154380623023219,0.7302921494688438,1.0079202235428684,-3.1930653103772104,-9.3293472111365,-24.439594856461373,19.881583872566225,-4.110203703424193,1.545211500255114
Random218
Raw:-12.945294292736637,-7.15438062302322,0.7302921494688441,1.007920223542869,-3.193065310377211,-9.329347211136499,-24.439594856461373,19.881583872566225,-4.110203703424193,1.545211500255113
EFT:-12.945294292736639,-7.154380623023219,0.7302921494688438,1.0079202235428684,-3.1930653103772104,-9.3293472111365,-24.439594856461373,19.881583872566225,-4.110203703424193,1.545211500255114
Random219
Raw:-12.945294292736639,-7.1543806230232185,0.7302921494688436,1.007920223542869,-3.19306531037721,-9.3293472111365,-24.439594856461373,19.88158387256622,-4.110203703424193,1.5452115002551159
EFT:-12.945294292736639,-7.154380623023219,0.7302921494688438,1.0079202235428684,-3.1930653103772104,-9.3293472111365,-24.439594856461373,19.881583872566225,-4.110203703424193,1.545211500255114
Random220
Raw:-12.94529429273664,-7.154380623023221,0.7302921494688421,1.0079202235428664,-3.193065310377211,-9.329347211136502,-24.439594856461376,19.881583872566225,-4.110203703424195,1.5452115002551134
EFT:-12.945294292736639,-7.154380623023219,0.7302921494688438,1.0079202235428684,-3.1930653103772104,-9.3293472111365,-24.439594856461373,19.881583872566225,-4.110203703424193,1.545211500255114
Random221
Raw:-12.945294292736637,-7.154380623023221,0.7302921494688424,1.0079202235428664,-3.1930653103772104,-9.329347211136499,-24.439594856461376,19.881583872566225,-4.110203703424194,1.5452115002551148
EFT:-12.945294292736639,-7.154380623023219,0.7302921494688438,1.0079202235428684,-3.1930653103772104,-9.3293472111365,-24.439594856461373,19.881583872566225,-4.110203703424193,1.545211500255114
Random222
Raw:-12.945294292736639,-7.15438062302322,0.730292149468843,1.0079202235428666,-3.1930653103772104,-9.3293472111365,-24.439594856461376,19.881583872566225,-4.110203703424196,1.5452115002551134
EFT:-12.945294292736639,-7.154380623023219,0.7302921494688438,1.0079202235428684,-3.1930653103772104,-9.3293472111365,-24.439594856461373,19.881583872566225,-4.110203703424193,1.545211500255114
Random223
Raw:-12.945294292736639,-7.15438062302322,0.7302921494688428,1.0079202235428668,-3.19306531037721,-9.329347211136502,-24.43959485646138,19.881583872566225,-4.110203703424194,1.5452115002551134
EFT:-12.945294292736639,-7.154380623023219,0.7302921494688438,1.0079202235428684,-3.1930653103772104,-9.3293472111365,-24.439594856461373,19.881583872566225,-4.110203703424193,1.545211500255114
Random224
Raw:-12.945294292736639,-7.154380623023219,0.730292149468843,1.007920223542868,-3.19306531037721,-9.3293472111365,-24.43959485646137,19.881583872566225,-4.110203703424193,1.5452115002551137
EFT:-12.945294292736639,-7.154380623023219,0.7302921494688438,1.0079202235428684,-3.1930653103772104,-9.3293472111365,-24.439594856461373,19.881583872566225,-4.110203703424193,1.545211500255114
Random225
Raw:-12.94529429273664,-7.154380623023221,0.7302921494688432,1.0079202235428673,-3.19306531037721,-9.3293472111365,-24.439594856461376,19.881583872566225,-4.110203703424194,1.5452115002551157
EFT:-12.945294292736639,-7.154380623023219,0.7302921494688438,1.0079202235428684,-3.1930653103772104,-9.3293472111365,-24.439594856461373,19.881583872566225,-4.110203703424193,1.545211500255114
Random226
Raw:-12.94529429273664,-7.15438062302322,0.7302921494688441,1.007920223542867,-3.1930653103772113,-9.3293472111365,-24.439594856461376,19.881583872566225,-4.110203703424195,1.5452115002551134
EFT:-12.945294292736639,-7.154380623023219,0.7302921494688438,1.0079202235428684,-3.1930653103772104,-9.3293472111365,-24.439594856461373,19.881583872566225,-4.110203703424193,1.545211500255114
Random227
Raw:-12.945294292736639,-7.154380623023219,0.7302921494688426,1.0079202235428673,-3.1930653103772113,-9.329347211136499,-24.43959485646138,19.881583872566225,-4.110203703424195,1.545211500255114
EFT:-12.945294292736639,-7.154380623023219,0.7302921494688438,1.0079202235428684,-3.1930653103772104,-9.3293472111365,-24.439594856461373,19.881583872566225,-4.110203703424193,1.545211500255114
Random228
Raw:-12.945294292736639,-7.154380623023219,0.7302921494688421,1.0079202235428666,-3.1930653103772104,-9.3293472111365,-24.439594856461376,19.881583872566225,-4.110203703424195,1.5452115002551134
EFT:-12.945294292736639,-7.154380623023219,0.7302921494688438,1.0079202235428684,-3.1930653103772104,-9.3293472111365,-24.439594856461373,19.881583872566225,-4.110203703424193,1.545211500255114
Random229
Raw:-12.945294292736637,-7.15438062302322,0.7302921494688439,1.0079202235428695,-3.19306531037721,-9.3293472111365,-24.43959485646137,19.881583872566225,-4.110203703424193,1.545211500255114
EFT:-12.945294292736639,-7.154380623023219,0.7302921494688438,1.0079202235428684,-3.1930653103772104,-9.3293472111365,-24.439594856461373,19.881583872566225,-4.110203703424193,1.545211500255114
Random230
Raw:-12.945294292736639,-7.15438062302322,0.7302921494688429,1.0079202235428673,-3.193065310377211,-9.3293472111365,-24.439594856461376,19.881583872566225,-4.110203703424195,1.545211500255114
EFT:-12.945294292736639,-7.154380623023219,0.7302921494688438,1.0079202235428684,-3.1930653103772104,-9.3293472111365,-24.439594856461373,19.881583872566225,-4.110203703424193,1.545211500255114
Random231
Raw:-12.945294292736639,-7.1543806230232185,0.730292149468844,1.0079202235428677,-3.19306531037721,-9.3293472111365,-24.439594856461373,19.881583872566225,-4.110203703424193,1.545211500255113
EFT:-12.945294292736639,-7.154380623023219,0.7302921494688438,1.0079202235428684,-3.1930653103772104,-9.3293472111365,-24.439594856461373,19.881583872566225,-4.110203703424193,1.545211500255114
Random232
Raw:-12.945294292736639,-7.15438062302322,0.7302921494688439,1.007920223542869,-3.19306531037721,-9.329347211136499,-24.439594856461373,19.881583872566225,-4.110203703424193,1.5452115002551137
EFT:-12.945294292736639,-7.154380623023219,0.7302921494688438,1.0079202235428684,-3.1930653103772104,-9.3293472111365,-24.439594856461373,19.881583872566225,-4.110203703424193,1.545211500255114
Random233
Raw:-12.94529429273664,-7.154380623023219,0.730292149468843,1.0079202235428646,-3.1930653103772078,-9.329347211136502,-24.439594856461376,19.88158387256622,-4.110203703424196,1.5452115002551126
EFT:-12.945294292736639,-7.154380623023219,0.7302921494688438,1.0079202235428684,-3.1930653103772104,-9.3293472111365,-24.439594856461373,19.881583872566225,-4.110203703424193,1.545211500255114
Random234
Raw:-12.945294292736637,-7.154380623023218,0.7302921494688449,1.007920223542869,-3.19306531037721,-9.329347211136499,-24.43959485646137,19.881583872566225,-4.110203703424192,1.5452115002551132
EFT:-12.945294292736639,-7.154380623023219,0.7302921494688438,1.0079202235428684,-3.1930653103772104,-9.3293472111365,-24.439594856461373,19.881583872566225,-4.110203703424193,1.545211500255114
Random235
Raw:-12.945294292736637,-7.154380623023221,0.7302921494688405,1.007920223542867,-3.1930653103772104,-9.3293472111365,-24.439594856461376,19.881583872566225,-4.110203703424194,1.5452115002551157
EFT:-12.945294292736639,-7.154380623023219,0.7302921494688438,1.0079202235428684,-3.1930653103772104,-9.3293472111365,-24.439594856461373,19.881583872566225,-4.110203703424193,1.545211500255114
Random236
Raw:-12.94529429273664,-7.1543806230232185,0.7302921494688432,1.0079202235428681,-3.1930653103772095,-9.329347211136499,-24.439594856461373,19.88158387256622,-4.110203703424193,1.5452115002551141
EFT:-12.945294292736639,-7.154380623023219,0.7302921494688438,1.0079202235428684,-3.1930653103772104,-9.3293472111365,-24.439594856461373,19.881583872566225,-4.110203703424193,1.545211500255114
Random237
Raw:-12.945294292736637,-7.1543806230232185,0.730292149468845,1.0079202235428704,-3.19306531037721,-9.329347211136497,-24.439594856461373,19.88158387256622,-4.110203703424192,1.545211500255114
EFT:-12.945294292736639,-7.154380623023219,0.7302921494688438,1.0079202235428684,-3.1930653103772104,-9.3293472111365,-24.439594856461373,19.881583872566225,-4.110203703424193,1.545211500255114
Random238
Raw:-12.945294292736639,-7.154380623023219,0.7302921494688439,1.0079202235428677,-3.19306531037721,-9.3293472111365,-24.439594856461373,19.881583872566225,-4.110203703424193,1.545211500255113
EFT:-12.945294292736639,-7.154380623023219,0.7302921494688438,1.0079202235428684,-3.1930653103772104,-9.3293472111365,-24.439594856461373,19.881583872566225,-4.110203703424193,1.545211500255114
Random239
Raw:-12.945294292736639,-7.154380623023219,0.7302921494688432,1.0079202235428681,-3.19306531037721,-9.3293472111365,-24.43959485646137,19.881583872566225,-4.110203703424192,1.545211500255114
EFT:-12.945294292736639,-7.154380623023219,0.7302921494688438,1.0079202235428684,-3.1930653103772104,-9.3293472111365,-24.439594856461373,19.881583872566225,-4.110203703424193,1.545211500255114
Random240
Raw:-12.945294292736639,-7.15438062302322,0.7302921494688429,1.0079202235428666,-3.193065310377211,-9.3293472111365,-24.439594856461376,19.881583872566225,-4.110203703424195,1.5452115002551134
EFT:-12.945294292736639,-7.154380623023219,0.7302921494688438,1.0079202235428684,-3.1930653103772104,-9.3293472111365,-24.439594856461373,19.881583872566225,-4.110203703424193,1.545211500255114
Random241
Raw:-12.94529429273664,-7.154380623023219,0.730292149468843,1.0079202235428657,-3.1930653103772113,-9.3293472111365,-24.439594856461376,19.881583872566225,-4.110203703424195,1.545211500255114
EFT:-12.945294292736639,-7.154380623023219,0.7302921494688438,1.0079202235428684,-3.1930653103772104,-9.3293472111365,-24.439594856461373,19.881583872566225,-4.110203703424193,1.545211500255114
Random242
Raw:-12.945294292736639,-7.1543806230232185,0.7302921494688432,1.0079202235428686,-3.19306531037721,-9.329347211136499,-24.439594856461373,19.881583872566225,-4.110203703424193,1.545211500255114
EFT:-12.945294292736639,-7.154380623023219,0.7302921494688438,1.0079202235428684,-3.1930653103772104,-9.3293472111365,-24.439594856461373,19.881583872566225,-4.110203703424193,1.545211500255114
Random243
Raw:-12.945294292736639,-7.15438062302322,0.7302921494688432,1.0079202235428686,-3.193065310377209,-9.329347211136499,-24.439594856461373,19.881583872566225,-4.110203703424193,1.545211500255114
EFT:-12.945294292736639,-7.154380623023219,0.7302921494688438,1.0079202235428684,-3.1930653103772104,-9.3293472111365,-24.439594856461373,19.881583872566225,-4.110203703424193,1.545211500255114
Random244
Raw:-12.945294292736637,-7.154380623023222,0.7302921494688408,1.0079202235428673,-3.19306531037721,-9.329347211136499,-24.439594856461376,19.881583872566225,-4.110203703424194,1.5452115002551166
EFT:-12.945294292736639,-7.154380623023219,0.7302921494688438,1.0079202235428684,-3.1930653103772104,-9.3293472111365,-24.439594856461373,19.881583872566225,-4.110203703424193,1.545211500255114
Random245
Raw:-12.94529429273664,-7.15438062302322,0.7302921494688428,1.0079202235428661,-3.1930653103772095,-9.3293472111365,-24.439594856461376,19.881583872566225,-4.110203703424195,1.5452115002551137
EFT:-12.945294292736639,-7.154380623023219,0.7302921494688438,1.0079202235428684,-3.1930653103772104,-9.3293472111365,-24.439594856461373,19.881583872566225,-4.110203703424193,1.545211500255114
Random246
Raw:-12.945294292736639,-7.1543806230232185,0.7302921494688439,1.0079202235428695,-3.19306531037721,-9.3293472111365,-24.439594856461376,19.881583872566225,-4.110203703424193,1.5452115002551137
EFT:-12.945294292736639,-7.154380623023219,0.7302921494688438,1.0079202235428684,-3.1930653103772104,-9.3293472111365,-24.439594856461373,19.881583872566225,-4.110203703424193,1.545211500255114
Random247
Raw:-12.94529429273664,-7.154380623023221,0.7302921494688424,1.0079202235428664,-3.1930653103772095,-9.329347211136502,-24.439594856461376,19.881583872566225,-4.110203703424195,1.545211500255113
EFT:-12.945294292736639,-7.154380623023219,0.7302921494688438,1.0079202235428684,-3.1930653103772104,-9.3293472111365,-24.439594856461373,19.881583872566225,-4.110203703424193,1.545211500255114
Random248
Raw:-12.945294292736637,-7.15438062302322,0.7302921494688441,1.0079202235428677,-3.193065310377211,-9.3293472111365,-24.439594856461376,19.881583872566228,-4.110203703424195,1.545211500255114
EFT:-12.945294292736639,-7.154380623023219,0.7302921494688438,1.0079202235428684,-3.1930653103772104,-9.3293472111365,-24.439594856461373,19.881583872566225,-4.110203703424193,1.545211500255114
Random249
Raw:-12.945294292736639,-7.1543806230232185,0.7302921494688441,1.0079202235428686,-3.19306531037721,-9.329347211136499,-24.439594856461373,19.881583872566225,-4.110203703424193,1.545211500255113
EFT:-12.945294292736639,-7.154380623023219,0.7302921494688438,1.0079202235428684,-3.1930653103772104,-9.3293472111365,-24.439594856461373,19.881583872566225,-4.110203703424193,1.545211500255114
Random250
Raw:-12.945294292736639,-7.1543806230232185,0.7302921494688439,1.0079202235428673,-3.19306531037721,-9.3293472111365,-24.43959485646137,19.881583872566225,-4.110203703424194,1.545211500255113
EFT:-12.945294292736639,-7.154380623023219,0.7302921494688438,1.0079202235428684,-3.1930653103772104,-9.3293472111365,-24.439594856461373,19.881583872566225,-4.110203703424193,1.545211500255114
Random251
Raw:-12.945294292736637,-7.15438062302322,0.7302921494688439,1.0079202235428664,-3.1930653103772104,-9.3293472111365,-24.439594856461376,19.881583872566225,-4.110203703424195,1.545211500255114
EFT:-12.945294292736639,-7.154380623023219,0.7302921494688438,1.0079202235428684,-3.1930653103772104,-9.3293472111365,-24.439594856461373,19.881583872566225,-4.110203703424193,1.545211500255114
Random252
Raw:-12.945294292736637,-7.154380623023216,0.730292149468845,1.0079202235428688,-3.19306531037721,-9.329347211136497,-24.43959485646137,19.881583872566225,-4.110203703424193,1.545211500255113
EFT:-12.945294292736639,-7.154380623023219,0.7302921494688438,1.0079202235428684,-3.1930653103772104,-9.3293472111365,-24.439594856461373,19.881583872566225,-4.110203703424193,1.545211500255114
Random253
Raw:-12.945294292736639,-7.1543806230232185,0.7302921494688435,1.0079202235428664,-3.1930653103772118,-9.3293472111365,-24.439594856461376,19.881583872566225,-4.110203703424196,1.5452115002551126
EFT:-12.945294292736639,-7.154380623023219,0.7302921494688438,1.0079202235428684,-3.1930653103772104,-9.3293472111365,-24.439594856461373,19.881583872566225,-4.110203703424193,1.545211500255114
Random254
Raw:-12.945294292736639,-7.154380623023221,0.7302921494688421,1.0079202235428673,-3.1930653103772113,-9.3293472111365,-24.439594856461376,19.881583872566225,-4.110203703424194,1.5452115002551152
EFT:-12.945294292736639,-7.154380623023219,0.7302921494688438,1.0079202235428684,-3.1930653103772104,-9.3293472111365,-24.439594856461373,19.881583872566225,-4.110203703424193,1.545211500255114
Random255
Raw:-12.945294292736639,-7.154380623023218,0.7302921494688439,1.0079202235428675,-3.1930653103772104,-9.3293472111365,-24.439594856461373,19.881583872566225,-4.110203703424194,1.5452115002551126
EFT:-12.945294292736639,-7.154380623023219,0.7302921494688438,1.0079202235428684,-3.1930653103772104,-9.3293472111365,-24.439594856461373,19.881583872566225,-4.110203703424193,1.545211500255114
Random256
Raw:-12.945294292736639,-7.154380623023219,0.7302921494688432,1.0079202235428653,-3.1930653103772104,-9.3293472111365,-24.439594856461376,19.881583872566225,-4.110203703424195,1.5452115002551126
EFT:-12.945294292736639,-7.154380623023219,0.7302921494688438,1.0079202235428684,-3.1930653103772104,-9.3293472111365,-24.439594856461373,19.881583872566225,-4.110203703424193,1.545211500255114
Random257
Raw:-12.945294292736639,-7.1543806230232185,0.7302921494688441,1.0079202235428695,-3.193065310377211,-9.329347211136499,-24.439594856461373,19.881583872566225,-4.110203703424193,1.545211500255113
EFT:-12.945294292736639,-7.154380623023219,0.7302921494688438,1.0079202235428684,-3.1930653103772104,-9.3293472111365,-24.439594856461373,19.881583872566225,-4.110203703424193,1.545211500255114
Random258
Raw:-12.945294292736637,-7.1543806230232185,0.7302921494688446,1.0079202235428673,-3.19306531037721,-9.3293472111365,-24.439594856461373,19.881583872566225,-4.110203703424194,1.545211500255114
EFT:-12.945294292736639,-7.154380623023219,0.7302921494688438,1.0079202235428684,-3.1930653103772104,-9.3293472111365,-24.439594856461373,19.881583872566225,-4.110203703424193,1.545211500255114
Random259
Raw:-12.945294292736639,-7.154380623023219,0.7302921494688436,1.0079202235428661,-3.1930653103772118,-9.3293472111365,-24.439594856461376,19.88158387256622,-4.110203703424195,1.5452115002551126
EFT:-12.945294292736639,-7.154380623023219,0.7302921494688438,1.0079202235428684,-3.1930653103772104,-9.3293472111365,-24.439594856461373,19.881583872566225,-4.110203703424193,1.545211500255114
Random260
Raw:-12.945294292736639,-7.1543806230232185,0.730292149468844,1.0079202235428677,-3.19306531037721,-9.3293472111365,-24.439594856461373,19.88158387256622,-4.110203703424194,1.545211500255113
EFT:-12.945294292736639,-7.154380623023219,0.7302921494688438,1.0079202235428684,-3.1930653103772104,-9.3293472111365,-24.439594856461373,19.881583872566225,-4.110203703424193,1.545211500255114
Random261
Raw:-12.945294292736637,-7.15438062302322,0.7302921494688439,1.0079202235428664,-3.193065310377211,-9.329347211136502,-24.439594856461376,19.881583872566225,-4.110203703424195,1.545211500255114
EFT:-12.945294292736639,-7.154380623023219,0.7302921494688438,1.0079202235428684,-3.1930653103772104,-9.3293472111365,-24.439594856461373,19.881583872566225,-4.110203703424193,1.545211500255114
Random262
Raw:-12.945294292736639,-7.154380623023219,0.7302921494688424,1.0079202235428664,-3.1930653103772113,-9.329347211136499,-24.439594856461373,19.881583872566225,-4.110203703424195,1.5452115002551134
EFT:-12.945294292736639,-7.154380623023219,0.7302921494688438,1.0079202235428684,-3.1930653103772104,-9.3293472111365,-24.439594856461373,19.881583872566225,-4.110203703424193,1.545211500255114
Random263
Raw:-12.945294292736634,-7.1543806230232185,0.7302921494688441,1.00792022354287,-3.1930653103772073,-9.329347211136499,-24.439594856461373,19.88158387256622,-4.110203703424192,1.5452115002551146
EFT:-12.945294292736639,-7.154380623023219,0.7302921494688438,1.0079202235428684,-3.1930653103772104,-9.3293472111365,-24.439594856461373,19.881583872566225,-4.110203703424193,1.545211500255114
Random264
Raw:-12.94529429273664,-7.15438062302322,0.730292149468843,1.0079202235428677,-3.1930653103772118,-9.3293472111365,-24.439594856461376,19.881583872566225,-4.110203703424194,1.5452115002551134
EFT:-12.945294292736639,-7.154380623023219,0.7302921494688438,1.0079202235428684,-3.1930653103772104,-9.3293472111365,-24.439594856461373,19.881583872566225,-4.110203703424193,1.545211500255114
Random265
Raw:-12.945294292736639,-7.15438062302322,0.7302921494688439,1.0079202235428686,-3.19306531037721,-9.329347211136499,-24.439594856461376,19.881583872566225,-4.110203703424193,1.545211500255114
EFT:-12.945294292736639,-7.154380623023219,0.7302921494688438,1.0079202235428684,-3.1930653103772104,-9.3293472111365,-24.439594856461373,19.881583872566225,-4.110203703424193,1.545211500255114
Random266
Raw:-12.945294292736639,-7.15438062302322,0.7302921494688432,1.0079202235428673,-3.1930653103772104,-9.3293472111365,-24.439594856461376,19.881583872566225,-4.110203703424195,1.545211500255114
EFT:-12.945294292736639,-7.154380623023219,0.7302921494688438,1.0079202235428684,-3.1930653103772104,-9.3293472111365,-24.439594856461373,19.881583872566225,-4.110203703424193,1.545211500255114
Random267
Raw:-12.945294292736639,-7.1543806230232185,0.730292149468843,1.0079202235428655,-3.193065310377211,-9.329347211136502,-24.439594856461376,19.881583872566225,-4.110203703424194,1.545211500255114
EFT:-12.945294292736639,-7.154380623023219,0.7302921494688438,1.0079202235428684,-3.1930653103772104,-9.3293472111365,-24.439594856461373,19.881583872566225,-4.110203703424193,1.545211500255114
Random268
Raw:-12.94529429273664,-7.15438062302322,0.7302921494688439,1.0079202235428673,-3.193065310377211,-9.3293472111365,-24.439594856461376,19.881583872566228,-4.110203703424195,1.545211500255114
EFT:-12.945294292736639,-7.154380623023219,0.7302921494688438,1.0079202235428684,-3.1930653103772104,-9.3293472111365,-24.439594856461373,19.881583872566225,-4.110203703424193,1.545211500255114
Random269
Raw:-12.94529429273664,-7.15438062302322,0.7302921494688424,1.0079202235428664,-3.193065310377209,-9.329347211136499,-24.439594856461376,19.881583872566225,-4.110203703424195,1.545211500255114
EFT:-12.945294292736639,-7.154380623023219,0.7302921494688438,1.0079202235428684,-3.1930653103772104,-9.3293472111365,-24.439594856461373,19.881583872566225,-4.110203703424193,1.545211500255114
Random270
Raw:-12.945294292736637,-7.15438062302322,0.7302921494688442,1.007920223542869,-3.193065310377211,-9.329347211136497,-24.439594856461373,19.881583872566225,-4.110203703424193,1.5452115002551143
EFT:-12.945294292736639,-7.154380623023219,0.7302921494688438,1.0079202235428684,-3.1930653103772104,-9.3293472111365,-24.439594856461373,19.881583872566225,-4.110203703424193,1.545211500255114
Random271
Raw:-12.94529429273664,-7.15438062302322,0.7302921494688432,1.0079202235428673,-3.193065310377211,-9.3293472111365,-24.439594856461376,19.881583872566225,-4.110203703424195,1.5452115002551134
EFT:-12.945294292736639,-7.154380623023219,0.7302921494688438,1.0079202235428684,-3.1930653103772104,-9.3293472111365,-24.439594856461373,19.881583872566225,-4.110203703424193,1.545211500255114
Random272
Raw:-12.945294292736639,-7.15438062302322,0.7302921494688432,1.007920223542868,-3.193065310377209,-9.3293472111365,-24.439594856461373,19.881583872566225,-4.110203703424193,1.5452115002551137
EFT:-12.945294292736639,-7.154380623023219,0.7302921494688438,1.0079202235428684,-3.1930653103772104,-9.3293472111365,-24.439594856461373,19.881583872566225,-4.110203703424193,1.545211500255114
Random273
Raw:-12.94529429273664,-7.15438062302322,0.7302921494688428,1.0079202235428673,-3.1930653103772113,-9.3293472111365,-24.439594856461376,19.881583872566225,-4.110203703424194,1.5452115002551134
EFT:-12.945294292736639,-7.154380623023219,0.7302921494688438,1.0079202235428684,-3.1930653103772104,-9.3293472111365,-24.439594856461373,19.881583872566225,-4.110203703424193,1.545211500255114
Random274
Raw:-12.945294292736639,-7.1543806230232185,0.7302921494688437,1.0079202235428677,-3.1930653103772104,-9.3293472111365,-24.43959485646137,19.881583872566225,-4.110203703424193,1.5452115002551128
EFT:-12.945294292736639,-7.154380623023219,0.7302921494688438,1.0079202235428684,-3.1930653103772104,-9.3293472111365,-24.439594856461373,19.881583872566225,-4.110203703424193,1.545211500255114
Random275
Raw:-12.94529429273664,-7.154380623023219,0.730292149468843,1.0079202235428668,-3.193065310377209,-9.329347211136502,-24.439594856461376,19.881583872566225,-4.110203703424194,1.545211500255114
EFT:-12.945294292736639,-7.154380623023219,0.7302921494688438,1.0079202235428684,-3.1930653103772104,-9.3293472111365,-24.439594856461373,19.881583872566225,-4.110203703424193,1.545211500255114
Random276
Raw:-12.945294292736637,-7.154380623023219,0.7302921494688438,1.007920223542866,-3.193065310377211,-9.3293472111365,-24.439594856461376,19.881583872566225,-4.110203703424196,1.545211500255114
EFT:-12.945294292736639,-7.154380623023219,0.7302921494688438,1.0079202235428684,-3.1930653103772104,-9.3293472111365,-24.439594856461373,19.881583872566225,-4.110203703424193,1.545211500255114
Random277
Raw:-12.94529429273664,-7.154380623023221,0.7302921494688431,1.0079202235428673,-3.1930653103772104,-9.329347211136502,-24.439594856461376,19.881583872566225,-4.110203703424195,1.5452115002551134
EFT:-12.945294292736639,-7.154380623023219,0.7302921494688438,1.0079202235428684,-3.1930653103772104,-9.3293472111365,-24.439594856461373,19.881583872566225,-4.110203703424193,1.545211500255114
Random278
Raw:-12.94529429273664,-7.15438062302322,0.730292149468843,1.0079202235428673,-3.19306531037721,-9.329347211136502,-24.439594856461376,19.881583872566225,-4.110203703424195,1.545211500255114
EFT:-12.945294292736639,-7.154380623023219,0.7302921494688438,1.0079202235428684,-3.1930653103772104,-9.3293472111365,-24.439594856461373,19.881583872566225,-4.110203703424193,1.545211500255114
Random279
Raw:-12.94529429273664,-7.15438062302322,0.7302921494688424,1.0079202235428681,-3.1930653103772113,-9.3293472111365,-24.439594856461376,19.881583872566225,-4.110203703424195,1.5452115002551134
EFT:-12.945294292736639,-7.154380623023219,0.7302921494688438,1.0079202235428684,-3.1930653103772104,-9.3293472111365,-24.439594856461373,19.881583872566225,-4.110203703424193,1.545211500255114
Random280
Raw:-12.94529429273664,-7.154380623023222,0.7302921494688421,1.0079202235428677,-3.19306531037721,-9.3293472111365,-24.439594856461376,19.881583872566228,-4.110203703424195,1.5452115002551157
EFT:-12.945294292736639,-7.154380623023219,0.7302921494688438,1.0079202235428684,-3.1930653103772104,-9.3293472111365,-24.439594856461373,19.881583872566225,-4.110203703424193,1.545211500255114
Random281
Raw:-12.945294292736639,-7.15438062302322,0.7302921494688431,1.0079202235428668,-3.19306531037721,-9.3293472111365,-24.439594856461376,19.881583872566225,-4.110203703424195,1.5452115002551134
EFT:-12.945294292736639,-7.154380623023219,0.7302921494688438,1.0079202235428684,-3.1930653103772104,-9.3293472111365,-24.439594856461373,19.881583872566225,-4.110203703424193,1.545211500255114
Random282
Raw:-12.94529429273664,-7.154380623023219,0.7302921494688427,1.0079202235428668,-3.19306531037721,-9.329347211136499,-24.439594856461376,19.881583872566225,-4.110203703424194,1.5452115002551148
EFT:-12.945294292736639,-7.154380623023219,0.7302921494688438,1.0079202235428684,-3.1930653103772104,-9.3293472111365,-24.439594856461373,19.881583872566225,-4.110203703424193,1.545211500255114
Random283
Raw:-12.945294292736639,-7.15438062302322,0.7302921494688437,1.0079202235428655,-3.1930653103772104,-9.329347211136502,-24.439594856461376,19.881583872566225,-4.110203703424195,1.545211500255113
EFT:-12.945294292736639,-7.154380623023219,0.7302921494688438,1.0079202235428684,-3.1930653103772104,-9.3293472111365,-24.439594856461373,19.881583872566225,-4.110203703424193,1.545211500255114
Random284
Raw:-12.94529429273664,-7.15438062302322,0.7302921494688421,1.0079202235428668,-3.1930653103772104,-9.329347211136502,-24.439594856461376,19.881583872566225,-4.110203703424195,1.5452115002551134
EFT:-12.945294292736639,-7.154380623023219,0.7302921494688438,1.0079202235428684,-3.1930653103772104,-9.3293472111365,-24.439594856461373,19.881583872566225,-4.110203703424193,1.545211500255114
Random285
Raw:-12.945294292736637,-7.1543806230232185,0.7302921494688444,1.007920223542869,-3.193065310377211,-9.329347211136497,-24.439594856461373,19.881583872566225,-4.110203703424193,1.545211500255114
EFT:-12.945294292736639,-7.154380623023219,0.7302921494688438,1.0079202235428684,-3.1930653103772104,-9.3293472111365,-24.439594856461373,19.881583872566225,-4.110203703424193,1.545211500255114
Random286
Raw:-12.94529429273664,-7.15438062302322,0.7302921494688428,1.0079202235428668,-3.193065310377209,-9.3293472111365,-24.439594856461376,19.881583872566225,-4.110203703424195,1.545211500255113
EFT:-12.945294292736639,-7.154380623023219,0.7302921494688438,1.0079202235428684,-3.1930653103772104,-9.3293472111365,-24.439594856461373,19.881583872566225,-4.110203703424193,1.545211500255114
Random287
Raw:-12.945294292736637,-7.15438062302322,0.730292149468843,1.0079202235428668,-3.1930653103772095,-9.3293472111365,-24.439594856461376,19.881583872566225,-4.110203703424194,1.545211500255114
EFT:-12.945294292736639,-7.154380623023219,0.7302921494688438,1.0079202235428684,-3.1930653103772104,-9.3293472111365,-24.439594856461373,19.881583872566225,-4.110203703424193,1.545211500255114
Random288
Raw:-12.94529429273664,-7.15438062302322,0.730292149468843,1.0079202235428655,-3.1930653103772104,-9.3293472111365,-24.439594856461376,19.881583872566225,-4.110203703424195,1.5452115002551134
EFT:-12.945294292736639,-7.154380623023219,0.7302921494688438,1.0079202235428684,-3.1930653103772104,-9.3293472111365,-24.439594856461373,19.881583872566225,-4.110203703424193,1.545211500255114
Random289
Raw:-12.945294292736639,-7.15438062302322,0.7302921494688434,1.0079202235428673,-3.19306531037721,-9.329347211136502,-24.439594856461376,19.881583872566225,-4.110203703424194,1.5452115002551134
EFT:-12.945294292736639,-7.154380623023219,0.7302921494688438,1.0079202235428684,-3.1930653103772104,-9.3293472111365,-24.439594856461373,19.881583872566225,-4.110203703424193,1.545211500255114
Random290
Raw:-12.94529429273664,-7.154380623023219,0.730292149468843,1.007920223542867,-3.1930653103772104,-9.329347211136502,-24.439594856461376,19.881583872566225,-4.110203703424195,1.545211500255114
EFT:-12.945294292736639,-7.154380623023219,0.7302921494688438,1.0079202235428684,-3.1930653103772104,-9.3293472111365,-24.439594856461373,19.881583872566225,-4.110203703424193,1.545211500255114
Random291
Raw:-12.94529429273664,-7.154380623023221,0.7302921494688421,1.0079202235428668,-3.19306531037721,-9.329347211136502,-24.439594856461376,19.881583872566225,-4.110203703424195,1.545211500255114
EFT:-12.945294292736639,-7.154380623023219,0.7302921494688438,1.0079202235428684,-3.1930653103772104,-9.3293472111365,-24.439594856461373,19.881583872566225,-4.110203703424193,1.545211500255114
Random292
Raw:-12.94529429273664,-7.15438062302322,0.7302921494688431,1.007920223542865,-3.19306531037721,-9.3293472111365,-24.439594856461376,19.881583872566225,-4.110203703424195,1.545211500255113
EFT:-12.945294292736639,-7.154380623023219,0.7302921494688438,1.0079202235428684,-3.1930653103772104,-9.3293472111365,-24.439594856461373,19.881583872566225,-4.110203703424193,1.545211500255114
Random293
Raw:-12.945294292736637,-7.154380623023219,0.7302921494688439,1.0079202235428704,-3.1930653103772086,-9.329347211136497,-24.439594856461376,19.881583872566225,-4.110203703424192,1.5452115002551159
EFT:-12.945294292736639,-7.154380623023219,0.7302921494688438,1.0079202235428684,-3.1930653103772104,-9.3293472111365,-24.439594856461373,19.881583872566225,-4.110203703424193,1.545211500255114
Random294
Raw:-12.945294292736639,-7.1543806230232185,0.730292149468845,1.0079202235428681,-3.19306531037721,-9.329347211136497,-24.43959485646137,19.881583872566225,-4.110203703424194,1.545211500255113
EFT:-12.945294292736639,-7.154380623023219,0.7302921494688438,1.0079202235428684,-3.1930653103772104,-9.3293472111365,-24.439594856461373,19.881583872566225,-4.110203703424193,1.545211500255114
Random295
Raw:-12.945294292736639,-7.154380623023219,0.7302921494688451,1.0079202235428677,-3.19306531037721,-9.3293472111365,-24.439594856461373,19.881583872566225,-4.110203703424193,1.545211500255113
EFT:-12.945294292736639,-7.154380623023219,0.7302921494688438,1.0079202235428684,-3.1930653103772104,-9.3293472111365,-24.439594856461373,19.881583872566225,-4.110203703424193,1.545211500255114
Random296
Raw:-12.945294292736637,-7.1543806230232185,0.730292149468843,1.0079202235428697,-3.193065310377211,-9.3293472111365,-24.439594856461373,19.881583872566225,-4.110203703424193,1.545211500255113
EFT:-12.945294292736639,-7.154380623023219,0.7302921494688438,1.0079202235428684,-3.1930653103772104,-9.3293472111365,-24.439594856461373,19.881583872566225,-4.110203703424193,1.545211500255114
Random297
Raw:-12.945294292736639,-7.1543806230232185,0.7302921494688432,1.0079202235428695,-3.1930653103772104,-9.3293472111365,-24.439594856461373,19.881583872566228,-4.110203703424193,1.545211500255114
EFT:-12.945294292736639,-7.154380623023219,0.7302921494688438,1.0079202235428684,-3.1930653103772104,-9.3293472111365,-24.439594856461373,19.881583872566225,-4.110203703424193,1.545211500255114
Random298
Raw:-12.94529429273664,-7.154380623023221,0.7302921494688426,1.0079202235428675,-3.193065310377211,-9.3293472111365,-24.43959485646138,19.881583872566228,-4.110203703424195,1.5452115002551152
EFT:-12.945294292736639,-7.154380623023219,0.7302921494688438,1.0079202235428684,-3.1930653103772104,-9.3293472111365,-24.439594856461373,19.881583872566225,-4.110203703424193,1.545211500255114
Random299
Raw:-12.945294292736635,-7.15438062302322,0.7302921494688439,1.0079202235428686,-3.193065310377209,-9.329347211136499,-24.439594856461376,19.881583872566225,-4.110203703424192,1.545211500255114
EFT:-12.945294292736639,-7.154380623023219,0.7302921494688438,1.0079202235428684,-3.1930653103772104,-9.3293472111365,-24.439594856461373,19.881583872566225,-4.110203703424193,1.545211500255114
Random300
Raw:-12.945294292736637,-7.15438062302322,0.7302921494688412,1.0079202235428684,-3.193065310377208,-9.329347211136499,-24.439594856461376,19.881583872566225,-4.110203703424192,1.545211500255116
EFT:-12.945294292736639,-7.154380623023219,0.7302921494688438,1.0079202235428684,-3.1930653103772104,-9.3293472111365,-24.439594856461373,19.881583872566225,-4.110203703424193,1.545211500255114
