Tensorflow
2.2666286482619593e-10,5.075407865090953e-11,9.712080763695668e-14,8.138043543360107e-13,3.9630012532729216e-13,7.1915381441818715e-06,0.999992808180709,1.1440977569782972e-12,1.2768209204229057e-12,1.6592892507335193e-15
Original
2.2666292875964936e-10,5.07540970958082e-11,9.712084814599934e-14,8.13804672465986e-13,3.963002177848702e-13,7.191539667047953e-06,0.9999928081791862,1.144098234458474e-12,1.2768212873369276e-12,1.6592899125665465e-15
Ascend
2.2666292875964856e-10,5.075409709580802e-11,9.712084814599865e-14,8.13804672465986e-13,3.9630021778486744e-13,7.1915396670479655e-06,0.9999928081791862,1.14409823445847e-12,1.2768212873369276e-12,1.6592899125665347e-15
Descend
2.2666292875964856e-10,5.075409709580802e-11,9.712084814599795e-14,8.13804672465986e-13,3.963002177848646e-13,7.1915396670479655e-06,0.9999928081791862,1.14409823445847e-12,1.276821287336923e-12,1.6592899125665347e-15
Random1
Raw:2.2666292875965016e-10,5.07540970958082e-11,9.712084814599934e-14,8.138046724659947e-13,3.963002177848688e-13,7.191539667047991e-06,0.9999928081791862,1.144098234458474e-12,1.2768212873369412e-12,1.6592899125665582e-15
EFT:2.2666292875964856e-10,5.0754097095807845e-11,9.712084814599865e-14,8.13804672465986e-13,3.9630021778486603e-13,7.191539667047953e-06,0.9999928081791862,1.14409823445847e-12,1.2768212873369276e-12,1.6592899125665347e-15
Random2
Raw:2.2666292875965016e-10,5.0754097095807845e-11,9.712084814599829e-14,8.13804672465986e-13,3.9630021778486744e-13,7.19153966704794e-06,0.9999928081791862,1.144098234458466e-12,1.2768212873369185e-12,1.6592899125665347e-15
EFT:2.2666292875964856e-10,5.075409709580802e-11,9.712084814599865e-14,8.13804672465986e-13,3.9630021778486603e-13,7.191539667047953e-06,0.9999928081791862,1.14409823445847e-12,1.2768212873369276e-12,1.6592899125665347e-15
Random3
Raw:2.2666292875964936e-10,5.075409709580802e-11,9.712084814599865e-14,8.138046724659889e-13,3.9630021778486744e-13,7.1915396670479655e-06,0.9999928081791862,1.144098234458474e-12,1.276821287336923e-12,1.6592899125665465e-15
EFT:2.2666292875964856e-10,5.0754097095807845e-11,9.712084814599865e-14,8.13804672465986e-13,3.9630021778486603e-13,7.1915396670479655e-06,0.9999928081791862,1.14409823445847e-12,1.2768212873369276e-12,1.6592899125665347e-15
Random4
Raw:2.2666292875964776e-10,5.0754097095807845e-11,9.712084814599865e-14,8.138046724659831e-13,3.9630021778486744e-13,7.191539667047953e-06,0.9999928081791862,1.14409823445847e-12,1.2768212873369276e-12,1.6592899125665347e-15
EFT:2.2666292875964856e-10,5.0754097095807845e-11,9.712084814599865e-14,8.13804672465986e-13,3.9630021778486603e-13,7.1915396670479655e-06,0.9999928081791862,1.14409823445847e-12,1.2768212873369276e-12,1.6592899125665347e-15
Random5
Raw:2.2666292875964936e-10,5.0754097095807664e-11,9.712084814599899e-14,8.138046724659831e-13,3.9630021778486744e-13,7.191539667047927e-06,0.9999928081791862,1.144098234458466e-12,1.276821287336923e-12,1.6592899125665347e-15
EFT:2.2666292875964856e-10,5.0754097095807845e-11,9.712084814599865e-14,8.13804672465986e-13,3.9630021778486603e-13,7.191539667047953e-06,0.9999928081791862,1.14409823445847e-12,1.2768212873369276e-12,1.6592899125665347e-15
Random6
Raw:2.2666292875964696e-10,5.0754097095807664e-11,9.712084814599865e-14,8.138046724659831e-13,3.9630021778486603e-13,7.191539667047901e-06,0.9999928081791862,1.144098234458466e-12,1.2768212873369276e-12,1.6592899125665229e-15
EFT:2.2666292875964856e-10,5.0754097095807845e-11,9.712084814599865e-14,8.13804672465986e-13,3.9630021778486603e-13,7.191539667047953e-06,0.9999928081791862,1.14409823445847e-12,1.2768212873369276e-12,1.6592899125665347e-15
Random7
Raw:2.2666292875964936e-10,5.075409709580748e-11,9.712084814599934e-14,8.13804672465986e-13,3.9630021778486744e-13,7.191539667047927e-06,0.9999928081791862,1.14409823445847e-12,1.2768212873369276e-12,1.6592899125665465e-15
EFT:2.2666292875964856e-10,5.075409709580802e-11,9.712084814599865e-14,8.13804672465986e-13,3.9630021778486603e-13,7.191539667047953e-06,0.9999928081791862,1.14409823445847e-12,1.2768212873369276e-12,1.6592899125665347e-15
Random8
Raw:2.2666292875964696e-10,5.0754097095807845e-11,9.712084814599795e-14,8.138046724659831e-13,3.963002177848632e-13,7.19153966704794e-06,0.9999928081791862,1.144098234458466e-12,1.2768212873369185e-12,1.6592899125665229e-15
EFT:2.2666292875964856e-10,5.0754097095807845e-11,9.712084814599865e-14,8.13804672465986e-13,3.9630021778486603e-13,7.191539667047953e-06,0.9999928081791862,1.14409823445847e-12,1.2768212873369276e-12,1.6592899125665347e-15
Random9
Raw:2.2666292875964856e-10,5.075409709580802e-11,9.712084814599934e-14,8.138046724659889e-13,3.963002177848688e-13,7.1915396670479655e-06,0.9999928081791862,1.144098234458474e-12,1.2768212873369365e-12,1.6592899125665465e-15
EFT:2.2666292875964856e-10,5.0754097095807845e-11,9.712084814599865e-14,8.13804672465986e-13,3.9630021778486603e-13,7.191539667047953e-06,0.9999928081791862,1.14409823445847e-12,1.2768212873369276e-12,1.6592899125665347e-15
Random10
Raw:2.2666292875964776e-10,5.0754097095807845e-11,9.712084814599727e-14,8.138046724659831e-13,3.963002177848646e-13,7.191539667047953e-06,0.9999928081791862,1.1440982344584619e-12,1.2768212873369185e-12,1.6592899125665347e-15
EFT:2.2666292875964856e-10,5.0754097095807845e-11,9.712084814599865e-14,8.13804672465986e-13,3.9630021778486603e-13,7.191539667047953e-06,0.9999928081791862,1.14409823445847e-12,1.2768212873369276e-12,1.6592899125665347e-15
Random11
Raw:2.2666292875964776e-10,5.0754097095807845e-11,9.712084814599865e-14,8.13804672465986e-13,3.9630021778486603e-13,7.19153966704794e-06,0.9999928081791862,1.144098234458474e-12,1.2768212873369276e-12,1.6592899125665347e-15
EFT:2.2666292875964856e-10,5.0754097095807845e-11,9.712084814599865e-14,8.13804672465986e-13,3.9630021778486603e-13,7.1915396670479655e-06,0.9999928081791862,1.14409823445847e-12,1.2768212873369276e-12,1.6592899125665347e-15
Random12
Raw:2.2666292875964776e-10,5.07540970958082e-11,9.712084814599934e-14,8.13804672465986e-13,3.963002177848688e-13,7.1915396670479655e-06,0.9999928081791862,1.144098234458474e-12,1.276821287336932e-12,1.6592899125665347e-15
EFT:2.2666292875964856e-10,5.0754097095807845e-11,9.712084814599865e-14,8.13804672465986e-13,3.9630021778486603e-13,7.1915396670479655e-06,0.9999928081791862,1.14409823445847e-12,1.2768212873369276e-12,1.6592899125665347e-15
Random13
Raw:2.2666292875964936e-10,5.0754097095807664e-11,9.712084814599829e-14,8.13804672465986e-13,3.9630021778486744e-13,7.191539667047953e-06,0.9999928081791862,1.144098234458466e-12,1.276821287336923e-12,1.6592899125665347e-15
EFT:2.2666292875964856e-10,5.0754097095807845e-11,9.712084814599865e-14,8.13804672465986e-13,3.9630021778486603e-13,7.1915396670479655e-06,0.9999928081791862,1.14409823445847e-12,1.2768212873369276e-12,1.6592899125665347e-15
Random14
Raw:2.2666292875964936e-10,5.07540970958082e-11,9.712084814599934e-14,8.138046724659947e-13,3.963002177848702e-13,7.191539667048029e-06,0.9999928081791862,1.144098234458474e-12,1.2768212873369365e-12,1.6592899125665465e-15
EFT:2.2666292875964856e-10,5.0754097095807845e-11,9.712084814599865e-14,8.13804672465986e-13,3.9630021778486603e-13,7.191539667047953e-06,0.9999928081791862,1.14409823445847e-12,1.2768212873369276e-12,1.6592899125665347e-15
Random15
Raw:2.2666292875964776e-10,5.0754097095807845e-11,9.712084814599795e-14,8.13804672465986e-13,3.963002177848632e-13,7.19153966704794e-06,0.9999928081791862,1.144098234458466e-12,1.2768212873369185e-12,1.6592899125665229e-15
EFT:2.2666292875964856e-10,5.0754097095807845e-11,9.712084814599865e-14,8.13804672465986e-13,3.9630021778486603e-13,7.191539667047953e-06,0.9999928081791862,1.14409823445847e-12,1.2768212873369276e-12,1.6592899125665347e-15
Random16
Raw:2.2666292875964776e-10,5.075409709580802e-11,9.712084814599865e-14,8.138046724659889e-13,3.963002177848646e-13,7.191539667047978e-06,0.9999928081791862,1.144098234458474e-12,1.276821287336923e-12,1.6592899125665347e-15
EFT:2.2666292875964856e-10,5.0754097095807845e-11,9.712084814599865e-14,8.13804672465986e-13,3.9630021778486603e-13,7.191539667047953e-06,0.9999928081791862,1.14409823445847e-12,1.2768212873369276e-12,1.6592899125665347e-15
Random17
Raw:2.2666292875964936e-10,5.075409709580802e-11,9.712084814599934e-14,8.138046724659918e-13,3.9630021778486744e-13,7.1915396670479655e-06,0.9999928081791862,1.144098234458474e-12,1.276821287336932e-12,1.6592899125665347e-15
EFT:2.2666292875964856e-10,5.0754097095807845e-11,9.712084814599865e-14,8.13804672465986e-13,3.9630021778486603e-13,7.1915396670479655e-06,0.9999928081791862,1.14409823445847e-12,1.2768212873369276e-12,1.6592899125665347e-15
Random18
Raw:2.2666292875964856e-10,5.0754097095807664e-11,9.712084814599865e-14,8.138046724659831e-13,3.963002177848688e-13,7.191539667047953e-06,0.9999928081791862,1.14409823445847e-12,1.2768212873369276e-12,1.6592899125665347e-15
EFT:2.2666292875964856e-10,5.0754097095807845e-11,9.712084814599865e-14,8.13804672465986e-13,3.9630021778486603e-13,7.191539667047953e-06,0.9999928081791862,1.14409823445847e-12,1.2768212873369276e-12,1.6592899125665347e-15
Random19
Raw:2.2666292875964856e-10,5.0754097095807845e-11,9.712084814599865e-14,8.138046724659831e-13,3.963002177848646e-13,7.1915396670480036e-06,0.9999928081791862,1.144098234458474e-12,1.2768212873369185e-12,1.6592899125665229e-15
EFT:2.2666292875964856e-10,5.0754097095807845e-11,9.712084814599865e-14,8.13804672465986e-13,3.9630021778486603e-13,7.1915396670479655e-06,0.9999928081791862,1.14409823445847e-12,1.2768212873369276e-12,1.6592899125665347e-15
Random20
Raw:2.2666292875964936e-10,5.0754097095807845e-11,9.712084814599934e-14,8.13804672465986e-13,3.9630021778486744e-13,7.191539667047991e-06,0.9999928081791862,1.144098234458474e-12,1.276821287336932e-12,1.6592899125665465e-15
EFT:2.2666292875964856e-10,5.0754097095807845e-11,9.712084814599865e-14,8.13804672465986e-13,3.9630021778486603e-13,7.1915396670479655e-06,0.9999928081791862,1.14409823445847e-12,1.2768212873369276e-12,1.6592899125665347e-15
Random21
Raw:2.2666292875965096e-10,5.075409709580838e-11,9.712084814599934e-14,8.138046724659889e-13,3.9630021778486744e-13,7.191539667048042e-06,0.9999928081791862,1.144098234458478e-12,1.276821287336932e-12,1.6592899125665465e-15
EFT:2.2666292875964856e-10,5.0754097095807845e-11,9.712084814599865e-14,8.13804672465986e-13,3.9630021778486603e-13,7.191539667047953e-06,0.9999928081791862,1.14409823445847e-12,1.2768212873369276e-12,1.6592899125665347e-15
Random22
Raw:2.2666292875964856e-10,5.0754097095807845e-11,9.712084814599795e-14,8.138046724659831e-13,3.9630021778486744e-13,7.191539667048029e-06,0.9999928081791862,1.144098234458466e-12,1.2768212873369276e-12,1.6592899125665582e-15
EFT:2.2666292875964856e-10,5.0754097095807845e-11,9.712084814599865e-14,8.13804672465986e-13,3.9630021778486603e-13,7.191539667047953e-06,0.9999928081791862,1.14409823445847e-12,1.2768212873369276e-12,1.6592899125665347e-15
Random23
Raw:2.2666292875964856e-10,5.075409709580802e-11,9.712084814599865e-14,8.138046724659889e-13,3.9630021778486744e-13,7.19153966704794e-06,0.9999928081791862,1.14409823445847e-12,1.2768212873369185e-12,1.6592899125665465e-15
EFT:2.2666292875964856e-10,5.0754097095807845e-11,9.712084814599865e-14,8.13804672465986e-13,3.9630021778486603e-13,7.1915396670479655e-06,0.9999928081791862,1.14409823445847e-12,1.2768212873369276e-12,1.6592899125665347e-15
Random24
Raw:2.2666292875964776e-10,5.07540970958082e-11,9.712084814599899e-14,8.138046724659889e-13,3.9630021778486744e-13,7.1915396670480036e-06,0.9999928081791862,1.144098234458474e-12,1.2768212873369276e-12,1.6592899125665347e-15
EFT:2.2666292875964856e-10,5.0754097095807845e-11,9.712084814599865e-14,8.13804672465986e-13,3.9630021778486603e-13,7.1915396670479655e-06,0.9999928081791862,1.14409823445847e-12,1.2768212873369276e-12,1.6592899125665347e-15
Random25
Raw:2.2666292875964696e-10,5.07540970958082e-11,9.712084814599865e-14,8.138046724659889e-13,3.963002177848646e-13,7.191539667047978e-06,0.9999928081791862,1.14409823445847e-12,1.276821287336923e-12,1.6592899125665229e-15
EFT:2.2666292875964856e-10,5.0754097095807845e-11,9.712084814599865e-14,8.13804672465986e-13,3.9630021778486603e-13,7.1915396670479655e-06,0.9999928081791862,1.14409823445847e-12,1.2768212873369276e-12,1.6592899125665347e-15
Random26
Raw:2.2666292875964776e-10,5.0754097095807664e-11,9.712084814599795e-14,8.138046724659831e-13,3.963002177848646e-13,7.1915396670480036e-06,0.9999928081791862,1.144098234458466e-12,1.2768212873369185e-12,1.6592899125665229e-15
EFT:2.2666292875964856e-10,5.075409709580802e-11,9.712084814599865e-14,8.13804672465986e-13,3.9630021778486603e-13,7.191539667047953e-06,0.9999928081791862,1.14409823445847e-12,1.2768212873369276e-12,1.6592899125665347e-15
Random27
Raw:2.2666292875964776e-10,5.075409709580802e-11,9.712084814599865e-14,8.13804672465986e-13,3.9630021778486744e-13,7.191539667047978e-06,0.9999928081791862,1.14409823445847e-12,1.276821287336923e-12,1.6592899125665347e-15
EFT:2.2666292875964856e-10,5.0754097095807845e-11,9.712084814599865e-14,8.13804672465986e-13,3.9630021778486603e-13,7.1915396670479655e-06,0.9999928081791862,1.14409823445847e-12,1.2768212873369276e-12,1.6592899125665347e-15
Random28
Raw:2.2666292875965016e-10,5.075409709580802e-11,9.712084814599934e-14,8.138046724659889e-13,3.9630021778486744e-13,7.191539667047978e-06,0.9999928081791862,1.144098234458474e-12,1.276821287336932e-12,1.6592899125665347e-15
EFT:2.2666292875964856e-10,5.0754097095807845e-11,9.712084814599865e-14,8.13804672465986e-13,3.9630021778486603e-13,7.191539667047953e-06,0.9999928081791862,1.14409823445847e-12,1.2768212873369276e-12,1.6592899125665347e-15
Random29
Raw:2.2666292875964776e-10,5.07540970958073e-11,9.712084814599727e-14,8.138046724659803e-13,3.963002177848618e-13,7.191539667047915e-06,0.9999928081791862,1.1440982344584619e-12,1.2768212873369185e-12,1.6592899125665229e-15
EFT:2.2666292875964856e-10,5.0754097095807845e-11,9.712084814599865e-14,8.13804672465986e-13,3.9630021778486603e-13,7.1915396670479655e-06,0.9999928081791862,1.14409823445847e-12,1.2768212873369276e-12,1.6592899125665347e-15
Random30
Raw:2.2666292875964776e-10,5.0754097095807664e-11,9.712084814599829e-14,8.138046724659831e-13,3.9630021778486744e-13,7.19153966704794e-06,0.9999928081791862,1.1440982344584619e-12,1.2768212873369185e-12,1.6592899125665465e-15
EFT:2.2666292875964856e-10,5.0754097095807845e-11,9.712084814599865e-14,8.13804672465986e-13,3.9630021778486603e-13,7.1915396670479655e-06,0.9999928081791862,1.14409823445847e-12,1.2768212873369276e-12,1.6592899125665347e-15
Random31
Raw:2.2666292875964856e-10,5.0754097095807845e-11,9.712084814599865e-14,8.13804672465986e-13,3.9630021778486744e-13,7.19153966704794e-06,0.9999928081791862,1.144098234458466e-12,1.276821287336923e-12,1.6592899125665347e-15
EFT:2.2666292875964856e-10,5.0754097095807845e-11,9.712084814599865e-14,8.13804672465986e-13,3.9630021778486603e-13,7.191539667047953e-06,0.9999928081791862,1.14409823445847e-12,1.2768212873369276e-12,1.6592899125665347e-15
Random32
Raw:2.2666292875964696e-10,5.0754097095807845e-11,9.712084814599795e-14,8.138046724659831e-13,3.9630021778486603e-13,7.191539667047927e-06,0.9999928081791862,1.1440982344584619e-12,1.2768212873369185e-12,1.6592899125665229e-15
EFT:2.2666292875964856e-10,5.0754097095807845e-11,9.712084814599865e-14,8.13804672465986e-13,3.9630021778486603e-13,7.1915396670479655e-06,0.9999928081791862,1.14409823445847e-12,1.2768212873369276e-12,1.6592899125665347e-15
Random33
Raw:2.2666292875964936e-10,5.075409709580802e-11,9.712084814599934e-14,8.138046724659918e-13,3.963002177848702e-13,7.191539667047991e-06,0.9999928081791862,1.144098234458474e-12,1.2768212873369276e-12,1.6592899125665347e-15
EFT:2.2666292875964856e-10,5.0754097095807845e-11,9.712084814599865e-14,8.13804672465986e-13,3.9630021778486603e-13,7.1915396670479655e-06,0.9999928081791862,1.14409823445847e-12,1.2768212873369276e-12,1.6592899125665347e-15
Random34
Raw:2.2666292875964613e-10,5.0754097095807845e-11,9.712084814599795e-14,8.138046724659773e-13,3.9630021778486603e-13,7.191539667047915e-06,0.9999928081791862,1.1440982344584619e-12,1.2768212873369185e-12,1.6592899125665229e-15
EFT:2.2666292875964856e-10,5.075409709580802e-11,9.712084814599865e-14,8.13804672465986e-13,3.9630021778486603e-13,7.191539667047953e-06,0.9999928081791862,1.14409823445847e-12,1.2768212873369276e-12,1.6592899125665347e-15
Random35
Raw:2.2666292875964856e-10,5.075409709580748e-11,9.712084814599727e-14,8.138046724659831e-13,3.963002177848646e-13,7.191539667047978e-06,0.9999928081791862,1.144098234458466e-12,1.2768212873369139e-12,1.6592899125665347e-15
EFT:2.2666292875964856e-10,5.0754097095807845e-11,9.712084814599865e-14,8.13804672465986e-13,3.9630021778486603e-13,7.191539667047953e-06,0.9999928081791862,1.14409823445847e-12,1.2768212873369276e-12,1.6592899125665347e-15
Random36
Raw:2.2666292875964856e-10,5.07540970958082e-11,9.712084814599934e-14,8.138046724659889e-13,3.9630021778486603e-13,7.191539667047991e-06,0.9999928081791862,1.144098234458474e-12,1.2768212873369276e-12,1.6592899125665347e-15
EFT:2.2666292875964856e-10,5.075409709580802e-11,9.712084814599865e-14,8.13804672465986e-13,3.9630021778486603e-13,7.191539667047953e-06,0.9999928081791862,1.14409823445847e-12,1.2768212873369276e-12,1.6592899125665347e-15
Random37
Raw:2.2666292875964856e-10,5.0754097095807845e-11,9.712084814599865e-14,8.138046724659831e-13,3.9630021778486744e-13,7.1915396670479655e-06,0.9999928081791862,1.144098234458466e-12,1.276821287336923e-12,1.6592899125665465e-15
EFT:2.2666292875964856e-10,5.0754097095807845e-11,9.712084814599865e-14,8.13804672465986e-13,3.9630021778486603e-13,7.1915396670479655e-06,0.9999928081791862,1.14409823445847e-12,1.2768212873369276e-12,1.6592899125665347e-15
Random38
Raw:2.2666292875964856e-10,5.0754097095807845e-11,9.712084814599899e-14,8.138046724659831e-13,3.9630021778486744e-13,7.1915396670479655e-06,0.9999928081791862,1.14409823445847e-12,1.2768212873369276e-12,1.6592899125665465e-15
EFT:2.2666292875964856e-10,5.0754097095807845e-11,9.712084814599865e-14,8.13804672465986e-13,3.9630021778486603e-13,7.1915396670479655e-06,0.9999928081791862,1.14409823445847e-12,1.2768212873369276e-12,1.6592899125665347e-15
Random39
Raw:2.2666292875964776e-10,5.0754097095807845e-11,9.712084814599899e-14,8.138046724659889e-13,3.9630021778486744e-13,7.191539667047953e-06,0.9999928081791862,1.14409823445847e-12,1.2768212873369276e-12,1.6592899125665465e-15
EFT:2.2666292875964856e-10,5.075409709580802e-11,9.712084814599865e-14,8.13804672465986e-13,3.9630021778486603e-13,7.191539667047953e-06,0.9999928081791862,1.14409823445847e-12,1.2768212873369276e-12,1.6592899125665347e-15
Random40
Raw:2.2666292875965016e-10,5.075409709580856e-11,9.712084814600002e-14,8.138046724659947e-13,3.9630021778487163e-13,7.191539667048054e-06,0.9999928081791862,1.144098234458478e-12,1.2768212873369412e-12,1.6592899125665465e-15
EFT:2.2666292875964856e-10,5.0754097095807845e-11,9.712084814599865e-14,8.13804672465986e-13,3.9630021778486603e-13,7.1915396670479655e-06,0.9999928081791862,1.14409823445847e-12,1.2768212873369276e-12,1.6592899125665347e-15
Random41
Raw:2.2666292875964856e-10,5.075409709580802e-11,9.712084814599865e-14,8.138046724659889e-13,3.9630021778486603e-13,7.191539667047978e-06,0.9999928081791862,1.144098234458474e-12,1.2768212873369276e-12,1.6592899125665347e-15
EFT:2.2666292875964856e-10,5.0754097095807845e-11,9.712084814599865e-14,8.13804672465986e-13,3.9630021778486603e-13,7.1915396670479655e-06,0.9999928081791862,1.14409823445847e-12,1.2768212873369276e-12,1.6592899125665347e-15
Random42
Raw:2.2666292875964856e-10,5.0754097095807664e-11,9.712084814599865e-14,8.138046724659831e-13,3.963002177848646e-13,7.191539667047978e-06,0.9999928081791862,1.144098234458466e-12,1.276821287336923e-12,1.6592899125665347e-15
EFT:2.2666292875964856e-10,5.0754097095807845e-11,9.712084814599865e-14,8.13804672465986e-13,3.9630021778486603e-13,7.1915396670479655e-06,0.9999928081791862,1.14409823445847e-12,1.2768212873369276e-12,1.6592899125665347e-15
Random43
Raw:2.2666292875965016e-10,5.07540970958082e-11,9.712084814599899e-14,8.138046724659889e-13,3.963002177848702e-13,7.191539667047978e-06,0.9999928081791862,1.14409823445847e-12,1.2768212873369365e-12,1.6592899125665347e-15
EFT:2.2666292875964856e-10,5.0754097095807845e-11,9.712084814599865e-14,8.13804672465986e-13,3.9630021778486603e-13,7.1915396670479655e-06,0.9999928081791862,1.14409823445847e-12,1.2768212873369276e-12,1.6592899125665347e-15
Random44
Raw:2.2666292875964856e-10,5.075409709580802e-11,9.712084814599865e-14,8.138046724659831e-13,3.963002177848646e-13,7.1915396670479655e-06,0.9999928081791862,1.144098234458466e-12,1.2768212873369276e-12,1.6592899125665347e-15
EFT:2.2666292875964856e-10,5.0754097095807845e-11,9.712084814599865e-14,8.13804672465986e-13,3.9630021778486603e-13,7.1915396670479655e-06,0.9999928081791862,1.14409823445847e-12,1.2768212873369276e-12,1.6592899125665347e-15
Random45
Raw:2.2666292875964936e-10,5.075409709580802e-11,9.712084814599899e-14,8.13804672465986e-13,3.9630021778486744e-13,7.191539667047978e-06,0.9999928081791862,1.144098234458474e-12,1.2768212873369365e-12,1.6592899125665465e-15
EFT:2.2666292875964856e-10,5.0754097095807845e-11,9.712084814599865e-14,8.13804672465986e-13,3.9630021778486603e-13,7.1915396670479655e-06,0.9999928081791862,1.14409823445847e-12,1.2768212873369276e-12,1.6592899125665347e-15
Random46
Raw:2.2666292875964856e-10,5.0754097095807664e-11,9.712084814599865e-14,8.138046724659889e-13,3.9630021778486744e-13,7.1915396670479655e-06,0.9999928081791862,1.14409823445847e-12,1.2768212873369276e-12,1.6592899125665347e-15
EFT:2.2666292875964856e-10,5.0754097095807845e-11,9.712084814599865e-14,8.13804672465986e-13,3.9630021778486603e-13,7.191539667047953e-06,0.9999928081791862,1.14409823445847e-12,1.2768212873369276e-12,1.6592899125665347e-15
Random47
Raw:2.2666292875964776e-10,5.0754097095807664e-11,9.712084814599865e-14,8.138046724659889e-13,3.963002177848646e-13,7.191539667047978e-06,0.9999928081791862,1.14409823445847e-12,1.276821287336932e-12,1.6592899125665347e-15
EFT:2.2666292875964856e-10,5.0754097095807845e-11,9.712084814599865e-14,8.13804672465986e-13,3.9630021778486603e-13,7.1915396670479655e-06,0.9999928081791862,1.14409823445847e-12,1.2768212873369276e-12,1.6592899125665347e-15
Random48
Raw:2.2666292875964776e-10,5.0754097095807664e-11,9.712084814599795e-14,8.138046724659831e-13,3.963002177848632e-13,7.191539667047927e-06,0.9999928081791862,1.144098234458466e-12,1.276821287336923e-12,1.6592899125665347e-15
EFT:2.2666292875964856e-10,5.0754097095807845e-11,9.712084814599865e-14,8.13804672465986e-13,3.9630021778486603e-13,7.191539667047953e-06,0.9999928081791862,1.14409823445847e-12,1.2768212873369276e-12,1.6592899125665347e-15
Random49
Raw:2.2666292875964696e-10,5.07540970958073e-11,9.712084814599761e-14,8.138046724659831e-13,3.963002177848646e-13,7.191539667047901e-06,0.9999928081791862,1.1440982344584619e-12,1.2768212873369094e-12,1.6592899125665229e-15
EFT:2.2666292875964856e-10,5.0754097095807845e-11,9.712084814599865e-14,8.13804672465986e-13,3.9630021778486603e-13,7.191539667047953e-06,0.9999928081791862,1.14409823445847e-12,1.2768212873369276e-12,1.6592899125665347e-15
Random50
Raw:2.2666292875964856e-10,5.07540970958082e-11,9.712084814599934e-14,8.138046724659889e-13,3.9630021778486744e-13,7.191539667048016e-06,0.9999928081791862,1.144098234458474e-12,1.2768212873369365e-12,1.6592899125665347e-15
EFT:2.2666292875964856e-10,5.0754097095807845e-11,9.712084814599865e-14,8.13804672465986e-13,3.9630021778486603e-13,7.191539667047953e-06,0.9999928081791862,1.14409823445847e-12,1.2768212873369276e-12,1.6592899125665347e-15
Random51
Raw:2.2666292875964856e-10,5.0754097095807845e-11,9.712084814599865e-14,8.13804672465986e-13,3.963002177848632e-13,7.191539667047978e-06,0.9999928081791862,1.144098234458466e-12,1.2768212873369276e-12,1.6592899125665347e-15
EFT:2.2666292875964856e-10,5.075409709580802e-11,9.712084814599865e-14,8.13804672465986e-13,3.9630021778486744e-13,7.191539667047953e-06,0.9999928081791862,1.14409823445847e-12,1.2768212873369276e-12,1.6592899125665347e-15
Random52
Raw:2.2666292875964856e-10,5.075409709580838e-11,9.712084814599865e-14,8.138046724659889e-13,3.963002177848688e-13,7.191539667048029e-06,0.9999928081791862,1.144098234458474e-12,1.2768212873369276e-12,1.6592899125665465e-15
EFT:2.2666292875964856e-10,5.0754097095807845e-11,9.712084814599865e-14,8.13804672465986e-13,3.9630021778486603e-13,7.1915396670479655e-06,0.9999928081791862,1.14409823445847e-12,1.2768212873369276e-12,1.6592899125665347e-15
Random53
Raw:2.2666292875964856e-10,5.075409709580802e-11,9.712084814599865e-14,8.138046724659889e-13,3.9630021778486744e-13,7.191539667047978e-06,0.9999928081791862,1.14409823445847e-12,1.276821287336932e-12,1.6592899125665465e-15
EFT:2.2666292875964856e-10,5.0754097095807845e-11,9.712084814599865e-14,8.13804672465986e-13,3.9630021778486603e-13,7.1915396670479655e-06,0.9999928081791862,1.14409823445847e-12,1.2768212873369276e-12,1.6592899125665347e-15
Random54
Raw:2.2666292875964856e-10,5.0754097095807664e-11,9.712084814599865e-14,8.138046724659889e-13,3.9630021778486603e-13,7.1915396670479655e-06,0.9999928081791862,1.144098234458474e-12,1.2768212873369185e-12,1.6592899125665347e-15
EFT:2.2666292875964856e-10,5.0754097095807845e-11,9.712084814599865e-14,8.13804672465986e-13,3.9630021778486603e-13,7.1915396670479655e-06,0.9999928081791862,1.14409823445847e-12,1.2768212873369276e-12,1.6592899125665347e-15
Random55
Raw:2.2666292875964856e-10,5.075409709580748e-11,9.712084814599829e-14,8.138046724659831e-13,3.9630021778486603e-13,7.191539667047927e-06,0.9999928081791862,1.144098234458466e-12,1.2768212873369185e-12,1.6592899125665229e-15
EFT:2.2666292875964856e-10,5.0754097095807845e-11,9.712084814599865e-14,8.13804672465986e-13,3.9630021778486603e-13,7.1915396670479655e-06,0.9999928081791862,1.14409823445847e-12,1.2768212873369276e-12,1.6592899125665347e-15
Random56
Raw:2.2666292875965016e-10,5.075409709580838e-11,9.712084814599968e-14,8.138046724659947e-13,3.963002177848688e-13,7.191539667048042e-06,0.9999928081791862,1.144098234458482e-12,1.2768212873369365e-12,1.6592899125665582e-15
EFT:2.2666292875964856e-10,5.0754097095807845e-11,9.712084814599865e-14,8.13804672465986e-13,3.9630021778486603e-13,7.1915396670479655e-06,0.9999928081791862,1.14409823445847e-12,1.2768212873369276e-12,1.6592899125665347e-15
Random57
Raw:2.2666292875964856e-10,5.0754097095807664e-11,9.712084814599899e-14,8.13804672465986e-13,3.9630021778486603e-13,7.19153966704794e-06,0.9999928081791862,1.144098234458474e-12,1.2768212873369276e-12,1.6592899125665347e-15
EFT:2.2666292875964856e-10,5.0754097095807845e-11,9.712084814599865e-14,8.13804672465986e-13,3.9630021778486603e-13,7.1915396670479655e-06,0.9999928081791862,1.14409823445847e-12,1.2768212873369276e-12,1.6592899125665347e-15
Random58
Raw:2.2666292875964856e-10,5.07540970958082e-11,9.712084814599934e-14,8.13804672465986e-13,3.963002177848702e-13,7.1915396670479655e-06,0.9999928081791862,1.144098234458474e-12,1.2768212873369365e-12,1.6592899125665347e-15
EFT:2.2666292875964856e-10,5.0754097095807845e-11,9.712084814599865e-14,8.13804672465986e-13,3.9630021778486603e-13,7.1915396670479655e-06,0.9999928081791862,1.14409823445847e-12,1.2768212873369276e-12,1.6592899125665347e-15
Random59
Raw:2.2666292875964856e-10,5.075409709580802e-11,9.712084814599865e-14,8.138046724659889e-13,3.9630021778486603e-13,7.1915396670479655e-06,0.9999928081791862,1.14409823445847e-12,1.276821287336923e-12,1.6592899125665347e-15
EFT:2.2666292875964856e-10,5.0754097095807845e-11,9.712084814599865e-14,8.13804672465986e-13,3.9630021778486603e-13,7.1915396670479655e-06,0.9999928081791862,1.14409823445847e-12,1.2768212873369276e-12,1.6592899125665347e-15
Random60
Raw:2.2666292875964856e-10,5.0754097095807845e-11,9.712084814599795e-14,8.138046724659831e-13,3.963002177848632e-13,7.191539667048016e-06,0.9999928081791862,1.144098234458466e-12,1.276821287336923e-12,1.6592899125665465e-15
EFT:2.2666292875964856e-10,5.0754097095807845e-11,9.712084814599865e-14,8.13804672465986e-13,3.9630021778486603e-13,7.1915396670479655e-06,0.9999928081791862,1.14409823445847e-12,1.2768212873369276e-12,1.6592899125665347e-15
Random61
Raw:2.2666292875964856e-10,5.0754097095807845e-11,9.712084814599829e-14,8.13804672465986e-13,3.9630021778486744e-13,7.1915396670479655e-06,0.9999928081791862,1.144098234458466e-12,1.2768212873369276e-12,1.6592899125665465e-15
EFT:2.2666292875964856e-10,5.0754097095807845e-11,9.712084814599865e-14,8.13804672465986e-13,3.9630021778486603e-13,7.191539667047953e-06,0.9999928081791862,1.14409823445847e-12,1.2768212873369276e-12,1.6592899125665347e-15
Random62
Raw:2.2666292875964613e-10,5.0754097095807845e-11,9.712084814599795e-14,8.138046724659831e-13,3.9630021778486603e-13,7.191539667047991e-06,0.9999928081791862,1.144098234458466e-12,1.2768212873369185e-12,1.6592899125665229e-15
EFT:2.2666292875964856e-10,5.0754097095807845e-11,9.712084814599865e-14,8.13804672465986e-13,3.9630021778486603e-13,7.1915396670479655e-06,0.9999928081791862,1.14409823445847e-12,1.2768212873369276e-12,1.6592899125665347e-15
Random63
Raw:2.2666292875964856e-10,5.0754097095807845e-11,9.712084814599865e-14,8.138046724659889e-13,3.963002177848646e-13,7.191539667047978e-06,0.9999928081791862,1.144098234458466e-12,1.276821287336923e-12,1.6592899125665347e-15
EFT:2.2666292875964856e-10,5.0754097095807845e-11,9.712084814599865e-14,8.13804672465986e-13,3.9630021778486603e-13,7.191539667047953e-06,0.9999928081791862,1.14409823445847e-12,1.2768212873369276e-12,1.6592899125665347e-15
Random64
Raw:2.2666292875964776e-10,5.0754097095807664e-11,9.712084814599795e-14,8.138046724659831e-13,3.9630021778486603e-13,7.191539667047953e-06,0.9999928081791862,1.144098234458466e-12,1.276821287336923e-12,1.6592899125665347e-15
EFT:2.2666292875964856e-10,5.0754097095807845e-11,9.712084814599865e-14,8.13804672465986e-13,3.9630021778486603e-13,7.1915396670479655e-06,0.9999928081791862,1.14409823445847e-12,1.2768212873369276e-12,1.6592899125665347e-15
Random65
Raw:2.2666292875964936e-10,5.075409709580802e-11,9.712084814599899e-14,8.138046724659889e-13,3.9630021778486744e-13,7.191539667047991e-06,0.9999928081791862,1.144098234458478e-12,1.2768212873369276e-12,1.6592899125665465e-15
EFT:2.2666292875964856e-10,5.0754097095807845e-11,9.712084814599865e-14,8.13804672465986e-13,3.9630021778486603e-13,7.191539667047953e-06,0.9999928081791862,1.14409823445847e-12,1.2768212873369276e-12,1.6592899125665347e-15
Random66
Raw:2.2666292875964776e-10,5.075409709580802e-11,9.712084814599865e-14,8.138046724659831e-13,3.963002177848632e-13,7.191539667047978e-06,0.9999928081791862,1.14409823445847e-12,1.2768212873369276e-12,1.6592899125665465e-15
EFT:2.2666292875964856e-10,5.0754097095807845e-11,9.712084814599865e-14,8.13804672465986e-13,3.9630021778486603e-13,7.1915396670479655e-06,0.9999928081791862,1.14409823445847e-12,1.2768212873369276e-12,1.6592899125665347e-15
Random67
Raw:2.2666292875964776e-10,5.0754097095807845e-11,9.712084814599795e-14,8.138046724659889e-13,3.963002177848632e-13,7.191539667047953e-06,0.9999928081791862,1.144098234458466e-12,1.2768212873369139e-12,1.6592899125665229e-15
EFT:2.2666292875964856e-10,5.0754097095807845e-11,9.712084814599865e-14,8.13804672465986e-13,3.9630021778486603e-13,7.1915396670479655e-06,0.9999928081791862,1.14409823445847e-12,1.2768212873369276e-12,1.6592899125665347e-15
Random68
Raw:2.2666292875964856e-10,5.07540970958082e-11,9.712084814599899e-14,8.138046724659889e-13,3.9630021778486744e-13,7.191539667048042e-06,0.9999928081791862,1.144098234458474e-12,1.2768212873369365e-12,1.6592899125665465e-15
EFT:2.2666292875964856e-10,5.0754097095807845e-11,9.712084814599865e-14,8.13804672465986e-13,3.9630021778486603e-13,7.1915396670479655e-06,0.9999928081791862,1.14409823445847e-12,1.2768212873369276e-12,1.6592899125665347e-15
Random69
Raw:2.2666292875964856e-10,5.075409709580802e-11,9.712084814599865e-14,8.13804672465986e-13,3.963002177848646e-13,7.1915396670480036e-06,0.9999928081791862,1.144098234458478e-12,1.2768212873369365e-12,1.6592899125665465e-15
EFT:2.2666292875964856e-10,5.0754097095807845e-11,9.712084814599865e-14,8.13804672465986e-13,3.9630021778486603e-13,7.191539667047953e-06,0.9999928081791862,1.14409823445847e-12,1.2768212873369276e-12,1.6592899125665347e-15
Random70
Raw:2.2666292875964856e-10,5.075409709580802e-11,9.712084814599934e-14,8.13804672465986e-13,3.9630021778486744e-13,7.1915396670480036e-06,0.9999928081791862,1.144098234458474e-12,1.276821287336932e-12,1.6592899125665347e-15
EFT:2.2666292875964856e-10,5.0754097095807845e-11,9.712084814599865e-14,8.13804672465986e-13,3.9630021778486603e-13,7.1915396670479655e-06,0.9999928081791862,1.14409823445847e-12,1.2768212873369276e-12,1.6592899125665347e-15
Random71
Raw:2.2666292875964776e-10,5.0754097095807664e-11,9.712084814599865e-14,8.138046724659803e-13,3.9630021778486603e-13,7.191539667047978e-06,0.9999928081791862,1.1440982344584578e-12,1.2768212873369185e-12,1.6592899125665229e-15
EFT:2.2666292875964856e-10,5.0754097095807845e-11,9.712084814599865e-14,8.13804672465986e-13,3.9630021778486603e-13,7.1915396670479655e-06,0.9999928081791862,1.14409823445847e-12,1.2768212873369276e-12,1.6592899125665347e-15
Random72
Raw:2.2666292875964696e-10,5.0754097095807664e-11,9.712084814599795e-14,8.138046724659803e-13,3.963002177848632e-13,7.191539667047915e-06,0.9999928081791862,1.1440982344584578e-12,1.2768212873369185e-12,1.6592899125665229e-15
EFT:2.2666292875964856e-10,5.0754097095807845e-11,9.712084814599865e-14,8.13804672465986e-13,3.9630021778486603e-13,7.1915396670479655e-06,0.9999928081791862,1.14409823445847e-12,1.2768212873369276e-12,1.6592899125665347e-15
Random73
Raw:2.2666292875964776e-10,5.07540970958082e-11,9.712084814599865e-14,8.138046724659889e-13,3.963002177848646e-13,7.191539667048029e-06,0.9999928081791862,1.144098234458474e-12,1.2768212873369365e-12,1.6592899125665465e-15
EFT:2.2666292875964856e-10,5.0754097095807845e-11,9.712084814599865e-14,8.13804672465986e-13,3.9630021778486603e-13,7.191539667047953e-06,0.9999928081791862,1.14409823445847e-12,1.2768212873369276e-12,1.6592899125665347e-15
Random74
Raw:2.2666292875964936e-10,5.0754097095807845e-11,9.712084814599865e-14,8.138046724659889e-13,3.9630021778486744e-13,7.191539667047991e-06,0.9999928081791862,1.14409823445847e-12,1.2768212873369365e-12,1.6592899125665347e-15
EFT:2.2666292875964856e-10,5.0754097095807845e-11,9.712084814599865e-14,8.13804672465986e-13,3.9630021778486603e-13,7.191539667047953e-06,0.9999928081791862,1.14409823445847e-12,1.2768212873369276e-12,1.6592899125665347e-15
Random75
Raw:2.2666292875964776e-10,5.0754097095807845e-11,9.712084814599829e-14,8.138046724659831e-13,3.9630021778486744e-13,7.191539667047978e-06,0.9999928081791862,1.14409823445847e-12,1.2768212873369276e-12,1.6592899125665347e-15
EFT:2.2666292875964856e-10,5.0754097095807845e-11,9.712084814599865e-14,8.13804672465986e-13,3.9630021778486603e-13,7.1915396670479655e-06,0.9999928081791862,1.14409823445847e-12,1.2768212873369276e-12,1.6592899125665347e-15
Random76
Raw:2.2666292875965016e-10,5.075409709580838e-11,9.712084814599865e-14,8.138046724659889e-13,3.963002177848646e-13,7.191539667047978e-06,0.9999928081791862,1.144098234458474e-12,1.276821287336932e-12,1.6592899125665465e-15
EFT:2.2666292875964856e-10,5.0754097095807845e-11,9.712084814599865e-14,8.13804672465986e-13,3.9630021778486603e-13,7.1915396670479655e-06,0.9999928081791862,1.14409823445847e-12,1.2768212873369276e-12,1.6592899125665347e-15
Random77
Raw:2.2666292875964696e-10,5.075409709580748e-11,9.712084814599795e-14,8.138046724659803e-13,3.963002177848646e-13,7.191539667047915e-06,0.9999928081791862,1.1440982344584619e-12,1.2768212873369185e-12,1.6592899125665229e-15
EFT:2.2666292875964856e-10,5.0754097095807845e-11,9.712084814599865e-14,8.13804672465986e-13,3.9630021778486603e-13,7.1915396670479655e-06,0.9999928081791862,1.14409823445847e-12,1.2768212873369276e-12,1.6592899125665347e-15
Random78
Raw:2.2666292875965016e-10,5.07540970958082e-11,9.712084814599934e-14,8.138046724659918e-13,3.963002177848702e-13,7.191539667048016e-06,0.9999928081791862,1.144098234458478e-12,1.276821287336932e-12,1.6592899125665465e-15
EFT:2.2666292875964856e-10,5.0754097095807845e-11,9.712084814599865e-14,8.13804672465986e-13,3.9630021778486603e-13,7.191539667047953e-06,0.9999928081791862,1.14409823445847e-12,1.2768212873369276e-12,1.6592899125665347e-15
Random79
Raw:2.2666292875964856e-10,5.0754097095807845e-11,9.712084814599795e-14,8.138046724659831e-13,3.9630021778486603e-13,7.191539667047953e-06,0.9999928081791862,1.1440982344584619e-12,1.2768212873369185e-12,1.6592899125665347e-15
EFT:2.2666292875964856e-10,5.0754097095807845e-11,9.712084814599865e-14,8.13804672465986e-13,3.9630021778486603e-13,7.1915396670479655e-06,0.9999928081791862,1.14409823445847e-12,1.2768212873369276e-12,1.6592899125665347e-15
Random80
Raw:2.2666292875965096e-10,5.075409709580838e-11,9.712084814600002e-14,8.138046724659947e-13,3.9630021778487163e-13,7.191539667048016e-06,0.9999928081791862,1.144098234458482e-12,1.2768212873369456e-12,1.6592899125665582e-15
EFT:2.2666292875964856e-10,5.0754097095807845e-11,9.712084814599865e-14,8.13804672465986e-13,3.9630021778486603e-13,7.1915396670479655e-06,0.9999928081791862,1.14409823445847e-12,1.2768212873369276e-12,1.6592899125665347e-15
Random81
Raw:2.2666292875964613e-10,5.075409709580748e-11,9.712084814599795e-14,8.138046724659831e-13,3.963002177848646e-13,7.191539667047915e-06,0.9999928081791862,1.1440982344584578e-12,1.2768212873369185e-12,1.6592899125665229e-15
EFT:2.2666292875964856e-10,5.0754097095807845e-11,9.712084814599865e-14,8.13804672465986e-13,3.9630021778486603e-13,7.191539667047953e-06,0.9999928081791862,1.14409823445847e-12,1.2768212873369276e-12,1.6592899125665347e-15
Random82
Raw:2.2666292875964776e-10,5.0754097095807845e-11,9.712084814599865e-14,8.138046724659889e-13,3.9630021778486603e-13,7.19153966704794e-06,0.9999928081791862,1.144098234458466e-12,1.2768212873369276e-12,1.6592899125665229e-15
EFT:2.2666292875964856e-10,5.0754097095807845e-11,9.712084814599865e-14,8.13804672465986e-13,3.9630021778486603e-13,7.1915396670479655e-06,0.9999928081791862,1.14409823445847e-12,1.2768212873369276e-12,1.6592899125665347e-15
Random83
Raw:2.2666292875964776e-10,5.0754097095807845e-11,9.712084814599829e-14,8.13804672465986e-13,3.9630021778486744e-13,7.191539667047991e-06,0.9999928081791862,1.14409823445847e-12,1.276821287336923e-12,1.6592899125665347e-15
EFT:2.2666292875964856e-10,5.0754097095807845e-11,9.712084814599865e-14,8.13804672465986e-13,3.9630021778486603e-13,7.1915396670479655e-06,0.9999928081791862,1.14409823445847e-12,1.2768212873369276e-12,1.6592899125665347e-15
Random84
Raw:2.2666292875964776e-10,5.0754097095807664e-11,9.712084814599795e-14,8.138046724659831e-13,3.963002177848632e-13,7.191539667047901e-06,0.9999928081791862,1.144098234458466e-12,1.276821287336923e-12,1.6592899125665229e-15
EFT:2.2666292875964856e-10,5.0754097095807845e-11,9.712084814599865e-14,8.13804672465986e-13,3.9630021778486603e-13,7.191539667047953e-06,0.9999928081791862,1.14409823445847e-12,1.2768212873369276e-12,1.6592899125665347e-15
Random85
Raw:2.2666292875964856e-10,5.0754097095807845e-11,9.712084814599899e-14,8.13804672465986e-13,3.9630021778486603e-13,7.191539667047915e-06,0.9999928081791862,1.144098234458474e-12,1.276821287336923e-12,1.6592899125665347e-15
EFT:2.2666292875964856e-10,5.0754097095807845e-11,9.712084814599865e-14,8.13804672465986e-13,3.9630021778486603e-13,7.1915396670479655e-06,0.9999928081791862,1.14409823445847e-12,1.2768212873369276e-12,1.6592899125665347e-15
Random86
Raw:2.2666292875964776e-10,5.075409709580802e-11,9.712084814599865e-14,8.138046724659831e-13,3.963002177848688e-13,7.191539667047953e-06,0.9999928081791862,1.144098234458474e-12,1.2768212873369185e-12,1.6592899125665229e-15
EFT:2.2666292875964856e-10,5.0754097095807845e-11,9.712084814599865e-14,8.13804672465986e-13,3.9630021778486603e-13,7.1915396670479655e-06,0.9999928081791862,1.14409823445847e-12,1.2768212873369276e-12,1.6592899125665347e-15
Random87
Raw:2.2666292875964776e-10,5.0754097095807845e-11,9.712084814599865e-14,8.138046724659889e-13,3.963002177848646e-13,7.191539667047991e-06,0.9999928081791862,1.144098234458466e-12,1.2768212873369276e-12,1.6592899125665347e-15
EFT:2.2666292875964856e-10,5.0754097095807845e-11,9.712084814599865e-14,8.13804672465986e-13,3.9630021778486603e-13,7.1915396670479655e-06,0.9999928081791862,1.14409823445847e-12,1.2768212873369276e-12,1.6592899125665347e-15
Random88
Raw:2.2666292875964696e-10,5.075409709580802e-11,9.712084814599865e-14,8.138046724659831e-13,3.963002177848646e-13,7.191539667047953e-06,0.9999928081791862,1.144098234458466e-12,1.2768212873369365e-12,1.6592899125665347e-15
EFT:2.2666292875964856e-10,5.075409709580802e-11,9.712084814599865e-14,8.13804672465986e-13,3.9630021778486603e-13,7.191539667047953e-06,0.9999928081791862,1.14409823445847e-12,1.2768212873369276e-12,1.6592899125665347e-15
Random89
Raw:2.2666292875964776e-10,5.0754097095807845e-11,9.712084814599865e-14,8.13804672465986e-13,3.963002177848646e-13,7.191539667047915e-06,0.9999928081791862,1.144098234458466e-12,1.2768212873369185e-12,1.6592899125665229e-15
EFT:2.2666292875964856e-10,5.0754097095807845e-11,9.712084814599865e-14,8.13804672465986e-13,3.9630021778486603e-13,7.1915396670479655e-06,0.9999928081791862,1.14409823445847e-12,1.2768212873369276e-12,1.6592899125665347e-15
Random90
Raw:2.2666292875964856e-10,5.07540970958082e-11,9.712084814599865e-14,8.138046724659889e-13,3.963002177848646e-13,7.191539667048042e-06,0.9999928081791862,1.144098234458474e-12,1.2768212873369365e-12,1.6592899125665347e-15
EFT:2.2666292875964856e-10,5.0754097095807845e-11,9.712084814599865e-14,8.13804672465986e-13,3.9630021778486603e-13,7.1915396670479655e-06,0.9999928081791862,1.14409823445847e-12,1.2768212873369276e-12,1.6592899125665347e-15
Random91
Raw:2.2666292875965016e-10,5.075409709580838e-11,9.712084814600002e-14,8.138046724659918e-13,3.9630021778486603e-13,7.191539667048016e-06,0.9999928081791862,1.144098234458478e-12,1.276821287336932e-12,1.6592899125665465e-15
EFT:2.2666292875964856e-10,5.0754097095807845e-11,9.712084814599865e-14,8.13804672465986e-13,3.9630021778486603e-13,7.191539667047953e-06,0.9999928081791862,1.14409823445847e-12,1.2768212873369276e-12,1.6592899125665347e-15
Random92
Raw:2.2666292875964936e-10,5.07540970958082e-11,9.712084814599934e-14,8.138046724659918e-13,3.9630021778486744e-13,7.191539667048016e-06,0.9999928081791862,1.144098234458478e-12,1.2768212873369412e-12,1.6592899125665465e-15
EFT:2.2666292875964856e-10,5.0754097095807845e-11,9.712084814599865e-14,8.13804672465986e-13,3.9630021778486603e-13,7.1915396670479655e-06,0.9999928081791862,1.14409823445847e-12,1.2768212873369276e-12,1.6592899125665347e-15
Random93
Raw:2.2666292875965016e-10,5.075409709580802e-11,9.712084814599934e-14,8.13804672465986e-13,3.963002177848688e-13,7.19153966704794e-06,0.9999928081791862,1.144098234458474e-12,1.276821287336932e-12,1.6592899125665465e-15
EFT:2.2666292875964856e-10,5.0754097095807845e-11,9.712084814599865e-14,8.13804672465986e-13,3.9630021778486603e-13,7.1915396670479655e-06,0.9999928081791862,1.14409823445847e-12,1.2768212873369276e-12,1.6592899125665347e-15
Random94
Raw:2.2666292875964856e-10,5.075409709580802e-11,9.712084814599795e-14,8.138046724659831e-13,3.9630021778486744e-13,7.1915396670479655e-06,0.9999928081791862,1.14409823445847e-12,1.276821287336923e-12,1.6592899125665347e-15
EFT:2.2666292875964856e-10,5.0754097095807845e-11,9.712084814599865e-14,8.13804672465986e-13,3.9630021778486603e-13,7.1915396670479655e-06,0.9999928081791862,1.14409823445847e-12,1.2768212873369276e-12,1.6592899125665347e-15
Random95
Raw:2.2666292875964613e-10,5.075409709580748e-11,9.712084814599795e-14,8.138046724659773e-13,3.963002177848646e-13,7.191539667047915e-06,0.9999928081791862,1.1440982344584619e-12,1.2768212873369185e-12,1.6592899125665229e-15
EFT:2.2666292875964856e-10,5.0754097095807845e-11,9.712084814599865e-14,8.13804672465986e-13,3.9630021778486603e-13,7.191539667047953e-06,0.9999928081791862,1.14409823445847e-12,1.2768212873369276e-12,1.6592899125665347e-15
Random96
Raw:2.2666292875964856e-10,5.0754097095807845e-11,9.712084814599865e-14,8.138046724659889e-13,3.9630021778486744e-13,7.1915396670480036e-06,0.9999928081791862,1.14409823445847e-12,1.2768212873369276e-12,1.6592899125665347e-15
EFT:2.2666292875964856e-10,5.0754097095807845e-11,9.712084814599865e-14,8.13804672465986e-13,3.9630021778486603e-13,7.191539667047953e-06,0.9999928081791862,1.14409823445847e-12,1.2768212873369276e-12,1.6592899125665347e-15
Random97
Raw:2.2666292875964776e-10,5.075409709580802e-11,9.712084814599968e-14,8.138046724659889e-13,3.9630021778486744e-13,7.191539667047991e-06,0.9999928081791862,1.144098234458474e-12,1.2768212873369276e-12,1.6592899125665347e-15
EFT:2.2666292875964856e-10,5.0754097095807845e-11,9.712084814599865e-14,8.13804672465986e-13,3.9630021778486603e-13,7.1915396670479655e-06,0.9999928081791862,1.14409823445847e-12,1.2768212873369276e-12,1.6592899125665347e-15
Random98
Raw:2.2666292875964856e-10,5.075409709580802e-11,9.712084814599934e-14,8.13804672465986e-13,3.9630021778486744e-13,7.191539667047953e-06,0.9999928081791862,1.14409823445847e-12,1.276821287336923e-12,1.6592899125665347e-15
EFT:2.2666292875964856e-10,5.0754097095807845e-11,9.712084814599865e-14,8.13804672465986e-13,3.9630021778486603e-13,7.191539667047953e-06,0.9999928081791862,1.14409823445847e-12,1.2768212873369276e-12,1.6592899125665347e-15
Random99
Raw:2.2666292875964696e-10,5.0754097095807845e-11,9.712084814599865e-14,8.138046724659831e-13,3.963002177848646e-13,7.191539667047927e-06,0.9999928081791862,1.144098234458466e-12,1.276821287336923e-12,1.6592899125665229e-15
EFT:2.2666292875964856e-10,5.0754097095807845e-11,9.712084814599865e-14,8.13804672465986e-13,3.9630021778486603e-13,7.1915396670479655e-06,0.9999928081791862,1.14409823445847e-12,1.2768212873369276e-12,1.6592899125665347e-15
Random100
Raw:2.2666292875964936e-10,5.075409709580838e-11,9.712084814599934e-14,8.138046724659918e-13,3.9630021778486744e-13,7.1915396670479655e-06,0.9999928081791862,1.144098234458474e-12,1.2768212873369276e-12,1.6592899125665465e-15
EFT:2.2666292875964856e-10,5.0754097095807845e-11,9.712084814599865e-14,8.13804672465986e-13,3.9630021778486603e-13,7.191539667047953e-06,0.9999928081791862,1.14409823445847e-12,1.2768212873369276e-12,1.6592899125665347e-15
Random101
Raw:2.2666292875964856e-10,5.07540970958082e-11,9.712084814599899e-14,8.138046724659889e-13,3.9630021778486603e-13,7.1915396670480036e-06,0.9999928081791862,1.144098234458474e-12,1.276821287336923e-12,1.6592899125665465e-15
EFT:2.2666292875964856e-10,5.0754097095807845e-11,9.712084814599865e-14,8.13804672465986e-13,3.9630021778486603e-13,7.1915396670479655e-06,0.9999928081791862,1.14409823445847e-12,1.2768212873369276e-12,1.6592899125665347e-15
Random102
Raw:2.2666292875964936e-10,5.0754097095807845e-11,9.712084814599899e-14,8.13804672465986e-13,3.963002177848688e-13,7.191539667047927e-06,0.9999928081791862,1.144098234458474e-12,1.276821287336932e-12,1.6592899125665347e-15
EFT:2.2666292875964856e-10,5.0754097095807845e-11,9.712084814599865e-14,8.13804672465986e-13,3.9630021778486603e-13,7.1915396670479655e-06,0.9999928081791862,1.14409823445847e-12,1.2768212873369276e-12,1.6592899125665347e-15
Random103
Raw:2.2666292875964696e-10,5.0754097095807845e-11,9.712084814599795e-14,8.138046724659831e-13,3.963002177848632e-13,7.191539667047915e-06,0.9999928081791862,1.144098234458466e-12,1.2768212873369094e-12,1.6592899125665229e-15
EFT:2.2666292875964856e-10,5.0754097095807845e-11,9.712084814599865e-14,8.13804672465986e-13,3.9630021778486603e-13,7.1915396670479655e-06,0.9999928081791862,1.14409823445847e-12,1.2768212873369276e-12,1.6592899125665347e-15
Random104
Raw:2.2666292875964936e-10,5.07540970958082e-11,9.712084814600002e-14,8.138046724659918e-13,3.963002177848702e-13,7.191539667047978e-06,0.9999928081791862,1.144098234458478e-12,1.2768212873369365e-12,1.6592899125665465e-15
EFT:2.2666292875964856e-10,5.0754097095807845e-11,9.712084814599865e-14,8.13804672465986e-13,3.9630021778486603e-13,7.1915396670479655e-06,0.9999928081791862,1.14409823445847e-12,1.2768212873369276e-12,1.6592899125665347e-15
Random105
Raw:2.2666292875964776e-10,5.0754097095807845e-11,9.712084814599865e-14,8.138046724659831e-13,3.963002177848688e-13,7.191539667047978e-06,0.9999928081791862,1.14409823445847e-12,1.2768212873369276e-12,1.6592899125665465e-15
EFT:2.2666292875964856e-10,5.075409709580802e-11,9.712084814599865e-14,8.13804672465986e-13,3.9630021778486603e-13,7.191539667047953e-06,0.9999928081791862,1.14409823445847e-12,1.2768212873369276e-12,1.6592899125665347e-15
Random106
Raw:2.2666292875964856e-10,5.0754097095807845e-11,9.712084814599865e-14,8.13804672465986e-13,3.9630021778486744e-13,7.191539667047953e-06,0.9999928081791862,1.144098234458474e-12,1.2768212873369185e-12,1.6592899125665347e-15
EFT:2.2666292875964856e-10,5.075409709580802e-11,9.712084814599865e-14,8.13804672465986e-13,3.9630021778486603e-13,7.191539667047953e-06,0.9999928081791862,1.14409823445847e-12,1.2768212873369276e-12,1.6592899125665347e-15
Random107
Raw:2.2666292875964776e-10,5.0754097095807845e-11,9.712084814599795e-14,8.138046724659831e-13,3.963002177848646e-13,7.1915396670479655e-06,0.9999928081791862,1.1440982344584619e-12,1.2768212873369185e-12,1.6592899125665229e-15
EFT:2.2666292875964856e-10,5.0754097095807845e-11,9.712084814599865e-14,8.13804672465986e-13,3.9630021778486603e-13,7.1915396670479655e-06,0.9999928081791862,1.14409823445847e-12,1.2768212873369276e-12,1.6592899125665347e-15
Random108
Raw:2.2666292875964936e-10,5.0754097095807845e-11,9.712084814599865e-14,8.138046724659889e-13,3.9630021778486744e-13,7.1915396670479655e-06,0.9999928081791862,1.14409823445847e-12,1.276821287336923e-12,1.6592899125665347e-15
EFT:2.2666292875964856e-10,5.0754097095807845e-11,9.712084814599865e-14,8.13804672465986e-13,3.9630021778486603e-13,7.1915396670479655e-06,0.9999928081791862,1.14409823445847e-12,1.2768212873369276e-12,1.6592899125665347e-15
Random109
Raw:2.2666292875964696e-10,5.0754097095807845e-11,9.712084814599865e-14,8.13804672465986e-13,3.9630021778486744e-13,7.1915396670479655e-06,0.9999928081791862,1.14409823445847e-12,1.276821287336932e-12,1.6592899125665229e-15
EFT:2.2666292875964856e-10,5.0754097095807845e-11,9.712084814599865e-14,8.13804672465986e-13,3.9630021778486603e-13,7.1915396670479655e-06,0.9999928081791862,1.14409823445847e-12,1.2768212873369276e-12,1.6592899125665347e-15
Random110
Raw:2.2666292875964856e-10,5.07540970958082e-11,9.712084814599934e-14,8.138046724659889e-13,3.9630021778486744e-13,7.191539667047978e-06,0.9999928081791862,1.14409823445847e-12,1.276821287336932e-12,1.6592899125665347e-15
EFT:2.2666292875964856e-10,5.0754097095807845e-11,9.712084814599865e-14,8.13804672465986e-13,3.9630021778486603e-13,7.191539667047953e-06,0.9999928081791862,1.14409823445847e-12,1.2768212873369276e-12,1.6592899125665347e-15
Random111
Raw:2.2666292875964856e-10,5.07540970958082e-11,9.712084814599934e-14,8.138046724659889e-13,3.9630021778486744e-13,7.191539667047991e-06,0.9999928081791862,1.144098234458474e-12,1.276821287336932e-12,1.6592899125665229e-15
EFT:2.2666292875964856e-10,5.0754097095807845e-11,9.712084814599865e-14,8.13804672465986e-13,3.9630021778486603e-13,7.191539667047953e-06,0.9999928081791862,1.14409823445847e-12,1.2768212873369276e-12,1.6592899125665347e-15
Random112
Raw:2.2666292875965016e-10,5.075409709580838e-11,9.712084814599968e-14,8.138046724659947e-13,3.963002177848702e-13,7.191539667048029e-06,0.9999928081791862,1.144098234458474e-12,1.276821287336932e-12,1.6592899125665465e-15
EFT:2.2666292875964856e-10,5.0754097095807845e-11,9.712084814599865e-14,8.13804672465986e-13,3.9630021778486603e-13,7.1915396670479655e-06,0.9999928081791862,1.14409823445847e-12,1.2768212873369276e-12,1.6592899125665347e-15
Random113
Raw:2.2666292875964936e-10,5.0754097095807845e-11,9.712084814599865e-14,8.13804672465986e-13,3.9630021778486744e-13,7.191539667048029e-06,0.9999928081791862,1.14409823445847e-12,1.2768212873369365e-12,1.6592899125665582e-15
EFT:2.2666292875964856e-10,5.0754097095807845e-11,9.712084814599865e-14,8.13804672465986e-13,3.9630021778486603e-13,7.191539667047953e-06,0.9999928081791862,1.14409823445847e-12,1.2768212873369276e-12,1.6592899125665347e-15
Random114
Raw:2.2666292875964936e-10,5.07540970958082e-11,9.712084814599865e-14,8.13804672465986e-13,3.9630021778486603e-13,7.191539667048016e-06,0.9999928081791862,1.14409823445847e-12,1.2768212873369276e-12,1.6592899125665347e-15
EFT:2.2666292875964856e-10,5.0754097095807845e-11,9.712084814599865e-14,8.13804672465986e-13,3.9630021778486603e-13,7.191539667047953e-06,0.9999928081791862,1.14409823445847e-12,1.2768212873369276e-12,1.6592899125665347e-15
Random115
Raw:2.2666292875964936e-10,5.075409709580802e-11,9.712084814599865e-14,8.13804672465986e-13,3.9630021778486603e-13,7.191539667047991e-06,0.9999928081791862,1.14409823445847e-12,1.2768212873369276e-12,1.6592899125665347e-15
EFT:2.2666292875964856e-10,5.0754097095807845e-11,9.712084814599865e-14,8.13804672465986e-13,3.9630021778486603e-13,7.1915396670479655e-06,0.9999928081791862,1.14409823445847e-12,1.2768212873369276e-12,1.6592899125665347e-15
Random116
Raw:2.2666292875964856e-10,5.075409709580802e-11,9.712084814599899e-14,8.138046724659889e-13,3.9630021778486744e-13,7.191539667047953e-06,0.9999928081791862,1.144098234458474e-12,1.2768212873369185e-12,1.6592899125665229e-15
EFT:2.2666292875964856e-10,5.0754097095807845e-11,9.712084814599865e-14,8.13804672465986e-13,3.9630021778486603e-13,7.1915396670479655e-06,0.9999928081791862,1.14409823445847e-12,1.2768212873369276e-12,1.6592899125665347e-15
Random117
Raw:2.2666292875964776e-10,5.075409709580802e-11,9.712084814599865e-14,8.138046724659831e-13,3.963002177848646e-13,7.1915396670479655e-06,0.9999928081791862,1.14409823445847e-12,1.2768212873369276e-12,1.6592899125665229e-15
EFT:2.2666292875964856e-10,5.0754097095807845e-11,9.712084814599865e-14,8.13804672465986e-13,3.9630021778486603e-13,7.1915396670479655e-06,0.9999928081791862,1.14409823445847e-12,1.2768212873369276e-12,1.6592899125665347e-15
Random118
Raw:2.2666292875964856e-10,5.0754097095807845e-11,9.712084814599829e-14,8.13804672465986e-13,3.9630021778486744e-13,7.191539667047978e-06,0.9999928081791862,1.144098234458466e-12,1.2768212873369185e-12,1.6592899125665229e-15
EFT:2.2666292875964856e-10,5.0754097095807845e-11,9.712084814599865e-14,8.13804672465986e-13,3.9630021778486603e-13,7.1915396670479655e-06,0.9999928081791862,1.14409823445847e-12,1.2768212873369276e-12,1.6592899125665347e-15
Random119
Raw:2.2666292875964696e-10,5.075409709580802e-11,9.712084814599865e-14,8.138046724659889e-13,3.9630021778486603e-13,7.191539667047978e-06,0.9999928081791862,1.144098234458466e-12,1.276821287336923e-12,1.6592899125665229e-15
EFT:2.2666292875964856e-10,5.0754097095807845e-11,9.712084814599865e-14,8.13804672465986e-13,3.9630021778486603e-13,7.191539667047953e-06,0.9999928081791862,1.14409823445847e-12,1.2768212873369276e-12,1.6592899125665347e-15
Random120
Raw:2.2666292875964936e-10,5.0754097095807845e-11,9.712084814599899e-14,8.13804672465986e-13,3.9630021778486744e-13,7.19153966704794e-06,0.9999928081791862,1.144098234458474e-12,1.2768212873369185e-12,1.6592899125665229e-15
EFT:2.2666292875964856e-10,5.0754097095807845e-11,9.712084814599865e-14,8.13804672465986e-13,3.9630021778486603e-13,7.1915396670479655e-06,0.9999928081791862,1.14409823445847e-12,1.2768212873369276e-12,1.6592899125665347e-15
Random121
Raw:2.2666292875964776e-10,5.0754097095807845e-11,9.712084814599899e-14,8.13804672465986e-13,3.963002177848688e-13,7.191539667047953e-06,0.9999928081791862,1.144098234458466e-12,1.2768212873369276e-12,1.6592899125665229e-15
EFT:2.2666292875964856e-10,5.0754097095807845e-11,9.712084814599865e-14,8.13804672465986e-13,3.9630021778486603e-13,7.1915396670479655e-06,0.9999928081791862,1.14409823445847e-12,1.2768212873369276e-12,1.6592899125665347e-15
Random122
Raw:2.2666292875965016e-10,5.0754097095807845e-11,9.712084814599934e-14,8.138046724659889e-13,3.9630021778486744e-13,7.1915396670479655e-06,0.9999928081791862,1.144098234458474e-12,1.2768212873369276e-12,1.6592899125665465e-15
EFT:2.2666292875964856e-10,5.0754097095807845e-11,9.712084814599865e-14,8.13804672465986e-13,3.9630021778486603e-13,7.191539667047953e-06,0.9999928081791862,1.14409823445847e-12,1.2768212873369276e-12,1.6592899125665347e-15
Random123
Raw:2.2666292875964776e-10,5.0754097095807845e-11,9.712084814599865e-14,8.13804672465986e-13,3.963002177848646e-13,7.191539667047991e-06,0.9999928081791862,1.14409823445847e-12,1.276821287336923e-12,1.6592899125665465e-15
EFT:2.2666292875964856e-10,5.0754097095807845e-11,9.712084814599865e-14,8.13804672465986e-13,3.9630021778486603e-13,7.1915396670479655e-06,0.9999928081791862,1.14409823445847e-12,1.2768212873369276e-12,1.6592899125665347e-15
Random124
Raw:2.2666292875964856e-10,5.075409709580802e-11,9.712084814599865e-14,8.138046724659889e-13,3.9630021778486744e-13,7.191539667047953e-06,0.9999928081791862,1.144098234458474e-12,1.276821287336923e-12,1.6592899125665347e-15
EFT:2.2666292875964856e-10,5.0754097095807845e-11,9.712084814599865e-14,8.13804672465986e-13,3.9630021778486603e-13,7.1915396670479655e-06,0.9999928081791862,1.14409823445847e-12,1.2768212873369276e-12,1.6592899125665347e-15
Random125
Raw:2.2666292875964696e-10,5.0754097095807664e-11,9.712084814599829e-14,8.138046724659831e-13,3.9630021778486744e-13,7.191539667047953e-06,0.9999928081791862,1.144098234458466e-12,1.2768212873369185e-12,1.6592899125665229e-15
EFT:2.2666292875964856e-10,5.0754097095807845e-11,9.712084814599865e-14,8.13804672465986e-13,3.9630021778486603e-13,7.1915396670479655e-06,0.9999928081791862,1.14409823445847e-12,1.2768212873369276e-12,1.6592899125665347e-15
Random126
Raw:2.2666292875964696e-10,5.0754097095807845e-11,9.712084814599865e-14,8.13804672465986e-13,3.963002177848646e-13,7.191539667047901e-06,0.9999928081791862,1.144098234458466e-12,1.276821287336923e-12,1.6592899125665229e-15
EFT:2.2666292875964856e-10,5.0754097095807845e-11,9.712084814599865e-14,8.13804672465986e-13,3.9630021778486603e-13,7.1915396670479655e-06,0.9999928081791862,1.14409823445847e-12,1.2768212873369276e-12,1.6592899125665347e-15
Random127
Raw:2.2666292875964776e-10,5.075409709580802e-11,9.712084814599899e-14,8.138046724659889e-13,3.9630021778486603e-13,7.191539667047953e-06,0.9999928081791862,1.144098234458466e-12,1.2768212873369276e-12,1.6592899125665229e-15
EFT:2.2666292875964856e-10,5.0754097095807845e-11,9.712084814599865e-14,8.13804672465986e-13,3.9630021778486603e-13,7.1915396670479655e-06,0.9999928081791862,1.14409823445847e-12,1.2768212873369276e-12,1.6592899125665347e-15
Random128
Raw:2.2666292875964856e-10,5.0754097095807664e-11,9.712084814599795e-14,8.138046724659803e-13,3.963002177848632e-13,7.191539667047915e-06,0.9999928081791862,1.14409823445847e-12,1.2768212873369185e-12,1.6592899125665229e-15
EFT:2.2666292875964856e-10,5.0754097095807845e-11,9.712084814599865e-14,8.13804672465986e-13,3.9630021778486603e-13,7.1915396670479655e-06,0.9999928081791862,1.14409823445847e-12,1.2768212873369276e-12,1.6592899125665347e-15
Random129
Raw:2.2666292875964936e-10,5.075409709580838e-11,9.712084814599934e-14,8.138046724659947e-13,3.9630021778486603e-13,7.191539667048016e-06,0.9999928081791862,1.144098234458474e-12,1.2768212873369412e-12,1.6592899125665347e-15
EFT:2.2666292875964856e-10,5.0754097095807845e-11,9.712084814599865e-14,8.13804672465986e-13,3.9630021778486603e-13,7.1915396670479655e-06,0.9999928081791862,1.14409823445847e-12,1.2768212873369276e-12,1.6592899125665347e-15
Random130
Raw:2.2666292875964696e-10,5.0754097095807845e-11,9.712084814599795e-14,8.138046724659803e-13,3.963002177848646e-13,7.191539667047978e-06,0.9999928081791862,1.1440982344584578e-12,1.2768212873369276e-12,1.6592899125665229e-15
EFT:2.2666292875964856e-10,5.0754097095807845e-11,9.712084814599865e-14,8.13804672465986e-13,3.9630021778486603e-13,7.191539667047953e-06,0.9999928081791862,1.14409823445847e-12,1.2768212873369276e-12,1.6592899125665347e-15
Random131
Raw:2.2666292875964856e-10,5.075409709580748e-11,9.712084814599795e-14,8.138046724659831e-13,3.9630021778486603e-13,7.191539667047927e-06,0.9999928081791862,1.14409823445847e-12,1.2768212873369185e-12,1.6592899125665229e-15
EFT:2.2666292875964856e-10,5.0754097095807845e-11,9.712084814599865e-14,8.13804672465986e-13,3.9630021778486603e-13,7.1915396670479655e-06,0.9999928081791862,1.14409823445847e-12,1.2768212873369276e-12,1.6592899125665347e-15
Random132
Raw:2.2666292875964776e-10,5.075409709580748e-11,9.712084814599795e-14,8.138046724659831e-13,3.9630021778486603e-13,7.1915396670479655e-06,0.9999928081791862,1.1440982344584619e-12,1.276821287336923e-12,1.6592899125665347e-15
EFT:2.2666292875964856e-10,5.0754097095807845e-11,9.712084814599865e-14,8.13804672465986e-13,3.9630021778486603e-13,7.1915396670479655e-06,0.9999928081791862,1.14409823445847e-12,1.2768212873369276e-12,1.6592899125665347e-15
Random133
Raw:2.2666292875964936e-10,5.075409709580802e-11,9.712084814599934e-14,8.13804672465986e-13,3.963002177848688e-13,7.1915396670480036e-06,0.9999928081791862,1.14409823445847e-12,1.276821287336932e-12,1.6592899125665465e-15
EFT:2.2666292875964856e-10,5.0754097095807845e-11,9.712084814599865e-14,8.13804672465986e-13,3.9630021778486603e-13,7.1915396670479655e-06,0.9999928081791862,1.14409823445847e-12,1.2768212873369276e-12,1.6592899125665347e-15
Random134
Raw:2.2666292875965096e-10,5.075409709580856e-11,9.712084814600002e-14,8.138046724659947e-13,3.963002177848702e-13,7.191539667048042e-06,0.9999928081791862,1.144098234458482e-12,1.2768212873369365e-12,1.6592899125665465e-15
EFT:2.2666292875964856e-10,5.0754097095807845e-11,9.712084814599865e-14,8.13804672465986e-13,3.9630021778486603e-13,7.191539667047953e-06,0.9999928081791862,1.14409823445847e-12,1.2768212873369276e-12,1.6592899125665347e-15
Random135
Raw:2.2666292875964936e-10,5.075409709580802e-11,9.712084814599795e-14,8.138046724659889e-13,3.9630021778486603e-13,7.1915396670479655e-06,0.9999928081791862,1.144098234458466e-12,1.276821287336923e-12,1.6592899125665347e-15
EFT:2.2666292875964856e-10,5.0754097095807845e-11,9.712084814599865e-14,8.13804672465986e-13,3.9630021778486603e-13,7.191539667047953e-06,0.9999928081791862,1.14409823445847e-12,1.2768212873369276e-12,1.6592899125665347e-15
Random136
Raw:2.2666292875964856e-10,5.075409709580802e-11,9.712084814599865e-14,8.138046724659831e-13,3.9630021778486744e-13,7.19153966704794e-06,0.9999928081791862,1.144098234458474e-12,1.2768212873369276e-12,1.6592899125665347e-15
EFT:2.2666292875964856e-10,5.075409709580802e-11,9.712084814599865e-14,8.13804672465986e-13,3.9630021778486603e-13,7.191539667047953e-06,0.9999928081791862,1.14409823445847e-12,1.2768212873369276e-12,1.6592899125665347e-15
Random137
Raw:2.2666292875964776e-10,5.075409709580748e-11,9.712084814599795e-14,8.138046724659831e-13,3.9630021778486603e-13,7.191539667047915e-06,0.9999928081791862,1.144098234458466e-12,1.276821287336923e-12,1.6592899125665347e-15
EFT:2.2666292875964856e-10,5.0754097095807845e-11,9.712084814599865e-14,8.13804672465986e-13,3.9630021778486603e-13,7.1915396670479655e-06,0.9999928081791862,1.14409823445847e-12,1.2768212873369276e-12,1.6592899125665347e-15
Random138
Raw:2.2666292875964776e-10,5.0754097095807664e-11,9.712084814599795e-14,8.138046724659831e-13,3.9630021778486603e-13,7.191539667047953e-06,0.9999928081791862,1.144098234458466e-12,1.276821287336923e-12,1.6592899125665229e-15
EFT:2.2666292875964856e-10,5.0754097095807845e-11,9.712084814599865e-14,8.13804672465986e-13,3.9630021778486603e-13,7.191539667047953e-06,0.9999928081791862,1.14409823445847e-12,1.2768212873369276e-12,1.6592899125665347e-15
Random139
Raw:2.2666292875964776e-10,5.075409709580802e-11,9.712084814599795e-14,8.138046724659831e-13,3.9630021778486744e-13,7.1915396670479655e-06,0.9999928081791862,1.14409823445847e-12,1.276821287336923e-12,1.6592899125665229e-15
EFT:2.2666292875964856e-10,5.0754097095807845e-11,9.712084814599865e-14,8.13804672465986e-13,3.9630021778486603e-13,7.1915396670479655e-06,0.9999928081791862,1.14409823445847e-12,1.2768212873369276e-12,1.6592899125665347e-15
Random140
Raw:2.2666292875964936e-10,5.075409709580802e-11,9.712084814599934e-14,8.138046724659889e-13,3.9630021778486744e-13,7.191539667047978e-06,0.9999928081791862,1.144098234458474e-12,1.2768212873369276e-12,1.6592899125665465e-15
EFT:2.2666292875964856e-10,5.0754097095807845e-11,9.712084814599865e-14,8.13804672465986e-13,3.9630021778486603e-13,7.191539667047953e-06,0.9999928081791862,1.14409823445847e-12,1.2768212873369276e-12,1.6592899125665347e-15
Random141
Raw:2.2666292875964856e-10,5.075409709580802e-11,9.712084814599865e-14,8.13804672465986e-13,3.9630021778486603e-13,7.1915396670479655e-06,0.9999928081791862,1.144098234458474e-12,1.2768212873369276e-12,1.6592899125665229e-15
EFT:2.2666292875964856e-10,5.0754097095807845e-11,9.712084814599865e-14,8.13804672465986e-13,3.9630021778486603e-13,7.1915396670479655e-06,0.9999928081791862,1.14409823445847e-12,1.2768212873369276e-12,1.6592899125665347e-15
Random142
Raw:2.2666292875964696e-10,5.075409709580748e-11,9.712084814599727e-14,8.138046724659773e-13,3.963002177848646e-13,7.191539667047953e-06,0.9999928081791862,1.1440982344584578e-12,1.2768212873369185e-12,1.6592899125665229e-15
EFT:2.2666292875964856e-10,5.0754097095807845e-11,9.712084814599865e-14,8.13804672465986e-13,3.9630021778486603e-13,7.191539667047953e-06,0.9999928081791862,1.14409823445847e-12,1.2768212873369276e-12,1.6592899125665347e-15
Random143
Raw:2.2666292875964936e-10,5.075409709580802e-11,9.712084814599899e-14,8.138046724659831e-13,3.9630021778486603e-13,7.19153966704794e-06,0.9999928081791862,1.144098234458474e-12,1.2768212873369185e-12,1.6592899125665347e-15
EFT:2.2666292875964856e-10,5.0754097095807845e-11,9.712084814599865e-14,8.13804672465986e-13,3.9630021778486603e-13,7.191539667047953e-06,0.9999928081791862,1.14409823445847e-12,1.2768212873369276e-12,1.6592899125665347e-15
Random144
Raw:2.2666292875964856e-10,5.075409709580802e-11,9.712084814599934e-14,8.138046724659889e-13,3.9630021778486744e-13,7.1915396670480036e-06,0.9999928081791862,1.144098234458474e-12,1.2768212873369365e-12,1.6592899125665465e-15
EFT:2.2666292875964856e-10,5.075409709580802e-11,9.712084814599865e-14,8.13804672465986e-13,3.9630021778486603e-13,7.191539667047953e-06,0.9999928081791862,1.14409823445847e-12,1.2768212873369276e-12,1.6592899125665347e-15
Random145
Raw:2.2666292875964856e-10,5.075409709580838e-11,9.712084814599934e-14,8.138046724659918e-13,3.963002177848646e-13,7.191539667048042e-06,0.9999928081791862,1.144098234458474e-12,1.276821287336923e-12,1.6592899125665347e-15
EFT:2.2666292875964856e-10,5.0754097095807845e-11,9.712084814599865e-14,8.13804672465986e-13,3.9630021778486603e-13,7.1915396670479655e-06,0.9999928081791862,1.14409823445847e-12,1.2768212873369276e-12,1.6592899125665347e-15
Random146
Raw:2.2666292875964856e-10,5.07540970958082e-11,9.712084814599934e-14,8.138046724659889e-13,3.9630021778486744e-13,7.191539667047991e-06,0.9999928081791862,1.144098234458478e-12,1.2768212873369365e-12,1.6592899125665465e-15
EFT:2.2666292875964856e-10,5.0754097095807845e-11,9.712084814599865e-14,8.13804672465986e-13,3.9630021778486603e-13,7.191539667047953e-06,0.9999928081791862,1.14409823445847e-12,1.2768212873369276e-12,1.6592899125665347e-15
Random147
Raw:2.2666292875964696e-10,5.075409709580802e-11,9.712084814599865e-14,8.138046724659803e-13,3.963002177848632e-13,7.19153966704794e-06,0.9999928081791862,1.144098234458466e-12,1.276821287336923e-12,1.659289912566511e-15
EFT:2.2666292875964856e-10,5.0754097095807845e-11,9.712084814599865e-14,8.13804672465986e-13,3.9630021778486603e-13,7.1915396670479655e-06,0.9999928081791862,1.14409823445847e-12,1.2768212873369276e-12,1.6592899125665347e-15
Random148
Raw:2.2666292875964613e-10,5.07540970958073e-11,9.712084814599795e-14,8.138046724659773e-13,3.963002177848646e-13,7.191539667047876e-06,0.9999928081791862,1.1440982344584578e-12,1.2768212873369139e-12,1.659289912566511e-15
EFT:2.2666292875964856e-10,5.0754097095807845e-11,9.712084814599865e-14,8.13804672465986e-13,3.9630021778486603e-13,7.1915396670479655e-06,0.9999928081791862,1.14409823445847e-12,1.2768212873369276e-12,1.6592899125665347e-15
Random149
Raw:2.2666292875964776e-10,5.0754097095807845e-11,9.712084814599865e-14,8.138046724659831e-13,3.9630021778486744e-13,7.191539667047991e-06,0.9999928081791862,1.144098234458474e-12,1.2768212873369276e-12,1.6592899125665347e-15
EFT:2.2666292875964856e-10,5.0754097095807845e-11,9.712084814599865e-14,8.13804672465986e-13,3.9630021778486603e-13,7.191539667047953e-06,0.9999928081791862,1.14409823445847e-12,1.2768212873369276e-12,1.6592899125665347e-15
Random150
Raw:2.2666292875964856e-10,5.075409709580748e-11,9.712084814599865e-14,8.13804672465986e-13,3.9630021778486603e-13,7.191539667047927e-06,0.9999928081791862,1.144098234458466e-12,1.2768212873369139e-12,1.6592899125665347e-15
EFT:2.2666292875964856e-10,5.0754097095807845e-11,9.712084814599865e-14,8.13804672465986e-13,3.9630021778486603e-13,7.1915396670479655e-06,0.9999928081791862,1.14409823445847e-12,1.2768212873369276e-12,1.6592899125665347e-15
Random151
Raw:2.2666292875964856e-10,5.0754097095807845e-11,9.712084814599865e-14,8.13804672465986e-13,3.9630021778486744e-13,7.1915396670479655e-06,0.9999928081791862,1.14409823445847e-12,1.2768212873369276e-12,1.6592899125665465e-15
EFT:2.2666292875964856e-10,5.0754097095807845e-11,9.712084814599865e-14,8.13804672465986e-13,3.9630021778486603e-13,7.1915396670479655e-06,0.9999928081791862,1.14409823445847e-12,1.2768212873369276e-12,1.6592899125665347e-15
Random152
Raw:2.2666292875964856e-10,5.0754097095807845e-11,9.712084814599934e-14,8.138046724659831e-13,3.9630021778486744e-13,7.1915396670479655e-06,0.9999928081791862,1.144098234458466e-12,1.276821287336923e-12,1.6592899125665347e-15
EFT:2.2666292875964856e-10,5.0754097095807845e-11,9.712084814599865e-14,8.13804672465986e-13,3.9630021778486603e-13,7.191539667047953e-06,0.9999928081791862,1.14409823445847e-12,1.2768212873369276e-12,1.6592899125665347e-15
Random153
Raw:2.2666292875964856e-10,5.0754097095807845e-11,9.712084814599865e-14,8.138046724659831e-13,3.963002177848646e-13,7.191539667047978e-06,0.9999928081791862,1.144098234458466e-12,1.2768212873369276e-12,1.6592899125665347e-15
EFT:2.2666292875964856e-10,5.0754097095807845e-11,9.712084814599865e-14,8.13804672465986e-13,3.9630021778486603e-13,7.1915396670479655e-06,0.9999928081791862,1.14409823445847e-12,1.2768212873369276e-12,1.6592899125665347e-15
Random154
Raw:2.2666292875964776e-10,5.0754097095807664e-11,9.712084814599899e-14,8.138046724659889e-13,3.9630021778486603e-13,7.191539667047978e-06,0.9999928081791862,1.144098234458474e-12,1.276821287336923e-12,1.6592899125665347e-15
EFT:2.2666292875964856e-10,5.0754097095807845e-11,9.712084814599865e-14,8.13804672465986e-13,3.9630021778486603e-13,7.191539667047953e-06,0.9999928081791862,1.14409823445847e-12,1.2768212873369276e-12,1.6592899125665347e-15
Random155
Raw:2.2666292875964856e-10,5.075409709580838e-11,9.712084814599899e-14,8.138046724659889e-13,3.9630021778486744e-13,7.191539667047991e-06,0.9999928081791862,1.144098234458474e-12,1.2768212873369365e-12,1.6592899125665465e-15
EFT:2.2666292875964856e-10,5.0754097095807845e-11,9.712084814599865e-14,8.13804672465986e-13,3.9630021778486603e-13,7.1915396670479655e-06,0.9999928081791862,1.14409823445847e-12,1.2768212873369276e-12,1.6592899125665347e-15
Random156
Raw:2.2666292875964696e-10,5.075409709580802e-11,9.712084814599829e-14,8.138046724659831e-13,3.963002177848646e-13,7.1915396670480036e-06,0.9999928081791862,1.144098234458474e-12,1.276821287336923e-12,1.6592899125665229e-15
EFT:2.2666292875964856e-10,5.0754097095807845e-11,9.712084814599865e-14,8.13804672465986e-13,3.9630021778486603e-13,7.1915396670479655e-06,0.9999928081791862,1.14409823445847e-12,1.2768212873369276e-12,1.6592899125665347e-15
Random157
Raw:2.2666292875964776e-10,5.075409709580748e-11,9.712084814599795e-14,8.138046724659803e-13,3.963002177848618e-13,7.191539667047915e-06,0.9999928081791862,1.1440982344584619e-12,1.2768212873369094e-12,1.6592899125665229e-15
EFT:2.2666292875964856e-10,5.0754097095807845e-11,9.712084814599865e-14,8.13804672465986e-13,3.9630021778486603e-13,7.1915396670479655e-06,0.9999928081791862,1.14409823445847e-12,1.2768212873369276e-12,1.6592899125665347e-15
Random158
Raw:2.2666292875965096e-10,5.07540970958082e-11,9.712084814599899e-14,8.138046724659889e-13,3.963002177848702e-13,7.191539667048016e-06,0.9999928081791862,1.144098234458478e-12,1.276821287336932e-12,1.6592899125665465e-15
EFT:2.2666292875964856e-10,5.0754097095807845e-11,9.712084814599865e-14,8.13804672465986e-13,3.9630021778486603e-13,7.191539667047953e-06,0.9999928081791862,1.14409823445847e-12,1.2768212873369276e-12,1.6592899125665347e-15
Random159
Raw:2.2666292875964776e-10,5.0754097095807845e-11,9.712084814599865e-14,8.138046724659831e-13,3.963002177848646e-13,7.19153966704794e-06,0.9999928081791862,1.1440982344584619e-12,1.2768212873369276e-12,1.6592899125665229e-15
EFT:2.2666292875964856e-10,5.0754097095807845e-11,9.712084814599865e-14,8.13804672465986e-13,3.9630021778486603e-13,7.1915396670479655e-06,0.9999928081791862,1.14409823445847e-12,1.2768212873369276e-12,1.6592899125665347e-15
Random160
Raw:2.2666292875964696e-10,5.0754097095807845e-11,9.712084814599795e-14,8.138046724659773e-13,3.963002177848618e-13,7.191539667047978e-06,0.9999928081791862,1.144098234458466e-12,1.2768212873369094e-12,1.6592899125665229e-15
EFT:2.2666292875964856e-10,5.0754097095807845e-11,9.712084814599865e-14,8.13804672465986e-13,3.9630021778486603e-13,7.1915396670479655e-06,0.9999928081791862,1.14409823445847e-12,1.2768212873369276e-12,1.6592899125665347e-15
Random161
Raw:2.2666292875964936e-10,5.0754097095807845e-11,9.712084814599865e-14,8.138046724659889e-13,3.9630021778486744e-13,7.191539667047991e-06,0.9999928081791862,1.144098234458474e-12,1.276821287336932e-12,1.6592899125665465e-15
EFT:2.2666292875964856e-10,5.0754097095807845e-11,9.712084814599865e-14,8.13804672465986e-13,3.9630021778486603e-13,7.1915396670479655e-06,0.9999928081791862,1.14409823445847e-12,1.2768212873369276e-12,1.6592899125665347e-15
Random162
Raw:2.2666292875964696e-10,5.075409709580748e-11,9.712084814599829e-14,8.138046724659831e-13,3.963002177848646e-13,7.191539667047953e-06,0.9999928081791862,1.144098234458466e-12,1.2768212873369185e-12,1.659289912566511e-15
EFT:2.2666292875964856e-10,5.0754097095807845e-11,9.712084814599865e-14,8.13804672465986e-13,3.9630021778486603e-13,7.1915396670479655e-06,0.9999928081791862,1.14409823445847e-12,1.2768212873369276e-12,1.6592899125665347e-15
Random163
Raw:2.2666292875964856e-10,5.0754097095807845e-11,9.712084814599865e-14,8.13804672465986e-13,3.9630021778486603e-13,7.191539667047953e-06,0.9999928081791862,1.14409823445847e-12,1.276821287336932e-12,1.6592899125665465e-15
EFT:2.2666292875964856e-10,5.0754097095807845e-11,9.712084814599865e-14,8.13804672465986e-13,3.9630021778486603e-13,7.1915396670479655e-06,0.9999928081791862,1.14409823445847e-12,1.2768212873369276e-12,1.6592899125665347e-15
Random164
Raw:2.2666292875964613e-10,5.0754097095807845e-11,9.712084814599865e-14,8.138046724659803e-13,3.9630021778486603e-13,7.19153966704794e-06,0.9999928081791862,1.144098234458466e-12,1.276821287336923e-12,1.6592899125665229e-15
EFT:2.2666292875964856e-10,5.0754097095807845e-11,9.712084814599865e-14,8.13804672465986e-13,3.9630021778486603e-13,7.191539667047953e-06,0.9999928081791862,1.14409823445847e-12,1.2768212873369276e-12,1.6592899125665347e-15
Random165
Raw:2.2666292875964856e-10,5.0754097095807845e-11,9.712084814599829e-14,8.138046724659889e-13,3.9630021778486603e-13,7.191539667047991e-06,0.9999928081791862,1.144098234458466e-12,1.276821287336923e-12,1.6592899125665465e-15
EFT:2.2666292875964856e-10,5.0754097095807845e-11,9.712084814599865e-14,8.13804672465986e-13,3.9630021778486603e-13,7.1915396670479655e-06,0.9999928081791862,1.14409823445847e-12,1.2768212873369276e-12,1.6592899125665347e-15
Random166
Raw:2.2666292875964936e-10,5.075409709580802e-11,9.712084814599865e-14,8.138046724659889e-13,3.963002177848646e-13,7.191539667048016e-06,0.9999928081791862,1.144098234458474e-12,1.276821287336932e-12,1.6592899125665465e-15
EFT:2.2666292875964856e-10,5.0754097095807845e-11,9.712084814599865e-14,8.13804672465986e-13,3.9630021778486603e-13,7.1915396670479655e-06,0.9999928081791862,1.14409823445847e-12,1.2768212873369276e-12,1.6592899125665347e-15
Random167
Raw:2.2666292875965016e-10,5.07540970958082e-11,9.712084814599934e-14,8.138046724659918e-13,3.963002177848688e-13,7.191539667047991e-06,0.9999928081791862,1.144098234458482e-12,1.276821287336932e-12,1.6592899125665465e-15
EFT:2.2666292875964856e-10,5.0754097095807845e-11,9.712084814599865e-14,8.13804672465986e-13,3.9630021778486603e-13,7.1915396670479655e-06,0.9999928081791862,1.14409823445847e-12,1.2768212873369276e-12,1.6592899125665347e-15
Random168
Raw:2.2666292875964936e-10,5.0754097095807664e-11,9.712084814599865e-14,8.138046724659831e-13,3.963002177848688e-13,7.1915396670479655e-06,0.9999928081791862,1.144098234458466e-12,1.2768212873369276e-12,1.6592899125665465e-15
EFT:2.2666292875964856e-10,5.0754097095807845e-11,9.712084814599865e-14,8.13804672465986e-13,3.9630021778486603e-13,7.191539667047953e-06,0.9999928081791862,1.14409823445847e-12,1.2768212873369276e-12,1.6592899125665347e-15
Random169
Raw:2.2666292875964776e-10,5.0754097095807845e-11,9.712084814599865e-14,8.13804672465986e-13,3.963002177848646e-13,7.19153966704794e-06,0.9999928081791862,1.1440982344584619e-12,1.276821287336923e-12,1.6592899125665229e-15
EFT:2.2666292875964856e-10,5.0754097095807845e-11,9.712084814599865e-14,8.13804672465986e-13,3.9630021778486603e-13,7.1915396670479655e-06,0.9999928081791862,1.14409823445847e-12,1.2768212873369276e-12,1.6592899125665347e-15
Random170
Raw:2.2666292875964856e-10,5.0754097095807845e-11,9.712084814599899e-14,8.138046724659889e-13,3.9630021778486603e-13,7.1915396670480036e-06,0.9999928081791862,1.144098234458474e-12,1.2768212873369365e-12,1.6592899125665465e-15
EFT:2.2666292875964856e-10,5.0754097095807845e-11,9.712084814599865e-14,8.13804672465986e-13,3.9630021778486603e-13,7.1915396670479655e-06,0.9999928081791862,1.14409823445847e-12,1.2768212873369276e-12,1.6592899125665347e-15
Random171
Raw:2.2666292875965016e-10,5.0754097095807845e-11,9.712084814599934e-14,8.138046724659889e-13,3.963002177848688e-13,7.1915396670479655e-06,0.9999928081791862,1.144098234458474e-12,1.276821287336932e-12,1.6592899125665465e-15
EFT:2.2666292875964856e-10,5.0754097095807845e-11,9.712084814599865e-14,8.13804672465986e-13,3.9630021778486603e-13,7.1915396670479655e-06,0.9999928081791862,1.14409823445847e-12,1.2768212873369276e-12,1.6592899125665347e-15
Random172
Raw:2.2666292875964856e-10,5.075409709580802e-11,9.712084814599934e-14,8.138046724659889e-13,3.963002177848688e-13,7.1915396670479655e-06,0.9999928081791862,1.144098234458474e-12,1.276821287336932e-12,1.6592899125665465e-15
EFT:2.2666292875964856e-10,5.0754097095807845e-11,9.712084814599865e-14,8.13804672465986e-13,3.9630021778486603e-13,7.1915396670479655e-06,0.9999928081791862,1.14409823445847e-12,1.2768212873369276e-12,1.6592899125665347e-15
Random173
Raw:2.2666292875964856e-10,5.075409709580748e-11,9.712084814599865e-14,8.138046724659831e-13,3.963002177848646e-13,7.191539667047927e-06,0.9999928081791862,1.144098234458466e-12,1.2768212873369185e-12,1.6592899125665229e-15
EFT:2.2666292875964856e-10,5.0754097095807845e-11,9.712084814599865e-14,8.13804672465986e-13,3.9630021778486603e-13,7.191539667047953e-06,0.9999928081791862,1.14409823445847e-12,1.2768212873369276e-12,1.6592899125665347e-15
Random174
Raw:2.2666292875964856e-10,5.0754097095807845e-11,9.712084814599795e-14,8.13804672465986e-13,3.963002177848646e-13,7.1915396670479655e-06,0.9999928081791862,1.144098234458466e-12,1.2768212873369185e-12,1.6592899125665347e-15
EFT:2.2666292875964856e-10,5.0754097095807845e-11,9.712084814599865e-14,8.13804672465986e-13,3.9630021778486603e-13,7.191539667047953e-06,0.9999928081791862,1.14409823445847e-12,1.2768212873369276e-12,1.6592899125665347e-15
Random175
Raw:2.2666292875964696e-10,5.0754097095807845e-11,9.712084814599795e-14,8.138046724659803e-13,3.963002177848646e-13,7.1915396670479655e-06,0.9999928081791862,1.144098234458466e-12,1.2768212873369185e-12,1.6592899125665229e-15
EFT:2.2666292875964856e-10,5.0754097095807845e-11,9.712084814599865e-14,8.13804672465986e-13,3.9630021778486603e-13,7.1915396670479655e-06,0.9999928081791862,1.14409823445847e-12,1.2768212873369276e-12,1.6592899125665347e-15
Random176
Raw:2.2666292875964856e-10,5.075409709580802e-11,9.712084814599865e-14,8.138046724659889e-13,3.9630021778486603e-13,7.191539667048029e-06,0.9999928081791862,1.144098234458474e-12,1.2768212873369365e-12,1.6592899125665465e-15
EFT:2.2666292875964856e-10,5.0754097095807845e-11,9.712084814599865e-14,8.13804672465986e-13,3.9630021778486603e-13,7.1915396670479655e-06,0.9999928081791862,1.14409823445847e-12,1.2768212873369276e-12,1.6592899125665347e-15
Random177
Raw:2.2666292875964856e-10,5.0754097095807845e-11,9.712084814599829e-14,8.138046724659831e-13,3.963002177848646e-13,7.191539667047978e-06,0.9999928081791862,1.14409823445847e-12,1.276821287336932e-12,1.6592899125665347e-15
EFT:2.2666292875964856e-10,5.0754097095807845e-11,9.712084814599865e-14,8.13804672465986e-13,3.9630021778486603e-13,7.1915396670479655e-06,0.9999928081791862,1.14409823445847e-12,1.2768212873369276e-12,1.6592899125665347e-15
Random178
Raw:2.2666292875964856e-10,5.0754097095807664e-11,9.712084814599795e-14,8.138046724659831e-13,3.9630021778486603e-13,7.19153966704794e-06,0.9999928081791862,1.144098234458466e-12,1.2768212873369139e-12,1.6592899125665229e-15
EFT:2.2666292875964856e-10,5.0754097095807845e-11,9.712084814599865e-14,8.13804672465986e-13,3.9630021778486603e-13,7.1915396670479655e-06,0.9999928081791862,1.14409823445847e-12,1.2768212873369276e-12,1.6592899125665347e-15
Random179
Raw:2.2666292875964613e-10,5.0754097095807664e-11,9.712084814599795e-14,8.138046724659773e-13,3.963002177848632e-13,7.19153966704794e-06,0.9999928081791862,1.1440982344584619e-12,1.2768212873369185e-12,1.6592899125665229e-15
EFT:2.2666292875964856e-10,5.0754097095807845e-11,9.712084814599865e-14,8.13804672465986e-13,3.9630021778486603e-13,7.1915396670479655e-06,0.9999928081791862,1.14409823445847e-12,1.2768212873369276e-12,1.6592899125665347e-15
Random180
Raw:2.2666292875964696e-10,5.07540970958082e-11,9.712084814599865e-14,8.138046724659831e-13,3.963002177848646e-13,7.191539667047927e-06,0.9999928081791862,1.144098234458466e-12,1.2768212873369185e-12,1.6592899125665229e-15
EFT:2.2666292875964856e-10,5.0754097095807845e-11,9.712084814599865e-14,8.13804672465986e-13,3.9630021778486603e-13,7.1915396670479655e-06,0.9999928081791862,1.14409823445847e-12,1.2768212873369276e-12,1.6592899125665347e-15
Random181
Raw:2.2666292875964856e-10,5.075409709580748e-11,9.712084814599795e-14,8.138046724659831e-13,3.963002177848646e-13,7.19153966704794e-06,0.9999928081791862,1.1440982344584619e-12,1.2768212873369139e-12,1.6592899125665347e-15
EFT:2.2666292875964856e-10,5.0754097095807845e-11,9.712084814599865e-14,8.13804672465986e-13,3.9630021778486603e-13,7.1915396670479655e-06,0.9999928081791862,1.14409823445847e-12,1.2768212873369276e-12,1.6592899125665347e-15
Random182
Raw:2.2666292875964936e-10,5.075409709580838e-11,9.712084814599865e-14,8.138046724659889e-13,3.963002177848702e-13,7.191539667047978e-06,0.9999928081791862,1.144098234458474e-12,1.2768212873369276e-12,1.6592899125665465e-15
EFT:2.2666292875964856e-10,5.0754097095807845e-11,9.712084814599865e-14,8.13804672465986e-13,3.9630021778486603e-13,7.1915396670479655e-06,0.9999928081791862,1.14409823445847e-12,1.2768212873369276e-12,1.6592899125665347e-15
Random183
Raw:2.2666292875964936e-10,5.07540970958082e-11,9.712084814599899e-14,8.138046724659889e-13,3.9630021778486744e-13,7.191539667047991e-06,0.9999928081791862,1.144098234458474e-12,1.2768212873369276e-12,1.6592899125665347e-15
EFT:2.2666292875964856e-10,5.0754097095807845e-11,9.712084814599865e-14,8.13804672465986e-13,3.9630021778486603e-13,7.1915396670479655e-06,0.9999928081791862,1.14409823445847e-12,1.2768212873369276e-12,1.6592899125665347e-15
Random184
Raw:2.2666292875964936e-10,5.075409709580802e-11,9.712084814599865e-14,8.13804672465986e-13,3.9630021778486603e-13,7.1915396670479655e-06,0.9999928081791862,1.14409823445847e-12,1.2768212873369276e-12,1.6592899125665347e-15
EFT:2.2666292875964856e-10,5.0754097095807845e-11,9.712084814599865e-14,8.13804672465986e-13,3.9630021778486603e-13,7.1915396670479655e-06,0.9999928081791862,1.14409823445847e-12,1.2768212873369276e-12,1.6592899125665347e-15
Random185
Raw:2.2666292875964936e-10,5.07540970958082e-11,9.712084814599934e-14,8.138046724659889e-13,3.9630021778486744e-13,7.191539667047991e-06,0.9999928081791862,1.144098234458474e-12,1.2768212873369276e-12,1.6592899125665465e-15
EFT:2.2666292875964856e-10,5.0754097095807845e-11,9.712084814599865e-14,8.13804672465986e-13,3.9630021778486603e-13,7.1915396670479655e-06,0.9999928081791862,1.14409823445847e-12,1.2768212873369276e-12,1.6592899125665347e-15
Random186
Raw:2.2666292875964936e-10,5.0754097095807664e-11,9.712084814599795e-14,8.138046724659831e-13,3.9630021778486603e-13,7.19153966704794e-06,0.9999928081791862,1.144098234458466e-12,1.2768212873369139e-12,1.6592899125665347e-15
EFT:2.2666292875964856e-10,5.0754097095807845e-11,9.712084814599865e-14,8.13804672465986e-13,3.9630021778486603e-13,7.191539667047953e-06,0.9999928081791862,1.14409823445847e-12,1.2768212873369276e-12,1.6592899125665347e-15
Random187
Raw:2.2666292875964613e-10,5.07540970958073e-11,9.712084814599761e-14,8.138046724659803e-13,3.963002177848632e-13,7.191539667047927e-06,0.9999928081791862,1.1440982344584578e-12,1.2768212873369139e-12,1.6592899125665229e-15
EFT:2.2666292875964856e-10,5.0754097095807845e-11,9.712084814599865e-14,8.13804672465986e-13,3.9630021778486603e-13,7.191539667047953e-06,0.9999928081791862,1.14409823445847e-12,1.2768212873369276e-12,1.6592899125665347e-15
Random188
Raw:2.2666292875964776e-10,5.0754097095807664e-11,9.712084814599795e-14,8.138046724659831e-13,3.963002177848646e-13,7.19153966704794e-06,0.9999928081791862,1.144098234458466e-12,1.2768212873369185e-12,1.6592899125665229e-15
EFT:2.2666292875964856e-10,5.0754097095807845e-11,9.712084814599865e-14,8.13804672465986e-13,3.9630021778486603e-13,7.1915396670479655e-06,0.9999928081791862,1.14409823445847e-12,1.2768212873369276e-12,1.6592899125665347e-15
Random189
Raw:2.2666292875965016e-10,5.075409709580838e-11,9.712084814600002e-14,8.138046724659947e-13,3.963002177848702e-13,7.191539667048016e-06,0.9999928081791862,1.144098234458482e-12,1.2768212873369456e-12,1.6592899125665465e-15
EFT:2.2666292875964856e-10,5.075409709580802e-11,9.712084814599865e-14,8.13804672465986e-13,3.9630021778486603e-13,7.191539667047953e-06,0.9999928081791862,1.14409823445847e-12,1.2768212873369276e-12,1.6592899125665347e-15
Random190
Raw:2.2666292875964856e-10,5.075409709580748e-11,9.712084814599899e-14,8.138046724659889e-13,3.9630021778486744e-13,7.191539667047953e-06,0.9999928081791862,1.144098234458466e-12,1.2768212873369276e-12,1.6592899125665347e-15
EFT:2.2666292875964856e-10,5.075409709580802e-11,9.712084814599865e-14,8.13804672465986e-13,3.9630021778486603e-13,7.191539667047953e-06,0.9999928081791862,1.14409823445847e-12,1.2768212873369276e-12,1.6592899125665347e-15
Random191
Raw:2.2666292875964936e-10,5.0754097095807845e-11,9.712084814599865e-14,8.138046724659889e-13,3.963002177848702e-13,7.1915396670479655e-06,0.9999928081791862,1.144098234458474e-12,1.2768212873369365e-12,1.6592899125665465e-15
EFT:2.2666292875964856e-10,5.075409709580802e-11,9.712084814599865e-14,8.13804672465986e-13,3.9630021778486603e-13,7.191539667047953e-06,0.9999928081791862,1.14409823445847e-12,1.2768212873369276e-12,1.6592899125665347e-15
Random192
Raw:2.2666292875964856e-10,5.075409709580802e-11,9.712084814599865e-14,8.138046724659831e-13,3.9630021778486744e-13,7.191539667047953e-06,0.9999928081791862,1.144098234458466e-12,1.2768212873369276e-12,1.6592899125665465e-15
EFT:2.2666292875964856e-10,5.0754097095807845e-11,9.712084814599865e-14,8.13804672465986e-13,3.9630021778486603e-13,7.1915396670479655e-06,0.9999928081791862,1.14409823445847e-12,1.2768212873369276e-12,1.6592899125665347e-15
Random193
Raw:2.2666292875964936e-10,5.0754097095807845e-11,9.712084814599899e-14,8.138046724659889e-13,3.9630021778486744e-13,7.19153966704794e-06,0.9999928081791862,1.144098234458466e-12,1.2768212873369276e-12,1.6592899125665347e-15
EFT:2.2666292875964856e-10,5.0754097095807845e-11,9.712084814599865e-14,8.13804672465986e-13,3.9630021778486603e-13,7.191539667047953e-06,0.9999928081791862,1.14409823445847e-12,1.2768212873369276e-12,1.6592899125665347e-15
Random194
Raw:2.2666292875964776e-10,5.0754097095807845e-11,9.712084814599865e-14,8.138046724659889e-13,3.9630021778486744e-13,7.191539667047978e-06,0.9999928081791862,1.144098234458474e-12,1.2768212873369276e-12,1.6592899125665347e-15
EFT:2.2666292875964856e-10,5.0754097095807845e-11,9.712084814599865e-14,8.13804672465986e-13,3.9630021778486603e-13,7.1915396670479655e-06,0.9999928081791862,1.14409823445847e-12,1.2768212873369276e-12,1.6592899125665347e-15
Random195
Raw:2.2666292875964776e-10,5.0754097095807845e-11,9.712084814599865e-14,8.138046724659889e-13,3.963002177848688e-13,7.191539667047978e-06,0.9999928081791862,1.144098234458466e-12,1.2768212873369365e-12,1.6592899125665347e-15
EFT:2.2666292875964856e-10,5.0754097095807845e-11,9.712084814599865e-14,8.13804672465986e-13,3.9630021778486603e-13,7.1915396670479655e-06,0.9999928081791862,1.14409823445847e-12,1.2768212873369276e-12,1.6592899125665347e-15
Random196
Raw:2.2666292875964856e-10,5.0754097095807664e-11,9.712084814599829e-14,8.138046724659831e-13,3.9630021778486603e-13,7.191539667047953e-06,0.9999928081791862,1.14409823445847e-12,1.2768212873369276e-12,1.6592899125665347e-15
EFT:2.2666292875964856e-10,5.0754097095807845e-11,9.712084814599865e-14,8.13804672465986e-13,3.9630021778486603e-13,7.191539667047953e-06,0.9999928081791862,1.14409823445847e-12,1.2768212873369276e-12,1.6592899125665347e-15
Random197
Raw:2.2666292875964696e-10,5.0754097095807664e-11,9.712084814599795e-14,8.138046724659803e-13,3.963002177848618e-13,7.1915396670479655e-06,0.9999928081791862,1.144098234458466e-12,1.2768212873369185e-12,1.6592899125665229e-15
EFT:2.2666292875964856e-10,5.0754097095807845e-11,9.712084814599865e-14,8.13804672465986e-13,3.9630021778486603e-13,7.191539667047953e-06,0.9999928081791862,1.14409823445847e-12,1.2768212873369276e-12,1.6592899125665347e-15
Random198
Raw:2.2666292875964533e-10,5.075409709580748e-11,9.712084814599795e-14,8.138046724659773e-13,3.963002177848618e-13,7.191539667047927e-06,0.9999928081791862,1.1440982344584619e-12,1.2768212873369139e-12,1.6592899125665229e-15
EFT:2.2666292875964856e-10,5.0754097095807845e-11,9.712084814599865e-14,8.13804672465986e-13,3.9630021778486603e-13,7.191539667047953e-06,0.9999928081791862,1.14409823445847e-12,1.2768212873369276e-12,1.6592899125665347e-15
Random199
Raw:2.2666292875964776e-10,5.0754097095807845e-11,9.712084814599865e-14,8.138046724659831e-13,3.9630021778486744e-13,7.191539667047978e-06,0.9999928081791862,1.144098234458474e-12,1.2768212873369276e-12,1.6592899125665347e-15
EFT:2.2666292875964856e-10,5.0754097095807845e-11,9.712084814599865e-14,8.13804672465986e-13,3.9630021778486603e-13,7.1915396670479655e-06,0.9999928081791862,1.14409823445847e-12,1.2768212873369276e-12,1.6592899125665347e-15
Random200
Raw:2.2666292875964856e-10,5.0754097095807664e-11,9.712084814599829e-14,8.138046724659831e-13,3.9630021778486603e-13,7.1915396670479655e-06,0.9999928081791862,1.14409823445847e-12,1.2768212873369185e-12,1.6592899125665465e-15
EFT:2.2666292875964856e-10,5.0754097095807845e-11,9.712084814599865e-14,8.13804672465986e-13,3.9630021778486603e-13,7.1915396670479655e-06,0.9999928081791862,1.14409823445847e-12,1.2768212873369276e-12,1.6592899125665347e-15
Random201
Raw:2.2666292875964856e-10,5.0754097095807845e-11,9.712084814599865e-14,8.13804672465986e-13,3.9630021778486603e-13,7.191539667047888e-06,0.9999928081791862,1.1440982344584619e-12,1.276821287336923e-12,1.6592899125665229e-15
EFT:2.2666292875964856e-10,5.0754097095807845e-11,9.712084814599865e-14,8.13804672465986e-13,3.9630021778486603e-13,7.1915396670479655e-06,0.9999928081791862,1.14409823445847e-12,1.2768212873369276e-12,1.6592899125665347e-15
Random202
Raw:2.2666292875964936e-10,5.075409709580802e-11,9.712084814599899e-14,8.138046724659889e-13,3.963002177848688e-13,7.1915396670480036e-06,0.9999928081791862,1.14409823445847e-12,1.2768212873369276e-12,1.6592899125665347e-15
EFT:2.2666292875964856e-10,5.0754097095807845e-11,9.712084814599865e-14,8.13804672465986e-13,3.9630021778486603e-13,7.191539667047953e-06,0.9999928081791862,1.14409823445847e-12,1.2768212873369276e-12,1.6592899125665347e-15
Random203
Raw:2.2666292875964776e-10,5.0754097095807845e-11,9.712084814599795e-14,8.138046724659831e-13,3.963002177848632e-13,7.19153966704794e-06,0.9999928081791862,1.144098234458466e-12,1.2768212873369185e-12,1.6592899125665229e-15
EFT:2.2666292875964856e-10,5.0754097095807845e-11,9.712084814599865e-14,8.13804672465986e-13,3.9630021778486603e-13,7.1915396670479655e-06,0.9999928081791862,1.14409823445847e-12,1.2768212873369276e-12,1.6592899125665347e-15
Random204
Raw:2.2666292875964856e-10,5.0754097095807845e-11,9.712084814599865e-14,8.13804672465986e-13,3.963002177848702e-13,7.191539667047978e-06,0.9999928081791862,1.144098234458466e-12,1.2768212873369276e-12,1.6592899125665347e-15
EFT:2.2666292875964856e-10,5.0754097095807845e-11,9.712084814599865e-14,8.13804672465986e-13,3.9630021778486603e-13,7.191539667047953e-06,0.9999928081791862,1.14409823445847e-12,1.2768212873369276e-12,1.6592899125665347e-15
Random205
Raw:2.2666292875964696e-10,5.0754097095807845e-11,9.712084814599899e-14,8.138046724659831e-13,3.963002177848646e-13,7.191539667047915e-06,0.9999928081791862,1.14409823445847e-12,1.276821287336923e-12,1.6592899125665229e-15
EFT:2.2666292875964856e-10,5.0754097095807845e-11,9.712084814599865e-14,8.13804672465986e-13,3.9630021778486603e-13,7.191539667047953e-06,0.9999928081791862,1.14409823445847e-12,1.2768212873369276e-12,1.6592899125665347e-15
Random206
Raw:2.2666292875964856e-10,5.0754097095807845e-11,9.712084814599865e-14,8.138046724659831e-13,3.9630021778486603e-13,7.1915396670479655e-06,0.9999928081791862,1.144098234458466e-12,1.276821287336923e-12,1.6592899125665347e-15
EFT:2.2666292875964856e-10,5.0754097095807845e-11,9.712084814599865e-14,8.13804672465986e-13,3.9630021778486603e-13,7.191539667047953e-06,0.9999928081791862,1.14409823445847e-12,1.2768212873369276e-12,1.6592899125665347e-15
Random207
Raw:2.2666292875964776e-10,5.07540970958082e-11,9.712084814599865e-14,8.138046724659831e-13,3.9630021778486603e-13,7.1915396670479655e-06,0.9999928081791862,1.144098234458466e-12,1.2768212873369276e-12,1.6592899125665465e-15
EFT:2.2666292875964856e-10,5.0754097095807845e-11,9.712084814599865e-14,8.13804672465986e-13,3.9630021778486603e-13,7.1915396670479655e-06,0.9999928081791862,1.14409823445847e-12,1.2768212873369276e-12,1.6592899125665347e-15
Random208
Raw:2.2666292875964776e-10,5.075409709580802e-11,9.712084814599865e-14,8.138046724659889e-13,3.963002177848688e-13,7.191539667047978e-06,0.9999928081791862,1.144098234458466e-12,1.2768212873369276e-12,1.6592899125665229e-15
EFT:2.2666292875964856e-10,5.0754097095807845e-11,9.712084814599865e-14,8.13804672465986e-13,3.9630021778486603e-13,7.1915396670479655e-06,0.9999928081791862,1.14409823445847e-12,1.2768212873369276e-12,1.6592899125665347e-15
Random209
Raw:2.2666292875964696e-10,5.075409709580802e-11,9.712084814599934e-14,8.13804672465986e-13,3.9630021778486744e-13,7.191539667047991e-06,0.9999928081791862,1.144098234458474e-12,1.2768212873369365e-12,1.6592899125665465e-15
EFT:2.2666292875964856e-10,5.0754097095807845e-11,9.712084814599865e-14,8.13804672465986e-13,3.9630021778486603e-13,7.1915396670479655e-06,0.9999928081791862,1.14409823445847e-12,1.2768212873369276e-12,1.6592899125665347e-15
Random210
Raw:2.2666292875964936e-10,5.075409709580802e-11,9.712084814599865e-14,8.138046724659889e-13,3.9630021778486744e-13,7.1915396670480036e-06,0.9999928081791862,1.144098234458474e-12,1.2768212873369365e-12,1.6592899125665582e-15
EFT:2.2666292875964856e-10,5.075409709580802e-11,9.712084814599865e-14,8.13804672465986e-13,3.9630021778486603e-13,7.191539667047953e-06,0.9999928081791862,1.14409823445847e-12,1.2768212873369276e-12,1.6592899125665347e-15
Random211
Raw:2.2666292875965096e-10,5.075409709580838e-11,9.712084814600072e-14,8.138046724659947e-13,3.9630021778487305e-13,7.191539667048054e-06,0.9999928081791862,1.144098234458482e-12,1.2768212873369502e-12,1.65928991256657e-15
EFT:2.2666292875964856e-10,5.0754097095807845e-11,9.712084814599865e-14,8.13804672465986e-13,3.9630021778486603e-13,7.1915396670479655e-06,0.9999928081791862,1.14409823445847e-12,1.2768212873369276e-12,1.6592899125665347e-15
Random212
Raw:2.2666292875964776e-10,5.0754097095807664e-11,9.712084814599865e-14,8.138046724659831e-13,3.963002177848646e-13,7.191539667047927e-06,0.9999928081791862,1.144098234458466e-12,1.2768212873369185e-12,1.6592899125665229e-15
EFT:2.2666292875964856e-10,5.0754097095807845e-11,9.712084814599865e-14,8.13804672465986e-13,3.9630021778486603e-13,7.1915396670479655e-06,0.9999928081791862,1.14409823445847e-12,1.2768212873369276e-12,1.6592899125665347e-15
Random213
Raw:2.2666292875965016e-10,5.0754097095807845e-11,9.712084814599934e-14,8.13804672465986e-13,3.963002177848688e-13,7.191539667047953e-06,0.9999928081791862,1.144098234458474e-12,1.276821287336932e-12,1.6592899125665465e-15
EFT:2.2666292875964856e-10,5.0754097095807845e-11,9.712084814599865e-14,8.13804672465986e-13,3.9630021778486603e-13,7.1915396670479655e-06,0.9999928081791862,1.14409823445847e-12,1.2768212873369276e-12,1.6592899125665347e-15
Random214
Raw:2.2666292875964856e-10,5.075409709580802e-11,9.712084814599865e-14,8.138046724659831e-13,3.9630021778486744e-13,7.1915396670479655e-06,0.9999928081791862,1.144098234458466e-12,1.2768212873369276e-12,1.6592899125665229e-15
EFT:2.2666292875964856e-10,5.0754097095807845e-11,9.712084814599865e-14,8.13804672465986e-13,3.9630021778486603e-13,7.191539667047953e-06,0.9999928081791862,1.14409823445847e-12,1.2768212873369276e-12,1.6592899125665347e-15
Random215
Raw:2.2666292875964856e-10,5.07540970958082e-11,9.712084814599899e-14,8.138046724659889e-13,3.9630021778486744e-13,7.191539667047978e-06,0.9999928081791862,1.144098234458474e-12,1.276821287336932e-12,1.6592899125665465e-15
EFT:2.2666292875964856e-10,5.0754097095807845e-11,9.712084814599865e-14,8.13804672465986e-13,3.9630021778486603e-13,7.1915396670479655e-06,0.9999928081791862,1.14409823445847e-12,1.2768212873369276e-12,1.6592899125665347e-15
Random216
Raw:2.2666292875964776e-10,5.07540970958082e-11,9.712084814599865e-14,8.138046724659889e-13,3.9630021778486744e-13,7.191539667047953e-06,0.9999928081791862,1.14409823445847e-12,1.2768212873369185e-12,1.6592899125665347e-15
EFT:2.2666292875964856e-10,5.075409709580802e-11,9.712084814599865e-14,8.13804672465986e-13,3.9630021778486603e-13,7.191539667047953e-06,0.9999928081791862,1.14409823445847e-12,1.2768212873369276e-12,1.6592899125665347e-15
Random217
Raw:2.2666292875964856e-10,5.0754097095807845e-11,9.712084814599899e-14,8.13804672465986e-13,3.9630021778486744e-13,7.191539667047927e-06,0.9999928081791862,1.144098234458466e-12,1.2768212873369276e-12,1.6592899125665347e-15
EFT:2.2666292875964856e-10,5.0754097095807845e-11,9.712084814599865e-14,8.13804672465986e-13,3.9630021778486603e-13,7.1915396670479655e-06,0.9999928081791862,1.14409823445847e-12,1.2768212873369276e-12,1.6592899125665347e-15
Random218
Raw:2.2666292875964856e-10,5.075409709580802e-11,9.712084814599899e-14,8.138046724659889e-13,3.9630021778486744e-13,7.191539667047978e-06,0.9999928081791862,1.144098234458478e-12,1.2768212873369276e-12,1.6592899125665465e-15
EFT:2.2666292875964856e-10,5.0754097095807845e-11,9.712084814599865e-14,8.13804672465986e-13,3.9630021778486603e-13,7.191539667047953e-06,0.9999928081791862,1.14409823445847e-12,1.2768212873369276e-12,1.6592899125665347e-15
Random219
Raw:2.2666292875964696e-10,5.0754097095807664e-11,9.712084814599795e-14,8.138046724659831e-13,3.963002177848646e-13,7.1915396670479655e-06,0.9999928081791862,1.1440982344584578e-12,1.276821287336923e-12,1.6592899125665229e-15
EFT:2.2666292875964856e-10,5.0754097095807845e-11,9.712084814599865e-14,8.13804672465986e-13,3.9630021778486603e-13,7.1915396670479655e-06,0.9999928081791862,1.14409823445847e-12,1.2768212873369276e-12,1.6592899125665347e-15
Random220
Raw:2.2666292875964696e-10,5.0754097095807664e-11,9.712084814599795e-14,8.138046724659773e-13,3.963002177848618e-13,7.191539667047901e-06,0.9999928081791862,1.1440982344584619e-12,1.2768212873369139e-12,1.659289912566511e-15
EFT:2.2666292875964856e-10,5.0754097095807845e-11,9.712084814599865e-14,8.13804672465986e-13,3.9630021778486603e-13,7.1915396670479655e-06,0.9999928081791862,1.14409823445847e-12,1.2768212873369276e-12,1.6592899125665347e-15
Random221
Raw:2.2666292875965016e-10,5.07540970958082e-11,9.712084814599934e-14,8.138046724659889e-13,3.9630021778486744e-13,7.1915396670479655e-06,0.9999928081791862,1.144098234458478e-12,1.2768212873369276e-12,1.6592899125665465e-15
EFT:2.2666292875964856e-10,5.0754097095807845e-11,9.712084814599865e-14,8.13804672465986e-13,3.9630021778486603e-13,7.191539667047953e-06,0.9999928081791862,1.14409823445847e-12,1.2768212873369276e-12,1.6592899125665347e-15
Random222
Raw:2.2666292875964936e-10,5.0754097095807845e-11,9.712084814599865e-14,8.138046724659831e-13,3.963002177848646e-13,7.1915396670479655e-06,0.9999928081791862,1.144098234458466e-12,1.2768212873369276e-12,1.6592899125665347e-15
EFT:2.2666292875964856e-10,5.0754097095807845e-11,9.712084814599865e-14,8.13804672465986e-13,3.9630021778486603e-13,7.1915396670479655e-06,0.9999928081791862,1.14409823445847e-12,1.2768212873369276e-12,1.6592899125665347e-15
Random223
Raw:2.2666292875964856e-10,5.07540970958082e-11,9.712084814599934e-14,8.138046724659889e-13,3.9630021778486603e-13,7.1915396670480036e-06,0.9999928081791862,1.144098234458474e-12,1.276821287336932e-12,1.6592899125665465e-15
EFT:2.2666292875964856e-10,5.0754097095807845e-11,9.712084814599865e-14,8.13804672465986e-13,3.9630021778486603e-13,7.191539667047953e-06,0.9999928081791862,1.14409823445847e-12,1.2768212873369276e-12,1.6592899125665347e-15
Random224
Raw:2.2666292875964776e-10,5.0754097095807845e-11,9.712084814599865e-14,8.13804672465986e-13,3.963002177848646e-13,7.191539667047978e-06,0.9999928081791862,1.14409823445847e-12,1.2768212873369276e-12,1.6592899125665229e-15
EFT:2.2666292875964856e-10,5.0754097095807845e-11,9.712084814599865e-14,8.13804672465986e-13,3.9630021778486603e-13,7.1915396670479655e-06,0.9999928081791862,1.14409823445847e-12,1.2768212873369276e-12,1.6592899125665347e-15
Random225
Raw:2.2666292875964856e-10,5.075409709580802e-11,9.712084814599934e-14,8.138046724659889e-13,3.963002177848646e-13,7.19153966704794e-06,0.9999928081791862,1.144098234458474e-12,1.276821287336923e-12,1.6592899125665229e-15
EFT:2.2666292875964856e-10,5.0754097095807845e-11,9.712084814599865e-14,8.13804672465986e-13,3.9630021778486603e-13,7.1915396670479655e-06,0.9999928081791862,1.14409823445847e-12,1.2768212873369276e-12,1.6592899125665347e-15
Random226
Raw:2.2666292875964696e-10,5.0754097095807845e-11,9.712084814599899e-14,8.138046724659831e-13,3.9630021778486603e-13,7.19153966704794e-06,0.9999928081791862,1.144098234458466e-12,1.276821287336923e-12,1.6592899125665229e-15
EFT:2.2666292875964856e-10,5.0754097095807845e-11,9.712084814599865e-14,8.13804672465986e-13,3.9630021778486603e-13,7.1915396670479655e-06,0.9999928081791862,1.14409823445847e-12,1.2768212873369276e-12,1.6592899125665347e-15
Random227
Raw:2.2666292875964776e-10,5.075409709580802e-11,9.712084814599899e-14,8.138046724659831e-13,3.963002177848646e-13,7.191539667047991e-06,0.9999928081791862,1.144098234458474e-12,1.276821287336923e-12,1.6592899125665229e-15
EFT:2.2666292875964856e-10,5.0754097095807845e-11,9.712084814599865e-14,8.13804672465986e-13,3.9630021778486603e-13,7.1915396670479655e-06,0.9999928081791862,1.14409823445847e-12,1.2768212873369276e-12,1.6592899125665347e-15
Random228
Raw:2.2666292875964936e-10,5.075409709580838e-11,9.712084814599934e-14,8.138046724659947e-13,3.963002177848702e-13,7.191539667048054e-06,0.9999928081791862,1.144098234458482e-12,1.2768212873369456e-12,1.6592899125665465e-15
EFT:2.2666292875964856e-10,5.0754097095807845e-11,9.712084814599865e-14,8.13804672465986e-13,3.9630021778486603e-13,7.1915396670479655e-06,0.9999928081791862,1.14409823445847e-12,1.2768212873369276e-12,1.6592899125665347e-15
Random229
Raw:2.2666292875964856e-10,5.075409709580748e-11,9.712084814599795e-14,8.13804672465986e-13,3.9630021778486744e-13,7.19153966704794e-06,0.9999928081791862,1.1440982344584578e-12,1.2768212873369185e-12,1.6592899125665229e-15
EFT:2.2666292875964856e-10,5.0754097095807845e-11,9.712084814599865e-14,8.13804672465986e-13,3.9630021778486603e-13,7.1915396670479655e-06,0.9999928081791862,1.14409823445847e-12,1.2768212873369276e-12,1.6592899125665347e-15
Random230
Raw:2.2666292875964856e-10,5.0754097095807845e-11,9.712084814599865e-14,8.138046724659889e-13,3.9630021778486744e-13,7.191539667047927e-06,0.9999928081791862,1.14409823445847e-12,1.2768212873369276e-12,1.6592899125665347e-15
EFT:2.2666292875964856e-10,5.0754097095807845e-11,9.712084814599865e-14,8.13804672465986e-13,3.9630021778486603e-13,7.191539667047953e-06,0.9999928081791862,1.14409823445847e-12,1.2768212873369276e-12,1.6592899125665347e-15
Random231
Raw:2.2666292875964936e-10,5.07540970958082e-11,9.712084814599865e-14,8.13804672465986e-13,3.963002177848688e-13,7.191539667048016e-06,0.9999928081791862,1.14409823445847e-12,1.276821287336932e-12,1.6592899125665465e-15
EFT:2.2666292875964856e-10,5.075409709580802e-11,9.712084814599865e-14,8.13804672465986e-13,3.9630021778486603e-13,7.191539667047953e-06,0.9999928081791862,1.14409823445847e-12,1.2768212873369276e-12,1.6592899125665347e-15
Random232
Raw:2.2666292875964776e-10,5.075409709580748e-11,9.712084814599761e-14,8.138046724659773e-13,3.9630021778486603e-13,7.191539667047953e-06,0.9999928081791862,1.1440982344584578e-12,1.2768212873369185e-12,1.6592899125665229e-15
EFT:2.2666292875964856e-10,5.0754097095807845e-11,9.712084814599865e-14,8.13804672465986e-13,3.9630021778486603e-13,7.1915396670479655e-06,0.9999928081791862,1.14409823445847e-12,1.2768212873369276e-12,1.6592899125665347e-15
Random233
Raw:2.2666292875964936e-10,5.0754097095807664e-11,9.712084814599829e-14,8.138046724659889e-13,3.9630021778486744e-13,7.191539667047953e-06,0.9999928081791862,1.144098234458466e-12,1.276821287336923e-12,1.6592899125665347e-15
EFT:2.2666292875964856e-10,5.0754097095807845e-11,9.712084814599865e-14,8.13804672465986e-13,3.9630021778486603e-13,7.1915396670479655e-06,0.9999928081791862,1.14409823445847e-12,1.2768212873369276e-12,1.6592899125665347e-15
Random234
Raw:2.2666292875964696e-10,5.0754097095807845e-11,9.712084814599795e-14,8.138046724659803e-13,3.963002177848646e-13,7.1915396670479655e-06,0.9999928081791862,1.144098234458466e-12,1.2768212873369185e-12,1.6592899125665229e-15
EFT:2.2666292875964856e-10,5.0754097095807845e-11,9.712084814599865e-14,8.13804672465986e-13,3.9630021778486603e-13,7.191539667047953e-06,0.9999928081791862,1.14409823445847e-12,1.2768212873369276e-12,1.6592899125665347e-15
Random235
Raw:2.2666292875964776e-10,5.0754097095807845e-11,9.712084814599865e-14,8.138046724659831e-13,3.9630021778486603e-13,7.191539667047991e-06,0.9999928081791862,1.14409823445847e-12,1.2768212873369276e-12,1.6592899125665229e-15
EFT:2.2666292875964856e-10,5.0754097095807845e-11,9.712084814599865e-14,8.13804672465986e-13,3.9630021778486603e-13,7.1915396670479655e-06,0.9999928081791862,1.14409823445847e-12,1.2768212873369276e-12,1.6592899125665347e-15
Random236
Raw:2.2666292875964776e-10,5.075409709580802e-11,9.712084814599865e-14,8.13804672465986e-13,3.9630021778486603e-13,7.191539667047991e-06,0.9999928081791862,1.14409823445847e-12,1.276821287336923e-12,1.6592899125665229e-15
EFT:2.2666292875964856e-10,5.0754097095807845e-11,9.712084814599865e-14,8.13804672465986e-13,3.9630021778486603e-13,7.1915396670479655e-06,0.9999928081791862,1.14409823445847e-12,1.2768212873369276e-12,1.6592899125665347e-15
Random237
Raw:2.2666292875964856e-10,5.075409709580802e-11,9.712084814599795e-14,8.138046724659889e-13,3.9630021778486744e-13,7.191539667047953e-06,0.9999928081791862,1.144098234458474e-12,1.2768212873369185e-12,1.6592899125665347e-15
EFT:2.2666292875964856e-10,5.075409709580802e-11,9.712084814599865e-14,8.13804672465986e-13,3.9630021778486603e-13,7.191539667047953e-06,0.9999928081791862,1.14409823445847e-12,1.2768212873369276e-12,1.6592899125665347e-15
Random238
Raw:2.2666292875964696e-10,5.0754097095807845e-11,9.712084814599865e-14,8.13804672465986e-13,3.9630021778486603e-13,7.19153966704794e-06,0.9999928081791862,1.1440982344584619e-12,1.2768212873369185e-12,1.6592899125665229e-15
EFT:2.2666292875964856e-10,5.0754097095807845e-11,9.712084814599865e-14,8.13804672465986e-13,3.9630021778486603e-13,7.191539667047953e-06,0.9999928081791862,1.14409823445847e-12,1.2768212873369276e-12,1.6592899125665347e-15
Random239
Raw:2.2666292875964856e-10,5.075409709580802e-11,9.712084814599934e-14,8.138046724659889e-13,3.963002177848688e-13,7.1915396670479655e-06,0.9999928081791862,1.144098234458474e-12,1.2768212873369365e-12,1.6592899125665465e-15
EFT:2.2666292875964856e-10,5.0754097095807845e-11,9.712084814599865e-14,8.13804672465986e-13,3.9630021778486603e-13,7.191539667047953e-06,0.9999928081791862,1.14409823445847e-12,1.2768212873369276e-12,1.6592899125665347e-15
Random240
Raw:2.2666292875965016e-10,5.0754097095807845e-11,9.712084814599934e-14,8.138046724659889e-13,3.963002177848688e-13,7.191539667047953e-06,0.9999928081791862,1.14409823445847e-12,1.276821287336932e-12,1.6592899125665465e-15
EFT:2.2666292875964856e-10,5.0754097095807845e-11,9.712084814599865e-14,8.13804672465986e-13,3.9630021778486603e-13,7.1915396670479655e-06,0.9999928081791862,1.14409823445847e-12,1.2768212873369276e-12,1.6592899125665347e-15
Random241
Raw:2.2666292875964696e-10,5.0754097095807664e-11,9.712084814599865e-14,8.138046724659803e-13,3.963002177848646e-13,7.1915396670479655e-06,0.9999928081791862,1.144098234458466e-12,1.276821287336923e-12,1.6592899125665229e-15
EFT:2.2666292875964856e-10,5.0754097095807845e-11,9.712084814599865e-14,8.13804672465986e-13,3.9630021778486603e-13,7.1915396670479655e-06,0.9999928081791862,1.14409823445847e-12,1.2768212873369276e-12,1.6592899125665347e-15
Random242
Raw:2.2666292875965016e-10,5.075409709580838e-11,9.712084814600002e-14,8.138046724659947e-13,3.963002177848702e-13,7.191539667048029e-06,0.9999928081791862,1.1440982344584861e-12,1.2768212873369365e-12,1.6592899125665582e-15
EFT:2.2666292875964856e-10,5.0754097095807845e-11,9.712084814599865e-14,8.13804672465986e-13,3.9630021778486603e-13,7.191539667047953e-06,0.9999928081791862,1.14409823445847e-12,1.2768212873369276e-12,1.6592899125665347e-15
Random243
Raw:2.2666292875964696e-10,5.0754097095807845e-11,9.712084814599795e-14,8.138046724659831e-13,3.963002177848646e-13,7.191539667047953e-06,0.9999928081791862,1.1440982344584619e-12,1.276821287336923e-12,1.6592899125665229e-15
EFT:2.2666292875964856e-10,5.0754097095807845e-11,9.712084814599865e-14,8.13804672465986e-13,3.9630021778486603e-13,7.191539667047953e-06,0.9999928081791862,1.14409823445847e-12,1.2768212873369276e-12,1.6592899125665347e-15
Random244
Raw:2.2666292875964533e-10,5.075409709580748e-11,9.712084814599829e-14,8.138046724659803e-13,3.963002177848632e-13,7.191539667047991e-06,0.9999928081791862,1.144098234458466e-12,1.2768212873369185e-12,1.6592899125665229e-15
EFT:2.2666292875964856e-10,5.0754097095807845e-11,9.712084814599865e-14,8.13804672465986e-13,3.9630021778486603e-13,7.191539667047953e-06,0.9999928081791862,1.14409823445847e-12,1.2768212873369276e-12,1.6592899125665347e-15
Random245
Raw:2.2666292875964696e-10,5.075409709580748e-11,9.712084814599761e-14,8.138046724659745e-13,3.963002177848646e-13,7.191539667047927e-06,0.9999928081791862,1.1440982344584578e-12,1.2768212873369139e-12,1.6592899125665229e-15
EFT:2.2666292875964856e-10,5.0754097095807845e-11,9.712084814599865e-14,8.13804672465986e-13,3.9630021778486603e-13,7.1915396670479655e-06,0.9999928081791862,1.14409823445847e-12,1.2768212873369276e-12,1.6592899125665347e-15
Random246
Raw:2.2666292875964776e-10,5.0754097095807845e-11,9.712084814599899e-14,8.13804672465986e-13,3.963002177848646e-13,7.191539667047953e-06,0.9999928081791862,1.144098234458474e-12,1.2768212873369276e-12,1.6592899125665229e-15
EFT:2.2666292875964856e-10,5.075409709580802e-11,9.712084814599865e-14,8.13804672465986e-13,3.9630021778486603e-13,7.191539667047953e-06,0.9999928081791862,1.14409823445847e-12,1.2768212873369276e-12,1.6592899125665347e-15
Random247
Raw:2.2666292875964776e-10,5.0754097095807845e-11,9.712084814599865e-14,8.138046724659831e-13,3.963002177848646e-13,7.191539667047888e-06,0.9999928081791862,1.144098234458466e-12,1.2768212873369276e-12,1.659289912566511e-15
EFT:2.2666292875964856e-10,5.0754097095807845e-11,9.712084814599865e-14,8.13804672465986e-13,3.9630021778486603e-13,7.191539667047953e-06,0.9999928081791862,1.14409823445847e-12,1.2768212873369276e-12,1.6592899125665347e-15
Random248
Raw:2.2666292875965016e-10,5.07540970958082e-11,9.712084814600002e-14,8.138046724659889e-13,3.9630021778486744e-13,7.1915396670480036e-06,0.9999928081791862,1.144098234458474e-12,1.276821287336932e-12,1.6592899125665465e-15
EFT:2.2666292875964856e-10,5.0754097095807845e-11,9.712084814599865e-14,8.13804672465986e-13,3.9630021778486603e-13,7.1915396670479655e-06,0.9999928081791862,1.14409823445847e-12,1.2768212873369276e-12,1.6592899125665347e-15
Random249
Raw:2.2666292875964856e-10,5.0754097095807845e-11,9.712084814599829e-14,8.138046724659831e-13,3.9630021778486744e-13,7.19153966704794e-06,0.9999928081791862,1.144098234458466e-12,1.276821287336923e-12,1.6592899125665347e-15
EFT:2.2666292875964856e-10,5.075409709580802e-11,9.712084814599865e-14,8.13804672465986e-13,3.9630021778486603e-13,7.191539667047953e-06,0.9999928081791862,1.14409823445847e-12,1.2768212873369276e-12,1.6592899125665347e-15
Random250
Raw:2.2666292875964936e-10,5.0754097095807845e-11,9.712084814599899e-14,8.13804672465986e-13,3.963002177848646e-13,7.19153966704794e-06,0.9999928081791862,1.144098234458466e-12,1.2768212873369276e-12,1.6592899125665347e-15
EFT:2.2666292875964856e-10,5.0754097095807845e-11,9.712084814599865e-14,8.13804672465986e-13,3.9630021778486603e-13,7.1915396670479655e-06,0.9999928081791862,1.14409823445847e-12,1.2768212873369276e-12,1.6592899125665347e-15
Random251
Raw:2.2666292875964856e-10,5.075409709580802e-11,9.712084814599795e-14,8.138046724659831e-13,3.9630021778486744e-13,7.1915396670479655e-06,0.9999928081791862,1.14409823445847e-12,1.2768212873369276e-12,1.6592899125665347e-15
EFT:2.2666292875964856e-10,5.0754097095807845e-11,9.712084814599865e-14,8.13804672465986e-13,3.9630021778486603e-13,7.1915396670479655e-06,0.9999928081791862,1.14409823445847e-12,1.2768212873369276e-12,1.6592899125665347e-15
Random252
Raw:2.2666292875964776e-10,5.0754097095807845e-11,9.712084814599865e-14,8.13804672465986e-13,3.9630021778486603e-13,7.191539667047915e-06,0.9999928081791862,1.144098234458466e-12,1.2768212873369185e-12,1.6592899125665229e-15
EFT:2.2666292875964856e-10,5.0754097095807845e-11,9.712084814599865e-14,8.13804672465986e-13,3.9630021778486603e-13,7.1915396670479655e-06,0.9999928081791862,1.14409823445847e-12,1.2768212873369276e-12,1.6592899125665347e-15
Random253
Raw:2.2666292875965016e-10,5.075409709580838e-11,9.712084814600002e-14,8.138046724659947e-13,3.963002177848688e-13,7.191539667048067e-06,0.9999928081791862,1.144098234458482e-12,1.2768212873369412e-12,1.6592899125665582e-15
EFT:2.2666292875964856e-10,5.0754097095807845e-11,9.712084814599865e-14,8.13804672465986e-13,3.9630021778486603e-13,7.1915396670479655e-06,0.9999928081791862,1.14409823445847e-12,1.2768212873369276e-12,1.6592899125665347e-15
Random254
Raw:2.2666292875964776e-10,5.0754097095807845e-11,9.712084814599795e-14,8.138046724659831e-13,3.963002177848688e-13,7.191539667047978e-06,0.9999928081791862,1.144098234458466e-12,1.2768212873369276e-12,1.6592899125665347e-15
EFT:2.2666292875964856e-10,5.0754097095807845e-11,9.712084814599865e-14,8.13804672465986e-13,3.9630021778486603e-13,7.1915396670479655e-06,0.9999928081791862,1.14409823445847e-12,1.2768212873369276e-12,1.6592899125665347e-15
Random255
Raw:2.2666292875964776e-10,5.075409709580748e-11,9.712084814599899e-14,8.138046724659831e-13,3.9630021778486744e-13,7.191539667047927e-06,0.9999928081791862,1.144098234458466e-12,1.2768212873369185e-12,1.6592899125665229e-15
EFT:2.2666292875964856e-10,5.0754097095807845e-11,9.712084814599865e-14,8.13804672465986e-13,3.9630021778486603e-13,7.1915396670479655e-06,0.9999928081791862,1.14409823445847e-12,1.2768212873369276e-12,1.6592899125665347e-15
Random256
Raw:2.2666292875964696e-10,5.0754097095807664e-11,9.712084814599865e-14,8.138046724659831e-13,3.963002177848632e-13,7.191539667047953e-06,0.9999928081791862,1.144098234458466e-12,1.2768212873369185e-12,1.6592899125665229e-15
EFT:2.2666292875964856e-10,5.0754097095807845e-11,9.712084814599865e-14,8.13804672465986e-13,3.9630021778486603e-13,7.1915396670479655e-06,0.9999928081791862,1.14409823445847e-12,1.2768212873369276e-12,1.6592899125665347e-15
Random257
Raw:2.2666292875964696e-10,5.0754097095807845e-11,9.712084814599727e-14,8.138046724659803e-13,3.963002177848646e-13,7.19153966704794e-06,0.9999928081791862,1.1440982344584578e-12,1.2768212873369139e-12,1.6592899125665229e-15
EFT:2.2666292875964856e-10,5.0754097095807845e-11,9.712084814599865e-14,8.13804672465986e-13,3.9630021778486603e-13,7.191539667047953e-06,0.9999928081791862,1.14409823445847e-12,1.2768212873369276e-12,1.6592899125665347e-15
Random258
Raw:2.2666292875964936e-10,5.075409709580802e-11,9.712084814599829e-14,8.138046724659831e-13,3.9630021778486603e-13,7.191539667047953e-06,0.9999928081791862,1.144098234458474e-12,1.276821287336923e-12,1.6592899125665347e-15
EFT:2.2666292875964856e-10,5.0754097095807845e-11,9.712084814599865e-14,8.13804672465986e-13,3.9630021778486603e-13,7.191539667047953e-06,0.9999928081791862,1.14409823445847e-12,1.2768212873369276e-12,1.6592899125665347e-15
Random259
Raw:2.2666292875964936e-10,5.075409709580856e-11,9.712084814599934e-14,8.138046724659889e-13,3.963002177848702e-13,7.191539667048029e-06,0.9999928081791862,1.144098234458474e-12,1.2768212873369365e-12,1.6592899125665465e-15
EFT:2.2666292875964856e-10,5.0754097095807845e-11,9.712084814599865e-14,8.13804672465986e-13,3.9630021778486603e-13,7.191539667047953e-06,0.9999928081791862,1.14409823445847e-12,1.2768212873369276e-12,1.6592899125665347e-15
Random260
Raw:2.2666292875964696e-10,5.075409709580802e-11,9.712084814599934e-14,8.138046724659889e-13,3.9630021778486603e-13,7.19153966704794e-06,0.9999928081791862,1.144098234458466e-12,1.2768212873369276e-12,1.6592899125665229e-15
EFT:2.2666292875964856e-10,5.0754097095807845e-11,9.712084814599865e-14,8.13804672465986e-13,3.9630021778486603e-13,7.191539667047953e-06,0.9999928081791862,1.14409823445847e-12,1.2768212873369276e-12,1.6592899125665347e-15
Random261
Raw:2.2666292875964696e-10,5.07540970958082e-11,9.712084814599865e-14,8.138046724659831e-13,3.9630021778486603e-13,7.191539667047991e-06,0.9999928081791862,1.144098234458474e-12,1.2768212873369276e-12,1.6592899125665347e-15
EFT:2.2666292875964856e-10,5.0754097095807845e-11,9.712084814599865e-14,8.13804672465986e-13,3.9630021778486603e-13,7.1915396670479655e-06,0.9999928081791862,1.14409823445847e-12,1.2768212873369276e-12,1.6592899125665347e-15
Random262
Raw:2.2666292875964856e-10,5.075409709580856e-11,9.712084814600037e-14,8.138046724659976e-13,3.963002177848702e-13,7.191539667048029e-06,0.9999928081791862,1.144098234458482e-12,1.2768212873369456e-12,1.6592899125665582e-15
EFT:2.2666292875964856e-10,5.0754097095807845e-11,9.712084814599865e-14,8.13804672465986e-13,3.9630021778486603e-13,7.1915396670479655e-06,0.9999928081791862,1.14409823445847e-12,1.2768212873369276e-12,1.6592899125665347e-15
Random263
Raw:2.2666292875964776e-10,5.075409709580802e-11,9.712084814599934e-14,8.138046724659889e-13,3.963002177848646e-13,7.191539667047978e-06,0.9999928081791862,1.14409823445847e-12,1.276821287336923e-12,1.6592899125665229e-15
EFT:2.2666292875964856e-10,5.0754097095807845e-11,9.712084814599865e-14,8.13804672465986e-13,3.9630021778486603e-13,7.1915396670479655e-06,0.9999928081791862,1.14409823445847e-12,1.2768212873369276e-12,1.6592899125665347e-15
Random264
Raw:2.2666292875964776e-10,5.0754097095807664e-11,9.712084814599865e-14,8.138046724659803e-13,3.963002177848646e-13,7.191539667047915e-06,0.9999928081791862,1.144098234458466e-12,1.2768212873369185e-12,1.6592899125665229e-15
EFT:2.2666292875964856e-10,5.0754097095807845e-11,9.712084814599865e-14,8.13804672465986e-13,3.9630021778486603e-13,7.1915396670479655e-06,0.9999928081791862,1.14409823445847e-12,1.2768212873369276e-12,1.6592899125665347e-15
Random265
Raw:2.2666292875964856e-10,5.0754097095807664e-11,9.712084814599829e-14,8.138046724659831e-13,3.963002177848604e-13,7.191539667047927e-06,0.9999928081791862,1.144098234458466e-12,1.2768212873369185e-12,1.6592899125665229e-15
EFT:2.2666292875964856e-10,5.0754097095807845e-11,9.712084814599865e-14,8.13804672465986e-13,3.9630021778486603e-13,7.1915396670479655e-06,0.9999928081791862,1.14409823445847e-12,1.2768212873369276e-12,1.6592899125665347e-15
Random266
Raw:2.2666292875964613e-10,5.0754097095807845e-11,9.712084814599795e-14,8.138046724659803e-13,3.963002177848646e-13,7.1915396670479655e-06,0.9999928081791862,1.144098234458466e-12,1.2768212873369276e-12,1.6592899125665465e-15
EFT:2.2666292875964856e-10,5.0754097095807845e-11,9.712084814599865e-14,8.13804672465986e-13,3.9630021778486603e-13,7.1915396670479655e-06,0.9999928081791862,1.14409823445847e-12,1.2768212873369276e-12,1.6592899125665347e-15
Random267
Raw:2.2666292875965016e-10,5.0754097095807845e-11,9.712084814599865e-14,8.138046724659947e-13,3.963002177848688e-13,7.191539667047978e-06,0.9999928081791862,1.144098234458474e-12,1.2768212873369276e-12,1.6592899125665347e-15
EFT:2.2666292875964856e-10,5.0754097095807845e-11,9.712084814599865e-14,8.13804672465986e-13,3.9630021778486603e-13,7.1915396670479655e-06,0.9999928081791862,1.14409823445847e-12,1.2768212873369276e-12,1.6592899125665347e-15
Random268
Raw:2.2666292875964776e-10,5.0754097095807845e-11,9.712084814599865e-14,8.13804672465986e-13,3.9630021778486603e-13,7.1915396670480036e-06,0.9999928081791862,1.144098234458474e-12,1.2768212873369276e-12,1.6592899125665347e-15
EFT:2.2666292875964856e-10,5.0754097095807845e-11,9.712084814599865e-14,8.13804672465986e-13,3.9630021778486603e-13,7.1915396670479655e-06,0.9999928081791862,1.14409823445847e-12,1.2768212873369276e-12,1.6592899125665347e-15
Random269
Raw:2.2666292875964856e-10,5.0754097095807664e-11,9.712084814599795e-14,8.138046724659831e-13,3.963002177848646e-13,7.191539667047915e-06,0.9999928081791862,1.144098234458466e-12,1.276821287336923e-12,1.6592899125665347e-15
EFT:2.2666292875964856e-10,5.0754097095807845e-11,9.712084814599865e-14,8.13804672465986e-13,3.9630021778486603e-13,7.191539667047953e-06,0.9999928081791862,1.14409823445847e-12,1.2768212873369276e-12,1.6592899125665347e-15
Random270
Raw:2.2666292875964696e-10,5.0754097095807664e-11,9.712084814599865e-14,8.138046724659831e-13,3.9630021778486603e-13,7.1915396670479655e-06,0.9999928081791862,1.1440982344584619e-12,1.2768212873369276e-12,1.6592899125665229e-15
EFT:2.2666292875964856e-10,5.0754097095807845e-11,9.712084814599865e-14,8.13804672465986e-13,3.9630021778486603e-13,7.1915396670479655e-06,0.9999928081791862,1.14409823445847e-12,1.2768212873369276e-12,1.6592899125665347e-15
Random271
Raw:2.2666292875964856e-10,5.075409709580838e-11,9.712084814599899e-14,8.138046724659889e-13,3.9630021778486744e-13,7.191539667047991e-06,0.9999928081791862,1.14409823445847e-12,1.2768212873369276e-12,1.6592899125665347e-15
EFT:2.2666292875964856e-10,5.0754097095807845e-11,9.712084814599865e-14,8.13804672465986e-13,3.9630021778486603e-13,7.1915396670479655e-06,0.9999928081791862,1.14409823445847e-12,1.2768212873369276e-12,1.6592899125665347e-15
Random272
Raw:2.2666292875964776e-10,5.0754097095807845e-11,9.712084814599829e-14,8.138046724659831e-13,3.963002177848646e-13,7.1915396670479655e-06,0.9999928081791862,1.1440982344584619e-12,1.2768212873369185e-12,1.6592899125665229e-15
EFT:2.2666292875964856e-10,5.0754097095807845e-11,9.712084814599865e-14,8.13804672465986e-13,3.9630021778486603e-13,7.191539667047953e-06,0.9999928081791862,1.14409823445847e-12,1.2768212873369276e-12,1.6592899125665347e-15
Random273
Raw:2.2666292875964936e-10,5.07540970958082e-11,9.712084814599934e-14,8.138046724659889e-13,3.963002177848688e-13,7.1915396670479655e-06,0.9999928081791862,1.144098234458474e-12,1.2768212873369276e-12,1.6592899125665465e-15
EFT:2.2666292875964856e-10,5.0754097095807845e-11,9.712084814599865e-14,8.13804672465986e-13,3.9630021778486603e-13,7.1915396670479655e-06,0.9999928081791862,1.14409823445847e-12,1.2768212873369276e-12,1.6592899125665347e-15
Random274
Raw:2.2666292875964776e-10,5.075409709580748e-11,9.712084814599795e-14,8.138046724659831e-13,3.9630021778486744e-13,7.19153966704794e-06,0.9999928081791862,1.144098234458466e-12,1.2768212873369185e-12,1.6592899125665347e-15
EFT:2.2666292875964856e-10,5.0754097095807845e-11,9.712084814599865e-14,8.13804672465986e-13,3.9630021778486603e-13,7.191539667047953e-06,0.9999928081791862,1.14409823445847e-12,1.2768212873369276e-12,1.6592899125665347e-15
Random275
Raw:2.2666292875964856e-10,5.07540970958073e-11,9.712084814599829e-14,8.13804672465986e-13,3.9630021778486744e-13,7.191539667047927e-06,0.9999928081791862,1.1440982344584619e-12,1.276821287336923e-12,1.6592899125665229e-15
EFT:2.2666292875964856e-10,5.0754097095807845e-11,9.712084814599865e-14,8.13804672465986e-13,3.9630021778486603e-13,7.1915396670479655e-06,0.9999928081791862,1.14409823445847e-12,1.2768212873369276e-12,1.6592899125665347e-15
Random276
Raw:2.2666292875964856e-10,5.0754097095807845e-11,9.712084814599865e-14,8.13804672465986e-13,3.9630021778486603e-13,7.191539667047927e-06,0.9999928081791862,1.144098234458474e-12,1.2768212873369276e-12,1.6592899125665347e-15
EFT:2.2666292875964856e-10,5.0754097095807845e-11,9.712084814599865e-14,8.13804672465986e-13,3.9630021778486603e-13,7.1915396670479655e-06,0.9999928081791862,1.14409823445847e-12,1.2768212873369276e-12,1.6592899125665347e-15
Random277
Raw:2.2666292875964936e-10,5.075409709580838e-11,9.712084814599934e-14,8.138046724659918e-13,3.963002177848688e-13,7.191539667048016e-06,0.9999928081791862,1.144098234458474e-12,1.2768212873369365e-12,1.6592899125665465e-15
EFT:2.2666292875964856e-10,5.0754097095807845e-11,9.712084814599865e-14,8.13804672465986e-13,3.9630021778486603e-13,7.191539667047953e-06,0.9999928081791862,1.14409823445847e-12,1.2768212873369276e-12,1.6592899125665347e-15
Random278
Raw:2.2666292875964856e-10,5.075409709580802e-11,9.712084814599934e-14,8.138046724659889e-13,3.9630021778487163e-13,7.191539667047978e-06,0.9999928081791862,1.14409823445847e-12,1.2768212873369365e-12,1.6592899125665465e-15
EFT:2.2666292875964856e-10,5.0754097095807845e-11,9.712084814599865e-14,8.13804672465986e-13,3.9630021778486603e-13,7.1915396670479655e-06,0.9999928081791862,1.14409823445847e-12,1.2768212873369276e-12,1.6592899125665347e-15
Random279
Raw:2.2666292875964776e-10,5.0754097095807664e-11,9.712084814599795e-14,8.138046724659773e-13,3.963002177848646e-13,7.191539667047953e-06,0.9999928081791862,1.144098234458466e-12,1.276821287336923e-12,1.6592899125665229e-15
EFT:2.2666292875964856e-10,5.0754097095807845e-11,9.712084814599865e-14,8.13804672465986e-13,3.9630021778486603e-13,7.191539667047953e-06,0.9999928081791862,1.14409823445847e-12,1.2768212873369276e-12,1.6592899125665347e-15
Random280
Raw:2.2666292875964856e-10,5.0754097095807845e-11,9.712084814599795e-14,8.138046724659831e-13,3.9630021778486744e-13,7.191539667047991e-06,0.9999928081791862,1.144098234458466e-12,1.2768212873369276e-12,1.6592899125665465e-15
EFT:2.2666292875964856e-10,5.0754097095807845e-11,9.712084814599865e-14,8.13804672465986e-13,3.9630021778486603e-13,7.191539667047953e-06,0.9999928081791862,1.14409823445847e-12,1.2768212873369276e-12,1.6592899125665347e-15
Random281
Raw:2.2666292875964856e-10,5.075409709580802e-11,9.712084814599934e-14,8.138046724659889e-13,3.963002177848688e-13,7.191539667047978e-06,0.9999928081791862,1.14409823445847e-12,1.276821287336932e-12,1.6592899125665347e-15
EFT:2.2666292875964856e-10,5.0754097095807845e-11,9.712084814599865e-14,8.13804672465986e-13,3.9630021778486603e-13,7.1915396670479655e-06,0.9999928081791862,1.14409823445847e-12,1.2768212873369276e-12,1.6592899125665347e-15
Random282
Raw:2.2666292875964856e-10,5.075409709580802e-11,9.712084814599899e-14,8.13804672465986e-13,3.9630021778486744e-13,7.191539667047953e-06,0.9999928081791862,1.14409823445847e-12,1.2768212873369276e-12,1.6592899125665229e-15
EFT:2.2666292875964856e-10,5.0754097095807845e-11,9.712084814599865e-14,8.13804672465986e-13,3.9630021778486603e-13,7.1915396670479655e-06,0.9999928081791862,1.14409823445847e-12,1.2768212873369276e-12,1.6592899125665347e-15
Random283
Raw:2.2666292875964936e-10,5.07540970958082e-11,9.712084814599865e-14,8.138046724659889e-13,3.9630021778486744e-13,7.1915396670480036e-06,0.9999928081791862,1.144098234458474e-12,1.276821287336932e-12,1.6592899125665465e-15
EFT:2.2666292875964856e-10,5.0754097095807845e-11,9.712084814599865e-14,8.13804672465986e-13,3.9630021778486603e-13,7.1915396670479655e-06,0.9999928081791862,1.14409823445847e-12,1.2768212873369276e-12,1.6592899125665347e-15
Random284
Raw:2.2666292875964936e-10,5.075409709580802e-11,9.712084814599934e-14,8.138046724659889e-13,3.9630021778486744e-13,7.191539667047978e-06,0.9999928081791862,1.144098234458474e-12,1.2768212873369276e-12,1.6592899125665465e-15
EFT:2.2666292875964856e-10,5.0754097095807845e-11,9.712084814599865e-14,8.13804672465986e-13,3.9630021778486603e-13,7.191539667047953e-06,0.9999928081791862,1.14409823445847e-12,1.2768212873369276e-12,1.6592899125665347e-15
Random285
Raw:2.2666292875964613e-10,5.0754097095807845e-11,9.712084814599865e-14,8.138046724659831e-13,3.963002177848646e-13,7.191539667047953e-06,0.9999928081791862,1.1440982344584619e-12,1.2768212873369185e-12,1.6592899125665347e-15
EFT:2.2666292875964856e-10,5.0754097095807845e-11,9.712084814599865e-14,8.13804672465986e-13,3.9630021778486603e-13,7.191539667047953e-06,0.9999928081791862,1.14409823445847e-12,1.2768212873369276e-12,1.6592899125665347e-15
Random286
Raw:2.2666292875964776e-10,5.0754097095807845e-11,9.712084814599865e-14,8.13804672465986e-13,3.963002177848702e-13,7.191539667047953e-06,0.9999928081791862,1.144098234458466e-12,1.2768212873369185e-12,1.6592899125665347e-15
EFT:2.2666292875964856e-10,5.0754097095807845e-11,9.712084814599865e-14,8.13804672465986e-13,3.9630021778486603e-13,7.1915396670479655e-06,0.9999928081791862,1.14409823445847e-12,1.2768212873369276e-12,1.6592899125665347e-15
Random287
Raw:2.2666292875964856e-10,5.07540970958082e-11,9.712084814599899e-14,8.138046724659889e-13,3.963002177848688e-13,7.1915396670480036e-06,0.9999928081791862,1.144098234458474e-12,1.2768212873369365e-12,1.6592899125665465e-15
EFT:2.2666292875964856e-10,5.0754097095807845e-11,9.712084814599865e-14,8.13804672465986e-13,3.9630021778486603e-13,7.191539667047953e-06,0.9999928081791862,1.14409823445847e-12,1.2768212873369276e-12,1.6592899125665347e-15
Random288
Raw:2.2666292875964776e-10,5.0754097095807664e-11,9.712084814599865e-14,8.138046724659831e-13,3.963002177848646e-13,7.191539667047953e-06,0.9999928081791862,1.144098234458466e-12,1.276821287336923e-12,1.6592899125665229e-15
EFT:2.2666292875964856e-10,5.0754097095807845e-11,9.712084814599865e-14,8.13804672465986e-13,3.9630021778486603e-13,7.1915396670479655e-06,0.9999928081791862,1.14409823445847e-12,1.2768212873369276e-12,1.6592899125665347e-15
Random289
Raw:2.2666292875964696e-10,5.0754097095807845e-11,9.712084814599865e-14,8.138046724659831e-13,3.9630021778486744e-13,7.19153966704794e-06,0.9999928081791862,1.1440982344584578e-12,1.2768212873369276e-12,1.6592899125665229e-15
EFT:2.2666292875964856e-10,5.0754097095807845e-11,9.712084814599865e-14,8.13804672465986e-13,3.9630021778486603e-13,7.191539667047953e-06,0.9999928081791862,1.14409823445847e-12,1.2768212873369276e-12,1.6592899125665347e-15
Random290
Raw:2.2666292875964696e-10,5.0754097095807845e-11,9.712084814599865e-14,8.138046724659831e-13,3.963002177848632e-13,7.1915396670479655e-06,0.9999928081791862,1.1440982344584619e-12,1.2768212873369185e-12,1.6592899125665229e-15
EFT:2.2666292875964856e-10,5.0754097095807845e-11,9.712084814599865e-14,8.13804672465986e-13,3.9630021778486603e-13,7.1915396670479655e-06,0.9999928081791862,1.14409823445847e-12,1.2768212873369276e-12,1.6592899125665347e-15
Random291
Raw:2.2666292875964696e-10,5.0754097095807845e-11,9.712084814599795e-14,8.138046724659831e-13,3.9630021778486603e-13,7.191539667047991e-06,0.9999928081791862,1.144098234458466e-12,1.2768212873369185e-12,1.6592899125665229e-15
EFT:2.2666292875964856e-10,5.0754097095807845e-11,9.712084814599865e-14,8.13804672465986e-13,3.9630021778486603e-13,7.1915396670479655e-06,0.9999928081791862,1.14409823445847e-12,1.2768212873369276e-12,1.6592899125665347e-15
Random292
Raw:2.2666292875964856e-10,5.075409709580802e-11,9.712084814599865e-14,8.138046724659831e-13,3.9630021778486744e-13,7.1915396670479655e-06,0.9999928081791862,1.14409823445847e-12,1.2768212873369276e-12,1.6592899125665347e-15
EFT:2.2666292875964856e-10,5.0754097095807845e-11,9.712084814599865e-14,8.13804672465986e-13,3.9630021778486603e-13,7.1915396670479655e-06,0.9999928081791862,1.14409823445847e-12,1.2768212873369276e-12,1.6592899125665347e-15
Random293
Raw:2.2666292875964696e-10,5.0754097095807845e-11,9.712084814599865e-14,8.138046724659831e-13,3.963002177848632e-13,7.191539667047953e-06,0.9999928081791862,1.144098234458466e-12,1.276821287336923e-12,1.6592899125665229e-15
EFT:2.2666292875964856e-10,5.0754097095807845e-11,9.712084814599865e-14,8.13804672465986e-13,3.9630021778486603e-13,7.191539667047953e-06,0.9999928081791862,1.14409823445847e-12,1.2768212873369276e-12,1.6592899125665347e-15
Random294
Raw:2.2666292875964856e-10,5.075409709580802e-11,9.712084814599934e-14,8.138046724659947e-13,3.963002177848688e-13,7.191539667047991e-06,0.9999928081791862,1.144098234458474e-12,1.2768212873369365e-12,1.6592899125665465e-15
EFT:2.2666292875964856e-10,5.0754097095807845e-11,9.712084814599865e-14,8.13804672465986e-13,3.9630021778486603e-13,7.1915396670479655e-06,0.9999928081791862,1.14409823445847e-12,1.2768212873369276e-12,1.6592899125665347e-15
Random295
Raw:2.2666292875964696e-10,5.0754097095807845e-11,9.712084814599865e-14,8.138046724659831e-13,3.9630021778486603e-13,7.191539667047927e-06,0.9999928081791862,1.144098234458466e-12,1.276821287336923e-12,1.6592899125665347e-15
EFT:2.2666292875964856e-10,5.0754097095807845e-11,9.712084814599865e-14,8.13804672465986e-13,3.9630021778486603e-13,7.1915396670479655e-06,0.9999928081791862,1.14409823445847e-12,1.2768212873369276e-12,1.6592899125665347e-15
Random296
Raw:2.2666292875964936e-10,5.075409709580748e-11,9.712084814599865e-14,8.138046724659831e-13,3.9630021778486744e-13,7.191539667047888e-06,0.9999928081791862,1.144098234458466e-12,1.2768212873369185e-12,1.6592899125665347e-15
EFT:2.2666292875964856e-10,5.0754097095807845e-11,9.712084814599865e-14,8.13804672465986e-13,3.9630021778486603e-13,7.1915396670479655e-06,0.9999928081791862,1.14409823445847e-12,1.2768212873369276e-12,1.6592899125665347e-15
Random297
Raw:2.2666292875964776e-10,5.07540970958082e-11,9.712084814599934e-14,8.138046724659918e-13,3.963002177848688e-13,7.1915396670480036e-06,0.9999928081791862,1.144098234458474e-12,1.276821287336932e-12,1.6592899125665465e-15
EFT:2.2666292875964856e-10,5.0754097095807845e-11,9.712084814599865e-14,8.13804672465986e-13,3.9630021778486603e-13,7.1915396670479655e-06,0.9999928081791862,1.14409823445847e-12,1.2768212873369276e-12,1.6592899125665347e-15
Random298
Raw:2.2666292875964856e-10,5.075409709580838e-11,9.712084814600002e-14,8.138046724659947e-13,3.963002177848702e-13,7.1915396670479655e-06,0.9999928081791862,1.144098234458482e-12,1.2768212873369365e-12,1.6592899125665465e-15
EFT:2.2666292875964856e-10,5.075409709580802e-11,9.712084814599865e-14,8.13804672465986e-13,3.9630021778486603e-13,7.191539667047953e-06,0.9999928081791862,1.14409823445847e-12,1.2768212873369276e-12,1.6592899125665347e-15
Random299
Raw:2.2666292875964856e-10,5.075409709580802e-11,9.712084814599865e-14,8.13804672465986e-13,3.9630021778486744e-13,7.191539667047953e-06,0.9999928081791862,1.14409823445847e-12,1.2768212873369185e-12,1.6592899125665347e-15
EFT:2.2666292875964856e-10,5.0754097095807845e-11,9.712084814599865e-14,8.13804672465986e-13,3.9630021778486603e-13,7.1915396670479655e-06,0.9999928081791862,1.14409823445847e-12,1.2768212873369276e-12,1.6592899125665347e-15
Random300
Raw:2.2666292875964856e-10,5.07540970958082e-11,9.712084814599968e-14,8.138046724659889e-13,3.9630021778486744e-13,7.191539667047978e-06,0.9999928081791862,1.144098234458474e-12,1.276821287336932e-12,1.6592899125665347e-15
EFT:2.2666292875964856e-10,5.0754097095807845e-11,9.712084814599865e-14,8.13804672465986e-13,3.9630021778486603e-13,7.1915396670479655e-06,0.9999928081791862,1.14409823445847e-12,1.2768212873369276e-12,1.6592899125665347e-15
Random301
Raw:2.2666292875964696e-10,5.0754097095807845e-11,9.712084814599795e-14,8.13804672465986e-13,3.963002177848646e-13,7.191539667047953e-06,0.9999928081791862,1.144098234458466e-12,1.276821287336923e-12,1.6592899125665229e-15
EFT:2.2666292875964856e-10,5.0754097095807845e-11,9.712084814599865e-14,8.13804672465986e-13,3.9630021778486603e-13,7.191539667047953e-06,0.9999928081791862,1.14409823445847e-12,1.2768212873369276e-12,1.6592899125665347e-15
Random302
Raw:2.2666292875964856e-10,5.075409709580802e-11,9.712084814599934e-14,8.138046724659831e-13,3.9630021778486744e-13,7.191539667047953e-06,0.9999928081791862,1.14409823445847e-12,1.2768212873369185e-12,1.6592899125665347e-15
EFT:2.2666292875964856e-10,5.0754097095807845e-11,9.712084814599865e-14,8.13804672465986e-13,3.9630021778486603e-13,7.1915396670479655e-06,0.9999928081791862,1.14409823445847e-12,1.2768212873369276e-12,1.6592899125665347e-15
Random303
Raw:2.2666292875964856e-10,5.07540970958082e-11,9.712084814599934e-14,8.138046724659889e-13,3.9630021778486603e-13,7.1915396670480036e-06,0.9999928081791862,1.144098234458474e-12,1.2768212873369365e-12,1.6592899125665465e-15
EFT:2.2666292875964856e-10,5.0754097095807845e-11,9.712084814599865e-14,8.13804672465986e-13,3.9630021778486603e-13,7.1915396670479655e-06,0.9999928081791862,1.14409823445847e-12,1.2768212873369276e-12,1.6592899125665347e-15
Random304
Raw:2.2666292875964613e-10,5.0754097095807664e-11,9.712084814599795e-14,8.138046724659803e-13,3.963002177848646e-13,7.191539667047915e-06,0.9999928081791862,1.1440982344584578e-12,1.2768212873369094e-12,1.659289912566511e-15
EFT:2.2666292875964856e-10,5.0754097095807845e-11,9.712084814599865e-14,8.13804672465986e-13,3.9630021778486603e-13,7.1915396670479655e-06,0.9999928081791862,1.14409823445847e-12,1.2768212873369276e-12,1.6592899125665347e-15
Random305
Raw:2.2666292875964776e-10,5.075409709580802e-11,9.712084814599829e-14,8.138046724659831e-13,3.9630021778486744e-13,7.191539667047991e-06,0.9999928081791862,1.144098234458466e-12,1.276821287336923e-12,1.6592899125665347e-15
EFT:2.2666292875964856e-10,5.0754097095807845e-11,9.712084814599865e-14,8.13804672465986e-13,3.9630021778486603e-13,7.1915396670479655e-06,0.9999928081791862,1.14409823445847e-12,1.2768212873369276e-12,1.6592899125665347e-15
Random306
Raw:2.2666292875964776e-10,5.07540970958082e-11,9.712084814599865e-14,8.138046724659889e-13,3.9630021778486603e-13,7.1915396670480036e-06,0.9999928081791862,1.14409823445847e-12,1.2768212873369365e-12,1.6592899125665465e-15
EFT:2.2666292875964856e-10,5.0754097095807845e-11,9.712084814599865e-14,8.13804672465986e-13,3.9630021778486603e-13,7.1915396670479655e-06,0.9999928081791862,1.14409823445847e-12,1.2768212873369276e-12,1.6592899125665347e-15
Random307
Raw:2.2666292875964776e-10,5.0754097095807664e-11,9.712084814599829e-14,8.138046724659831e-13,3.963002177848646e-13,7.19153966704794e-06,0.9999928081791862,1.144098234458466e-12,1.2768212873369185e-12,1.6592899125665229e-15
EFT:2.2666292875964856e-10,5.0754097095807845e-11,9.712084814599865e-14,8.13804672465986e-13,3.9630021778486603e-13,7.1915396670479655e-06,0.9999928081791862,1.14409823445847e-12,1.2768212873369276e-12,1.6592899125665347e-15
Random308
Raw:2.2666292875964776e-10,5.0754097095807664e-11,9.712084814599795e-14,8.138046724659831e-13,3.963002177848646e-13,7.19153966704794e-06,0.9999928081791862,1.144098234458466e-12,1.2768212873369185e-12,1.6592899125665229e-15
EFT:2.2666292875964856e-10,5.0754097095807845e-11,9.712084814599865e-14,8.13804672465986e-13,3.9630021778486603e-13,7.1915396670479655e-06,0.9999928081791862,1.14409823445847e-12,1.2768212873369276e-12,1.6592899125665347e-15
Random309
Raw:2.2666292875965016e-10,5.0754097095807664e-11,9.712084814599795e-14,8.138046724659831e-13,3.9630021778486744e-13,7.19153966704794e-06,0.9999928081791862,1.144098234458466e-12,1.2768212873369276e-12,1.6592899125665465e-15
EFT:2.2666292875964856e-10,5.0754097095807845e-11,9.712084814599865e-14,8.13804672465986e-13,3.9630021778486603e-13,7.1915396670479655e-06,0.9999928081791862,1.14409823445847e-12,1.2768212873369276e-12,1.6592899125665347e-15
Random310
Raw:2.2666292875964856e-10,5.0754097095807845e-11,9.712084814599934e-14,8.13804672465986e-13,3.9630021778486744e-13,7.191539667047915e-06,0.9999928081791862,1.14409823445847e-12,1.276821287336932e-12,1.6592899125665347e-15
EFT:2.2666292875964856e-10,5.0754097095807845e-11,9.712084814599865e-14,8.13804672465986e-13,3.9630021778486603e-13,7.1915396670479655e-06,0.9999928081791862,1.14409823445847e-12,1.2768212873369276e-12,1.6592899125665347e-15
Random311
Raw:2.2666292875964856e-10,5.075409709580802e-11,9.712084814599795e-14,8.13804672465986e-13,3.9630021778486744e-13,7.191539667047978e-06,0.9999928081791862,1.144098234458466e-12,1.276821287336923e-12,1.6592899125665347e-15
EFT:2.2666292875964856e-10,5.0754097095807845e-11,9.712084814599865e-14,8.13804672465986e-13,3.9630021778486603e-13,7.1915396670479655e-06,0.9999928081791862,1.14409823445847e-12,1.2768212873369276e-12,1.6592899125665347e-15
Random312
Raw:2.2666292875964856e-10,5.075409709580802e-11,9.712084814599865e-14,8.13804672465986e-13,3.9630021778486603e-13,7.1915396670479655e-06,0.9999928081791862,1.144098234458474e-12,1.276821287336923e-12,1.6592899125665347e-15
EFT:2.2666292875964856e-10,5.0754097095807845e-11,9.712084814599865e-14,8.13804672465986e-13,3.9630021778486603e-13,7.1915396670479655e-06,0.9999928081791862,1.14409823445847e-12,1.2768212873369276e-12,1.6592899125665347e-15
Random313
Raw:2.2666292875964936e-10,5.0754097095807664e-11,9.712084814599899e-14,8.13804672465986e-13,3.963002177848646e-13,7.191539667047978e-06,0.9999928081791862,1.144098234458466e-12,1.2768212873369276e-12,1.6592899125665465e-15
EFT:2.2666292875964856e-10,5.0754097095807845e-11,9.712084814599865e-14,8.13804672465986e-13,3.9630021778486603e-13,7.191539667047953e-06,0.9999928081791862,1.14409823445847e-12,1.2768212873369276e-12,1.6592899125665347e-15
Random314
Raw:2.2666292875964696e-10,5.07540970958082e-11,9.712084814599899e-14,8.138046724659889e-13,3.9630021778486603e-13,7.191539667047953e-06,0.9999928081791862,1.14409823445847e-12,1.276821287336923e-12,1.6592899125665347e-15
EFT:2.2666292875964856e-10,5.0754097095807845e-11,9.712084814599865e-14,8.13804672465986e-13,3.9630021778486603e-13,7.191539667047953e-06,0.9999928081791862,1.14409823445847e-12,1.2768212873369276e-12,1.6592899125665347e-15
Random315
Raw:2.2666292875964856e-10,5.0754097095807845e-11,9.712084814599829e-14,8.138046724659831e-13,3.9630021778486603e-13,7.191539667047901e-06,0.9999928081791862,1.144098234458466e-12,1.2768212873369185e-12,1.6592899125665229e-15
EFT:2.2666292875964856e-10,5.0754097095807845e-11,9.712084814599865e-14,8.13804672465986e-13,3.9630021778486603e-13,7.191539667047953e-06,0.9999928081791862,1.14409823445847e-12,1.2768212873369276e-12,1.6592899125665347e-15
Random316
Raw:2.2666292875964856e-10,5.07540970958082e-11,9.712084814599899e-14,8.13804672465986e-13,3.963002177848646e-13,7.191539667048029e-06,0.9999928081791862,1.144098234458474e-12,1.2768212873369276e-12,1.6592899125665347e-15
EFT:2.2666292875964856e-10,5.0754097095807845e-11,9.712084814599865e-14,8.13804672465986e-13,3.9630021778486603e-13,7.1915396670479655e-06,0.9999928081791862,1.14409823445847e-12,1.2768212873369276e-12,1.6592899125665347e-15
Random317
Raw:2.2666292875965016e-10,5.075409709580748e-11,9.712084814599829e-14,8.138046724659831e-13,3.9630021778486603e-13,7.191539667047978e-06,0.9999928081791862,1.144098234458466e-12,1.276821287336923e-12,1.6592899125665347e-15
EFT:2.2666292875964856e-10,5.0754097095807845e-11,9.712084814599865e-14,8.13804672465986e-13,3.9630021778486603e-13,7.1915396670479655e-06,0.9999928081791862,1.14409823445847e-12,1.2768212873369276e-12,1.6592899125665347e-15
Random318
Raw:2.2666292875964696e-10,5.075409709580748e-11,9.712084814599795e-14,8.138046724659773e-13,3.963002177848646e-13,7.191539667047927e-06,0.9999928081791862,1.1440982344584578e-12,1.2768212873369185e-12,1.659289912566511e-15
EFT:2.2666292875964856e-10,5.0754097095807845e-11,9.712084814599865e-14,8.13804672465986e-13,3.9630021778486603e-13,7.191539667047953e-06,0.9999928081791862,1.14409823445847e-12,1.2768212873369276e-12,1.6592899125665347e-15
Random319
Raw:2.2666292875964856e-10,5.0754097095807845e-11,9.712084814599829e-14,8.138046724659889e-13,3.9630021778486603e-13,7.1915396670479655e-06,0.9999928081791862,1.144098234458466e-12,1.2768212873369276e-12,1.6592899125665347e-15
EFT:2.2666292875964856e-10,5.0754097095807845e-11,9.712084814599865e-14,8.13804672465986e-13,3.9630021778486603e-13,7.1915396670479655e-06,0.9999928081791862,1.14409823445847e-12,1.2768212873369276e-12,1.6592899125665347e-15
Random320
Raw:2.2666292875965096e-10,5.07540970958082e-11,9.712084814599865e-14,8.138046724659889e-13,3.963002177848688e-13,7.191539667048042e-06,0.9999928081791862,1.144098234458478e-12,1.2768212873369365e-12,1.6592899125665465e-15
EFT:2.2666292875964856e-10,5.0754097095807845e-11,9.712084814599865e-14,8.13804672465986e-13,3.9630021778486603e-13,7.191539667047953e-06,0.9999928081791862,1.14409823445847e-12,1.2768212873369276e-12,1.6592899125665347e-15
Random321
Raw:2.2666292875964936e-10,5.075409709580802e-11,9.712084814599934e-14,8.13804672465986e-13,3.963002177848688e-13,7.1915396670480036e-06,0.9999928081791862,1.144098234458474e-12,1.2768212873369276e-12,1.6592899125665347e-15
EFT:2.2666292875964856e-10,5.0754097095807845e-11,9.712084814599865e-14,8.13804672465986e-13,3.9630021778486603e-13,7.191539667047953e-06,0.9999928081791862,1.14409823445847e-12,1.2768212873369276e-12,1.6592899125665347e-15
Random322
Raw:2.2666292875964776e-10,5.0754097095807845e-11,9.712084814599865e-14,8.13804672465986e-13,3.9630021778486603e-13,7.1915396670479655e-06,0.9999928081791862,1.144098234458466e-12,1.2768212873369276e-12,1.6592899125665347e-15
EFT:2.2666292875964856e-10,5.0754097095807845e-11,9.712084814599865e-14,8.13804672465986e-13,3.9630021778486603e-13,7.1915396670479655e-06,0.9999928081791862,1.14409823445847e-12,1.2768212873369276e-12,1.6592899125665347e-15
Random323
Raw:2.2666292875964856e-10,5.07540970958082e-11,9.712084814599865e-14,8.138046724659889e-13,3.9630021778486744e-13,7.191539667047991e-06,0.9999928081791862,1.14409823445847e-12,1.2768212873369276e-12,1.6592899125665347e-15
EFT:2.2666292875964856e-10,5.0754097095807845e-11,9.712084814599865e-14,8.13804672465986e-13,3.9630021778486603e-13,7.1915396670479655e-06,0.9999928081791862,1.14409823445847e-12,1.2768212873369276e-12,1.6592899125665347e-15
Random324
Raw:2.2666292875965016e-10,5.075409709580802e-11,9.712084814599865e-14,8.13804672465986e-13,3.9630021778486603e-13,7.191539667048029e-06,0.9999928081791862,1.144098234458474e-12,1.2768212873369276e-12,1.6592899125665347e-15
EFT:2.2666292875964856e-10,5.0754097095807845e-11,9.712084814599865e-14,8.13804672465986e-13,3.9630021778486603e-13,7.1915396670479655e-06,0.9999928081791862,1.14409823445847e-12,1.2768212873369276e-12,1.6592899125665347e-15
Random325
Raw:2.2666292875964696e-10,5.07540970958073e-11,9.712084814599761e-14,8.138046724659773e-13,3.963002177848632e-13,7.191539667047863e-06,0.9999928081791862,1.1440982344584536e-12,1.2768212873369094e-12,1.659289912566511e-15
EFT:2.2666292875964856e-10,5.0754097095807845e-11,9.712084814599865e-14,8.13804672465986e-13,3.9630021778486603e-13,7.191539667047953e-06,0.9999928081791862,1.14409823445847e-12,1.2768212873369276e-12,1.6592899125665347e-15
Random326
Raw:2.2666292875964776e-10,5.07540970958082e-11,9.712084814599865e-14,8.138046724659889e-13,3.9630021778486603e-13,7.191539667047991e-06,0.9999928081791862,1.14409823445847e-12,1.2768212873369276e-12,1.6592899125665347e-15
EFT:2.2666292875964856e-10,5.0754097095807845e-11,9.712084814599865e-14,8.13804672465986e-13,3.9630021778486603e-13,7.191539667047953e-06,0.9999928081791862,1.14409823445847e-12,1.2768212873369276e-12,1.6592899125665347e-15
Random327
Raw:2.2666292875964696e-10,5.075409709580802e-11,9.712084814599865e-14,8.13804672465986e-13,3.963002177848646e-13,7.1915396670480036e-06,0.9999928081791862,1.144098234458466e-12,1.276821287336923e-12,1.6592899125665347e-15
EFT:2.2666292875964856e-10,5.0754097095807845e-11,9.712084814599865e-14,8.13804672465986e-13,3.9630021778486603e-13,7.1915396670479655e-06,0.9999928081791862,1.14409823445847e-12,1.2768212873369276e-12,1.6592899125665347e-15
Random328
Raw:2.2666292875964856e-10,5.075409709580802e-11,9.712084814599865e-14,8.13804672465986e-13,3.9630021778486744e-13,7.19153966704794e-06,0.9999928081791862,1.144098234458466e-12,1.2768212873369276e-12,1.6592899125665347e-15
EFT:2.2666292875964856e-10,5.0754097095807845e-11,9.712084814599865e-14,8.13804672465986e-13,3.9630021778486603e-13,7.1915396670479655e-06,0.9999928081791862,1.14409823445847e-12,1.2768212873369276e-12,1.6592899125665347e-15
Random329
Raw:2.2666292875965016e-10,5.07540970958082e-11,9.712084814599934e-14,8.138046724659889e-13,3.963002177848702e-13,7.1915396670480036e-06,0.9999928081791862,1.144098234458478e-12,1.2768212873369365e-12,1.65928991256657e-15
EFT:2.2666292875964856e-10,5.0754097095807845e-11,9.712084814599865e-14,8.13804672465986e-13,3.9630021778486603e-13,7.1915396670479655e-06,0.9999928081791862,1.14409823445847e-12,1.2768212873369276e-12,1.6592899125665347e-15
Random330
Raw:2.2666292875964696e-10,5.075409709580748e-11,9.712084814599829e-14,8.138046724659803e-13,3.963002177848646e-13,7.19153966704794e-06,0.9999928081791862,1.144098234458466e-12,1.276821287336923e-12,1.6592899125665229e-15
EFT:2.2666292875964856e-10,5.0754097095807845e-11,9.712084814599865e-14,8.13804672465986e-13,3.9630021778486603e-13,7.1915396670479655e-06,0.9999928081791862,1.14409823445847e-12,1.2768212873369276e-12,1.6592899125665347e-15
Random331
Raw:2.2666292875964936e-10,5.0754097095807845e-11,9.712084814599865e-14,8.13804672465986e-13,3.9630021778486744e-13,7.191539667047927e-06,0.9999928081791862,1.144098234458466e-12,1.2768212873369276e-12,1.6592899125665465e-15
EFT:2.2666292875964856e-10,5.0754097095807845e-11,9.712084814599865e-14,8.13804672465986e-13,3.9630021778486603e-13,7.1915396670479655e-06,0.9999928081791862,1.14409823445847e-12,1.2768212873369276e-12,1.6592899125665347e-15
Random332
Raw:2.2666292875964936e-10,5.0754097095807845e-11,9.712084814599795e-14,8.13804672465986e-13,3.9630021778486603e-13,7.191539667047978e-06,0.9999928081791862,1.14409823445847e-12,1.2768212873369185e-12,1.6592899125665347e-15
EFT:2.2666292875964856e-10,5.075409709580802e-11,9.712084814599865e-14,8.13804672465986e-13,3.9630021778486744e-13,7.191539667047953e-06,0.9999928081791862,1.14409823445847e-12,1.2768212873369276e-12,1.6592899125665347e-15
Random333
Raw:2.2666292875964936e-10,5.075409709580802e-11,9.712084814599934e-14,8.138046724659889e-13,3.963002177848688e-13,7.191539667047978e-06,0.9999928081791862,1.144098234458474e-12,1.276821287336932e-12,1.6592899125665465e-15
EFT:2.2666292875964856e-10,5.0754097095807845e-11,9.712084814599865e-14,8.13804672465986e-13,3.9630021778486603e-13,7.191539667047953e-06,0.9999928081791862,1.14409823445847e-12,1.2768212873369276e-12,1.6592899125665347e-15
Random334
Raw:2.2666292875964856e-10,5.075409709580802e-11,9.712084814599795e-14,8.13804672465986e-13,3.963002177848646e-13,7.191539667047991e-06,0.9999928081791862,1.14409823445847e-12,1.2768212873369276e-12,1.6592899125665347e-15
EFT:2.2666292875964856e-10,5.0754097095807845e-11,9.712084814599865e-14,8.13804672465986e-13,3.9630021778486603e-13,7.1915396670479655e-06,0.9999928081791862,1.14409823445847e-12,1.2768212873369276e-12,1.6592899125665347e-15
Random335
Raw:2.2666292875965016e-10,5.07540970958082e-11,9.712084814599934e-14,8.138046724659889e-13,3.963002177848702e-13,7.191539667047978e-06,0.9999928081791862,1.144098234458474e-12,1.2768212873369185e-12,1.6592899125665347e-15
EFT:2.2666292875964856e-10,5.0754097095807845e-11,9.712084814599865e-14,8.13804672465986e-13,3.9630021778486603e-13,7.1915396670479655e-06,0.9999928081791862,1.14409823445847e-12,1.2768212873369276e-12,1.6592899125665347e-15
Random336
Raw:2.2666292875964856e-10,5.07540970958082e-11,9.712084814599934e-14,8.13804672465986e-13,3.9630021778486744e-13,7.1915396670479655e-06,0.9999928081791862,1.144098234458474e-12,1.276821287336932e-12,1.6592899125665465e-15
EFT:2.2666292875964856e-10,5.0754097095807845e-11,9.712084814599865e-14,8.13804672465986e-13,3.9630021778486603e-13,7.191539667047953e-06,0.9999928081791862,1.14409823445847e-12,1.2768212873369276e-12,1.6592899125665347e-15
Random337
Raw:2.2666292875964696e-10,5.0754097095807664e-11,9.712084814599865e-14,8.138046724659831e-13,3.963002177848646e-13,7.191539667047915e-06,0.9999928081791862,1.144098234458466e-12,1.2768212873369185e-12,1.6592899125665229e-15
EFT:2.2666292875964856e-10,5.0754097095807845e-11,9.712084814599865e-14,8.13804672465986e-13,3.9630021778486603e-13,7.191539667047953e-06,0.9999928081791862,1.14409823445847e-12,1.2768212873369276e-12,1.6592899125665347e-15
Random338
Raw:2.2666292875964776e-10,5.0754097095807664e-11,9.712084814599865e-14,8.138046724659831e-13,3.963002177848646e-13,7.191539667047915e-06,0.9999928081791862,1.1440982344584619e-12,1.276821287336923e-12,1.6592899125665347e-15
EFT:2.2666292875964856e-10,5.0754097095807845e-11,9.712084814599865e-14,8.13804672465986e-13,3.9630021778486603e-13,7.1915396670479655e-06,0.9999928081791862,1.14409823445847e-12,1.2768212873369276e-12,1.6592899125665347e-15
Random339
Raw:2.2666292875964856e-10,5.075409709580802e-11,9.712084814599865e-14,8.13804672465986e-13,3.9630021778486603e-13,7.19153966704794e-06,0.9999928081791862,1.144098234458474e-12,1.2768212873369185e-12,1.6592899125665347e-15
EFT:2.2666292875964856e-10,5.0754097095807845e-11,9.712084814599865e-14,8.13804672465986e-13,3.9630021778486603e-13,7.1915396670479655e-06,0.9999928081791862,1.14409823445847e-12,1.2768212873369276e-12,1.6592899125665347e-15
Random340
Raw:2.2666292875964936e-10,5.0754097095807845e-11,9.712084814599899e-14,8.13804672465986e-13,3.9630021778486744e-13,7.191539667047901e-06,0.9999928081791862,1.144098234458466e-12,1.2768212873369276e-12,1.6592899125665229e-15
EFT:2.2666292875964856e-10,5.0754097095807845e-11,9.712084814599865e-14,8.13804672465986e-13,3.9630021778486603e-13,7.1915396670479655e-06,0.9999928081791862,1.14409823445847e-12,1.2768212873369276e-12,1.6592899125665347e-15
Random341
Raw:2.2666292875964856e-10,5.075409709580838e-11,9.712084814599934e-14,8.138046724659889e-13,3.963002177848688e-13,7.1915396670480036e-06,0.9999928081791862,1.144098234458478e-12,1.276821287336932e-12,1.6592899125665347e-15
EFT:2.2666292875964856e-10,5.0754097095807845e-11,9.712084814599865e-14,8.13804672465986e-13,3.9630021778486603e-13,7.191539667047953e-06,0.9999928081791862,1.14409823445847e-12,1.2768212873369276e-12,1.6592899125665347e-15
Random342
Raw:2.2666292875964776e-10,5.0754097095807845e-11,9.712084814599934e-14,8.13804672465986e-13,3.9630021778486744e-13,7.191539667047953e-06,0.9999928081791862,1.144098234458466e-12,1.2768212873369276e-12,1.6592899125665465e-15
EFT:2.2666292875964856e-10,5.0754097095807845e-11,9.712084814599865e-14,8.13804672465986e-13,3.9630021778486603e-13,7.1915396670479655e-06,0.9999928081791862,1.14409823445847e-12,1.2768212873369276e-12,1.6592899125665347e-15
Random343
Raw:2.2666292875964856e-10,5.07540970958082e-11,9.712084814600002e-14,8.138046724659889e-13,3.9630021778486603e-13,7.191539667047991e-06,0.9999928081791862,1.144098234458478e-12,1.276821287336932e-12,1.6592899125665347e-15
EFT:2.2666292875964856e-10,5.0754097095807845e-11,9.712084814599865e-14,8.13804672465986e-13,3.9630021778486603e-13,7.1915396670479655e-06,0.9999928081791862,1.14409823445847e-12,1.2768212873369276e-12,1.6592899125665347e-15
Random344
Raw:2.2666292875964856e-10,5.0754097095807845e-11,9.712084814599865e-14,8.138046724659889e-13,3.963002177848646e-13,7.191539667047991e-06,0.9999928081791862,1.144098234458466e-12,1.2768212873369276e-12,1.6592899125665347e-15
EFT:2.2666292875964856e-10,5.0754097095807845e-11,9.712084814599865e-14,8.13804672465986e-13,3.9630021778486603e-13,7.191539667047953e-06,0.9999928081791862,1.14409823445847e-12,1.2768212873369276e-12,1.6592899125665347e-15
Random345
Raw:2.2666292875964936e-10,5.07540970958082e-11,9.712084814599934e-14,8.138046724659918e-13,3.963002177848702e-13,7.191539667048016e-06,0.9999928081791862,1.144098234458474e-12,1.2768212873369365e-12,1.6592899125665465e-15
EFT:2.2666292875964856e-10,5.0754097095807845e-11,9.712084814599865e-14,8.13804672465986e-13,3.9630021778486603e-13,7.1915396670479655e-06,0.9999928081791862,1.14409823445847e-12,1.2768212873369276e-12,1.6592899125665347e-15
Random346
Raw:2.2666292875965016e-10,5.0754097095807664e-11,9.712084814599865e-14,8.13804672465986e-13,3.9630021778486744e-13,7.191539667047901e-06,0.9999928081791862,1.144098234458466e-12,1.276821287336923e-12,1.6592899125665229e-15
EFT:2.2666292875964856e-10,5.0754097095807845e-11,9.712084814599865e-14,8.13804672465986e-13,3.9630021778486603e-13,7.1915396670479655e-06,0.9999928081791862,1.14409823445847e-12,1.2768212873369276e-12,1.6592899125665347e-15
Random347
Raw:2.2666292875964856e-10,5.075409709580748e-11,9.712084814599761e-14,8.138046724659803e-13,3.963002177848632e-13,7.191539667047978e-06,0.9999928081791862,1.144098234458466e-12,1.2768212873369185e-12,1.6592899125665347e-15
EFT:2.2666292875964856e-10,5.0754097095807845e-11,9.712084814599865e-14,8.13804672465986e-13,3.9630021778486603e-13,7.1915396670479655e-06,0.9999928081791862,1.14409823445847e-12,1.2768212873369276e-12,1.6592899125665347e-15
Random348
Raw:2.2666292875964856e-10,5.075409709580838e-11,9.712084814599934e-14,8.138046724659947e-13,3.963002177848688e-13,7.191539667048029e-06,0.9999928081791862,1.144098234458478e-12,1.2768212873369365e-12,1.6592899125665465e-15
EFT:2.2666292875964856e-10,5.0754097095807845e-11,9.712084814599865e-14,8.13804672465986e-13,3.9630021778486603e-13,7.191539667047953e-06,0.9999928081791862,1.14409823445847e-12,1.2768212873369276e-12,1.6592899125665347e-15
Random349
Raw:2.2666292875964936e-10,5.07540970958082e-11,9.712084814599934e-14,8.138046724659889e-13,3.9630021778486744e-13,7.191539667047991e-06,0.9999928081791862,1.144098234458474e-12,1.2768212873369276e-12,1.6592899125665347e-15
EFT:2.2666292875964856e-10,5.0754097095807845e-11,9.712084814599865e-14,8.13804672465986e-13,3.9630021778486603e-13,7.1915396670479655e-06,0.9999928081791862,1.14409823445847e-12,1.2768212873369276e-12,1.6592899125665347e-15
Random350
Raw:2.2666292875964696e-10,5.075409709580748e-11,9.712084814599795e-14,8.138046724659773e-13,3.963002177848632e-13,7.19153966704794e-06,0.9999928081791862,1.1440982344584619e-12,1.2768212873369094e-12,1.6592899125665229e-15
EFT:2.2666292875964856e-10,5.0754097095807845e-11,9.712084814599865e-14,8.13804672465986e-13,3.9630021778486603e-13,7.1915396670479655e-06,0.9999928081791862,1.14409823445847e-12,1.2768212873369276e-12,1.6592899125665347e-15
Random351
Raw:2.2666292875964613e-10,5.0754097095807845e-11,9.712084814599795e-14,8.138046724659831e-13,3.963002177848632e-13,7.1915396670479655e-06,0.9999928081791862,1.1440982344584578e-12,1.2768212873369185e-12,1.6592899125665229e-15
EFT:2.2666292875964856e-10,5.0754097095807845e-11,9.712084814599865e-14,8.13804672465986e-13,3.9630021778486603e-13,7.1915396670479655e-06,0.9999928081791862,1.14409823445847e-12,1.2768212873369276e-12,1.6592899125665347e-15
Random352
Raw:2.2666292875964776e-10,5.075409709580802e-11,9.712084814599865e-14,8.138046724659889e-13,3.9630021778486744e-13,7.191539667047927e-06,0.9999928081791862,1.144098234458466e-12,1.276821287336923e-12,1.6592899125665229e-15
EFT:2.2666292875964856e-10,5.0754097095807845e-11,9.712084814599865e-14,8.13804672465986e-13,3.9630021778486603e-13,7.191539667047953e-06,0.9999928081791862,1.14409823445847e-12,1.2768212873369276e-12,1.6592899125665347e-15
Random353
Raw:2.2666292875964936e-10,5.075409709580838e-11,9.712084814599865e-14,8.138046724659889e-13,3.9630021778486744e-13,7.191539667048029e-06,0.9999928081791862,1.144098234458474e-12,1.2768212873369185e-12,1.6592899125665347e-15
EFT:2.2666292875964856e-10,5.0754097095807845e-11,9.712084814599865e-14,8.13804672465986e-13,3.9630021778486603e-13,7.1915396670479655e-06,0.9999928081791862,1.14409823445847e-12,1.2768212873369276e-12,1.6592899125665347e-15
Random354
Raw:2.2666292875964856e-10,5.07540970958082e-11,9.712084814599934e-14,8.138046724659889e-13,3.9630021778486603e-13,7.191539667048016e-06,0.9999928081791862,1.144098234458474e-12,1.276821287336932e-12,1.6592899125665229e-15
EFT:2.2666292875964856e-10,5.0754097095807845e-11,9.712084814599865e-14,8.13804672465986e-13,3.9630021778486603e-13,7.191539667047953e-06,0.9999928081791862,1.14409823445847e-12,1.2768212873369276e-12,1.6592899125665347e-15
Random355
Raw:2.2666292875964776e-10,5.0754097095807664e-11,9.712084814599865e-14,8.138046724659803e-13,3.9630021778486603e-13,7.191539667047927e-06,0.9999928081791862,1.144098234458466e-12,1.2768212873369276e-12,1.6592899125665229e-15
EFT:2.2666292875964856e-10,5.0754097095807845e-11,9.712084814599865e-14,8.13804672465986e-13,3.9630021778486603e-13,7.191539667047953e-06,0.9999928081791862,1.14409823445847e-12,1.2768212873369276e-12,1.6592899125665347e-15
Random356
Raw:2.2666292875964856e-10,5.07540970958082e-11,9.712084814599795e-14,8.138046724659831e-13,3.963002177848646e-13,7.191539667048016e-06,0.9999928081791862,1.14409823445847e-12,1.2768212873369185e-12,1.6592899125665229e-15
EFT:2.2666292875964856e-10,5.0754097095807845e-11,9.712084814599865e-14,8.13804672465986e-13,3.9630021778486603e-13,7.1915396670479655e-06,0.9999928081791862,1.14409823445847e-12,1.2768212873369276e-12,1.6592899125665347e-15
Random357
Raw:2.2666292875964936e-10,5.075409709580802e-11,9.712084814599934e-14,8.138046724659918e-13,3.963002177848702e-13,7.1915396670479655e-06,0.9999928081791862,1.144098234458474e-12,1.2768212873369276e-12,1.6592899125665465e-15
EFT:2.2666292875964856e-10,5.0754097095807845e-11,9.712084814599865e-14,8.13804672465986e-13,3.9630021778486603e-13,7.191539667047953e-06,0.9999928081791862,1.14409823445847e-12,1.2768212873369276e-12,1.6592899125665347e-15
Random358
Raw:2.2666292875964856e-10,5.075409709580802e-11,9.712084814599865e-14,8.138046724659831e-13,3.9630021778486603e-13,7.191539667047978e-06,0.9999928081791862,1.14409823445847e-12,1.276821287336923e-12,1.6592899125665347e-15
EFT:2.2666292875964856e-10,5.0754097095807845e-11,9.712084814599865e-14,8.13804672465986e-13,3.9630021778486603e-13,7.191539667047953e-06,0.9999928081791862,1.14409823445847e-12,1.2768212873369276e-12,1.6592899125665347e-15
Random359
Raw:2.2666292875964856e-10,5.0754097095807845e-11,9.712084814599865e-14,8.13804672465986e-13,3.9630021778486603e-13,7.191539667047978e-06,0.9999928081791862,1.14409823445847e-12,1.276821287336932e-12,1.6592899125665347e-15
EFT:2.2666292875964856e-10,5.0754097095807845e-11,9.712084814599865e-14,8.13804672465986e-13,3.9630021778486603e-13,7.1915396670479655e-06,0.9999928081791862,1.14409823445847e-12,1.2768212873369276e-12,1.6592899125665347e-15
Random360
Raw:2.2666292875964856e-10,5.0754097095807845e-11,9.712084814599865e-14,8.13804672465986e-13,3.9630021778486603e-13,7.191539667047978e-06,0.9999928081791862,1.144098234458474e-12,1.276821287336923e-12,1.6592899125665229e-15
EFT:2.2666292875964856e-10,5.0754097095807845e-11,9.712084814599865e-14,8.13804672465986e-13,3.9630021778486603e-13,7.191539667047953e-06,0.9999928081791862,1.14409823445847e-12,1.2768212873369276e-12,1.6592899125665347e-15
Random361
Raw:2.2666292875964776e-10,5.0754097095807845e-11,9.712084814599865e-14,8.138046724659773e-13,3.963002177848646e-13,7.19153966704794e-06,0.9999928081791862,1.144098234458466e-12,1.2768212873369276e-12,1.6592899125665229e-15
EFT:2.2666292875964856e-10,5.0754097095807845e-11,9.712084814599865e-14,8.13804672465986e-13,3.9630021778486603e-13,7.1915396670479655e-06,0.9999928081791862,1.14409823445847e-12,1.2768212873369276e-12,1.6592899125665347e-15
Random362
Raw:2.2666292875964936e-10,5.075409709580802e-11,9.712084814599934e-14,8.13804672465986e-13,3.9630021778486603e-13,7.191539667047978e-06,0.9999928081791862,1.144098234458474e-12,1.2768212873369365e-12,1.6592899125665465e-15
EFT:2.2666292875964856e-10,5.0754097095807845e-11,9.712084814599865e-14,8.13804672465986e-13,3.9630021778486603e-13,7.191539667047953e-06,0.9999928081791862,1.14409823445847e-12,1.2768212873369276e-12,1.6592899125665347e-15
Random363
Raw:2.2666292875964856e-10,5.0754097095807664e-11,9.712084814599795e-14,8.138046724659803e-13,3.963002177848646e-13,7.191539667047927e-06,0.9999928081791862,1.144098234458466e-12,1.2768212873369185e-12,1.6592899125665229e-15
EFT:2.2666292875964856e-10,5.0754097095807845e-11,9.712084814599865e-14,8.13804672465986e-13,3.9630021778486603e-13,7.191539667047953e-06,0.9999928081791862,1.14409823445847e-12,1.2768212873369276e-12,1.6592899125665347e-15
Random364
Raw:2.2666292875964696e-10,5.075409709580748e-11,9.712084814599795e-14,8.138046724659773e-13,3.963002177848646e-13,7.19153966704794e-06,0.9999928081791862,1.144098234458466e-12,1.2768212873369139e-12,1.6592899125665229e-15
EFT:2.2666292875964856e-10,5.0754097095807845e-11,9.712084814599865e-14,8.13804672465986e-13,3.9630021778486603e-13,7.1915396670479655e-06,0.9999928081791862,1.14409823445847e-12,1.2768212873369276e-12,1.6592899125665347e-15
Random365
Raw:2.2666292875964696e-10,5.0754097095807845e-11,9.712084814599829e-14,8.138046724659803e-13,3.963002177848632e-13,7.191539667047978e-06,0.9999928081791862,1.144098234458466e-12,1.2768212873369276e-12,1.6592899125665229e-15
EFT:2.2666292875964856e-10,5.0754097095807845e-11,9.712084814599865e-14,8.13804672465986e-13,3.9630021778486603e-13,7.1915396670479655e-06,0.9999928081791862,1.14409823445847e-12,1.2768212873369276e-12,1.6592899125665347e-15
Random366
Raw:2.2666292875964776e-10,5.0754097095807845e-11,9.712084814599865e-14,8.138046724659831e-13,3.963002177848646e-13,7.191539667047978e-06,0.9999928081791862,1.14409823445847e-12,1.2768212873369276e-12,1.6592899125665229e-15
EFT:2.2666292875964856e-10,5.0754097095807845e-11,9.712084814599865e-14,8.13804672465986e-13,3.9630021778486603e-13,7.191539667047953e-06,0.9999928081791862,1.14409823445847e-12,1.2768212873369276e-12,1.6592899125665347e-15
Random367
Raw:2.2666292875964696e-10,5.0754097095807664e-11,9.712084814599795e-14,8.138046724659803e-13,3.9630021778486603e-13,7.1915396670479655e-06,0.9999928081791862,1.144098234458466e-12,1.276821287336923e-12,1.6592899125665347e-15
EFT:2.2666292875964856e-10,5.0754097095807845e-11,9.712084814599865e-14,8.13804672465986e-13,3.9630021778486603e-13,7.191539667047953e-06,0.9999928081791862,1.14409823445847e-12,1.2768212873369276e-12,1.6592899125665347e-15
Random368
Raw:2.2666292875964936e-10,5.0754097095807845e-11,9.712084814599934e-14,8.138046724659889e-13,3.9630021778486744e-13,7.1915396670479655e-06,0.9999928081791862,1.144098234458474e-12,1.276821287336932e-12,1.6592899125665347e-15
EFT:2.2666292875964856e-10,5.0754097095807845e-11,9.712084814599865e-14,8.13804672465986e-13,3.9630021778486603e-13,7.1915396670479655e-06,0.9999928081791862,1.14409823445847e-12,1.2768212873369276e-12,1.6592899125665347e-15
Random369
Raw:2.2666292875964696e-10,5.075409709580748e-11,9.712084814599795e-14,8.138046724659773e-13,3.963002177848646e-13,7.191539667047915e-06,0.9999928081791862,1.1440982344584578e-12,1.2768212873369185e-12,1.6592899125665229e-15
EFT:2.2666292875964856e-10,5.0754097095807845e-11,9.712084814599865e-14,8.13804672465986e-13,3.9630021778486603e-13,7.1915396670479655e-06,0.9999928081791862,1.14409823445847e-12,1.2768212873369276e-12,1.6592899125665347e-15
Random370
Raw:2.2666292875965096e-10,5.075409709580838e-11,9.712084814599934e-14,8.138046724659918e-13,3.963002177848702e-13,7.1915396670480036e-06,0.9999928081791862,1.144098234458478e-12,1.276821287336932e-12,1.6592899125665465e-15
EFT:2.2666292875964856e-10,5.0754097095807845e-11,9.712084814599865e-14,8.13804672465986e-13,3.9630021778486603e-13,7.1915396670479655e-06,0.9999928081791862,1.14409823445847e-12,1.2768212873369276e-12,1.6592899125665347e-15
Random371
Raw:2.2666292875964613e-10,5.0754097095807664e-11,9.712084814599795e-14,8.138046724659773e-13,3.963002177848632e-13,7.191539667047927e-06,0.9999928081791862,1.1440982344584578e-12,1.2768212873369185e-12,1.6592899125665229e-15
EFT:2.2666292875964856e-10,5.0754097095807845e-11,9.712084814599865e-14,8.13804672465986e-13,3.9630021778486603e-13,7.1915396670479655e-06,0.9999928081791862,1.14409823445847e-12,1.2768212873369276e-12,1.6592899125665347e-15
Random372
Raw:2.2666292875964776e-10,5.075409709580802e-11,9.712084814599865e-14,8.13804672465986e-13,3.9630021778486603e-13,7.191539667047978e-06,0.9999928081791862,1.144098234458466e-12,1.276821287336923e-12,1.6592899125665347e-15
EFT:2.2666292875964856e-10,5.0754097095807845e-11,9.712084814599865e-14,8.13804672465986e-13,3.9630021778486603e-13,7.191539667047953e-06,0.9999928081791862,1.14409823445847e-12,1.2768212873369276e-12,1.6592899125665347e-15
Random373
Raw:2.2666292875964776e-10,5.07540970958082e-11,9.712084814599865e-14,8.138046724659831e-13,3.9630021778486603e-13,7.1915396670479655e-06,0.9999928081791862,1.144098234458466e-12,1.276821287336923e-12,1.6592899125665347e-15
EFT:2.2666292875964856e-10,5.0754097095807845e-11,9.712084814599865e-14,8.13804672465986e-13,3.9630021778486603e-13,7.191539667047953e-06,0.9999928081791862,1.14409823445847e-12,1.2768212873369276e-12,1.6592899125665347e-15
Random374
Raw:2.2666292875965016e-10,5.075409709580838e-11,9.712084814599968e-14,8.138046724659889e-13,3.9630021778486744e-13,7.191539667047991e-06,0.9999928081791862,1.144098234458482e-12,1.2768212873369276e-12,1.6592899125665465e-15
EFT:2.2666292875964856e-10,5.0754097095807845e-11,9.712084814599865e-14,8.13804672465986e-13,3.9630021778486603e-13,7.1915396670479655e-06,0.9999928081791862,1.14409823445847e-12,1.2768212873369276e-12,1.6592899125665347e-15
Random375
Raw:2.2666292875964776e-10,5.075409709580802e-11,9.712084814599934e-14,8.138046724659889e-13,3.963002177848646e-13,7.19153966704794e-06,0.9999928081791862,1.14409823445847e-12,1.2768212873369276e-12,1.6592899125665347e-15
EFT:2.2666292875964856e-10,5.0754097095807845e-11,9.712084814599865e-14,8.13804672465986e-13,3.9630021778486603e-13,7.1915396670479655e-06,0.9999928081791862,1.14409823445847e-12,1.2768212873369276e-12,1.6592899125665347e-15
Random376
Raw:2.2666292875964776e-10,5.0754097095807664e-11,9.712084814599865e-14,8.138046724659803e-13,3.963002177848632e-13,7.191539667047953e-06,0.9999928081791862,1.144098234458466e-12,1.2768212873369185e-12,1.6592899125665229e-15
EFT:2.2666292875964856e-10,5.0754097095807845e-11,9.712084814599865e-14,8.13804672465986e-13,3.9630021778486603e-13,7.191539667047953e-06,0.9999928081791862,1.14409823445847e-12,1.2768212873369276e-12,1.6592899125665347e-15
Random377
Raw:2.2666292875964856e-10,5.0754097095807845e-11,9.712084814599795e-14,8.13804672465986e-13,3.9630021778486603e-13,7.191539667047991e-06,0.9999928081791862,1.14409823445847e-12,1.2768212873369276e-12,1.6592899125665465e-15
EFT:2.2666292875964856e-10,5.0754097095807845e-11,9.712084814599865e-14,8.13804672465986e-13,3.9630021778486603e-13,7.1915396670479655e-06,0.9999928081791862,1.14409823445847e-12,1.2768212873369276e-12,1.6592899125665347e-15
Random378
Raw:2.2666292875964776e-10,5.075409709580802e-11,9.712084814599865e-14,8.138046724659889e-13,3.9630021778486603e-13,7.191539667047978e-06,0.9999928081791862,1.144098234458474e-12,1.2768212873369276e-12,1.6592899125665347e-15
EFT:2.2666292875964856e-10,5.075409709580802e-11,9.712084814599865e-14,8.13804672465986e-13,3.9630021778486603e-13,7.191539667047953e-06,0.9999928081791862,1.14409823445847e-12,1.2768212873369276e-12,1.6592899125665347e-15
Random379
Raw:2.2666292875964776e-10,5.0754097095807845e-11,9.712084814599795e-14,8.138046724659831e-13,3.963002177848646e-13,7.1915396670479655e-06,0.9999928081791862,1.144098234458466e-12,1.2768212873369185e-12,1.6592899125665347e-15
EFT:2.2666292875964856e-10,5.0754097095807845e-11,9.712084814599865e-14,8.13804672465986e-13,3.9630021778486603e-13,7.1915396670479655e-06,0.9999928081791862,1.14409823445847e-12,1.2768212873369276e-12,1.6592899125665347e-15
Random380
Raw:2.2666292875964776e-10,5.075409709580748e-11,9.712084814599829e-14,8.138046724659831e-13,3.9630021778486744e-13,7.1915396670479655e-06,0.9999928081791862,1.1440982344584619e-12,1.2768212873369276e-12,1.6592899125665347e-15
EFT:2.2666292875964856e-10,5.075409709580802e-11,9.712084814599865e-14,8.13804672465986e-13,3.9630021778486603e-13,7.191539667047953e-06,0.9999928081791862,1.14409823445847e-12,1.2768212873369276e-12,1.6592899125665347e-15
Random381
Raw:2.2666292875964936e-10,5.0754097095807845e-11,9.712084814599899e-14,8.138046724659889e-13,3.9630021778486744e-13,7.191539667047978e-06,0.9999928081791862,1.14409823445847e-12,1.276821287336932e-12,1.6592899125665465e-15
EFT:2.2666292875964856e-10,5.0754097095807845e-11,9.712084814599865e-14,8.13804672465986e-13,3.9630021778486603e-13,7.1915396670479655e-06,0.9999928081791862,1.14409823445847e-12,1.2768212873369276e-12,1.6592899125665347e-15
Random382
Raw:2.2666292875965096e-10,5.075409709580838e-11,9.712084814599968e-14,8.138046724660005e-13,3.963002177848702e-13,7.191539667048016e-06,0.9999928081791862,1.144098234458482e-12,1.2768212873369365e-12,1.6592899125665582e-15
EFT:2.2666292875964856e-10,5.0754097095807845e-11,9.712084814599865e-14,8.13804672465986e-13,3.9630021778486603e-13,7.1915396670479655e-06,0.9999928081791862,1.14409823445847e-12,1.2768212873369276e-12,1.6592899125665347e-15
Random383
Raw:2.2666292875964613e-10,5.0754097095807664e-11,9.712084814599795e-14,8.138046724659773e-13,3.963002177848632e-13,7.19153966704794e-06,0.9999928081791862,1.1440982344584578e-12,1.2768212873369185e-12,1.6592899125665229e-15
EFT:2.2666292875964856e-10,5.0754097095807845e-11,9.712084814599865e-14,8.13804672465986e-13,3.9630021778486603e-13,7.191539667047953e-06,0.9999928081791862,1.14409823445847e-12,1.2768212873369276e-12,1.6592899125665347e-15
Random384
Raw:2.2666292875964936e-10,5.07540970958082e-11,9.712084814599934e-14,8.138046724659889e-13,3.9630021778486744e-13,7.191539667047978e-06,0.9999928081791862,1.144098234458478e-12,1.276821287336932e-12,1.6592899125665347e-15
EFT:2.2666292875964856e-10,5.0754097095807845e-11,9.712084814599865e-14,8.13804672465986e-13,3.9630021778486603e-13,7.191539667047953e-06,0.9999928081791862,1.14409823445847e-12,1.2768212873369276e-12,1.6592899125665347e-15
Random385
Raw:2.2666292875964696e-10,5.0754097095807845e-11,9.712084814599795e-14,8.138046724659831e-13,3.963002177848646e-13,7.1915396670479655e-06,0.9999928081791862,1.144098234458466e-12,1.2768212873369185e-12,1.6592899125665229e-15
EFT:2.2666292875964856e-10,5.0754097095807845e-11,9.712084814599865e-14,8.13804672465986e-13,3.9630021778486603e-13,7.1915396670479655e-06,0.9999928081791862,1.14409823445847e-12,1.2768212873369276e-12,1.6592899125665347e-15
Random386
Raw:2.2666292875964696e-10,5.0754097095807664e-11,9.712084814599865e-14,8.13804672465986e-13,3.963002177848632e-13,7.191539667047927e-06,0.9999928081791862,1.1440982344584619e-12,1.276821287336923e-12,1.6592899125665229e-15
EFT:2.2666292875964856e-10,5.0754097095807845e-11,9.712084814599865e-14,8.13804672465986e-13,3.9630021778486603e-13,7.1915396670479655e-06,0.9999928081791862,1.14409823445847e-12,1.2768212873369276e-12,1.6592899125665347e-15
Random387
Raw:2.2666292875964856e-10,5.075409709580802e-11,9.712084814599934e-14,8.138046724659889e-13,3.963002177848688e-13,7.1915396670479655e-06,0.9999928081791862,1.144098234458474e-12,1.276821287336932e-12,1.6592899125665347e-15
EFT:2.2666292875964856e-10,5.0754097095807845e-11,9.712084814599865e-14,8.13804672465986e-13,3.9630021778486603e-13,7.1915396670479655e-06,0.9999928081791862,1.14409823445847e-12,1.2768212873369276e-12,1.6592899125665347e-15
Random388
Raw:2.2666292875964776e-10,5.0754097095807845e-11,9.712084814599829e-14,8.13804672465986e-13,3.9630021778486744e-13,7.191539667047927e-06,0.9999928081791862,1.144098234458466e-12,1.2768212873369185e-12,1.6592899125665347e-15
EFT:2.2666292875964856e-10,5.0754097095807845e-11,9.712084814599865e-14,8.13804672465986e-13,3.9630021778486603e-13,7.1915396670479655e-06,0.9999928081791862,1.14409823445847e-12,1.2768212873369276e-12,1.6592899125665347e-15
Random389
Raw:2.2666292875965016e-10,5.07540970958082e-11,9.712084814599899e-14,8.138046724659889e-13,3.9630021778486744e-13,7.191539667048054e-06,0.9999928081791862,1.144098234458478e-12,1.276821287336932e-12,1.6592899125665465e-15
EFT:2.2666292875964856e-10,5.0754097095807845e-11,9.712084814599865e-14,8.13804672465986e-13,3.9630021778486603e-13,7.1915396670479655e-06,0.9999928081791862,1.14409823445847e-12,1.2768212873369276e-12,1.6592899125665347e-15
Random390
Raw:2.2666292875964613e-10,5.075409709580802e-11,9.712084814599865e-14,8.138046724659831e-13,3.9630021778486744e-13,7.191539667047953e-06,0.9999928081791862,1.144098234458466e-12,1.2768212873369185e-12,1.6592899125665347e-15
EFT:2.2666292875964856e-10,5.0754097095807845e-11,9.712084814599865e-14,8.13804672465986e-13,3.9630021778486603e-13,7.1915396670479655e-06,0.9999928081791862,1.14409823445847e-12,1.2768212873369276e-12,1.6592899125665347e-15
Random391
Raw:2.2666292875964936e-10,5.075409709580802e-11,9.712084814599934e-14,8.138046724659889e-13,3.9630021778486744e-13,7.191539667047991e-06,0.9999928081791862,1.144098234458474e-12,1.276821287336932e-12,1.6592899125665347e-15
EFT:2.2666292875964856e-10,5.0754097095807845e-11,9.712084814599865e-14,8.13804672465986e-13,3.9630021778486603e-13,7.1915396670479655e-06,0.9999928081791862,1.14409823445847e-12,1.2768212873369276e-12,1.6592899125665347e-15
Random392
Raw:2.2666292875964776e-10,5.075409709580838e-11,9.712084814599934e-14,8.138046724659889e-13,3.9630021778486744e-13,7.191539667048016e-06,0.9999928081791862,1.144098234458474e-12,1.2768212873369276e-12,1.6592899125665465e-15
EFT:2.2666292875964856e-10,5.0754097095807845e-11,9.712084814599865e-14,8.13804672465986e-13,3.9630021778486603e-13,7.1915396670479655e-06,0.9999928081791862,1.14409823445847e-12,1.2768212873369276e-12,1.6592899125665347e-15
Random393
Raw:2.2666292875964696e-10,5.075409709580748e-11,9.712084814599795e-14,8.138046724659773e-13,3.963002177848618e-13,7.191539667047901e-06,0.9999928081791862,1.1440982344584619e-12,1.2768212873369185e-12,1.6592899125665229e-15
EFT:2.2666292875964856e-10,5.0754097095807845e-11,9.712084814599865e-14,8.13804672465986e-13,3.9630021778486603e-13,7.1915396670479655e-06,0.9999928081791862,1.14409823445847e-12,1.2768212873369276e-12,1.6592899125665347e-15
Random394
Raw:2.2666292875964856e-10,5.075409709580802e-11,9.712084814599934e-14,8.138046724659889e-13,3.9630021778486744e-13,7.191539667048016e-06,0.9999928081791862,1.144098234458478e-12,1.2768212873369276e-12,1.6592899125665465e-15
EFT:2.2666292875964856e-10,5.0754097095807845e-11,9.712084814599865e-14,8.13804672465986e-13,3.9630021778486603e-13,7.1915396670479655e-06,0.9999928081791862,1.14409823445847e-12,1.2768212873369276e-12,1.6592899125665347e-15
Random395
Raw:2.2666292875964936e-10,5.07540970958082e-11,9.712084814599934e-14,8.138046724659918e-13,3.963002177848688e-13,7.191539667047991e-06,0.9999928081791862,1.144098234458474e-12,1.276821287336932e-12,1.6592899125665347e-15
EFT:2.2666292875964856e-10,5.0754097095807845e-11,9.712084814599865e-14,8.13804672465986e-13,3.9630021778486603e-13,7.191539667047953e-06,0.9999928081791862,1.14409823445847e-12,1.2768212873369276e-12,1.6592899125665347e-15
Random396
Raw:2.2666292875964936e-10,5.075409709580802e-11,9.712084814599865e-14,8.13804672465986e-13,3.9630021778486744e-13,7.191539667047953e-06,0.9999928081791862,1.144098234458466e-12,1.2768212873369276e-12,1.6592899125665347e-15
EFT:2.2666292875964856e-10,5.0754097095807845e-11,9.712084814599865e-14,8.13804672465986e-13,3.9630021778486603e-13,7.191539667047953e-06,0.9999928081791862,1.14409823445847e-12,1.2768212873369276e-12,1.6592899125665347e-15
Random397
Raw:2.2666292875964776e-10,5.0754097095807664e-11,9.712084814599795e-14,8.138046724659803e-13,3.963002177848688e-13,7.191539667047915e-06,0.9999928081791862,1.144098234458466e-12,1.2768212873369185e-12,1.6592899125665347e-15
EFT:2.2666292875964856e-10,5.0754097095807845e-11,9.712084814599865e-14,8.13804672465986e-13,3.9630021778486603e-13,7.1915396670479655e-06,0.9999928081791862,1.14409823445847e-12,1.2768212873369276e-12,1.6592899125665347e-15
Random398
Raw:2.2666292875964936e-10,5.0754097095807664e-11,9.712084814599865e-14,8.13804672465986e-13,3.9630021778486744e-13,7.1915396670479655e-06,0.9999928081791862,1.144098234458466e-12,1.276821287336923e-12,1.6592899125665347e-15
EFT:2.2666292875964856e-10,5.0754097095807845e-11,9.712084814599865e-14,8.13804672465986e-13,3.9630021778486603e-13,7.1915396670479655e-06,0.9999928081791862,1.14409823445847e-12,1.2768212873369276e-12,1.6592899125665347e-15
Random399
Raw:2.2666292875964776e-10,5.075409709580748e-11,9.712084814599795e-14,8.138046724659889e-13,3.963002177848646e-13,7.191539667047927e-06,0.9999928081791862,1.144098234458466e-12,1.2768212873369185e-12,1.6592899125665229e-15
EFT:2.2666292875964856e-10,5.0754097095807845e-11,9.712084814599865e-14,8.13804672465986e-13,3.9630021778486603e-13,7.191539667047953e-06,0.9999928081791862,1.14409823445847e-12,1.2768212873369276e-12,1.6592899125665347e-15
Random400
Raw:2.2666292875964776e-10,5.0754097095807845e-11,9.712084814599865e-14,8.13804672465986e-13,3.9630021778486744e-13,7.191539667047991e-06,0.9999928081791862,1.144098234458466e-12,1.2768212873369276e-12,1.6592899125665347e-15
EFT:2.2666292875964856e-10,5.0754097095807845e-11,9.712084814599865e-14,8.13804672465986e-13,3.9630021778486603e-13,7.1915396670479655e-06,0.9999928081791862,1.14409823445847e-12,1.2768212873369276e-12,1.6592899125665347e-15
Random401
Raw:2.2666292875964696e-10,5.0754097095807664e-11,9.712084814599865e-14,8.13804672465986e-13,3.9630021778486744e-13,7.191539667047978e-06,0.9999928081791862,1.14409823445847e-12,1.2768212873369276e-12,1.6592899125665347e-15
EFT:2.2666292875964856e-10,5.0754097095807845e-11,9.712084814599865e-14,8.13804672465986e-13,3.9630021778486603e-13,7.1915396670479655e-06,0.9999928081791862,1.14409823445847e-12,1.2768212873369276e-12,1.6592899125665347e-15
Random402
Raw:2.2666292875964936e-10,5.07540970958082e-11,9.712084814599865e-14,8.138046724659889e-13,3.9630021778486744e-13,7.191539667047991e-06,0.9999928081791862,1.144098234458474e-12,1.2768212873369276e-12,1.6592899125665347e-15
EFT:2.2666292875964856e-10,5.0754097095807845e-11,9.712084814599865e-14,8.13804672465986e-13,3.9630021778486603e-13,7.1915396670479655e-06,0.9999928081791862,1.14409823445847e-12,1.2768212873369276e-12,1.6592899125665347e-15
Random403
Raw:2.2666292875964776e-10,5.0754097095807664e-11,9.712084814599865e-14,8.13804672465986e-13,3.963002177848646e-13,7.1915396670480036e-06,0.9999928081791862,1.144098234458466e-12,1.2768212873369276e-12,1.6592899125665347e-15
EFT:2.2666292875964856e-10,5.0754097095807845e-11,9.712084814599865e-14,8.13804672465986e-13,3.9630021778486603e-13,7.1915396670479655e-06,0.9999928081791862,1.14409823445847e-12,1.2768212873369276e-12,1.6592899125665347e-15
Random404
Raw:2.2666292875964696e-10,5.0754097095807845e-11,9.712084814599795e-14,8.138046724659831e-13,3.9630021778486603e-13,7.191539667047953e-06,0.9999928081791862,1.144098234458466e-12,1.2768212873369139e-12,1.6592899125665229e-15
EFT:2.2666292875964856e-10,5.0754097095807845e-11,9.712084814599865e-14,8.13804672465986e-13,3.9630021778486603e-13,7.1915396670479655e-06,0.9999928081791862,1.14409823445847e-12,1.2768212873369276e-12,1.6592899125665347e-15
Random405
Raw:2.2666292875964696e-10,5.0754097095807845e-11,9.712084814599829e-14,8.138046724659831e-13,3.963002177848646e-13,7.191539667047927e-06,0.9999928081791862,1.144098234458466e-12,1.2768212873369185e-12,1.6592899125665229e-15
EFT:2.2666292875964856e-10,5.0754097095807845e-11,9.712084814599865e-14,8.13804672465986e-13,3.9630021778486603e-13,7.1915396670479655e-06,0.9999928081791862,1.14409823445847e-12,1.2768212873369276e-12,1.6592899125665347e-15
Random406
Raw:2.2666292875964936e-10,5.0754097095807845e-11,9.712084814599899e-14,8.138046724659918e-13,3.963002177848702e-13,7.191539667047991e-06,0.9999928081791862,1.144098234458474e-12,1.276821287336932e-12,1.6592899125665465e-15
EFT:2.2666292875964856e-10,5.0754097095807845e-11,9.712084814599865e-14,8.13804672465986e-13,3.9630021778486603e-13,7.1915396670479655e-06,0.9999928081791862,1.14409823445847e-12,1.2768212873369276e-12,1.6592899125665347e-15
Random407
Raw:2.2666292875964936e-10,5.075409709580856e-11,9.712084814600072e-14,8.138046724659947e-13,3.9630021778487305e-13,7.191539667048029e-06,0.9999928081791862,1.144098234458482e-12,1.2768212873369412e-12,1.6592899125665465e-15
EFT:2.2666292875964856e-10,5.0754097095807845e-11,9.712084814599865e-14,8.13804672465986e-13,3.9630021778486603e-13,7.1915396670479655e-06,0.9999928081791862,1.14409823445847e-12,1.2768212873369276e-12,1.6592899125665347e-15
Random408
Raw:2.2666292875964696e-10,5.0754097095807845e-11,9.712084814599865e-14,8.138046724659831e-13,3.963002177848646e-13,7.19153966704794e-06,0.9999928081791862,1.144098234458466e-12,1.2768212873369185e-12,1.6592899125665229e-15
EFT:2.2666292875964856e-10,5.0754097095807845e-11,9.712084814599865e-14,8.13804672465986e-13,3.9630021778486603e-13,7.1915396670479655e-06,0.9999928081791862,1.14409823445847e-12,1.2768212873369276e-12,1.6592899125665347e-15
Random409
Raw:2.2666292875964696e-10,5.075409709580748e-11,9.712084814599829e-14,8.138046724659773e-13,3.9630021778486603e-13,7.191539667047953e-06,0.9999928081791862,1.1440982344584619e-12,1.276821287336923e-12,1.6592899125665347e-15
EFT:2.2666292875964856e-10,5.0754097095807845e-11,9.712084814599865e-14,8.13804672465986e-13,3.9630021778486603e-13,7.1915396670479655e-06,0.9999928081791862,1.14409823445847e-12,1.2768212873369276e-12,1.6592899125665347e-15
Random410
Raw:2.2666292875964856e-10,5.0754097095807664e-11,9.712084814599829e-14,8.138046724659831e-13,3.9630021778486603e-13,7.191539667047978e-06,0.9999928081791862,1.144098234458466e-12,1.2768212873369276e-12,1.6592899125665347e-15
EFT:2.2666292875964856e-10,5.0754097095807845e-11,9.712084814599865e-14,8.13804672465986e-13,3.9630021778486603e-13,7.1915396670479655e-06,0.9999928081791862,1.14409823445847e-12,1.2768212873369276e-12,1.6592899125665347e-15
Random411
Raw:2.2666292875964936e-10,5.0754097095807845e-11,9.712084814599865e-14,8.13804672465986e-13,3.963002177848688e-13,7.191539667047953e-06,0.9999928081791862,1.14409823445847e-12,1.276821287336923e-12,1.6592899125665347e-15
EFT:2.2666292875964856e-10,5.0754097095807845e-11,9.712084814599865e-14,8.13804672465986e-13,3.9630021778486603e-13,7.1915396670479655e-06,0.9999928081791862,1.14409823445847e-12,1.2768212873369276e-12,1.6592899125665347e-15
Random412
Raw:2.2666292875964776e-10,5.075409709580748e-11,9.712084814599829e-14,8.138046724659831e-13,3.9630021778486603e-13,7.19153966704794e-06,0.9999928081791862,1.144098234458466e-12,1.276821287336923e-12,1.6592899125665229e-15
EFT:2.2666292875964856e-10,5.0754097095807845e-11,9.712084814599865e-14,8.13804672465986e-13,3.9630021778486603e-13,7.1915396670479655e-06,0.9999928081791862,1.14409823445847e-12,1.2768212873369276e-12,1.6592899125665347e-15
Random413
Raw:2.2666292875965096e-10,5.075409709580838e-11,9.712084814599934e-14,8.138046724659947e-13,3.963002177848688e-13,7.191539667048029e-06,0.9999928081791862,1.144098234458482e-12,1.2768212873369412e-12,1.6592899125665465e-15
EFT:2.2666292875964856e-10,5.0754097095807845e-11,9.712084814599865e-14,8.13804672465986e-13,3.9630021778486603e-13,7.191539667047953e-06,0.9999928081791862,1.14409823445847e-12,1.2768212873369276e-12,1.6592899125665347e-15
Random414
Raw:2.2666292875964776e-10,5.07540970958082e-11,9.712084814599865e-14,8.13804672465986e-13,3.9630021778486603e-13,7.1915396670479655e-06,0.9999928081791862,1.144098234458466e-12,1.2768212873369276e-12,1.6592899125665229e-15
EFT:2.2666292875964856e-10,5.0754097095807845e-11,9.712084814599865e-14,8.13804672465986e-13,3.9630021778486603e-13,7.1915396670479655e-06,0.9999928081791862,1.14409823445847e-12,1.2768212873369276e-12,1.6592899125665347e-15
Random415
Raw:2.2666292875965016e-10,5.07540970958082e-11,9.712084814599934e-14,8.138046724659889e-13,3.963002177848688e-13,7.1915396670480036e-06,0.9999928081791862,1.144098234458478e-12,1.276821287336932e-12,1.6592899125665465e-15
EFT:2.2666292875964856e-10,5.0754097095807845e-11,9.712084814599865e-14,8.13804672465986e-13,3.9630021778486603e-13,7.191539667047953e-06,0.9999928081791862,1.14409823445847e-12,1.2768212873369276e-12,1.6592899125665347e-15
Random416
Raw:2.2666292875964613e-10,5.0754097095807845e-11,9.712084814599795e-14,8.138046724659803e-13,3.963002177848646e-13,7.1915396670479655e-06,0.9999928081791862,1.144098234458466e-12,1.2768212873369185e-12,1.6592899125665229e-15
EFT:2.2666292875964856e-10,5.0754097095807845e-11,9.712084814599865e-14,8.13804672465986e-13,3.9630021778486603e-13,7.1915396670479655e-06,0.9999928081791862,1.14409823445847e-12,1.2768212873369276e-12,1.6592899125665347e-15
Random417
Raw:2.2666292875964936e-10,5.075409709580802e-11,9.712084814599865e-14,8.138046724659889e-13,3.963002177848688e-13,7.191539667047978e-06,0.9999928081791862,1.144098234458474e-12,1.2768212873369185e-12,1.6592899125665347e-15
EFT:2.2666292875964856e-10,5.0754097095807845e-11,9.712084814599865e-14,8.13804672465986e-13,3.9630021778486603e-13,7.1915396670479655e-06,0.9999928081791862,1.14409823445847e-12,1.2768212873369276e-12,1.6592899125665347e-15
Random418
Raw:2.2666292875964936e-10,5.07540970958082e-11,9.712084814599934e-14,8.138046724659947e-13,3.963002177848702e-13,7.191539667048016e-06,0.9999928081791862,1.144098234458478e-12,1.2768212873369365e-12,1.6592899125665465e-15
EFT:2.2666292875964856e-10,5.0754097095807845e-11,9.712084814599865e-14,8.13804672465986e-13,3.9630021778486603e-13,7.191539667047953e-06,0.9999928081791862,1.14409823445847e-12,1.2768212873369276e-12,1.6592899125665347e-15
Random419
Raw:2.2666292875964936e-10,5.075409709580838e-11,9.712084814600002e-14,8.138046724659947e-13,3.963002177848702e-13,7.1915396670480036e-06,0.9999928081791862,1.144098234458474e-12,1.2768212873369456e-12,1.6592899125665465e-15
EFT:2.2666292875964856e-10,5.0754097095807845e-11,9.712084814599865e-14,8.13804672465986e-13,3.9630021778486603e-13,7.1915396670479655e-06,0.9999928081791862,1.14409823445847e-12,1.2768212873369276e-12,1.6592899125665347e-15
Random420
Raw:2.2666292875964613e-10,5.0754097095807845e-11,9.712084814599795e-14,8.138046724659803e-13,3.963002177848618e-13,7.191539667047927e-06,0.9999928081791862,1.1440982344584619e-12,1.2768212873369185e-12,1.6592899125665229e-15
EFT:2.2666292875964856e-10,5.0754097095807845e-11,9.712084814599865e-14,8.13804672465986e-13,3.9630021778486603e-13,7.1915396670479655e-06,0.9999928081791862,1.14409823445847e-12,1.2768212873369276e-12,1.6592899125665347e-15
Random421
Raw:2.2666292875964936e-10,5.0754097095807664e-11,9.712084814599829e-14,8.138046724659831e-13,3.9630021778486603e-13,7.1915396670479655e-06,0.9999928081791862,1.144098234458466e-12,1.2768212873369276e-12,1.6592899125665347e-15
EFT:2.2666292875964856e-10,5.0754097095807845e-11,9.712084814599865e-14,8.13804672465986e-13,3.9630021778486603e-13,7.1915396670479655e-06,0.9999928081791862,1.14409823445847e-12,1.2768212873369276e-12,1.6592899125665347e-15
Random422
Raw:2.2666292875964856e-10,5.0754097095807845e-11,9.712084814599899e-14,8.138046724659889e-13,3.963002177848688e-13,7.191539667047915e-06,0.9999928081791862,1.144098234458466e-12,1.2768212873369276e-12,1.6592899125665347e-15
EFT:2.2666292875964856e-10,5.0754097095807845e-11,9.712084814599865e-14,8.13804672465986e-13,3.9630021778486603e-13,7.1915396670479655e-06,0.9999928081791862,1.14409823445847e-12,1.2768212873369276e-12,1.6592899125665347e-15
Random423
Raw:2.2666292875964696e-10,5.0754097095807845e-11,9.712084814599865e-14,8.138046724659831e-13,3.9630021778486744e-13,7.191539667047915e-06,0.9999928081791862,1.1440982344584619e-12,1.276821287336923e-12,1.6592899125665229e-15
EFT:2.2666292875964856e-10,5.0754097095807845e-11,9.712084814599865e-14,8.13804672465986e-13,3.9630021778486603e-13,7.1915396670479655e-06,0.9999928081791862,1.14409823445847e-12,1.2768212873369276e-12,1.6592899125665347e-15
Random424
Raw:2.2666292875964936e-10,5.07540970958082e-11,9.712084814599934e-14,8.13804672465986e-13,3.963002177848646e-13,7.191539667047991e-06,0.9999928081791862,1.144098234458478e-12,1.2768212873369276e-12,1.6592899125665347e-15
EFT:2.2666292875964856e-10,5.0754097095807845e-11,9.712084814599865e-14,8.13804672465986e-13,3.9630021778486603e-13,7.1915396670479655e-06,0.9999928081791862,1.14409823445847e-12,1.2768212873369276e-12,1.6592899125665347e-15
Random425
Raw:2.2666292875964776e-10,5.0754097095807845e-11,9.712084814599899e-14,8.138046724659889e-13,3.9630021778486744e-13,7.191539667047953e-06,0.9999928081791862,1.144098234458466e-12,1.2768212873369276e-12,1.6592899125665347e-15
EFT:2.2666292875964856e-10,5.0754097095807845e-11,9.712084814599865e-14,8.13804672465986e-13,3.9630021778486603e-13,7.1915396670479655e-06,0.9999928081791862,1.14409823445847e-12,1.2768212873369276e-12,1.6592899125665347e-15
Random426
Raw:2.2666292875964776e-10,5.075409709580802e-11,9.712084814599865e-14,8.138046724659831e-13,3.963002177848646e-13,7.191539667047991e-06,0.9999928081791862,1.1440982344584619e-12,1.2768212873369365e-12,1.6592899125665347e-15
EFT:2.2666292875964856e-10,5.0754097095807845e-11,9.712084814599865e-14,8.13804672465986e-13,3.9630021778486603e-13,7.1915396670479655e-06,0.9999928081791862,1.14409823445847e-12,1.2768212873369276e-12,1.6592899125665347e-15
Random427
Raw:2.2666292875964856e-10,5.075409709580838e-11,9.712084814600002e-14,8.138046724659947e-13,3.9630021778486744e-13,7.191539667048029e-06,0.9999928081791862,1.144098234458482e-12,1.2768212873369365e-12,1.6592899125665465e-15
EFT:2.2666292875964856e-10,5.0754097095807845e-11,9.712084814599865e-14,8.13804672465986e-13,3.9630021778486603e-13,7.1915396670479655e-06,0.9999928081791862,1.14409823445847e-12,1.2768212873369276e-12,1.6592899125665347e-15
Random428
Raw:2.2666292875964776e-10,5.0754097095807664e-11,9.712084814599795e-14,8.138046724659803e-13,3.9630021778486603e-13,7.191539667047953e-06,0.9999928081791862,1.1440982344584619e-12,1.2768212873369185e-12,1.6592899125665229e-15
EFT:2.2666292875964856e-10,5.0754097095807845e-11,9.712084814599865e-14,8.13804672465986e-13,3.9630021778486603e-13,7.191539667047953e-06,0.9999928081791862,1.14409823445847e-12,1.2768212873369276e-12,1.6592899125665347e-15
Random429
Raw:2.2666292875965016e-10,5.07540970958082e-11,9.712084814599899e-14,8.138046724659947e-13,3.963002177848702e-13,7.191539667048016e-06,0.9999928081791862,1.144098234458474e-12,1.2768212873369365e-12,1.6592899125665465e-15
EFT:2.2666292875964856e-10,5.0754097095807845e-11,9.712084814599865e-14,8.13804672465986e-13,3.9630021778486603e-13,7.1915396670479655e-06,0.9999928081791862,1.14409823445847e-12,1.2768212873369276e-12,1.6592899125665347e-15
Random430
Raw:2.2666292875964776e-10,5.07540970958082e-11,9.712084814599899e-14,8.138046724659889e-13,3.963002177848688e-13,7.191539667047991e-06,0.9999928081791862,1.144098234458474e-12,1.2768212873369276e-12,1.6592899125665465e-15
EFT:2.2666292875964856e-10,5.0754097095807845e-11,9.712084814599865e-14,8.13804672465986e-13,3.9630021778486603e-13,7.1915396670479655e-06,0.9999928081791862,1.14409823445847e-12,1.2768212873369276e-12,1.6592899125665347e-15
Random431
Raw:2.2666292875964936e-10,5.075409709580802e-11,9.712084814599865e-14,8.138046724659889e-13,3.9630021778486744e-13,7.191539667047991e-06,0.9999928081791862,1.144098234458478e-12,1.2768212873369365e-12,1.6592899125665465e-15
EFT:2.2666292875964856e-10,5.0754097095807845e-11,9.712084814599865e-14,8.13804672465986e-13,3.9630021778486603e-13,7.191539667047953e-06,0.9999928081791862,1.14409823445847e-12,1.2768212873369276e-12,1.6592899125665347e-15
Random432
Raw:2.2666292875965096e-10,5.075409709580838e-11,9.712084814599934e-14,8.138046724659918e-13,3.9630021778487163e-13,7.1915396670480036e-06,0.9999928081791862,1.144098234458478e-12,1.276821287336932e-12,1.6592899125665582e-15
EFT:2.2666292875964856e-10,5.0754097095807845e-11,9.712084814599865e-14,8.13804672465986e-13,3.9630021778486603e-13,7.1915396670479655e-06,0.9999928081791862,1.14409823445847e-12,1.2768212873369276e-12,1.6592899125665347e-15
Random433
Raw:2.2666292875964776e-10,5.0754097095807664e-11,9.712084814599829e-14,8.138046724659831e-13,3.963002177848646e-13,7.19153966704794e-06,0.9999928081791862,1.144098234458466e-12,1.2768212873369185e-12,1.6592899125665229e-15
EFT:2.2666292875964856e-10,5.0754097095807845e-11,9.712084814599865e-14,8.13804672465986e-13,3.9630021778486603e-13,7.1915396670479655e-06,0.9999928081791862,1.14409823445847e-12,1.2768212873369276e-12,1.6592899125665347e-15
Random434
Raw:2.2666292875964856e-10,5.07540970958082e-11,9.712084814600002e-14,8.138046724659889e-13,3.963002177848688e-13,7.1915396670480036e-06,0.9999928081791862,1.144098234458474e-12,1.2768212873369412e-12,1.6592899125665465e-15
EFT:2.2666292875964856e-10,5.0754097095807845e-11,9.712084814599865e-14,8.13804672465986e-13,3.9630021778486603e-13,7.191539667047953e-06,0.9999928081791862,1.14409823445847e-12,1.2768212873369276e-12,1.6592899125665347e-15
Random435
Raw:2.2666292875964776e-10,5.07540970958082e-11,9.712084814599934e-14,8.138046724659918e-13,3.9630021778486603e-13,7.191539667048016e-06,0.9999928081791862,1.144098234458478e-12,1.276821287336932e-12,1.6592899125665347e-15
EFT:2.2666292875964856e-10,5.0754097095807845e-11,9.712084814599865e-14,8.13804672465986e-13,3.9630021778486603e-13,7.1915396670479655e-06,0.9999928081791862,1.14409823445847e-12,1.2768212873369276e-12,1.6592899125665347e-15
Random436
Raw:2.2666292875964856e-10,5.075409709580802e-11,9.712084814599829e-14,8.13804672465986e-13,3.9630021778486603e-13,7.1915396670479655e-06,0.9999928081791862,1.144098234458474e-12,1.276821287336923e-12,1.6592899125665347e-15
EFT:2.2666292875964856e-10,5.0754097095807845e-11,9.712084814599865e-14,8.13804672465986e-13,3.9630021778486603e-13,7.1915396670479655e-06,0.9999928081791862,1.14409823445847e-12,1.2768212873369276e-12,1.6592899125665347e-15
Random437
Raw:2.2666292875964696e-10,5.0754097095807664e-11,9.712084814599727e-14,8.138046724659773e-13,3.963002177848646e-13,7.191539667047927e-06,0.9999928081791862,1.1440982344584578e-12,1.2768212873369139e-12,1.6592899125665229e-15
EFT:2.2666292875964856e-10,5.0754097095807845e-11,9.712084814599865e-14,8.13804672465986e-13,3.9630021778486603e-13,7.1915396670479655e-06,0.9999928081791862,1.14409823445847e-12,1.2768212873369276e-12,1.6592899125665347e-15
Random438
Raw:2.2666292875964776e-10,5.0754097095807845e-11,9.712084814599795e-14,8.138046724659831e-13,3.9630021778486744e-13,7.191539667047927e-06,0.9999928081791862,1.144098234458466e-12,1.2768212873369185e-12,1.6592899125665229e-15
EFT:2.2666292875964856e-10,5.0754097095807845e-11,9.712084814599865e-14,8.13804672465986e-13,3.9630021778486603e-13,7.1915396670479655e-06,0.9999928081791862,1.14409823445847e-12,1.2768212873369276e-12,1.6592899125665347e-15
Random439
Raw:2.2666292875964776e-10,5.075409709580748e-11,9.712084814599829e-14,8.138046724659803e-13,3.9630021778486744e-13,7.191539667047915e-06,0.9999928081791862,1.144098234458466e-12,1.2768212873369276e-12,1.6592899125665347e-15
EFT:2.2666292875964856e-10,5.0754097095807845e-11,9.712084814599865e-14,8.13804672465986e-13,3.9630021778486603e-13,7.1915396670479655e-06,0.9999928081791862,1.14409823445847e-12,1.2768212873369276e-12,1.6592899125665347e-15
Random440
Raw:2.2666292875964856e-10,5.0754097095807845e-11,9.712084814599829e-14,8.138046724659831e-13,3.9630021778486603e-13,7.191539667047978e-06,0.9999928081791862,1.14409823445847e-12,1.276821287336923e-12,1.6592899125665347e-15
EFT:2.2666292875964856e-10,5.0754097095807845e-11,9.712084814599865e-14,8.13804672465986e-13,3.9630021778486603e-13,7.191539667047953e-06,0.9999928081791862,1.14409823445847e-12,1.2768212873369276e-12,1.6592899125665347e-15
Random441
Raw:2.2666292875965096e-10,5.075409709580838e-11,9.712084814600002e-14,8.138046724659976e-13,3.963002177848702e-13,7.191539667048054e-06,0.9999928081791862,1.144098234458478e-12,1.2768212873369456e-12,1.6592899125665465e-15
EFT:2.2666292875964856e-10,5.0754097095807845e-11,9.712084814599865e-14,8.13804672465986e-13,3.9630021778486603e-13,7.1915396670479655e-06,0.9999928081791862,1.14409823445847e-12,1.2768212873369276e-12,1.6592899125665347e-15
Random442
Raw:2.2666292875964696e-10,5.0754097095807664e-11,9.712084814599795e-14,8.138046724659803e-13,3.963002177848646e-13,7.191539667047901e-06,0.9999928081791862,1.1440982344584578e-12,1.2768212873369139e-12,1.6592899125665229e-15
EFT:2.2666292875964856e-10,5.0754097095807845e-11,9.712084814599865e-14,8.13804672465986e-13,3.9630021778486603e-13,7.1915396670479655e-06,0.9999928081791862,1.14409823445847e-12,1.2768212873369276e-12,1.6592899125665347e-15
Random443
Raw:2.2666292875964776e-10,5.07540970958082e-11,9.712084814599865e-14,8.13804672465986e-13,3.9630021778486744e-13,7.191539667047991e-06,0.9999928081791862,1.14409823445847e-12,1.2768212873369276e-12,1.6592899125665347e-15
EFT:2.2666292875964856e-10,5.0754097095807845e-11,9.712084814599865e-14,8.13804672465986e-13,3.9630021778486603e-13,7.1915396670479655e-06,0.9999928081791862,1.14409823445847e-12,1.2768212873369276e-12,1.6592899125665347e-15
Random444
Raw:2.2666292875964776e-10,5.0754097095807845e-11,9.712084814599899e-14,8.13804672465986e-13,3.963002177848646e-13,7.1915396670480036e-06,0.9999928081791862,1.144098234458466e-12,1.276821287336932e-12,1.6592899125665347e-15
EFT:2.2666292875964856e-10,5.0754097095807845e-11,9.712084814599865e-14,8.13804672465986e-13,3.9630021778486603e-13,7.191539667047953e-06,0.9999928081791862,1.14409823445847e-12,1.2768212873369276e-12,1.6592899125665347e-15
Random445
Raw:2.2666292875964696e-10,5.075409709580748e-11,9.712084814599761e-14,8.138046724659803e-13,3.963002177848618e-13,7.191539667047927e-06,0.9999928081791862,1.1440982344584578e-12,1.2768212873369139e-12,1.6592899125665229e-15
EFT:2.2666292875964856e-10,5.0754097095807845e-11,9.712084814599865e-14,8.13804672465986e-13,3.9630021778486603e-13,7.1915396670479655e-06,0.9999928081791862,1.14409823445847e-12,1.2768212873369276e-12,1.6592899125665347e-15
Random446
Raw:2.2666292875964856e-10,5.0754097095807664e-11,9.712084814599865e-14,8.13804672465986e-13,3.963002177848688e-13,7.191539667047953e-06,0.9999928081791862,1.14409823445847e-12,1.2768212873369276e-12,1.6592899125665465e-15
EFT:2.2666292875964856e-10,5.0754097095807845e-11,9.712084814599865e-14,8.13804672465986e-13,3.9630021778486603e-13,7.191539667047953e-06,0.9999928081791862,1.14409823445847e-12,1.2768212873369276e-12,1.6592899125665347e-15
Random447
Raw:2.2666292875964856e-10,5.075409709580748e-11,9.712084814599829e-14,8.138046724659773e-13,3.963002177848646e-13,7.191539667047927e-06,0.9999928081791862,1.144098234458466e-12,1.2768212873369139e-12,1.6592899125665229e-15
EFT:2.2666292875964856e-10,5.0754097095807845e-11,9.712084814599865e-14,8.13804672465986e-13,3.9630021778486603e-13,7.1915396670479655e-06,0.9999928081791862,1.14409823445847e-12,1.2768212873369276e-12,1.6592899125665347e-15
Random448
Raw:2.2666292875964776e-10,5.075409709580748e-11,9.712084814599829e-14,8.138046724659831e-13,3.963002177848646e-13,7.191539667047927e-06,0.9999928081791862,1.1440982344584619e-12,1.2768212873369185e-12,1.6592899125665229e-15
EFT:2.2666292875964856e-10,5.0754097095807845e-11,9.712084814599865e-14,8.13804672465986e-13,3.9630021778486603e-13,7.191539667047953e-06,0.9999928081791862,1.14409823445847e-12,1.2768212873369276e-12,1.6592899125665347e-15
Random449
Raw:2.2666292875964856e-10,5.075409709580802e-11,9.712084814599865e-14,8.138046724659918e-13,3.963002177848688e-13,7.191539667047978e-06,0.9999928081791862,1.144098234458474e-12,1.2768212873369276e-12,1.6592899125665347e-15
EFT:2.2666292875964856e-10,5.0754097095807845e-11,9.712084814599865e-14,8.13804672465986e-13,3.9630021778486603e-13,7.1915396670479655e-06,0.9999928081791862,1.14409823445847e-12,1.2768212873369276e-12,1.6592899125665347e-15
Random450
Raw:2.2666292875964696e-10,5.0754097095807664e-11,9.712084814599795e-14,8.138046724659745e-13,3.963002177848646e-13,7.191539667047953e-06,0.9999928081791862,1.144098234458466e-12,1.276821287336923e-12,1.6592899125665229e-15
EFT:2.2666292875964856e-10,5.0754097095807845e-11,9.712084814599865e-14,8.13804672465986e-13,3.9630021778486603e-13,7.1915396670479655e-06,0.9999928081791862,1.14409823445847e-12,1.2768212873369276e-12,1.6592899125665347e-15
Random451
Raw:2.2666292875964776e-10,5.0754097095807845e-11,9.712084814599865e-14,8.138046724659831e-13,3.9630021778486603e-13,7.191539667048016e-06,0.9999928081791862,1.144098234458466e-12,1.2768212873369276e-12,1.6592899125665347e-15
EFT:2.2666292875964856e-10,5.0754097095807845e-11,9.712084814599865e-14,8.13804672465986e-13,3.9630021778486603e-13,7.191539667047953e-06,0.9999928081791862,1.14409823445847e-12,1.2768212873369276e-12,1.6592899125665347e-15
Random452
Raw:2.2666292875964776e-10,5.075409709580748e-11,9.712084814599865e-14,8.138046724659831e-13,3.963002177848632e-13,7.191539667047927e-06,0.9999928081791862,1.144098234458466e-12,1.276821287336923e-12,1.6592899125665229e-15
EFT:2.2666292875964856e-10,5.0754097095807845e-11,9.712084814599865e-14,8.13804672465986e-13,3.9630021778486603e-13,7.191539667047953e-06,0.9999928081791862,1.14409823445847e-12,1.2768212873369276e-12,1.6592899125665347e-15
Random453
Raw:2.2666292875964696e-10,5.0754097095807845e-11,9.712084814599829e-14,8.138046724659831e-13,3.963002177848646e-13,7.191539667047978e-06,0.9999928081791862,1.14409823445847e-12,1.276821287336923e-12,1.6592899125665229e-15
EFT:2.2666292875964856e-10,5.0754097095807845e-11,9.712084814599865e-14,8.13804672465986e-13,3.9630021778486603e-13,7.1915396670479655e-06,0.9999928081791862,1.14409823445847e-12,1.2768212873369276e-12,1.6592899125665347e-15
Random454
Raw:2.2666292875964856e-10,5.075409709580802e-11,9.712084814599899e-14,8.138046724659889e-13,3.9630021778486744e-13,7.191539667047991e-06,0.9999928081791862,1.144098234458474e-12,1.2768212873369365e-12,1.6592899125665465e-15
EFT:2.2666292875964856e-10,5.0754097095807845e-11,9.712084814599865e-14,8.13804672465986e-13,3.9630021778486603e-13,7.1915396670479655e-06,0.9999928081791862,1.14409823445847e-12,1.2768212873369276e-12,1.6592899125665347e-15
Random455
Raw:2.2666292875964856e-10,5.0754097095807845e-11,9.712084814599865e-14,8.138046724659889e-13,3.963002177848646e-13,7.191539667047991e-06,0.9999928081791862,1.14409823445847e-12,1.2768212873369185e-12,1.6592899125665347e-15
EFT:2.2666292875964856e-10,5.0754097095807845e-11,9.712084814599865e-14,8.13804672465986e-13,3.9630021778486603e-13,7.191539667047953e-06,0.9999928081791862,1.14409823445847e-12,1.2768212873369276e-12,1.6592899125665347e-15
Random456
Raw:2.2666292875964696e-10,5.0754097095807664e-11,9.712084814599829e-14,8.138046724659831e-13,3.963002177848646e-13,7.191539667047953e-06,0.9999928081791862,1.1440982344584619e-12,1.276821287336923e-12,1.6592899125665229e-15
EFT:2.2666292875964856e-10,5.0754097095807845e-11,9.712084814599865e-14,8.13804672465986e-13,3.9630021778486603e-13,7.191539667047953e-06,0.9999928081791862,1.14409823445847e-12,1.2768212873369276e-12,1.6592899125665347e-15
Random457
Raw:2.2666292875964856e-10,5.07540970958082e-11,9.712084814599934e-14,8.138046724659889e-13,3.963002177848688e-13,7.191539667047991e-06,0.9999928081791862,1.144098234458474e-12,1.276821287336932e-12,1.6592899125665347e-15
EFT:2.2666292875964856e-10,5.0754097095807845e-11,9.712084814599865e-14,8.13804672465986e-13,3.9630021778486603e-13,7.1915396670479655e-06,0.9999928081791862,1.14409823445847e-12,1.2768212873369276e-12,1.6592899125665347e-15
Random458
Raw:2.2666292875964856e-10,5.0754097095807845e-11,9.712084814599795e-14,8.13804672465986e-13,3.9630021778486744e-13,7.191539667047978e-06,0.9999928081791862,1.14409823445847e-12,1.276821287336923e-12,1.6592899125665347e-15
EFT:2.2666292875964856e-10,5.0754097095807845e-11,9.712084814599865e-14,8.13804672465986e-13,3.9630021778486603e-13,7.191539667047953e-06,0.9999928081791862,1.14409823445847e-12,1.2768212873369276e-12,1.6592899125665347e-15
Random459
Raw:2.2666292875965096e-10,5.07540970958082e-11,9.712084814599934e-14,8.138046724659918e-13,3.9630021778487163e-13,7.191539667047991e-06,0.9999928081791862,1.144098234458478e-12,1.2768212873369365e-12,1.6592899125665582e-15
EFT:2.2666292875964856e-10,5.0754097095807845e-11,9.712084814599865e-14,8.13804672465986e-13,3.9630021778486603e-13,7.1915396670479655e-06,0.9999928081791862,1.14409823445847e-12,1.2768212873369276e-12,1.6592899125665347e-15
Random460
Raw:2.2666292875964696e-10,5.075409709580802e-11,9.712084814599865e-14,8.138046724659831e-13,3.963002177848646e-13,7.191539667047915e-06,0.9999928081791862,1.144098234458466e-12,1.2768212873369185e-12,1.6592899125665229e-15
EFT:2.2666292875964856e-10,5.0754097095807845e-11,9.712084814599865e-14,8.13804672465986e-13,3.9630021778486603e-13,7.191539667047953e-06,0.9999928081791862,1.14409823445847e-12,1.2768212873369276e-12,1.6592899125665347e-15
Random461
Raw:2.2666292875964696e-10,5.075409709580748e-11,9.712084814599865e-14,8.138046724659831e-13,3.9630021778486603e-13,7.191539667047901e-06,0.9999928081791862,1.1440982344584619e-12,1.276821287336923e-12,1.6592899125665347e-15
EFT:2.2666292875964856e-10,5.0754097095807845e-11,9.712084814599865e-14,8.13804672465986e-13,3.9630021778486603e-13,7.1915396670479655e-06,0.9999928081791862,1.14409823445847e-12,1.2768212873369276e-12,1.6592899125665347e-15
Random462
Raw:2.2666292875965016e-10,5.075409709580856e-11,9.712084814599968e-14,8.138046724659889e-13,3.963002177848702e-13,7.191539667047991e-06,0.9999928081791862,1.144098234458474e-12,1.2768212873369365e-12,1.6592899125665465e-15
EFT:2.2666292875964856e-10,5.0754097095807845e-11,9.712084814599865e-14,8.13804672465986e-13,3.9630021778486603e-13,7.191539667047953e-06,0.9999928081791862,1.14409823445847e-12,1.2768212873369276e-12,1.6592899125665347e-15
Random463
Raw:2.2666292875964696e-10,5.0754097095807845e-11,9.712084814599795e-14,8.138046724659831e-13,3.963002177848646e-13,7.19153966704794e-06,0.9999928081791862,1.144098234458466e-12,1.2768212873369139e-12,1.6592899125665229e-15
EFT:2.2666292875964856e-10,5.0754097095807845e-11,9.712084814599865e-14,8.13804672465986e-13,3.9630021778486603e-13,7.1915396670479655e-06,0.9999928081791862,1.14409823445847e-12,1.2768212873369276e-12,1.6592899125665347e-15
Random464
Raw:2.2666292875964776e-10,5.075409709580802e-11,9.712084814599865e-14,8.138046724659889e-13,3.963002177848632e-13,7.191539667047953e-06,0.9999928081791862,1.144098234458474e-12,1.276821287336923e-12,1.6592899125665229e-15
EFT:2.2666292875964856e-10,5.0754097095807845e-11,9.712084814599865e-14,8.13804672465986e-13,3.9630021778486603e-13,7.1915396670479655e-06,0.9999928081791862,1.14409823445847e-12,1.2768212873369276e-12,1.6592899125665347e-15
Random465
Raw:2.2666292875964776e-10,5.075409709580802e-11,9.712084814599865e-14,8.13804672465986e-13,3.963002177848646e-13,7.191539667047978e-06,0.9999928081791862,1.144098234458474e-12,1.2768212873369276e-12,1.6592899125665347e-15
EFT:2.2666292875964856e-10,5.0754097095807845e-11,9.712084814599865e-14,8.13804672465986e-13,3.9630021778486603e-13,7.191539667047953e-06,0.9999928081791862,1.14409823445847e-12,1.2768212873369276e-12,1.6592899125665347e-15
Random466
Raw:2.2666292875965016e-10,5.075409709580838e-11,9.712084814599934e-14,8.138046724659889e-13,3.963002177848702e-13,7.191539667047978e-06,0.9999928081791862,1.144098234458474e-12,1.2768212873369412e-12,1.6592899125665465e-15
EFT:2.2666292875964856e-10,5.0754097095807845e-11,9.712084814599865e-14,8.13804672465986e-13,3.9630021778486603e-13,7.191539667047953e-06,0.9999928081791862,1.14409823445847e-12,1.2768212873369276e-12,1.6592899125665347e-15
Random467
Raw:2.2666292875964856e-10,5.07540970958082e-11,9.712084814599934e-14,8.138046724659889e-13,3.9630021778486744e-13,7.191539667047991e-06,0.9999928081791862,1.144098234458478e-12,1.2768212873369276e-12,1.6592899125665347e-15
EFT:2.2666292875964856e-10,5.0754097095807845e-11,9.712084814599865e-14,8.13804672465986e-13,3.9630021778486603e-13,7.191539667047953e-06,0.9999928081791862,1.14409823445847e-12,1.2768212873369276e-12,1.6592899125665347e-15
Random468
Raw:2.2666292875964936e-10,5.075409709580802e-11,9.712084814599865e-14,8.13804672465986e-13,3.9630021778486744e-13,7.191539667047991e-06,0.9999928081791862,1.14409823445847e-12,1.276821287336932e-12,1.6592899125665465e-15
EFT:2.2666292875964856e-10,5.0754097095807845e-11,9.712084814599865e-14,8.13804672465986e-13,3.9630021778486603e-13,7.191539667047953e-06,0.9999928081791862,1.14409823445847e-12,1.2768212873369276e-12,1.6592899125665347e-15
Random469
Raw:2.2666292875964856e-10,5.075409709580838e-11,9.712084814599968e-14,8.138046724659947e-13,3.963002177848702e-13,7.191539667048054e-06,0.9999928081791862,1.144098234458478e-12,1.2768212873369365e-12,1.6592899125665465e-15
EFT:2.2666292875964856e-10,5.0754097095807845e-11,9.712084814599865e-14,8.13804672465986e-13,3.9630021778486603e-13,7.191539667047953e-06,0.9999928081791862,1.14409823445847e-12,1.2768212873369276e-12,1.6592899125665347e-15
Random470
Raw:2.2666292875964936e-10,5.075409709580802e-11,9.712084814599934e-14,8.138046724659918e-13,3.9630021778486603e-13,7.1915396670480036e-06,0.9999928081791862,1.144098234458482e-12,1.276821287336923e-12,1.6592899125665347e-15
EFT:2.2666292875964856e-10,5.0754097095807845e-11,9.712084814599865e-14,8.13804672465986e-13,3.9630021778486603e-13,7.1915396670479655e-06,0.9999928081791862,1.14409823445847e-12,1.2768212873369276e-12,1.6592899125665347e-15
Random471
Raw:2.2666292875964936e-10,5.075409709580838e-11,9.712084814599934e-14,8.138046724659889e-13,3.9630021778486744e-13,7.1915396670479655e-06,0.9999928081791862,1.144098234458474e-12,1.276821287336932e-12,1.6592899125665465e-15
EFT:2.2666292875964856e-10,5.0754097095807845e-11,9.712084814599865e-14,8.13804672465986e-13,3.9630021778486603e-13,7.1915396670479655e-06,0.9999928081791862,1.14409823445847e-12,1.2768212873369276e-12,1.6592899125665347e-15
Random472
Raw:2.2666292875964936e-10,5.075409709580802e-11,9.712084814599865e-14,8.138046724659889e-13,3.963002177848688e-13,7.191539667048016e-06,0.9999928081791862,1.14409823445847e-12,1.2768212873369276e-12,1.6592899125665465e-15
EFT:2.2666292875964856e-10,5.0754097095807845e-11,9.712084814599865e-14,8.13804672465986e-13,3.9630021778486603e-13,7.191539667047953e-06,0.9999928081791862,1.14409823445847e-12,1.2768212873369276e-12,1.6592899125665347e-15
Random473
Raw:2.2666292875964776e-10,5.0754097095807845e-11,9.712084814599865e-14,8.138046724659831e-13,3.963002177848646e-13,7.191539667047978e-06,0.9999928081791862,1.144098234458466e-12,1.2768212873369276e-12,1.6592899125665347e-15
EFT:2.2666292875964856e-10,5.0754097095807845e-11,9.712084814599865e-14,8.13804672465986e-13,3.9630021778486603e-13,7.1915396670479655e-06,0.9999928081791862,1.14409823445847e-12,1.2768212873369276e-12,1.6592899125665347e-15
Random474
Raw:2.2666292875964696e-10,5.0754097095807845e-11,9.712084814599795e-14,8.138046724659773e-13,3.963002177848646e-13,7.1915396670479655e-06,0.9999928081791862,1.14409823445847e-12,1.2768212873369139e-12,1.659289912566511e-15
EFT:2.2666292875964856e-10,5.0754097095807845e-11,9.712084814599865e-14,8.13804672465986e-13,3.9630021778486603e-13,7.1915396670479655e-06,0.9999928081791862,1.14409823445847e-12,1.2768212873369276e-12,1.6592899125665347e-15
Random475
Raw:2.2666292875964936e-10,5.075409709580802e-11,9.712084814599899e-14,8.138046724659889e-13,3.963002177848688e-13,7.191539667047991e-06,0.9999928081791862,1.144098234458474e-12,1.2768212873369276e-12,1.6592899125665347e-15
EFT:2.2666292875964856e-10,5.0754097095807845e-11,9.712084814599865e-14,8.13804672465986e-13,3.9630021778486603e-13,7.1915396670479655e-06,0.9999928081791862,1.14409823445847e-12,1.2768212873369276e-12,1.6592899125665347e-15
Random476
Raw:2.2666292875964936e-10,5.07540970958082e-11,9.712084814599865e-14,8.138046724659889e-13,3.9630021778486744e-13,7.191539667047978e-06,0.9999928081791862,1.144098234458474e-12,1.276821287336932e-12,1.6592899125665347e-15
EFT:2.2666292875964856e-10,5.0754097095807845e-11,9.712084814599865e-14,8.13804672465986e-13,3.9630021778486603e-13,7.191539667047953e-06,0.9999928081791862,1.14409823445847e-12,1.2768212873369276e-12,1.6592899125665347e-15
Random477
Raw:2.2666292875964696e-10,5.0754097095807845e-11,9.712084814599829e-14,8.138046724659889e-13,3.963002177848646e-13,7.191539667047953e-06,0.9999928081791862,1.144098234458466e-12,1.2768212873369185e-12,1.6592899125665229e-15
EFT:2.2666292875964856e-10,5.0754097095807845e-11,9.712084814599865e-14,8.13804672465986e-13,3.9630021778486603e-13,7.1915396670479655e-06,0.9999928081791862,1.14409823445847e-12,1.2768212873369276e-12,1.6592899125665347e-15
Random478
Raw:2.2666292875964856e-10,5.075409709580802e-11,9.712084814599865e-14,8.13804672465986e-13,3.9630021778486744e-13,7.191539667048029e-06,0.9999928081791862,1.14409823445847e-12,1.2768212873369365e-12,1.6592899125665465e-15
EFT:2.2666292875964856e-10,5.0754097095807845e-11,9.712084814599865e-14,8.13804672465986e-13,3.9630021778486603e-13,7.191539667047953e-06,0.9999928081791862,1.14409823445847e-12,1.2768212873369276e-12,1.6592899125665347e-15
Random479
Raw:2.2666292875964696e-10,5.0754097095807664e-11,9.712084814599795e-14,8.138046724659803e-13,3.963002177848632e-13,7.191539667047927e-06,0.9999928081791862,1.1440982344584619e-12,1.2768212873369185e-12,1.6592899125665229e-15
EFT:2.2666292875964856e-10,5.0754097095807845e-11,9.712084814599865e-14,8.13804672465986e-13,3.9630021778486603e-13,7.191539667047953e-06,0.9999928081791862,1.14409823445847e-12,1.2768212873369276e-12,1.6592899125665347e-15
Random480
Raw:2.2666292875964696e-10,5.075409709580712e-11,9.712084814599795e-14,8.138046724659773e-13,3.963002177848618e-13,7.191539667047915e-06,0.9999928081791862,1.1440982344584578e-12,1.2768212873369185e-12,1.6592899125665229e-15
EFT:2.2666292875964856e-10,5.0754097095807845e-11,9.712084814599865e-14,8.13804672465986e-13,3.9630021778486603e-13,7.1915396670479655e-06,0.9999928081791862,1.14409823445847e-12,1.2768212873369276e-12,1.6592899125665347e-15
Random481
Raw:2.2666292875964936e-10,5.0754097095807664e-11,9.712084814599795e-14,8.138046724659831e-13,3.9630021778486744e-13,7.191539667047978e-06,0.9999928081791862,1.144098234458466e-12,1.276821287336923e-12,1.6592899125665347e-15
EFT:2.2666292875964856e-10,5.0754097095807845e-11,9.712084814599865e-14,8.13804672465986e-13,3.9630021778486603e-13,7.1915396670479655e-06,0.9999928081791862,1.14409823445847e-12,1.2768212873369276e-12,1.6592899125665347e-15
Random482
Raw:2.2666292875964856e-10,5.075409709580802e-11,9.712084814599865e-14,8.138046724659831e-13,3.9630021778486744e-13,7.19153966704794e-06,0.9999928081791862,1.14409823445847e-12,1.276821287336923e-12,1.6592899125665347e-15
EFT:2.2666292875964856e-10,5.0754097095807845e-11,9.712084814599865e-14,8.13804672465986e-13,3.9630021778486603e-13,7.1915396670479655e-06,0.9999928081791862,1.14409823445847e-12,1.2768212873369276e-12,1.6592899125665347e-15
Random483
Raw:2.2666292875964856e-10,5.075409709580802e-11,9.712084814599865e-14,8.13804672465986e-13,3.9630021778486744e-13,7.1915396670480036e-06,0.9999928081791862,1.144098234458474e-12,1.2768212873369276e-12,1.6592899125665465e-15
EFT:2.2666292875964856e-10,5.0754097095807845e-11,9.712084814599865e-14,8.13804672465986e-13,3.9630021778486603e-13,7.191539667047953e-06,0.9999928081791862,1.14409823445847e-12,1.2768212873369276e-12,1.6592899125665347e-15
Random484
Raw:2.2666292875964856e-10,5.075409709580838e-11,9.712084814599865e-14,8.138046724659889e-13,3.9630021778486744e-13,7.191539667048016e-06,0.9999928081791862,1.14409823445847e-12,1.276821287336932e-12,1.6592899125665465e-15
EFT:2.2666292875964856e-10,5.0754097095807845e-11,9.712084814599865e-14,8.13804672465986e-13,3.9630021778486603e-13,7.191539667047953e-06,0.9999928081791862,1.14409823445847e-12,1.2768212873369276e-12,1.6592899125665347e-15
Random485
Raw:2.2666292875964936e-10,5.0754097095807845e-11,9.712084814599865e-14,8.138046724659831e-13,3.9630021778486603e-13,7.1915396670479655e-06,0.9999928081791862,1.14409823445847e-12,1.276821287336923e-12,1.6592899125665347e-15
EFT:2.2666292875964856e-10,5.0754097095807845e-11,9.712084814599865e-14,8.13804672465986e-13,3.9630021778486603e-13,7.191539667047953e-06,0.9999928081791862,1.14409823445847e-12,1.2768212873369276e-12,1.6592899125665347e-15
Random486
Raw:2.2666292875964856e-10,5.075409709580856e-11,9.712084814599934e-14,8.138046724659918e-13,3.9630021778486744e-13,7.1915396670480036e-06,0.9999928081791862,1.144098234458482e-12,1.276821287336932e-12,1.6592899125665465e-15
EFT:2.2666292875964856e-10,5.0754097095807845e-11,9.712084814599865e-14,8.13804672465986e-13,3.9630021778486603e-13,7.1915396670479655e-06,0.9999928081791862,1.14409823445847e-12,1.2768212873369276e-12,1.6592899125665347e-15
Random487
Raw:2.2666292875964696e-10,5.075409709580748e-11,9.712084814599829e-14,8.138046724659803e-13,3.9630021778486603e-13,7.191539667047927e-06,0.9999928081791862,1.1440982344584619e-12,1.2768212873369276e-12,1.6592899125665347e-15
EFT:2.2666292875964856e-10,5.0754097095807845e-11,9.712084814599865e-14,8.13804672465986e-13,3.9630021778486603e-13,7.1915396670479655e-06,0.9999928081791862,1.14409823445847e-12,1.2768212873369276e-12,1.6592899125665347e-15
Random488
Raw:2.2666292875964856e-10,5.0754097095807845e-11,9.712084814599865e-14,8.13804672465986e-13,3.9630021778486744e-13,7.191539667047953e-06,0.9999928081791862,1.144098234458466e-12,1.2768212873369276e-12,1.6592899125665347e-15
EFT:2.2666292875964856e-10,5.0754097095807845e-11,9.712084814599865e-14,8.13804672465986e-13,3.9630021778486603e-13,7.1915396670479655e-06,0.9999928081791862,1.14409823445847e-12,1.2768212873369276e-12,1.6592899125665347e-15
Random489
Raw:2.2666292875964776e-10,5.0754097095807664e-11,9.712084814599829e-14,8.138046724659831e-13,3.9630021778486603e-13,7.191539667047927e-06,0.9999928081791862,1.1440982344584578e-12,1.2768212873369185e-12,1.6592899125665347e-15
EFT:2.2666292875964856e-10,5.0754097095807845e-11,9.712084814599865e-14,8.13804672465986e-13,3.9630021778486603e-13,7.1915396670479655e-06,0.9999928081791862,1.14409823445847e-12,1.2768212873369276e-12,1.6592899125665347e-15
Random490
Raw:2.2666292875964776e-10,5.0754097095807664e-11,9.712084814599795e-14,8.138046724659831e-13,3.963002177848646e-13,7.191539667047927e-06,0.9999928081791862,1.144098234458466e-12,1.2768212873369185e-12,1.6592899125665229e-15
EFT:2.2666292875964856e-10,5.0754097095807845e-11,9.712084814599865e-14,8.13804672465986e-13,3.9630021778486603e-13,7.1915396670479655e-06,0.9999928081791862,1.14409823445847e-12,1.2768212873369276e-12,1.6592899125665347e-15
Random491
Raw:2.2666292875964856e-10,5.075409709580802e-11,9.712084814599934e-14,8.138046724659889e-13,3.9630021778486744e-13,7.191539667047978e-06,0.9999928081791862,1.144098234458478e-12,1.276821287336923e-12,1.6592899125665347e-15
EFT:2.2666292875964856e-10,5.0754097095807845e-11,9.712084814599865e-14,8.13804672465986e-13,3.9630021778486603e-13,7.191539667047953e-06,0.9999928081791862,1.14409823445847e-12,1.2768212873369276e-12,1.6592899125665347e-15
Random492
Raw:2.2666292875964696e-10,5.075409709580802e-11,9.712084814599829e-14,8.138046724659831e-13,3.963002177848646e-13,7.1915396670480036e-06,0.9999928081791862,1.144098234458474e-12,1.2768212873369185e-12,1.6592899125665229e-15
EFT:2.2666292875964856e-10,5.0754097095807845e-11,9.712084814599865e-14,8.13804672465986e-13,3.9630021778486603e-13,7.191539667047953e-06,0.9999928081791862,1.14409823445847e-12,1.2768212873369276e-12,1.6592899125665347e-15
Random493
Raw:2.2666292875964856e-10,5.07540970958073e-11,9.712084814599761e-14,8.138046724659831e-13,3.963002177848632e-13,7.191539667047876e-06,0.9999928081791862,1.1440982344584578e-12,1.276821287336923e-12,1.6592899125665229e-15
EFT:2.2666292875964856e-10,5.0754097095807845e-11,9.712084814599865e-14,8.13804672465986e-13,3.9630021778486603e-13,7.1915396670479655e-06,0.9999928081791862,1.14409823445847e-12,1.2768212873369276e-12,1.6592899125665347e-15
Random494
Raw:2.2666292875964856e-10,5.0754097095807845e-11,9.712084814599829e-14,8.138046724659831e-13,3.9630021778486744e-13,7.1915396670479655e-06,0.9999928081791862,1.144098234458466e-12,1.2768212873369276e-12,1.6592899125665347e-15
EFT:2.2666292875964856e-10,5.0754097095807845e-11,9.712084814599865e-14,8.13804672465986e-13,3.9630021778486603e-13,7.191539667047953e-06,0.9999928081791862,1.14409823445847e-12,1.2768212873369276e-12,1.6592899125665347e-15
Random495
Raw:2.2666292875964776e-10,5.0754097095807664e-11,9.712084814599795e-14,8.138046724659831e-13,3.963002177848646e-13,7.19153966704794e-06,0.9999928081791862,1.1440982344584619e-12,1.2768212873369185e-12,1.6592899125665229e-15
EFT:2.2666292875964856e-10,5.0754097095807845e-11,9.712084814599865e-14,8.13804672465986e-13,3.9630021778486603e-13,7.1915396670479655e-06,0.9999928081791862,1.14409823445847e-12,1.2768212873369276e-12,1.6592899125665347e-15
Random496
Raw:2.2666292875964856e-10,5.0754097095807664e-11,9.712084814599865e-14,8.138046724659831e-13,3.963002177848688e-13,7.1915396670479655e-06,0.9999928081791862,1.144098234458466e-12,1.276821287336923e-12,1.6592899125665347e-15
EFT:2.2666292875964856e-10,5.0754097095807845e-11,9.712084814599865e-14,8.13804672465986e-13,3.9630021778486603e-13,7.1915396670479655e-06,0.9999928081791862,1.14409823445847e-12,1.2768212873369276e-12,1.6592899125665347e-15
Random497
Raw:2.2666292875964776e-10,5.07540970958082e-11,9.712084814599934e-14,8.138046724659889e-13,3.963002177848688e-13,7.1915396670479655e-06,0.9999928081791862,1.14409823445847e-12,1.276821287336932e-12,1.6592899125665347e-15
EFT:2.2666292875964856e-10,5.0754097095807845e-11,9.712084814599865e-14,8.13804672465986e-13,3.9630021778486603e-13,7.191539667047953e-06,0.9999928081791862,1.14409823445847e-12,1.2768212873369276e-12,1.6592899125665347e-15
Random498
Raw:2.2666292875964856e-10,5.0754097095807664e-11,9.712084814599795e-14,8.13804672465986e-13,3.9630021778486744e-13,7.191539667048016e-06,0.9999928081791862,1.144098234458466e-12,1.2768212873369276e-12,1.6592899125665465e-15
EFT:2.2666292875964856e-10,5.0754097095807845e-11,9.712084814599865e-14,8.13804672465986e-13,3.9630021778486603e-13,7.191539667047953e-06,0.9999928081791862,1.14409823445847e-12,1.2768212873369276e-12,1.6592899125665347e-15
Random499
Raw:2.2666292875964696e-10,5.075409709580748e-11,9.712084814599727e-14,8.138046724659773e-13,3.963002177848646e-13,7.1915396670479655e-06,0.9999928081791862,1.1440982344584578e-12,1.2768212873369185e-12,1.6592899125665229e-15
EFT:2.2666292875964856e-10,5.0754097095807845e-11,9.712084814599865e-14,8.13804672465986e-13,3.9630021778486603e-13,7.1915396670479655e-06,0.9999928081791862,1.14409823445847e-12,1.2768212873369276e-12,1.6592899125665347e-15
Random500
Raw:2.2666292875965096e-10,5.07540970958082e-11,9.712084814599934e-14,8.138046724659889e-13,3.963002177848688e-13,7.191539667047991e-06,0.9999928081791862,1.144098234458478e-12,1.276821287336932e-12,1.6592899125665465e-15
EFT:2.2666292875964856e-10,5.0754097095807845e-11,9.712084814599865e-14,8.13804672465986e-13,3.9630021778486603e-13,7.191539667047953e-06,0.9999928081791862,1.14409823445847e-12,1.2768212873369276e-12,1.6592899125665347e-15
Random501
Raw:2.2666292875964936e-10,5.07540970958082e-11,9.712084814599865e-14,8.138046724659889e-13,3.9630021778486744e-13,7.1915396670480036e-06,0.9999928081791862,1.144098234458474e-12,1.2768212873369276e-12,1.6592899125665465e-15
EFT:2.2666292875964856e-10,5.0754097095807845e-11,9.712084814599865e-14,8.13804672465986e-13,3.9630021778486603e-13,7.1915396670479655e-06,0.9999928081791862,1.14409823445847e-12,1.2768212873369276e-12,1.6592899125665347e-15
Random502
Raw:2.2666292875964936e-10,5.0754097095807845e-11,9.712084814599934e-14,8.138046724659947e-13,3.963002177848688e-13,7.1915396670480036e-06,0.9999928081791862,1.144098234458474e-12,1.2768212873369365e-12,1.6592899125665465e-15
EFT:2.2666292875964856e-10,5.0754097095807845e-11,9.712084814599865e-14,8.13804672465986e-13,3.9630021778486603e-13,7.1915396670479655e-06,0.9999928081791862,1.14409823445847e-12,1.2768212873369276e-12,1.6592899125665347e-15
Random503
Raw:2.2666292875964696e-10,5.07540970958073e-11,9.712084814599795e-14,8.138046724659773e-13,3.963002177848632e-13,7.191539667047888e-06,0.9999928081791862,1.1440982344584578e-12,1.2768212873369185e-12,1.6592899125665229e-15
EFT:2.2666292875964856e-10,5.0754097095807845e-11,9.712084814599865e-14,8.13804672465986e-13,3.9630021778486603e-13,7.1915396670479655e-06,0.9999928081791862,1.14409823445847e-12,1.2768212873369276e-12,1.6592899125665347e-15
Random504
Raw:2.2666292875964776e-10,5.075409709580802e-11,9.712084814599865e-14,8.13804672465986e-13,3.963002177848632e-13,7.191539667047978e-06,0.9999928081791862,1.14409823445847e-12,1.276821287336923e-12,1.6592899125665229e-15
EFT:2.2666292875964856e-10,5.0754097095807845e-11,9.712084814599865e-14,8.13804672465986e-13,3.9630021778486603e-13,7.191539667047953e-06,0.9999928081791862,1.14409823445847e-12,1.2768212873369276e-12,1.6592899125665347e-15
Random505
Raw:2.2666292875965016e-10,5.07540970958082e-11,9.712084814599865e-14,8.138046724659889e-13,3.9630021778486744e-13,7.191539667047953e-06,0.9999928081791862,1.144098234458474e-12,1.2768212873369276e-12,1.6592899125665465e-15
EFT:2.2666292875964856e-10,5.0754097095807845e-11,9.712084814599865e-14,8.13804672465986e-13,3.9630021778486603e-13,7.191539667047953e-06,0.9999928081791862,1.14409823445847e-12,1.2768212873369276e-12,1.6592899125665347e-15
Random506
Raw:2.2666292875964856e-10,5.075409709580748e-11,9.712084814599865e-14,8.13804672465986e-13,3.9630021778486603e-13,7.1915396670479655e-06,0.9999928081791862,1.14409823445847e-12,1.2768212873369276e-12,1.6592899125665347e-15
EFT:2.2666292875964856e-10,5.0754097095807845e-11,9.712084814599865e-14,8.13804672465986e-13,3.9630021778486603e-13,7.191539667047953e-06,0.9999928081791862,1.14409823445847e-12,1.2768212873369276e-12,1.6592899125665347e-15
Random507
Raw:2.2666292875964936e-10,5.07540970958082e-11,9.712084814599934e-14,8.138046724659947e-13,3.9630021778486744e-13,7.191539667048029e-06,0.9999928081791862,1.144098234458482e-12,1.2768212873369365e-12,1.6592899125665465e-15
EFT:2.2666292875964856e-10,5.0754097095807845e-11,9.712084814599865e-14,8.13804672465986e-13,3.9630021778486603e-13,7.1915396670479655e-06,0.9999928081791862,1.14409823445847e-12,1.2768212873369276e-12,1.6592899125665347e-15
Random508
Raw:2.2666292875964696e-10,5.0754097095807845e-11,9.712084814599795e-14,8.138046724659831e-13,3.963002177848632e-13,7.191539667047927e-06,0.9999928081791862,1.144098234458466e-12,1.2768212873369185e-12,1.6592899125665229e-15
EFT:2.2666292875964856e-10,5.0754097095807845e-11,9.712084814599865e-14,8.13804672465986e-13,3.9630021778486603e-13,7.191539667047953e-06,0.9999928081791862,1.14409823445847e-12,1.2768212873369276e-12,1.6592899125665347e-15
Random509
Raw:2.2666292875964776e-10,5.075409709580802e-11,9.712084814599865e-14,8.13804672465986e-13,3.9630021778486744e-13,7.1915396670479655e-06,0.9999928081791862,1.144098234458466e-12,1.276821287336923e-12,1.6592899125665347e-15
EFT:2.2666292875964856e-10,5.0754097095807845e-11,9.712084814599865e-14,8.13804672465986e-13,3.9630021778486603e-13,7.1915396670479655e-06,0.9999928081791862,1.14409823445847e-12,1.2768212873369276e-12,1.6592899125665347e-15
Random510
Raw:2.2666292875964856e-10,5.075409709580856e-11,9.712084814599968e-14,8.138046724659947e-13,3.963002177848688e-13,7.191539667048016e-06,0.9999928081791862,1.144098234458474e-12,1.2768212873369365e-12,1.6592899125665465e-15
EFT:2.2666292875964856e-10,5.0754097095807845e-11,9.712084814599865e-14,8.13804672465986e-13,3.9630021778486603e-13,7.1915396670479655e-06,0.9999928081791862,1.14409823445847e-12,1.2768212873369276e-12,1.6592899125665347e-15
Random511
Raw:2.2666292875964856e-10,5.0754097095807845e-11,9.712084814599865e-14,8.13804672465986e-13,3.9630021778486603e-13,7.191539667047978e-06,0.9999928081791862,1.144098234458466e-12,1.276821287336923e-12,1.6592899125665229e-15
EFT:2.2666292875964856e-10,5.0754097095807845e-11,9.712084814599865e-14,8.13804672465986e-13,3.9630021778486603e-13,7.1915396670479655e-06,0.9999928081791862,1.14409823445847e-12,1.2768212873369276e-12,1.6592899125665347e-15
Random512
Raw:2.2666292875964856e-10,5.0754097095807845e-11,9.712084814599865e-14,8.138046724659889e-13,3.9630021778486603e-13,7.191539667047978e-06,0.9999928081791862,1.14409823445847e-12,1.276821287336923e-12,1.6592899125665465e-15
EFT:2.2666292875964856e-10,5.0754097095807845e-11,9.712084814599865e-14,8.13804672465986e-13,3.9630021778486603e-13,7.1915396670479655e-06,0.9999928081791862,1.14409823445847e-12,1.2768212873369276e-12,1.6592899125665347e-15
Random513
Raw:2.2666292875964856e-10,5.0754097095807664e-11,9.712084814599865e-14,8.138046724659831e-13,3.963002177848632e-13,7.191539667047927e-06,0.9999928081791862,1.144098234458466e-12,1.2768212873369185e-12,1.6592899125665229e-15
EFT:2.2666292875964856e-10,5.0754097095807845e-11,9.712084814599865e-14,8.13804672465986e-13,3.9630021778486603e-13,7.1915396670479655e-06,0.9999928081791862,1.14409823445847e-12,1.2768212873369276e-12,1.6592899125665347e-15
Random514
Raw:2.2666292875964936e-10,5.07540970958082e-11,9.712084814599934e-14,8.138046724659889e-13,3.9630021778486744e-13,7.191539667047978e-06,0.9999928081791862,1.144098234458474e-12,1.2768212873369276e-12,1.6592899125665465e-15
EFT:2.2666292875964856e-10,5.0754097095807845e-11,9.712084814599865e-14,8.13804672465986e-13,3.9630021778486603e-13,7.1915396670479655e-06,0.9999928081791862,1.14409823445847e-12,1.2768212873369276e-12,1.6592899125665347e-15
Random515
Raw:2.2666292875964936e-10,5.075409709580802e-11,9.712084814599934e-14,8.138046724659889e-13,3.963002177848688e-13,7.191539667047978e-06,0.9999928081791862,1.14409823445847e-12,1.276821287336932e-12,1.6592899125665347e-15
EFT:2.2666292875964856e-10,5.0754097095807845e-11,9.712084814599865e-14,8.13804672465986e-13,3.9630021778486603e-13,7.1915396670479655e-06,0.9999928081791862,1.14409823445847e-12,1.2768212873369276e-12,1.6592899125665347e-15
Random516
Raw:2.2666292875964696e-10,5.0754097095807845e-11,9.712084814599795e-14,8.138046724659831e-13,3.963002177848646e-13,7.191539667047978e-06,0.9999928081791862,1.144098234458466e-12,1.2768212873369185e-12,1.6592899125665347e-15
EFT:2.2666292875964856e-10,5.0754097095807845e-11,9.712084814599865e-14,8.13804672465986e-13,3.9630021778486603e-13,7.1915396670479655e-06,0.9999928081791862,1.14409823445847e-12,1.2768212873369276e-12,1.6592899125665347e-15
Random517
Raw:2.2666292875964696e-10,5.0754097095807664e-11,9.712084814599795e-14,8.138046724659831e-13,3.9630021778486603e-13,7.1915396670479655e-06,0.9999928081791862,1.1440982344584619e-12,1.276821287336923e-12,1.6592899125665347e-15
EFT:2.2666292875964856e-10,5.0754097095807845e-11,9.712084814599865e-14,8.13804672465986e-13,3.9630021778486603e-13,7.191539667047953e-06,0.9999928081791862,1.14409823445847e-12,1.2768212873369276e-12,1.6592899125665347e-15
Random518
Raw:2.2666292875964856e-10,5.0754097095807845e-11,9.712084814599865e-14,8.13804672465986e-13,3.9630021778486744e-13,7.19153966704794e-06,0.9999928081791862,1.14409823445847e-12,1.2768212873369276e-12,1.6592899125665347e-15
EFT:2.2666292875964856e-10,5.0754097095807845e-11,9.712084814599865e-14,8.13804672465986e-13,3.9630021778486603e-13,7.191539667047953e-06,0.9999928081791862,1.14409823445847e-12,1.2768212873369276e-12,1.6592899125665347e-15
Random519
Raw:2.2666292875964696e-10,5.0754097095807845e-11,9.712084814599795e-14,8.138046724659803e-13,3.963002177848632e-13,7.191539667047953e-06,0.9999928081791862,1.1440982344584619e-12,1.276821287336923e-12,1.6592899125665229e-15
EFT:2.2666292875964856e-10,5.0754097095807845e-11,9.712084814599865e-14,8.13804672465986e-13,3.9630021778486603e-13,7.191539667047953e-06,0.9999928081791862,1.14409823445847e-12,1.2768212873369276e-12,1.6592899125665347e-15
Random520
Raw:2.2666292875964936e-10,5.0754097095807845e-11,9.712084814599865e-14,8.138046724659889e-13,3.9630021778486744e-13,7.1915396670480036e-06,0.9999928081791862,1.144098234458474e-12,1.2768212873369276e-12,1.6592899125665465e-15
EFT:2.2666292875964856e-10,5.0754097095807845e-11,9.712084814599865e-14,8.13804672465986e-13,3.9630021778486603e-13,7.1915396670479655e-06,0.9999928081791862,1.14409823445847e-12,1.2768212873369276e-12,1.6592899125665347e-15
Random521
Raw:2.2666292875964696e-10,5.07540970958073e-11,9.712084814599727e-14,8.138046724659773e-13,3.963002177848646e-13,7.191539667047876e-06,0.9999928081791862,1.1440982344584496e-12,1.2768212873369094e-12,1.659289912566511e-15
EFT:2.2666292875964856e-10,5.0754097095807845e-11,9.712084814599865e-14,8.13804672465986e-13,3.9630021778486603e-13,7.1915396670479655e-06,0.9999928081791862,1.14409823445847e-12,1.2768212873369276e-12,1.6592899125665347e-15
Random522
Raw:2.2666292875964776e-10,5.0754097095807664e-11,9.712084814599829e-14,8.138046724659803e-13,3.963002177848646e-13,7.191539667047901e-06,0.9999928081791862,1.144098234458466e-12,1.2768212873369276e-12,1.6592899125665229e-15
EFT:2.2666292875964856e-10,5.0754097095807845e-11,9.712084814599865e-14,8.13804672465986e-13,3.9630021778486603e-13,7.191539667047953e-06,0.9999928081791862,1.14409823445847e-12,1.2768212873369276e-12,1.6592899125665347e-15
Random523
Raw:2.2666292875964776e-10,5.075409709580748e-11,9.712084814599795e-14,8.138046724659803e-13,3.963002177848646e-13,7.191539667047927e-06,0.9999928081791862,1.1440982344584578e-12,1.2768212873369139e-12,1.6592899125665229e-15
EFT:2.2666292875964856e-10,5.0754097095807845e-11,9.712084814599865e-14,8.13804672465986e-13,3.9630021778486603e-13,7.1915396670479655e-06,0.9999928081791862,1.14409823445847e-12,1.2768212873369276e-12,1.6592899125665347e-15
Random524
Raw:2.2666292875964856e-10,5.0754097095807845e-11,9.712084814599865e-14,8.13804672465986e-13,3.963002177848646e-13,7.191539667047953e-06,0.9999928081791862,1.14409823445847e-12,1.276821287336923e-12,1.6592899125665229e-15
EFT:2.2666292875964856e-10,5.0754097095807845e-11,9.712084814599865e-14,8.13804672465986e-13,3.9630021778486603e-13,7.1915396670479655e-06,0.9999928081791862,1.14409823445847e-12,1.2768212873369276e-12,1.6592899125665347e-15
Random525
Raw:2.2666292875965016e-10,5.075409709580802e-11,9.712084814599865e-14,8.138046724659889e-13,3.9630021778486744e-13,7.191539667047991e-06,0.9999928081791862,1.14409823445847e-12,1.2768212873369365e-12,1.6592899125665465e-15
EFT:2.2666292875964856e-10,5.0754097095807845e-11,9.712084814599865e-14,8.13804672465986e-13,3.9630021778486603e-13,7.1915396670479655e-06,0.9999928081791862,1.14409823445847e-12,1.2768212873369276e-12,1.6592899125665347e-15
Random526
Raw:2.2666292875964856e-10,5.075409709580802e-11,9.712084814599865e-14,8.13804672465986e-13,3.963002177848646e-13,7.191539667047978e-06,0.9999928081791862,1.144098234458466e-12,1.2768212873369276e-12,1.6592899125665347e-15
EFT:2.2666292875964856e-10,5.0754097095807845e-11,9.712084814599865e-14,8.13804672465986e-13,3.9630021778486603e-13,7.1915396670479655e-06,0.9999928081791862,1.14409823445847e-12,1.2768212873369276e-12,1.6592899125665347e-15
Random527
Raw:2.2666292875964856e-10,5.075409709580802e-11,9.712084814599865e-14,8.138046724659889e-13,3.9630021778486744e-13,7.1915396670480036e-06,0.9999928081791862,1.144098234458474e-12,1.2768212873369365e-12,1.6592899125665582e-15
EFT:2.2666292875964856e-10,5.0754097095807845e-11,9.712084814599865e-14,8.13804672465986e-13,3.9630021778486603e-13,7.1915396670479655e-06,0.9999928081791862,1.14409823445847e-12,1.2768212873369276e-12,1.6592899125665347e-15
Random528
Raw:2.2666292875964776e-10,5.0754097095807664e-11,9.712084814599795e-14,8.138046724659831e-13,3.963002177848646e-13,7.191539667047953e-06,0.9999928081791862,1.144098234458466e-12,1.2768212873369185e-12,1.6592899125665229e-15
EFT:2.2666292875964856e-10,5.0754097095807845e-11,9.712084814599865e-14,8.13804672465986e-13,3.9630021778486603e-13,7.1915396670479655e-06,0.9999928081791862,1.14409823445847e-12,1.2768212873369276e-12,1.6592899125665347e-15
Random529
Raw:2.2666292875964936e-10,5.075409709580802e-11,9.712084814599899e-14,8.138046724659831e-13,3.9630021778486744e-13,7.191539667047991e-06,0.9999928081791862,1.14409823445847e-12,1.2768212873369276e-12,1.6592899125665347e-15
EFT:2.2666292875964856e-10,5.0754097095807845e-11,9.712084814599865e-14,8.13804672465986e-13,3.9630021778486603e-13,7.1915396670479655e-06,0.9999928081791862,1.14409823445847e-12,1.2768212873369276e-12,1.6592899125665347e-15
Random530
Raw:2.2666292875964776e-10,5.075409709580802e-11,9.712084814599934e-14,8.138046724659889e-13,3.9630021778486744e-13,7.191539667047978e-06,0.9999928081791862,1.144098234458474e-12,1.2768212873369276e-12,1.6592899125665347e-15
EFT:2.2666292875964856e-10,5.0754097095807845e-11,9.712084814599865e-14,8.13804672465986e-13,3.9630021778486603e-13,7.1915396670479655e-06,0.9999928081791862,1.14409823445847e-12,1.2768212873369276e-12,1.6592899125665347e-15
Random531
Raw:2.2666292875964856e-10,5.0754097095807664e-11,9.712084814599865e-14,8.13804672465986e-13,3.9630021778486744e-13,7.1915396670479655e-06,0.9999928081791862,1.14409823445847e-12,1.2768212873369276e-12,1.6592899125665347e-15
EFT:2.2666292875964856e-10,5.0754097095807845e-11,9.712084814599865e-14,8.13804672465986e-13,3.9630021778486603e-13,7.1915396670479655e-06,0.9999928081791862,1.14409823445847e-12,1.2768212873369276e-12,1.6592899125665347e-15
Random532
Raw:2.2666292875964856e-10,5.07540970958082e-11,9.712084814599865e-14,8.138046724659889e-13,3.9630021778486603e-13,7.1915396670480036e-06,0.9999928081791862,1.144098234458474e-12,1.276821287336932e-12,1.6592899125665347e-15
EFT:2.2666292875964856e-10,5.0754097095807845e-11,9.712084814599865e-14,8.13804672465986e-13,3.9630021778486603e-13,7.1915396670479655e-06,0.9999928081791862,1.14409823445847e-12,1.2768212873369276e-12,1.6592899125665347e-15
Random533
Raw:2.2666292875964936e-10,5.0754097095807664e-11,9.712084814599865e-14,8.138046724659831e-13,3.9630021778486603e-13,7.191539667047953e-06,0.9999928081791862,1.144098234458466e-12,1.276821287336923e-12,1.6592899125665229e-15
EFT:2.2666292875964856e-10,5.0754097095807845e-11,9.712084814599865e-14,8.13804672465986e-13,3.9630021778486603e-13,7.1915396670479655e-06,0.9999928081791862,1.14409823445847e-12,1.2768212873369276e-12,1.6592899125665347e-15
Random534
Raw:2.2666292875965016e-10,5.0754097095807845e-11,9.712084814599899e-14,8.138046724659947e-13,3.963002177848688e-13,7.191539667047991e-06,0.9999928081791862,1.14409823445847e-12,1.276821287336923e-12,1.6592899125665465e-15
EFT:2.2666292875964856e-10,5.0754097095807845e-11,9.712084814599865e-14,8.13804672465986e-13,3.9630021778486603e-13,7.1915396670479655e-06,0.9999928081791862,1.14409823445847e-12,1.2768212873369276e-12,1.6592899125665347e-15
Random535
Raw:2.2666292875964696e-10,5.0754097095807845e-11,9.712084814599795e-14,8.138046724659803e-13,3.9630021778486603e-13,7.191539667047953e-06,0.9999928081791862,1.1440982344584619e-12,1.276821287336923e-12,1.6592899125665347e-15
EFT:2.2666292875964856e-10,5.0754097095807845e-11,9.712084814599865e-14,8.13804672465986e-13,3.9630021778486603e-13,7.191539667047953e-06,0.9999928081791862,1.14409823445847e-12,1.2768212873369276e-12,1.6592899125665347e-15
Random536
Raw:2.2666292875965016e-10,5.075409709580856e-11,9.712084814600002e-14,8.138046724659976e-13,3.963002177848702e-13,7.191539667048029e-06,0.9999928081791862,1.1440982344584861e-12,1.2768212873369456e-12,1.6592899125665465e-15
EFT:2.2666292875964856e-10,5.0754097095807845e-11,9.712084814599865e-14,8.13804672465986e-13,3.9630021778486603e-13,7.1915396670479655e-06,0.9999928081791862,1.14409823445847e-12,1.2768212873369276e-12,1.6592899125665347e-15
Random537
Raw:2.2666292875964613e-10,5.075409709580748e-11,9.712084814599761e-14,8.138046724659745e-13,3.963002177848632e-13,7.191539667047876e-06,0.9999928081791862,1.1440982344584578e-12,1.2768212873369094e-12,1.659289912566511e-15
EFT:2.2666292875964856e-10,5.0754097095807845e-11,9.712084814599865e-14,8.13804672465986e-13,3.9630021778486603e-13,7.1915396670479655e-06,0.9999928081791862,1.14409823445847e-12,1.2768212873369276e-12,1.6592899125665347e-15
Random538
Raw:2.2666292875964856e-10,5.075409709580838e-11,9.712084814599934e-14,8.138046724659918e-13,3.963002177848646e-13,7.191539667047978e-06,0.9999928081791862,1.144098234458478e-12,1.2768212873369185e-12,1.6592899125665229e-15
EFT:2.2666292875964856e-10,5.0754097095807845e-11,9.712084814599865e-14,8.13804672465986e-13,3.9630021778486603e-13,7.191539667047953e-06,0.9999928081791862,1.14409823445847e-12,1.2768212873369276e-12,1.6592899125665347e-15
Random539
Raw:2.2666292875964856e-10,5.075409709580748e-11,9.712084814599865e-14,8.138046724659889e-13,3.963002177848646e-13,7.191539667047991e-06,0.9999928081791862,1.144098234458466e-12,1.2768212873369276e-12,1.6592899125665229e-15
EFT:2.2666292875964856e-10,5.0754097095807845e-11,9.712084814599865e-14,8.13804672465986e-13,3.9630021778486603e-13,7.1915396670479655e-06,0.9999928081791862,1.14409823445847e-12,1.2768212873369276e-12,1.6592899125665347e-15
Random540
Raw:2.2666292875964776e-10,5.0754097095807664e-11,9.712084814599795e-14,8.138046724659773e-13,3.963002177848646e-13,7.191539667047953e-06,0.9999928081791862,1.144098234458466e-12,1.276821287336923e-12,1.6592899125665229e-15
EFT:2.2666292875964856e-10,5.0754097095807845e-11,9.712084814599865e-14,8.13804672465986e-13,3.9630021778486603e-13,7.1915396670479655e-06,0.9999928081791862,1.14409823445847e-12,1.2768212873369276e-12,1.6592899125665347e-15
Random541
Raw:2.2666292875964696e-10,5.0754097095807664e-11,9.712084814599865e-14,8.138046724659773e-13,3.963002177848618e-13,7.19153966704794e-06,0.9999928081791862,1.144098234458466e-12,1.2768212873369185e-12,1.6592899125665229e-15
EFT:2.2666292875964856e-10,5.0754097095807845e-11,9.712084814599865e-14,8.13804672465986e-13,3.9630021778486603e-13,7.1915396670479655e-06,0.9999928081791862,1.14409823445847e-12,1.2768212873369276e-12,1.6592899125665347e-15
Random542
Raw:2.2666292875964936e-10,5.075409709580838e-11,9.712084814599934e-14,8.138046724659947e-13,3.9630021778486744e-13,7.191539667048042e-06,0.9999928081791862,1.144098234458478e-12,1.276821287336932e-12,1.6592899125665465e-15
EFT:2.2666292875964856e-10,5.0754097095807845e-11,9.712084814599865e-14,8.13804672465986e-13,3.9630021778486603e-13,7.191539667047953e-06,0.9999928081791862,1.14409823445847e-12,1.2768212873369276e-12,1.6592899125665347e-15
Random543
Raw:2.2666292875964776e-10,5.075409709580838e-11,9.712084814599865e-14,8.138046724659889e-13,3.9630021778486603e-13,7.1915396670479655e-06,0.9999928081791862,1.14409823445847e-12,1.276821287336923e-12,1.6592899125665229e-15
EFT:2.2666292875964856e-10,5.075409709580802e-11,9.712084814599865e-14,8.13804672465986e-13,3.9630021778486603e-13,7.191539667047953e-06,0.9999928081791862,1.14409823445847e-12,1.2768212873369276e-12,1.6592899125665347e-15
Random544
Raw:2.2666292875964776e-10,5.075409709580838e-11,9.712084814599934e-14,8.138046724659918e-13,3.963002177848688e-13,7.191539667047991e-06,0.9999928081791862,1.144098234458474e-12,1.2768212873369276e-12,1.6592899125665347e-15
EFT:2.2666292875964856e-10,5.0754097095807845e-11,9.712084814599865e-14,8.13804672465986e-13,3.9630021778486603e-13,7.1915396670479655e-06,0.9999928081791862,1.14409823445847e-12,1.2768212873369276e-12,1.6592899125665347e-15
Random545
Raw:2.2666292875964856e-10,5.075409709580802e-11,9.712084814599829e-14,8.138046724659831e-13,3.9630021778486744e-13,7.191539667047953e-06,0.9999928081791862,1.144098234458466e-12,1.276821287336923e-12,1.6592899125665229e-15
EFT:2.2666292875964856e-10,5.0754097095807845e-11,9.712084814599865e-14,8.13804672465986e-13,3.9630021778486603e-13,7.1915396670479655e-06,0.9999928081791862,1.14409823445847e-12,1.2768212873369276e-12,1.6592899125665347e-15
Random546
Raw:2.2666292875964856e-10,5.075409709580802e-11,9.712084814599865e-14,8.138046724659831e-13,3.9630021778486603e-13,7.191539667047953e-06,0.9999928081791862,1.144098234458466e-12,1.276821287336923e-12,1.6592899125665229e-15
EFT:2.2666292875964856e-10,5.0754097095807845e-11,9.712084814599865e-14,8.13804672465986e-13,3.9630021778486603e-13,7.1915396670479655e-06,0.9999928081791862,1.14409823445847e-12,1.2768212873369276e-12,1.6592899125665347e-15
Random547
Raw:2.2666292875964936e-10,5.07540970958082e-11,9.712084814599934e-14,8.138046724659918e-13,3.963002177848702e-13,7.191539667047927e-06,0.9999928081791862,1.144098234458474e-12,1.276821287336932e-12,1.6592899125665465e-15
EFT:2.2666292875964856e-10,5.0754097095807845e-11,9.712084814599865e-14,8.13804672465986e-13,3.9630021778486603e-13,7.1915396670479655e-06,0.9999928081791862,1.14409823445847e-12,1.2768212873369276e-12,1.6592899125665347e-15
Random548
Raw:2.2666292875964776e-10,5.0754097095807845e-11,9.712084814599899e-14,8.138046724659831e-13,3.9630021778486603e-13,7.191539667047915e-06,0.9999928081791862,1.144098234458466e-12,1.2768212873369185e-12,1.6592899125665347e-15
EFT:2.2666292875964856e-10,5.0754097095807845e-11,9.712084814599865e-14,8.13804672465986e-13,3.9630021778486603e-13,7.1915396670479655e-06,0.9999928081791862,1.14409823445847e-12,1.2768212873369276e-12,1.6592899125665347e-15
Random549
Raw:2.2666292875964776e-10,5.0754097095807664e-11,9.712084814599865e-14,8.13804672465986e-13,3.963002177848646e-13,7.191539667047901e-06,0.9999928081791862,1.1440982344584619e-12,1.2768212873369185e-12,1.6592899125665229e-15
EFT:2.2666292875964856e-10,5.0754097095807845e-11,9.712084814599865e-14,8.13804672465986e-13,3.9630021778486603e-13,7.1915396670479655e-06,0.9999928081791862,1.14409823445847e-12,1.2768212873369276e-12,1.6592899125665347e-15
Random550
Raw:2.2666292875964533e-10,5.0754097095807664e-11,9.712084814599865e-14,8.138046724659831e-13,3.963002177848646e-13,7.191539667047901e-06,0.9999928081791862,1.1440982344584619e-12,1.276821287336923e-12,1.6592899125665229e-15
EFT:2.2666292875964856e-10,5.0754097095807845e-11,9.712084814599865e-14,8.13804672465986e-13,3.9630021778486603e-13,7.1915396670479655e-06,0.9999928081791862,1.14409823445847e-12,1.2768212873369276e-12,1.6592899125665347e-15
Random551
Raw:2.2666292875965016e-10,5.07540970958082e-11,9.712084814599934e-14,8.138046724659889e-13,3.963002177848688e-13,7.191539667047991e-06,0.9999928081791862,1.144098234458474e-12,1.276821287336932e-12,1.6592899125665465e-15
EFT:2.2666292875964856e-10,5.0754097095807845e-11,9.712084814599865e-14,8.13804672465986e-13,3.9630021778486603e-13,7.1915396670479655e-06,0.9999928081791862,1.14409823445847e-12,1.2768212873369276e-12,1.6592899125665347e-15
Random552
Raw:2.2666292875964936e-10,5.07540970958082e-11,9.712084814599865e-14,8.138046724659889e-13,3.9630021778486744e-13,7.1915396670480036e-06,0.9999928081791862,1.144098234458474e-12,1.2768212873369276e-12,1.6592899125665465e-15
EFT:2.2666292875964856e-10,5.0754097095807845e-11,9.712084814599865e-14,8.13804672465986e-13,3.9630021778486603e-13,7.1915396670479655e-06,0.9999928081791862,1.14409823445847e-12,1.2768212873369276e-12,1.6592899125665347e-15
Random553
Raw:2.2666292875964613e-10,5.075409709580802e-11,9.712084814599934e-14,8.138046724659831e-13,3.963002177848646e-13,7.191539667047978e-06,0.9999928081791862,1.144098234458474e-12,1.276821287336932e-12,1.6592899125665347e-15
EFT:2.2666292875964856e-10,5.0754097095807845e-11,9.712084814599865e-14,8.13804672465986e-13,3.9630021778486603e-13,7.191539667047953e-06,0.9999928081791862,1.14409823445847e-12,1.2768212873369276e-12,1.6592899125665347e-15
Random554
Raw:2.2666292875964696e-10,5.0754097095807845e-11,9.712084814599829e-14,8.13804672465986e-13,3.963002177848646e-13,7.19153966704794e-06,0.9999928081791862,1.144098234458466e-12,1.276821287336923e-12,1.6592899125665229e-15
EFT:2.2666292875964856e-10,5.0754097095807845e-11,9.712084814599865e-14,8.13804672465986e-13,3.9630021778486603e-13,7.191539667047953e-06,0.9999928081791862,1.14409823445847e-12,1.2768212873369276e-12,1.6592899125665347e-15
Random555
Raw:2.2666292875964936e-10,5.0754097095807664e-11,9.712084814599865e-14,8.138046724659831e-13,3.963002177848688e-13,7.19153966704794e-06,0.9999928081791862,1.14409823445847e-12,1.2768212873369276e-12,1.6592899125665465e-15
EFT:2.2666292875964856e-10,5.0754097095807845e-11,9.712084814599865e-14,8.13804672465986e-13,3.9630021778486603e-13,7.1915396670479655e-06,0.9999928081791862,1.14409823445847e-12,1.2768212873369276e-12,1.6592899125665347e-15
Random556
Raw:2.2666292875964776e-10,5.07540970958082e-11,9.712084814599865e-14,8.138046724659889e-13,3.9630021778486603e-13,7.191539667047978e-06,0.9999928081791862,1.144098234458466e-12,1.2768212873369276e-12,1.6592899125665347e-15
EFT:2.2666292875964856e-10,5.0754097095807845e-11,9.712084814599865e-14,8.13804672465986e-13,3.9630021778486603e-13,7.191539667047953e-06,0.9999928081791862,1.14409823445847e-12,1.2768212873369276e-12,1.6592899125665347e-15
Random557
Raw:2.2666292875964936e-10,5.075409709580802e-11,9.712084814599899e-14,8.13804672465986e-13,3.9630021778486744e-13,7.1915396670480036e-06,0.9999928081791862,1.144098234458474e-12,1.276821287336932e-12,1.6592899125665465e-15
EFT:2.2666292875964856e-10,5.0754097095807845e-11,9.712084814599865e-14,8.13804672465986e-13,3.9630021778486603e-13,7.1915396670479655e-06,0.9999928081791862,1.14409823445847e-12,1.2768212873369276e-12,1.6592899125665347e-15
Random558
Raw:2.2666292875964856e-10,5.0754097095807845e-11,9.712084814599795e-14,8.138046724659831e-13,3.963002177848646e-13,7.191539667047978e-06,0.9999928081791862,1.144098234458474e-12,1.276821287336923e-12,1.6592899125665347e-15
EFT:2.2666292875964856e-10,5.0754097095807845e-11,9.712084814599865e-14,8.13804672465986e-13,3.9630021778486603e-13,7.191539667047953e-06,0.9999928081791862,1.14409823445847e-12,1.2768212873369276e-12,1.6592899125665347e-15
Random559
Raw:2.2666292875964936e-10,5.075409709580802e-11,9.712084814599934e-14,8.138046724659889e-13,3.963002177848688e-13,7.191539667047927e-06,0.9999928081791862,1.144098234458474e-12,1.276821287336932e-12,1.6592899125665465e-15
EFT:2.2666292875964856e-10,5.0754097095807845e-11,9.712084814599865e-14,8.13804672465986e-13,3.9630021778486603e-13,7.191539667047953e-06,0.9999928081791862,1.14409823445847e-12,1.2768212873369276e-12,1.6592899125665347e-15
Random560
Raw:2.2666292875964936e-10,5.0754097095807845e-11,9.712084814599934e-14,8.138046724659918e-13,3.963002177848688e-13,7.191539667047991e-06,0.9999928081791862,1.14409823445847e-12,1.2768212873369276e-12,1.6592899125665465e-15
EFT:2.2666292875964856e-10,5.0754097095807845e-11,9.712084814599865e-14,8.13804672465986e-13,3.9630021778486603e-13,7.1915396670479655e-06,0.9999928081791862,1.14409823445847e-12,1.2768212873369276e-12,1.6592899125665347e-15
Random561
Raw:2.2666292875964776e-10,5.0754097095807845e-11,9.712084814599865e-14,8.138046724659889e-13,3.9630021778486603e-13,7.191539667047991e-06,0.9999928081791862,1.144098234458466e-12,1.276821287336932e-12,1.6592899125665347e-15
EFT:2.2666292875964856e-10,5.0754097095807845e-11,9.712084814599865e-14,8.13804672465986e-13,3.9630021778486603e-13,7.191539667047953e-06,0.9999928081791862,1.14409823445847e-12,1.2768212873369276e-12,1.6592899125665347e-15
Random562
Raw:2.2666292875964696e-10,5.075409709580802e-11,9.712084814599865e-14,8.13804672465986e-13,3.9630021778486603e-13,7.191539667048016e-06,0.9999928081791862,1.14409823445847e-12,1.2768212873369276e-12,1.6592899125665347e-15
EFT:2.2666292875964856e-10,5.0754097095807845e-11,9.712084814599865e-14,8.13804672465986e-13,3.9630021778486603e-13,7.1915396670479655e-06,0.9999928081791862,1.14409823445847e-12,1.2768212873369276e-12,1.6592899125665347e-15
Random563
Raw:2.2666292875964696e-10,5.0754097095807845e-11,9.712084814599865e-14,8.138046724659831e-13,3.9630021778486603e-13,7.191539667047953e-06,0.9999928081791862,1.1440982344584619e-12,1.276821287336923e-12,1.6592899125665229e-15
EFT:2.2666292875964856e-10,5.0754097095807845e-11,9.712084814599865e-14,8.13804672465986e-13,3.9630021778486603e-13,7.1915396670479655e-06,0.9999928081791862,1.14409823445847e-12,1.2768212873369276e-12,1.6592899125665347e-15
Random564
Raw:2.2666292875964856e-10,5.075409709580802e-11,9.712084814599865e-14,8.13804672465986e-13,3.9630021778486603e-13,7.191539667047953e-06,0.9999928081791862,1.144098234458466e-12,1.2768212873369276e-12,1.6592899125665465e-15
EFT:2.2666292875964856e-10,5.0754097095807845e-11,9.712084814599865e-14,8.13804672465986e-13,3.9630021778486603e-13,7.1915396670479655e-06,0.9999928081791862,1.14409823445847e-12,1.2768212873369276e-12,1.6592899125665347e-15
Random565
Raw:2.2666292875964696e-10,5.0754097095807845e-11,9.712084814599795e-14,8.138046724659831e-13,3.963002177848646e-13,7.1915396670479655e-06,0.9999928081791862,1.144098234458466e-12,1.2768212873369185e-12,1.6592899125665347e-15
EFT:2.2666292875964856e-10,5.0754097095807845e-11,9.712084814599865e-14,8.13804672465986e-13,3.9630021778486603e-13,7.1915396670479655e-06,0.9999928081791862,1.14409823445847e-12,1.2768212873369276e-12,1.6592899125665347e-15
Random566
Raw:2.2666292875964856e-10,5.0754097095807845e-11,9.712084814599899e-14,8.138046724659889e-13,3.963002177848688e-13,7.191539667047953e-06,0.9999928081791862,1.14409823445847e-12,1.276821287336923e-12,1.6592899125665347e-15
EFT:2.2666292875964856e-10,5.0754097095807845e-11,9.712084814599865e-14,8.13804672465986e-13,3.9630021778486603e-13,7.191539667047953e-06,0.9999928081791862,1.14409823445847e-12,1.2768212873369276e-12,1.6592899125665347e-15
Random567
Raw:2.2666292875964776e-10,5.075409709580838e-11,9.712084814599865e-14,8.138046724659889e-13,3.9630021778486744e-13,7.191539667048016e-06,0.9999928081791862,1.144098234458474e-12,1.2768212873369276e-12,1.6592899125665465e-15
EFT:2.2666292875964856e-10,5.075409709580802e-11,9.712084814599865e-14,8.13804672465986e-13,3.9630021778486603e-13,7.191539667047953e-06,0.9999928081791862,1.14409823445847e-12,1.2768212873369276e-12,1.6592899125665347e-15
Random568
Raw:2.2666292875964856e-10,5.0754097095807845e-11,9.712084814599865e-14,8.138046724659831e-13,3.9630021778486603e-13,7.191539667047991e-06,0.9999928081791862,1.144098234458466e-12,1.2768212873369276e-12,1.6592899125665229e-15
EFT:2.2666292875964856e-10,5.0754097095807845e-11,9.712084814599865e-14,8.13804672465986e-13,3.9630021778486603e-13,7.191539667047953e-06,0.9999928081791862,1.14409823445847e-12,1.2768212873369276e-12,1.6592899125665347e-15
Random569
Raw:2.2666292875964936e-10,5.0754097095807845e-11,9.712084814599865e-14,8.138046724659889e-13,3.963002177848646e-13,7.1915396670479655e-06,0.9999928081791862,1.144098234458466e-12,1.2768212873369185e-12,1.6592899125665229e-15
EFT:2.2666292875964856e-10,5.0754097095807845e-11,9.712084814599865e-14,8.13804672465986e-13,3.9630021778486603e-13,7.1915396670479655e-06,0.9999928081791862,1.14409823445847e-12,1.2768212873369276e-12,1.6592899125665347e-15
Random570
Raw:2.2666292875964613e-10,5.0754097095807845e-11,9.712084814599795e-14,8.138046724659831e-13,3.9630021778486603e-13,7.191539667047978e-06,0.9999928081791862,1.144098234458466e-12,1.2768212873369185e-12,1.6592899125665229e-15
EFT:2.2666292875964856e-10,5.0754097095807845e-11,9.712084814599865e-14,8.13804672465986e-13,3.9630021778486603e-13,7.1915396670479655e-06,0.9999928081791862,1.14409823445847e-12,1.2768212873369276e-12,1.6592899125665347e-15
Random571
Raw:2.2666292875964696e-10,5.07540970958082e-11,9.712084814599865e-14,8.138046724659889e-13,3.9630021778486603e-13,7.191539667047953e-06,0.9999928081791862,1.144098234458474e-12,1.276821287336923e-12,1.6592899125665229e-15
EFT:2.2666292875964856e-10,5.0754097095807845e-11,9.712084814599865e-14,8.13804672465986e-13,3.9630021778486603e-13,7.191539667047953e-06,0.9999928081791862,1.14409823445847e-12,1.2768212873369276e-12,1.6592899125665347e-15
Random572
Raw:2.2666292875964776e-10,5.0754097095807845e-11,9.712084814599865e-14,8.13804672465986e-13,3.9630021778486744e-13,7.1915396670479655e-06,0.9999928081791862,1.14409823445847e-12,1.276821287336923e-12,1.6592899125665229e-15
EFT:2.2666292875964856e-10,5.0754097095807845e-11,9.712084814599865e-14,8.13804672465986e-13,3.9630021778486603e-13,7.191539667047953e-06,0.9999928081791862,1.14409823445847e-12,1.2768212873369276e-12,1.6592899125665347e-15
Random573
Raw:2.2666292875964696e-10,5.0754097095807664e-11,9.712084814599829e-14,8.13804672465986e-13,3.963002177848646e-13,7.191539667047991e-06,0.9999928081791862,1.14409823445847e-12,1.2768212873369276e-12,1.6592899125665347e-15
EFT:2.2666292875964856e-10,5.0754097095807845e-11,9.712084814599865e-14,8.13804672465986e-13,3.9630021778486603e-13,7.191539667047953e-06,0.9999928081791862,1.14409823445847e-12,1.2768212873369276e-12,1.6592899125665347e-15
Random574
Raw:2.2666292875964936e-10,5.075409709580802e-11,9.712084814599934e-14,8.138046724659889e-13,3.963002177848702e-13,7.191539667047978e-06,0.9999928081791862,1.14409823445847e-12,1.2768212873369276e-12,1.6592899125665465e-15
EFT:2.2666292875964856e-10,5.0754097095807845e-11,9.712084814599865e-14,8.13804672465986e-13,3.9630021778486603e-13,7.1915396670479655e-06,0.9999928081791862,1.14409823445847e-12,1.2768212873369276e-12,1.6592899125665347e-15
Random575
Raw:2.2666292875964936e-10,5.0754097095807845e-11,9.712084814599795e-14,8.13804672465986e-13,3.963002177848646e-13,7.191539667047978e-06,0.9999928081791862,1.144098234458466e-12,1.2768212873369185e-12,1.6592899125665347e-15
EFT:2.2666292875964856e-10,5.0754097095807845e-11,9.712084814599865e-14,8.13804672465986e-13,3.9630021778486603e-13,7.191539667047953e-06,0.9999928081791862,1.14409823445847e-12,1.2768212873369276e-12,1.6592899125665347e-15
Random576
Raw:2.2666292875964856e-10,5.075409709580802e-11,9.712084814599865e-14,8.13804672465986e-13,3.9630021778486603e-13,7.191539667047978e-06,0.9999928081791862,1.14409823445847e-12,1.2768212873369276e-12,1.6592899125665347e-15
EFT:2.2666292875964856e-10,5.0754097095807845e-11,9.712084814599865e-14,8.13804672465986e-13,3.9630021778486603e-13,7.1915396670479655e-06,0.9999928081791862,1.14409823445847e-12,1.2768212873369276e-12,1.6592899125665347e-15
Random577
Raw:2.2666292875964696e-10,5.075409709580802e-11,9.712084814599865e-14,8.138046724659889e-13,3.9630021778486603e-13,7.191539667047978e-06,0.9999928081791862,1.144098234458466e-12,1.2768212873369276e-12,1.6592899125665229e-15
EFT:2.2666292875964856e-10,5.0754097095807845e-11,9.712084814599865e-14,8.13804672465986e-13,3.9630021778486603e-13,7.1915396670479655e-06,0.9999928081791862,1.14409823445847e-12,1.2768212873369276e-12,1.6592899125665347e-15
Random578
Raw:2.2666292875964696e-10,5.07540970958082e-11,9.712084814599865e-14,8.138046724659918e-13,3.963002177848702e-13,7.191539667048016e-06,0.9999928081791862,1.144098234458474e-12,1.2768212873369276e-12,1.6592899125665347e-15
EFT:2.2666292875964856e-10,5.0754097095807845e-11,9.712084814599865e-14,8.13804672465986e-13,3.9630021778486603e-13,7.1915396670479655e-06,0.9999928081791862,1.14409823445847e-12,1.2768212873369276e-12,1.6592899125665347e-15
Random579
Raw:2.2666292875964533e-10,5.07540970958073e-11,9.712084814599761e-14,8.138046724659773e-13,3.963002177848632e-13,7.191539667047978e-06,0.9999928081791862,1.1440982344584619e-12,1.2768212873369185e-12,1.6592899125665229e-15
EFT:2.2666292875964856e-10,5.0754097095807845e-11,9.712084814599865e-14,8.13804672465986e-13,3.9630021778486603e-13,7.1915396670479655e-06,0.9999928081791862,1.14409823445847e-12,1.2768212873369276e-12,1.6592899125665347e-15
Random580
Raw:2.2666292875965016e-10,5.075409709580802e-11,9.712084814599934e-14,8.138046724659918e-13,3.9630021778486744e-13,7.1915396670480036e-06,0.9999928081791862,1.144098234458474e-12,1.2768212873369412e-12,1.6592899125665465e-15
EFT:2.2666292875964856e-10,5.0754097095807845e-11,9.712084814599865e-14,8.13804672465986e-13,3.9630021778486603e-13,7.191539667047953e-06,0.9999928081791862,1.14409823445847e-12,1.2768212873369276e-12,1.6592899125665347e-15
Random581
Raw:2.2666292875964696e-10,5.0754097095807664e-11,9.712084814599865e-14,8.138046724659831e-13,3.963002177848632e-13,7.191539667047953e-06,0.9999928081791862,1.144098234458466e-12,1.276821287336923e-12,1.6592899125665229e-15
EFT:2.2666292875964856e-10,5.0754097095807845e-11,9.712084814599865e-14,8.13804672465986e-13,3.9630021778486603e-13,7.1915396670479655e-06,0.9999928081791862,1.14409823445847e-12,1.2768212873369276e-12,1.6592899125665347e-15
Random582
Raw:2.2666292875965016e-10,5.0754097095807664e-11,9.712084814599865e-14,8.13804672465986e-13,3.9630021778486744e-13,7.191539667047915e-06,0.9999928081791862,1.144098234458466e-12,1.2768212873369276e-12,1.6592899125665465e-15
EFT:2.2666292875964856e-10,5.0754097095807845e-11,9.712084814599865e-14,8.13804672465986e-13,3.9630021778486603e-13,7.1915396670479655e-06,0.9999928081791862,1.14409823445847e-12,1.2768212873369276e-12,1.6592899125665347e-15
Random583
Raw:2.2666292875964776e-10,5.0754097095807845e-11,9.712084814599829e-14,8.138046724659831e-13,3.963002177848646e-13,7.191539667047978e-06,0.9999928081791862,1.144098234458474e-12,1.2768212873369276e-12,1.6592899125665347e-15
EFT:2.2666292875964856e-10,5.0754097095807845e-11,9.712084814599865e-14,8.13804672465986e-13,3.9630021778486603e-13,7.1915396670479655e-06,0.9999928081791862,1.14409823445847e-12,1.2768212873369276e-12,1.6592899125665347e-15
Random584
Raw:2.2666292875964936e-10,5.075409709580802e-11,9.712084814599865e-14,8.138046724659889e-13,3.963002177848688e-13,7.191539667047978e-06,0.9999928081791862,1.144098234458474e-12,1.276821287336932e-12,1.6592899125665465e-15
EFT:2.2666292875964856e-10,5.0754097095807845e-11,9.712084814599865e-14,8.13804672465986e-13,3.9630021778486603e-13,7.191539667047953e-06,0.9999928081791862,1.14409823445847e-12,1.2768212873369276e-12,1.6592899125665347e-15
Random585
Raw:2.2666292875964373e-10,5.0754097095807664e-11,9.712084814599727e-14,8.138046724659686e-13,3.963002177848604e-13,7.191539667047915e-06,0.9999928081791862,1.1440982344584578e-12,1.2768212873369094e-12,1.659289912566511e-15
EFT:2.2666292875964856e-10,5.0754097095807845e-11,9.712084814599865e-14,8.13804672465986e-13,3.9630021778486603e-13,7.191539667047953e-06,0.9999928081791862,1.14409823445847e-12,1.2768212873369276e-12,1.6592899125665347e-15
Random586
Raw:2.2666292875964936e-10,5.075409709580802e-11,9.712084814599934e-14,8.138046724659889e-13,3.9630021778486744e-13,7.191539667048016e-06,0.9999928081791862,1.144098234458474e-12,1.2768212873369276e-12,1.6592899125665229e-15
EFT:2.2666292875964856e-10,5.0754097095807845e-11,9.712084814599865e-14,8.13804672465986e-13,3.9630021778486603e-13,7.191539667047953e-06,0.9999928081791862,1.14409823445847e-12,1.2768212873369276e-12,1.6592899125665347e-15
Random587
Raw:2.2666292875964696e-10,5.0754097095807845e-11,9.712084814599829e-14,8.138046724659831e-13,3.963002177848632e-13,7.191539667047953e-06,0.9999928081791862,1.144098234458466e-12,1.2768212873369185e-12,1.6592899125665229e-15
EFT:2.2666292875964856e-10,5.0754097095807845e-11,9.712084814599865e-14,8.13804672465986e-13,3.9630021778486603e-13,7.1915396670479655e-06,0.9999928081791862,1.14409823445847e-12,1.2768212873369276e-12,1.6592899125665347e-15
Random588
Raw:2.2666292875964856e-10,5.0754097095807845e-11,9.712084814599865e-14,8.138046724659889e-13,3.963002177848688e-13,7.1915396670480036e-06,0.9999928081791862,1.14409823445847e-12,1.2768212873369276e-12,1.6592899125665465e-15
EFT:2.2666292875964856e-10,5.0754097095807845e-11,9.712084814599865e-14,8.13804672465986e-13,3.9630021778486603e-13,7.1915396670479655e-06,0.9999928081791862,1.14409823445847e-12,1.2768212873369276e-12,1.6592899125665347e-15
Random589
Raw:2.2666292875964776e-10,5.0754097095807664e-11,9.712084814599795e-14,8.138046724659831e-13,3.9630021778486603e-13,7.19153966704794e-06,0.9999928081791862,1.144098234458466e-12,1.2768212873369185e-12,1.6592899125665347e-15
EFT:2.2666292875964856e-10,5.075409709580802e-11,9.712084814599865e-14,8.13804672465986e-13,3.9630021778486603e-13,7.191539667047953e-06,0.9999928081791862,1.14409823445847e-12,1.2768212873369276e-12,1.6592899125665347e-15
Random590
Raw:2.2666292875964856e-10,5.0754097095807845e-11,9.712084814599934e-14,8.138046724659889e-13,3.9630021778486744e-13,7.1915396670480036e-06,0.9999928081791862,1.144098234458474e-12,1.2768212873369276e-12,1.6592899125665465e-15
EFT:2.2666292875964856e-10,5.0754097095807845e-11,9.712084814599865e-14,8.13804672465986e-13,3.9630021778486603e-13,7.1915396670479655e-06,0.9999928081791862,1.14409823445847e-12,1.2768212873369276e-12,1.6592899125665347e-15
Random591
Raw:2.2666292875964856e-10,5.0754097095807845e-11,9.712084814599865e-14,8.138046724659889e-13,3.9630021778486603e-13,7.191539667047953e-06,0.9999928081791862,1.14409823445847e-12,1.276821287336923e-12,1.6592899125665347e-15
EFT:2.2666292875964856e-10,5.0754097095807845e-11,9.712084814599865e-14,8.13804672465986e-13,3.9630021778486603e-13,7.1915396670479655e-06,0.9999928081791862,1.14409823445847e-12,1.2768212873369276e-12,1.6592899125665347e-15
Random592
Raw:2.2666292875965096e-10,5.075409709580802e-11,9.712084814599899e-14,8.138046724659889e-13,3.963002177848688e-13,7.191539667047953e-06,0.9999928081791862,1.144098234458474e-12,1.2768212873369365e-12,1.6592899125665465e-15
EFT:2.2666292875964856e-10,5.0754097095807845e-11,9.712084814599865e-14,8.13804672465986e-13,3.9630021778486603e-13,7.1915396670479655e-06,0.9999928081791862,1.14409823445847e-12,1.2768212873369276e-12,1.6592899125665347e-15
Random593
Raw:2.2666292875964776e-10,5.075409709580748e-11,9.712084814599865e-14,8.138046724659803e-13,3.9630021778486744e-13,7.191539667047927e-06,0.9999928081791862,1.1440982344584619e-12,1.276821287336923e-12,1.6592899125665347e-15
EFT:2.2666292875964856e-10,5.0754097095807845e-11,9.712084814599865e-14,8.13804672465986e-13,3.9630021778486603e-13,7.191539667047953e-06,0.9999928081791862,1.14409823445847e-12,1.2768212873369276e-12,1.6592899125665347e-15
Random594
Raw:2.2666292875964696e-10,5.0754097095807845e-11,9.712084814599865e-14,8.138046724659803e-13,3.9630021778486603e-13,7.19153966704794e-06,0.9999928081791862,1.144098234458466e-12,1.2768212873369185e-12,1.6592899125665229e-15
EFT:2.2666292875964856e-10,5.0754097095807845e-11,9.712084814599865e-14,8.13804672465986e-13,3.9630021778486603e-13,7.1915396670479655e-06,0.9999928081791862,1.14409823445847e-12,1.2768212873369276e-12,1.6592899125665347e-15
Random595
Raw:2.2666292875965016e-10,5.075409709580838e-11,9.712084814599968e-14,8.138046724659947e-13,3.963002177848702e-13,7.191539667047978e-06,0.9999928081791862,1.144098234458474e-12,1.2768212873369365e-12,1.6592899125665465e-15
EFT:2.2666292875964856e-10,5.0754097095807845e-11,9.712084814599865e-14,8.13804672465986e-13,3.9630021778486603e-13,7.1915396670479655e-06,0.9999928081791862,1.14409823445847e-12,1.2768212873369276e-12,1.6592899125665347e-15
Random596
Raw:2.2666292875964696e-10,5.0754097095807845e-11,9.712084814599865e-14,8.138046724659803e-13,3.9630021778486603e-13,7.191539667047876e-06,0.9999928081791862,1.144098234458466e-12,1.2768212873369185e-12,1.6592899125665229e-15
EFT:2.2666292875964856e-10,5.0754097095807845e-11,9.712084814599865e-14,8.13804672465986e-13,3.9630021778486603e-13,7.1915396670479655e-06,0.9999928081791862,1.14409823445847e-12,1.2768212873369276e-12,1.6592899125665347e-15
Random597
Raw:2.2666292875964696e-10,5.0754097095807845e-11,9.712084814599865e-14,8.138046724659803e-13,3.9630021778486603e-13,7.19153966704794e-06,0.9999928081791862,1.1440982344584578e-12,1.276821287336923e-12,1.6592899125665229e-15
EFT:2.2666292875964856e-10,5.0754097095807845e-11,9.712084814599865e-14,8.13804672465986e-13,3.9630021778486603e-13,7.1915396670479655e-06,0.9999928081791862,1.14409823445847e-12,1.2768212873369276e-12,1.6592899125665347e-15
Random598
Raw:2.2666292875964936e-10,5.07540970958082e-11,9.712084814599934e-14,8.138046724659947e-13,3.9630021778486603e-13,7.1915396670480036e-06,0.9999928081791862,1.144098234458478e-12,1.2768212873369365e-12,1.6592899125665465e-15
EFT:2.2666292875964856e-10,5.0754097095807845e-11,9.712084814599865e-14,8.13804672465986e-13,3.9630021778486603e-13,7.1915396670479655e-06,0.9999928081791862,1.14409823445847e-12,1.2768212873369276e-12,1.6592899125665347e-15
Random599
Raw:2.2666292875964936e-10,5.075409709580802e-11,9.712084814599865e-14,8.138046724659918e-13,3.9630021778486744e-13,7.191539667047991e-06,0.9999928081791862,1.14409823445847e-12,1.276821287336932e-12,1.6592899125665465e-15
EFT:2.2666292875964856e-10,5.0754097095807845e-11,9.712084814599865e-14,8.13804672465986e-13,3.9630021778486603e-13,7.191539667047953e-06,0.9999928081791862,1.14409823445847e-12,1.2768212873369276e-12,1.6592899125665347e-15
Random600
Raw:2.2666292875964696e-10,5.0754097095807664e-11,9.712084814599865e-14,8.138046724659831e-13,3.9630021778486603e-13,7.191539667047953e-06,0.9999928081791862,1.144098234458466e-12,1.276821287336923e-12,1.6592899125665229e-15
EFT:2.2666292875964856e-10,5.0754097095807845e-11,9.712084814599865e-14,8.13804672465986e-13,3.9630021778486603e-13,7.191539667047953e-06,0.9999928081791862,1.14409823445847e-12,1.2768212873369276e-12,1.6592899125665347e-15
Random601
Raw:2.2666292875964613e-10,5.075409709580748e-11,9.712084814599795e-14,8.138046724659831e-13,3.9630021778486603e-13,7.191539667047927e-06,0.9999928081791862,1.1440982344584578e-12,1.2768212873369185e-12,1.6592899125665229e-15
EFT:2.2666292875964856e-10,5.0754097095807845e-11,9.712084814599865e-14,8.13804672465986e-13,3.9630021778486603e-13,7.1915396670479655e-06,0.9999928081791862,1.14409823445847e-12,1.2768212873369276e-12,1.6592899125665347e-15
Random602
Raw:2.2666292875964856e-10,5.0754097095807664e-11,9.712084814599795e-14,8.138046724659803e-13,3.963002177848646e-13,7.1915396670479655e-06,0.9999928081791862,1.14409823445847e-12,1.2768212873369185e-12,1.6592899125665229e-15
EFT:2.2666292875964856e-10,5.0754097095807845e-11,9.712084814599865e-14,8.13804672465986e-13,3.9630021778486603e-13,7.1915396670479655e-06,0.9999928081791862,1.14409823445847e-12,1.2768212873369276e-12,1.6592899125665347e-15
Random603
Raw:2.2666292875964696e-10,5.075409709580748e-11,9.712084814599795e-14,8.138046724659773e-13,3.963002177848632e-13,7.191539667047876e-06,0.9999928081791862,1.1440982344584578e-12,1.2768212873369185e-12,1.6592899125665229e-15
EFT:2.2666292875964856e-10,5.0754097095807845e-11,9.712084814599865e-14,8.13804672465986e-13,3.9630021778486603e-13,7.1915396670479655e-06,0.9999928081791862,1.14409823445847e-12,1.2768212873369276e-12,1.6592899125665347e-15
Random604
Raw:2.2666292875964776e-10,5.075409709580802e-11,9.712084814599899e-14,8.138046724659831e-13,3.9630021778486603e-13,7.1915396670479655e-06,0.9999928081791862,1.14409823445847e-12,1.276821287336932e-12,1.6592899125665347e-15
EFT:2.2666292875964856e-10,5.0754097095807845e-11,9.712084814599865e-14,8.13804672465986e-13,3.9630021778486603e-13,7.1915396670479655e-06,0.9999928081791862,1.14409823445847e-12,1.2768212873369276e-12,1.6592899125665347e-15
Random605
Raw:2.2666292875964936e-10,5.0754097095807845e-11,9.712084814599829e-14,8.13804672465986e-13,3.9630021778486603e-13,7.191539667047978e-06,0.9999928081791862,1.144098234458466e-12,1.2768212873369276e-12,1.6592899125665347e-15
EFT:2.2666292875964856e-10,5.0754097095807845e-11,9.712084814599865e-14,8.13804672465986e-13,3.9630021778486603e-13,7.1915396670479655e-06,0.9999928081791862,1.14409823445847e-12,1.2768212873369276e-12,1.6592899125665347e-15
Random606
Raw:2.2666292875964936e-10,5.075409709580838e-11,9.712084814599968e-14,8.138046724659889e-13,3.963002177848702e-13,7.191539667048029e-06,0.9999928081791862,1.144098234458482e-12,1.2768212873369365e-12,1.6592899125665465e-15
EFT:2.2666292875964856e-10,5.0754097095807845e-11,9.712084814599865e-14,8.13804672465986e-13,3.9630021778486603e-13,7.1915396670479655e-06,0.9999928081791862,1.14409823445847e-12,1.2768212873369276e-12,1.6592899125665347e-15
Random607
Raw:2.2666292875964776e-10,5.075409709580802e-11,9.712084814599865e-14,8.138046724659889e-13,3.9630021778486744e-13,7.1915396670479655e-06,0.9999928081791862,1.14409823445847e-12,1.276821287336923e-12,1.6592899125665229e-15
EFT:2.2666292875964856e-10,5.0754097095807845e-11,9.712084814599865e-14,8.13804672465986e-13,3.9630021778486603e-13,7.191539667047953e-06,0.9999928081791862,1.14409823445847e-12,1.2768212873369276e-12,1.6592899125665347e-15
Random608
Raw:2.2666292875964856e-10,5.075409709580838e-11,9.712084814599865e-14,8.138046724659889e-13,3.9630021778486744e-13,7.191539667048016e-06,0.9999928081791862,1.144098234458474e-12,1.276821287336932e-12,1.6592899125665347e-15
EFT:2.2666292875964856e-10,5.0754097095807845e-11,9.712084814599865e-14,8.13804672465986e-13,3.9630021778486603e-13,7.1915396670479655e-06,0.9999928081791862,1.14409823445847e-12,1.2768212873369276e-12,1.6592899125665347e-15
Random609
Raw:2.2666292875964776e-10,5.0754097095807664e-11,9.712084814599865e-14,8.138046724659773e-13,3.963002177848632e-13,7.1915396670479655e-06,0.9999928081791862,1.144098234458466e-12,1.276821287336923e-12,1.6592899125665347e-15
EFT:2.2666292875964856e-10,5.0754097095807845e-11,9.712084814599865e-14,8.13804672465986e-13,3.9630021778486603e-13,7.1915396670479655e-06,0.9999928081791862,1.14409823445847e-12,1.2768212873369276e-12,1.6592899125665347e-15
Random610
Raw:2.2666292875964776e-10,5.075409709580748e-11,9.712084814599795e-14,8.138046724659831e-13,3.963002177848632e-13,7.19153966704794e-06,0.9999928081791862,1.144098234458466e-12,1.276821287336923e-12,1.6592899125665229e-15
EFT:2.2666292875964856e-10,5.0754097095807845e-11,9.712084814599865e-14,8.13804672465986e-13,3.9630021778486603e-13,7.1915396670479655e-06,0.9999928081791862,1.14409823445847e-12,1.2768212873369276e-12,1.6592899125665347e-15
Random611
Raw:2.2666292875964776e-10,5.07540970958073e-11,9.712084814599795e-14,8.138046724659803e-13,3.9630021778486744e-13,7.191539667047888e-06,0.9999928081791862,1.1440982344584578e-12,1.2768212873369185e-12,1.6592899125665229e-15
EFT:2.2666292875964856e-10,5.075409709580802e-11,9.712084814599865e-14,8.13804672465986e-13,3.9630021778486603e-13,7.191539667047953e-06,0.9999928081791862,1.14409823445847e-12,1.2768212873369276e-12,1.6592899125665347e-15
Random612
Raw:2.2666292875964776e-10,5.0754097095807845e-11,9.712084814599865e-14,8.13804672465986e-13,3.963002177848646e-13,7.191539667047991e-06,0.9999928081791862,1.144098234458466e-12,1.276821287336932e-12,1.6592899125665347e-15
EFT:2.2666292875964856e-10,5.0754097095807845e-11,9.712084814599865e-14,8.13804672465986e-13,3.9630021778486603e-13,7.191539667047953e-06,0.9999928081791862,1.14409823445847e-12,1.2768212873369276e-12,1.6592899125665347e-15
Random613
Raw:2.2666292875964776e-10,5.0754097095807845e-11,9.712084814599865e-14,8.13804672465986e-13,3.9630021778486744e-13,7.1915396670479655e-06,0.9999928081791862,1.144098234458466e-12,1.276821287336923e-12,1.6592899125665347e-15
EFT:2.2666292875964856e-10,5.0754097095807845e-11,9.712084814599865e-14,8.13804672465986e-13,3.9630021778486603e-13,7.191539667047953e-06,0.9999928081791862,1.14409823445847e-12,1.2768212873369276e-12,1.6592899125665347e-15
Random614
Raw:2.2666292875964936e-10,5.07540970958082e-11,9.712084814599934e-14,8.138046724659918e-13,3.9630021778486744e-13,7.191539667047978e-06,0.9999928081791862,1.144098234458474e-12,1.2768212873369276e-12,1.6592899125665347e-15
EFT:2.2666292875964856e-10,5.0754097095807845e-11,9.712084814599865e-14,8.13804672465986e-13,3.9630021778486603e-13,7.191539667047953e-06,0.9999928081791862,1.14409823445847e-12,1.2768212873369276e-12,1.6592899125665347e-15
Random615
Raw:2.2666292875964856e-10,5.075409709580802e-11,9.712084814599899e-14,8.138046724659889e-13,3.963002177848646e-13,7.1915396670479655e-06,0.9999928081791862,1.144098234458474e-12,1.2768212873369365e-12,1.6592899125665347e-15
EFT:2.2666292875964856e-10,5.0754097095807845e-11,9.712084814599865e-14,8.13804672465986e-13,3.9630021778486603e-13,7.191539667047953e-06,0.9999928081791862,1.14409823445847e-12,1.2768212873369276e-12,1.6592899125665347e-15
Random616
Raw:2.2666292875964696e-10,5.075409709580802e-11,9.712084814599865e-14,8.138046724659889e-13,3.9630021778486744e-13,7.191539667047991e-06,0.9999928081791862,1.14409823445847e-12,1.2768212873369276e-12,1.6592899125665347e-15
EFT:2.2666292875964856e-10,5.0754097095807845e-11,9.712084814599865e-14,8.13804672465986e-13,3.9630021778486603e-13,7.1915396670479655e-06,0.9999928081791862,1.14409823445847e-12,1.2768212873369276e-12,1.6592899125665347e-15
Random617
Raw:2.2666292875965096e-10,5.07540970958082e-11,9.712084814599934e-14,8.138046724659889e-13,3.963002177848702e-13,7.191539667048016e-06,0.9999928081791862,1.144098234458478e-12,1.2768212873369365e-12,1.6592899125665465e-15
EFT:2.2666292875964856e-10,5.0754097095807845e-11,9.712084814599865e-14,8.13804672465986e-13,3.9630021778486603e-13,7.1915396670479655e-06,0.9999928081791862,1.14409823445847e-12,1.2768212873369276e-12,1.6592899125665347e-15
Random618
Raw:2.2666292875964776e-10,5.07540970958082e-11,9.712084814600002e-14,8.138046724659889e-13,3.9630021778486744e-13,7.191539667047991e-06,0.9999928081791862,1.144098234458474e-12,1.2768212873369365e-12,1.6592899125665347e-15
EFT:2.2666292875964856e-10,5.0754097095807845e-11,9.712084814599865e-14,8.13804672465986e-13,3.9630021778486603e-13,7.191539667047953e-06,0.9999928081791862,1.14409823445847e-12,1.2768212873369276e-12,1.6592899125665347e-15
Random619
Raw:2.2666292875964776e-10,5.075409709580802e-11,9.712084814599934e-14,8.13804672465986e-13,3.9630021778486603e-13,7.1915396670479655e-06,0.9999928081791862,1.144098234458466e-12,1.2768212873369276e-12,1.6592899125665229e-15
EFT:2.2666292875964856e-10,5.0754097095807845e-11,9.712084814599865e-14,8.13804672465986e-13,3.9630021778486603e-13,7.1915396670479655e-06,0.9999928081791862,1.14409823445847e-12,1.2768212873369276e-12,1.6592899125665347e-15
Random620
Raw:2.2666292875964776e-10,5.0754097095807845e-11,9.712084814599829e-14,8.138046724659889e-13,3.9630021778486603e-13,7.191539667047927e-06,0.9999928081791862,1.144098234458466e-12,1.2768212873369185e-12,1.6592899125665229e-15
EFT:2.2666292875964856e-10,5.0754097095807845e-11,9.712084814599865e-14,8.13804672465986e-13,3.9630021778486603e-13,7.191539667047953e-06,0.9999928081791862,1.14409823445847e-12,1.2768212873369276e-12,1.6592899125665347e-15
Random621
Raw:2.2666292875964613e-10,5.0754097095807664e-11,9.712084814599795e-14,8.138046724659831e-13,3.963002177848646e-13,7.191539667047915e-06,0.9999928081791862,1.1440982344584578e-12,1.276821287336923e-12,1.6592899125665229e-15
EFT:2.2666292875964856e-10,5.0754097095807845e-11,9.712084814599865e-14,8.13804672465986e-13,3.9630021778486603e-13,7.191539667047953e-06,0.9999928081791862,1.14409823445847e-12,1.2768212873369276e-12,1.6592899125665347e-15
Random622
Raw:2.2666292875964856e-10,5.07540970958082e-11,9.712084814599934e-14,8.138046724659889e-13,3.963002177848688e-13,7.1915396670479655e-06,0.9999928081791862,1.144098234458478e-12,1.276821287336932e-12,1.6592899125665465e-15
EFT:2.2666292875964856e-10,5.0754097095807845e-11,9.712084814599865e-14,8.13804672465986e-13,3.9630021778486603e-13,7.1915396670479655e-06,0.9999928081791862,1.14409823445847e-12,1.2768212873369276e-12,1.6592899125665347e-15
Random623
Raw:2.2666292875964856e-10,5.075409709580802e-11,9.712084814599865e-14,8.138046724659831e-13,3.9630021778486603e-13,7.1915396670479655e-06,0.9999928081791862,1.144098234458474e-12,1.276821287336932e-12,1.6592899125665465e-15
EFT:2.2666292875964856e-10,5.0754097095807845e-11,9.712084814599865e-14,8.13804672465986e-13,3.9630021778486603e-13,7.1915396670479655e-06,0.9999928081791862,1.14409823445847e-12,1.2768212873369276e-12,1.6592899125665347e-15
Random624
Raw:2.2666292875964936e-10,5.07540970958082e-11,9.712084814599934e-14,8.138046724659889e-13,3.9630021778486744e-13,7.191539667047978e-06,0.9999928081791862,1.144098234458474e-12,1.2768212873369276e-12,1.6592899125665465e-15
EFT:2.2666292875964856e-10,5.0754097095807845e-11,9.712084814599865e-14,8.13804672465986e-13,3.9630021778486603e-13,7.191539667047953e-06,0.9999928081791862,1.14409823445847e-12,1.2768212873369276e-12,1.6592899125665347e-15
Random625
Raw:2.2666292875964776e-10,5.075409709580802e-11,9.712084814599865e-14,8.13804672465986e-13,3.9630021778486744e-13,7.191539667047978e-06,0.9999928081791862,1.14409823445847e-12,1.2768212873369276e-12,1.6592899125665465e-15
EFT:2.2666292875964856e-10,5.0754097095807845e-11,9.712084814599865e-14,8.13804672465986e-13,3.9630021778486603e-13,7.191539667047953e-06,0.9999928081791862,1.14409823445847e-12,1.2768212873369276e-12,1.6592899125665347e-15
Random626
Raw:2.2666292875964613e-10,5.0754097095807664e-11,9.712084814599865e-14,8.138046724659831e-13,3.963002177848618e-13,7.19153966704794e-06,0.9999928081791862,1.144098234458466e-12,1.2768212873369185e-12,1.6592899125665229e-15
EFT:2.2666292875964856e-10,5.0754097095807845e-11,9.712084814599865e-14,8.13804672465986e-13,3.9630021778486603e-13,7.191539667047953e-06,0.9999928081791862,1.14409823445847e-12,1.2768212873369276e-12,1.6592899125665347e-15
Random627
Raw:2.2666292875964936e-10,5.07540970958082e-11,9.712084814599865e-14,8.138046724659918e-13,3.963002177848688e-13,7.1915396670479655e-06,0.9999928081791862,1.14409823445847e-12,1.276821287336932e-12,1.6592899125665465e-15
EFT:2.2666292875964856e-10,5.0754097095807845e-11,9.712084814599865e-14,8.13804672465986e-13,3.9630021778486603e-13,7.191539667047953e-06,0.9999928081791862,1.14409823445847e-12,1.2768212873369276e-12,1.6592899125665347e-15
Random628
Raw:2.2666292875964696e-10,5.0754097095807845e-11,9.712084814599795e-14,8.138046724659831e-13,3.963002177848646e-13,7.1915396670479655e-06,0.9999928081791862,1.144098234458466e-12,1.2768212873369185e-12,1.6592899125665229e-15
EFT:2.2666292875964856e-10,5.0754097095807845e-11,9.712084814599865e-14,8.13804672465986e-13,3.9630021778486603e-13,7.1915396670479655e-06,0.9999928081791862,1.14409823445847e-12,1.2768212873369276e-12,1.6592899125665347e-15
Random629
Raw:2.2666292875964776e-10,5.0754097095807664e-11,9.712084814599795e-14,8.138046724659831e-13,3.963002177848646e-13,7.191539667047927e-06,0.9999928081791862,1.144098234458466e-12,1.2768212873369185e-12,1.6592899125665229e-15
EFT:2.2666292875964856e-10,5.0754097095807845e-11,9.712084814599865e-14,8.13804672465986e-13,3.9630021778486603e-13,7.1915396670479655e-06,0.9999928081791862,1.14409823445847e-12,1.2768212873369276e-12,1.6592899125665347e-15
Random630
Raw:2.2666292875964856e-10,5.0754097095807845e-11,9.712084814599829e-14,8.138046724659889e-13,3.963002177848646e-13,7.191539667047991e-06,0.9999928081791862,1.144098234458466e-12,1.2768212873369276e-12,1.6592899125665347e-15
EFT:2.2666292875964856e-10,5.0754097095807845e-11,9.712084814599865e-14,8.13804672465986e-13,3.9630021778486603e-13,7.191539667047953e-06,0.9999928081791862,1.14409823445847e-12,1.2768212873369276e-12,1.6592899125665347e-15
Random631
Raw:2.2666292875964776e-10,5.075409709580802e-11,9.712084814599934e-14,8.13804672465986e-13,3.963002177848688e-13,7.19153966704794e-06,0.9999928081791862,1.144098234458466e-12,1.276821287336932e-12,1.6592899125665347e-15
EFT:2.2666292875964856e-10,5.0754097095807845e-11,9.712084814599865e-14,8.13804672465986e-13,3.9630021778486603e-13,7.191539667047953e-06,0.9999928081791862,1.14409823445847e-12,1.2768212873369276e-12,1.6592899125665347e-15
Random632
Raw:2.2666292875964856e-10,5.07540970958082e-11,9.712084814599899e-14,8.138046724659889e-13,3.963002177848646e-13,7.191539667048016e-06,0.9999928081791862,1.144098234458474e-12,1.2768212873369365e-12,1.6592899125665347e-15
EFT:2.2666292875964856e-10,5.0754097095807845e-11,9.712084814599865e-14,8.13804672465986e-13,3.9630021778486603e-13,7.1915396670479655e-06,0.9999928081791862,1.14409823445847e-12,1.2768212873369276e-12,1.6592899125665347e-15
Random633
Raw:2.2666292875964776e-10,5.07540970958082e-11,9.712084814599934e-14,8.138046724659889e-13,3.963002177848688e-13,7.1915396670479655e-06,0.9999928081791862,1.144098234458474e-12,1.2768212873369276e-12,1.6592899125665465e-15
EFT:2.2666292875964856e-10,5.0754097095807845e-11,9.712084814599865e-14,8.13804672465986e-13,3.9630021778486603e-13,7.1915396670479655e-06,0.9999928081791862,1.14409823445847e-12,1.2768212873369276e-12,1.6592899125665347e-15
Random634
Raw:2.2666292875964856e-10,5.0754097095807664e-11,9.712084814599795e-14,8.138046724659803e-13,3.963002177848646e-13,7.19153966704794e-06,0.9999928081791862,1.144098234458466e-12,1.2768212873369185e-12,1.6592899125665229e-15
EFT:2.2666292875964856e-10,5.0754097095807845e-11,9.712084814599865e-14,8.13804672465986e-13,3.9630021778486603e-13,7.1915396670479655e-06,0.9999928081791862,1.14409823445847e-12,1.2768212873369276e-12,1.6592899125665347e-15
Random635
Raw:2.2666292875964856e-10,5.07540970958073e-11,9.712084814599727e-14,8.138046724659773e-13,3.9630021778486603e-13,7.191539667047915e-06,0.9999928081791862,1.1440982344584578e-12,1.2768212873369139e-12,1.6592899125665229e-15
EFT:2.2666292875964856e-10,5.0754097095807845e-11,9.712084814599865e-14,8.13804672465986e-13,3.9630021778486603e-13,7.1915396670479655e-06,0.9999928081791862,1.14409823445847e-12,1.2768212873369276e-12,1.6592899125665347e-15
Random636
Raw:2.2666292875964613e-10,5.07540970958073e-11,9.712084814599727e-14,8.138046724659773e-13,3.963002177848618e-13,7.191539667047888e-06,0.9999928081791862,1.1440982344584536e-12,1.2768212873369139e-12,1.659289912566511e-15
EFT:2.2666292875964856e-10,5.0754097095807845e-11,9.712084814599865e-14,8.13804672465986e-13,3.9630021778486603e-13,7.1915396670479655e-06,0.9999928081791862,1.14409823445847e-12,1.2768212873369276e-12,1.6592899125665347e-15
Random637
Raw:2.2666292875964776e-10,5.0754097095807845e-11,9.712084814599934e-14,8.138046724659831e-13,3.9630021778486603e-13,7.1915396670480036e-06,0.9999928081791862,1.14409823445847e-12,1.2768212873369276e-12,1.6592899125665465e-15
EFT:2.2666292875964856e-10,5.0754097095807845e-11,9.712084814599865e-14,8.13804672465986e-13,3.9630021778486603e-13,7.1915396670479655e-06,0.9999928081791862,1.14409823445847e-12,1.2768212873369276e-12,1.6592899125665347e-15
Random638
Raw:2.2666292875964936e-10,5.07540970958082e-11,9.712084814599934e-14,8.138046724659918e-13,3.9630021778486603e-13,7.191539667048029e-06,0.9999928081791862,1.144098234458482e-12,1.2768212873369365e-12,1.6592899125665465e-15
EFT:2.2666292875964856e-10,5.0754097095807845e-11,9.712084814599865e-14,8.13804672465986e-13,3.9630021778486603e-13,7.191539667047953e-06,0.9999928081791862,1.14409823445847e-12,1.2768212873369276e-12,1.6592899125665347e-15
Random639
Raw:2.2666292875964856e-10,5.0754097095807845e-11,9.712084814599899e-14,8.13804672465986e-13,3.9630021778486744e-13,7.191539667047915e-06,0.9999928081791862,1.144098234458466e-12,1.2768212873369276e-12,1.6592899125665347e-15
EFT:2.2666292875964856e-10,5.0754097095807845e-11,9.712084814599865e-14,8.13804672465986e-13,3.9630021778486603e-13,7.191539667047953e-06,0.9999928081791862,1.14409823445847e-12,1.2768212873369276e-12,1.6592899125665347e-15
Random640
Raw:2.2666292875964776e-10,5.0754097095807845e-11,9.712084814599865e-14,8.138046724659831e-13,3.9630021778486744e-13,7.1915396670479655e-06,0.9999928081791862,1.14409823445847e-12,1.276821287336923e-12,1.6592899125665347e-15
EFT:2.2666292875964856e-10,5.0754097095807845e-11,9.712084814599865e-14,8.13804672465986e-13,3.9630021778486603e-13,7.1915396670479655e-06,0.9999928081791862,1.14409823445847e-12,1.2768212873369276e-12,1.6592899125665347e-15
Random641
Raw:2.2666292875964936e-10,5.075409709580802e-11,9.712084814599899e-14,8.138046724659889e-13,3.963002177848702e-13,7.191539667047978e-06,0.9999928081791862,1.144098234458478e-12,1.2768212873369276e-12,1.6592899125665465e-15
EFT:2.2666292875964856e-10,5.0754097095807845e-11,9.712084814599865e-14,8.13804672465986e-13,3.9630021778486603e-13,7.1915396670479655e-06,0.9999928081791862,1.14409823445847e-12,1.2768212873369276e-12,1.6592899125665347e-15
Random642
Raw:2.2666292875964696e-10,5.075409709580802e-11,9.712084814599865e-14,8.13804672465986e-13,3.9630021778486603e-13,7.1915396670479655e-06,0.9999928081791862,1.14409823445847e-12,1.276821287336932e-12,1.6592899125665347e-15
EFT:2.2666292875964856e-10,5.0754097095807845e-11,9.712084814599865e-14,8.13804672465986e-13,3.9630021778486603e-13,7.1915396670479655e-06,0.9999928081791862,1.14409823445847e-12,1.2768212873369276e-12,1.6592899125665347e-15
Random643
Raw:2.2666292875964856e-10,5.0754097095807845e-11,9.712084814599795e-14,8.138046724659831e-13,3.9630021778486744e-13,7.1915396670479655e-06,0.9999928081791862,1.1440982344584619e-12,1.2768212873369185e-12,1.6592899125665347e-15
EFT:2.2666292875964856e-10,5.0754097095807845e-11,9.712084814599865e-14,8.13804672465986e-13,3.9630021778486603e-13,7.1915396670479655e-06,0.9999928081791862,1.14409823445847e-12,1.2768212873369276e-12,1.6592899125665347e-15
Random644
Raw:2.2666292875964776e-10,5.0754097095807845e-11,9.712084814599865e-14,8.13804672465986e-13,3.9630021778486603e-13,7.191539667047991e-06,0.9999928081791862,1.14409823445847e-12,1.276821287336932e-12,1.6592899125665229e-15
EFT:2.2666292875964856e-10,5.075409709580802e-11,9.712084814599865e-14,8.13804672465986e-13,3.9630021778486603e-13,7.191539667047953e-06,0.9999928081791862,1.14409823445847e-12,1.2768212873369276e-12,1.6592899125665347e-15
Random645
Raw:2.2666292875964936e-10,5.07540970958082e-11,9.712084814599934e-14,8.138046724659918e-13,3.963002177848688e-13,7.1915396670479655e-06,0.9999928081791862,1.144098234458478e-12,1.276821287336932e-12,1.6592899125665465e-15
EFT:2.2666292875964856e-10,5.0754097095807845e-11,9.712084814599865e-14,8.13804672465986e-13,3.9630021778486603e-13,7.1915396670479655e-06,0.9999928081791862,1.14409823445847e-12,1.2768212873369276e-12,1.6592899125665347e-15
Random646
Raw:2.2666292875964776e-10,5.0754097095807664e-11,9.712084814599795e-14,8.138046724659773e-13,3.963002177848646e-13,7.191539667047888e-06,0.9999928081791862,1.1440982344584578e-12,1.2768212873369094e-12,1.6592899125665229e-15
EFT:2.2666292875964856e-10,5.0754097095807845e-11,9.712084814599865e-14,8.13804672465986e-13,3.9630021778486603e-13,7.1915396670479655e-06,0.9999928081791862,1.14409823445847e-12,1.2768212873369276e-12,1.6592899125665347e-15
Random647
Raw:2.2666292875964856e-10,5.0754097095807845e-11,9.712084814599865e-14,8.138046724659831e-13,3.9630021778486603e-13,7.191539667047953e-06,0.9999928081791862,1.144098234458466e-12,1.2768212873369276e-12,1.6592899125665347e-15
EFT:2.2666292875964856e-10,5.0754097095807845e-11,9.712084814599865e-14,8.13804672465986e-13,3.9630021778486603e-13,7.1915396670479655e-06,0.9999928081791862,1.14409823445847e-12,1.2768212873369276e-12,1.6592899125665347e-15
Random648
Raw:2.2666292875964856e-10,5.0754097095807845e-11,9.712084814599865e-14,8.138046724659889e-13,3.9630021778486603e-13,7.191539667047953e-06,0.9999928081791862,1.144098234458474e-12,1.276821287336923e-12,1.6592899125665347e-15
EFT:2.2666292875964856e-10,5.0754097095807845e-11,9.712084814599865e-14,8.13804672465986e-13,3.9630021778486603e-13,7.1915396670479655e-06,0.9999928081791862,1.14409823445847e-12,1.2768212873369276e-12,1.6592899125665347e-15
Random649
Raw:2.2666292875964696e-10,5.0754097095807664e-11,9.712084814599865e-14,8.138046724659831e-13,3.963002177848646e-13,7.191539667047953e-06,0.9999928081791862,1.1440982344584619e-12,1.2768212873369276e-12,1.6592899125665229e-15
EFT:2.2666292875964856e-10,5.0754097095807845e-11,9.712084814599865e-14,8.13804672465986e-13,3.9630021778486603e-13,7.1915396670479655e-06,0.9999928081791862,1.14409823445847e-12,1.2768212873369276e-12,1.6592899125665347e-15
Random650
Raw:2.2666292875964776e-10,5.075409709580802e-11,9.712084814599865e-14,8.138046724659831e-13,3.963002177848646e-13,7.191539667047991e-06,0.9999928081791862,1.14409823445847e-12,1.2768212873369276e-12,1.6592899125665347e-15
EFT:2.2666292875964856e-10,5.075409709580802e-11,9.712084814599865e-14,8.13804672465986e-13,3.9630021778486603e-13,7.191539667047953e-06,0.9999928081791862,1.14409823445847e-12,1.2768212873369276e-12,1.6592899125665347e-15
Random651
Raw:2.2666292875964533e-10,5.075409709580748e-11,9.712084814599795e-14,8.138046724659773e-13,3.963002177848618e-13,7.19153966704794e-06,0.9999928081791862,1.1440982344584619e-12,1.2768212873369185e-12,1.6592899125665229e-15
EFT:2.2666292875964856e-10,5.0754097095807845e-11,9.712084814599865e-14,8.13804672465986e-13,3.9630021778486603e-13,7.1915396670479655e-06,0.9999928081791862,1.14409823445847e-12,1.2768212873369276e-12,1.6592899125665347e-15
Random652
Raw:2.2666292875964776e-10,5.075409709580802e-11,9.712084814599899e-14,8.138046724659889e-13,3.9630021778486744e-13,7.191539667048042e-06,0.9999928081791862,1.144098234458474e-12,1.2768212873369365e-12,1.6592899125665465e-15
EFT:2.2666292875964856e-10,5.0754097095807845e-11,9.712084814599865e-14,8.13804672465986e-13,3.9630021778486603e-13,7.191539667047953e-06,0.9999928081791862,1.14409823445847e-12,1.2768212873369276e-12,1.6592899125665347e-15
Random653
Raw:2.2666292875964856e-10,5.075409709580802e-11,9.712084814599865e-14,8.138046724659831e-13,3.963002177848646e-13,7.1915396670479655e-06,0.9999928081791862,1.14409823445847e-12,1.2768212873369276e-12,1.6592899125665229e-15
EFT:2.2666292875964856e-10,5.0754097095807845e-11,9.712084814599865e-14,8.13804672465986e-13,3.9630021778486603e-13,7.191539667047953e-06,0.9999928081791862,1.14409823445847e-12,1.2768212873369276e-12,1.6592899125665347e-15
Random654
Raw:2.2666292875964856e-10,5.075409709580802e-11,9.712084814599934e-14,8.13804672465986e-13,3.963002177848646e-13,7.1915396670480036e-06,0.9999928081791862,1.144098234458474e-12,1.2768212873369365e-12,1.6592899125665347e-15
EFT:2.2666292875964856e-10,5.0754097095807845e-11,9.712084814599865e-14,8.13804672465986e-13,3.9630021778486603e-13,7.1915396670479655e-06,0.9999928081791862,1.14409823445847e-12,1.2768212873369276e-12,1.6592899125665347e-15
Random655
Raw:2.2666292875964936e-10,5.075409709580802e-11,9.712084814599899e-14,8.138046724659918e-13,3.963002177848688e-13,7.191539667047991e-06,0.9999928081791862,1.14409823445847e-12,1.2768212873369276e-12,1.6592899125665465e-15
EFT:2.2666292875964856e-10,5.0754097095807845e-11,9.712084814599865e-14,8.13804672465986e-13,3.9630021778486603e-13,7.1915396670479655e-06,0.9999928081791862,1.14409823445847e-12,1.2768212873369276e-12,1.6592899125665347e-15
Random656
Raw:2.2666292875964696e-10,5.075409709580748e-11,9.712084814599795e-14,8.138046724659803e-13,3.963002177848632e-13,7.191539667047915e-06,0.9999928081791862,1.1440982344584578e-12,1.2768212873369185e-12,1.6592899125665229e-15
EFT:2.2666292875964856e-10,5.0754097095807845e-11,9.712084814599865e-14,8.13804672465986e-13,3.9630021778486603e-13,7.1915396670479655e-06,0.9999928081791862,1.14409823445847e-12,1.2768212873369276e-12,1.6592899125665347e-15
Random657
Raw:2.2666292875964856e-10,5.07540970958082e-11,9.712084814599934e-14,8.138046724659918e-13,3.9630021778486744e-13,7.1915396670479655e-06,0.9999928081791862,1.144098234458474e-12,1.2768212873369276e-12,1.6592899125665347e-15
EFT:2.2666292875964856e-10,5.0754097095807845e-11,9.712084814599865e-14,8.13804672465986e-13,3.9630021778486603e-13,7.1915396670479655e-06,0.9999928081791862,1.14409823445847e-12,1.2768212873369276e-12,1.6592899125665347e-15
Random658
Raw:2.2666292875964936e-10,5.075409709580802e-11,9.712084814599934e-14,8.13804672465986e-13,3.963002177848646e-13,7.191539667047991e-06,0.9999928081791862,1.144098234458474e-12,1.2768212873369365e-12,1.6592899125665465e-15
EFT:2.2666292875964856e-10,5.0754097095807845e-11,9.712084814599865e-14,8.13804672465986e-13,3.9630021778486603e-13,7.191539667047953e-06,0.9999928081791862,1.14409823445847e-12,1.2768212873369276e-12,1.6592899125665347e-15
Random659
Raw:2.2666292875965016e-10,5.075409709580802e-11,9.712084814599865e-14,8.138046724659889e-13,3.963002177848688e-13,7.191539667047953e-06,0.9999928081791862,1.144098234458474e-12,1.2768212873369276e-12,1.6592899125665465e-15
EFT:2.2666292875964856e-10,5.0754097095807845e-11,9.712084814599865e-14,8.13804672465986e-13,3.9630021778486603e-13,7.191539667047953e-06,0.9999928081791862,1.14409823445847e-12,1.2768212873369276e-12,1.6592899125665347e-15
Random660
Raw:2.2666292875964776e-10,5.0754097095807845e-11,9.712084814599865e-14,8.138046724659803e-13,3.963002177848646e-13,7.191539667047915e-06,0.9999928081791862,1.1440982344584619e-12,1.2768212873369276e-12,1.6592899125665347e-15
EFT:2.2666292875964856e-10,5.0754097095807845e-11,9.712084814599865e-14,8.13804672465986e-13,3.9630021778486603e-13,7.1915396670479655e-06,0.9999928081791862,1.14409823445847e-12,1.2768212873369276e-12,1.6592899125665347e-15
Random661
Raw:2.2666292875964696e-10,5.0754097095807845e-11,9.712084814599795e-14,8.138046724659803e-13,3.963002177848632e-13,7.1915396670479655e-06,0.9999928081791862,1.1440982344584619e-12,1.276821287336932e-12,1.6592899125665229e-15
EFT:2.2666292875964856e-10,5.0754097095807845e-11,9.712084814599865e-14,8.13804672465986e-13,3.9630021778486603e-13,7.1915396670479655e-06,0.9999928081791862,1.14409823445847e-12,1.2768212873369276e-12,1.6592899125665347e-15
Random662
Raw:2.2666292875964936e-10,5.0754097095807845e-11,9.712084814599865e-14,8.13804672465986e-13,3.9630021778486603e-13,7.191539667047978e-06,0.9999928081791862,1.14409823445847e-12,1.276821287336923e-12,1.6592899125665347e-15
EFT:2.2666292875964856e-10,5.0754097095807845e-11,9.712084814599865e-14,8.13804672465986e-13,3.9630021778486603e-13,7.1915396670479655e-06,0.9999928081791862,1.14409823445847e-12,1.2768212873369276e-12,1.6592899125665347e-15
Random663
Raw:2.2666292875964936e-10,5.075409709580802e-11,9.712084814599865e-14,8.13804672465986e-13,3.963002177848688e-13,7.1915396670479655e-06,0.9999928081791862,1.144098234458474e-12,1.276821287336932e-12,1.6592899125665465e-15
EFT:2.2666292875964856e-10,5.0754097095807845e-11,9.712084814599865e-14,8.13804672465986e-13,3.9630021778486603e-13,7.191539667047953e-06,0.9999928081791862,1.14409823445847e-12,1.2768212873369276e-12,1.6592899125665347e-15
Random664
Raw:2.2666292875964613e-10,5.075409709580802e-11,9.712084814599795e-14,8.138046724659773e-13,3.963002177848646e-13,7.1915396670479655e-06,0.9999928081791862,1.1440982344584619e-12,1.2768212873369276e-12,1.6592899125665229e-15
EFT:2.2666292875964856e-10,5.0754097095807845e-11,9.712084814599865e-14,8.13804672465986e-13,3.9630021778486603e-13,7.191539667047953e-06,0.9999928081791862,1.14409823445847e-12,1.2768212873369276e-12,1.6592899125665347e-15
Random665
Raw:2.2666292875964856e-10,5.07540970958082e-11,9.712084814599934e-14,8.138046724659889e-13,3.9630021778486744e-13,7.191539667048016e-06,0.9999928081791862,1.144098234458474e-12,1.2768212873369365e-12,1.6592899125665465e-15
EFT:2.2666292875964856e-10,5.0754097095807845e-11,9.712084814599865e-14,8.13804672465986e-13,3.9630021778486603e-13,7.191539667047953e-06,0.9999928081791862,1.14409823445847e-12,1.2768212873369276e-12,1.6592899125665347e-15
Random666
Raw:2.2666292875964776e-10,5.07540970958082e-11,9.712084814599865e-14,8.13804672465986e-13,3.9630021778486744e-13,7.191539667047953e-06,0.9999928081791862,1.144098234458466e-12,1.276821287336923e-12,1.6592899125665229e-15
EFT:2.2666292875964856e-10,5.0754097095807845e-11,9.712084814599865e-14,8.13804672465986e-13,3.9630021778486603e-13,7.1915396670479655e-06,0.9999928081791862,1.14409823445847e-12,1.2768212873369276e-12,1.6592899125665347e-15
Random667
Raw:2.2666292875964936e-10,5.07540970958082e-11,9.712084814599899e-14,8.138046724659889e-13,3.9630021778486603e-13,7.191539667048029e-06,0.9999928081791862,1.144098234458474e-12,1.2768212873369276e-12,1.6592899125665465e-15
EFT:2.2666292875964856e-10,5.075409709580802e-11,9.712084814599865e-14,8.13804672465986e-13,3.9630021778486603e-13,7.191539667047953e-06,0.9999928081791862,1.14409823445847e-12,1.2768212873369276e-12,1.6592899125665347e-15
Random668
Raw:2.2666292875964856e-10,5.0754097095807845e-11,9.712084814599865e-14,8.138046724659889e-13,3.9630021778486744e-13,7.1915396670479655e-06,0.9999928081791862,1.14409823445847e-12,1.276821287336932e-12,1.6592899125665347e-15
EFT:2.2666292875964856e-10,5.0754097095807845e-11,9.712084814599865e-14,8.13804672465986e-13,3.9630021778486603e-13,7.1915396670479655e-06,0.9999928081791862,1.14409823445847e-12,1.2768212873369276e-12,1.6592899125665347e-15
Random669
Raw:2.2666292875964776e-10,5.0754097095807664e-11,9.712084814599795e-14,8.138046724659831e-13,3.9630021778486744e-13,7.1915396670479655e-06,0.9999928081791862,1.144098234458466e-12,1.276821287336923e-12,1.6592899125665347e-15
EFT:2.2666292875964856e-10,5.0754097095807845e-11,9.712084814599865e-14,8.13804672465986e-13,3.9630021778486603e-13,7.191539667047953e-06,0.9999928081791862,1.14409823445847e-12,1.2768212873369276e-12,1.6592899125665347e-15
Random670
Raw:2.2666292875964936e-10,5.075409709580838e-11,9.712084814600002e-14,8.138046724659918e-13,3.963002177848702e-13,7.191539667047978e-06,0.9999928081791862,1.144098234458474e-12,1.2768212873369456e-12,1.6592899125665465e-15
EFT:2.2666292875964856e-10,5.0754097095807845e-11,9.712084814599865e-14,8.13804672465986e-13,3.9630021778486603e-13,7.1915396670479655e-06,0.9999928081791862,1.14409823445847e-12,1.2768212873369276e-12,1.6592899125665347e-15
Random671
Raw:2.2666292875964776e-10,5.07540970958073e-11,9.712084814599727e-14,8.138046724659773e-13,3.963002177848646e-13,7.191539667047927e-06,0.9999928081791862,1.1440982344584578e-12,1.2768212873369185e-12,1.6592899125665229e-15
EFT:2.2666292875964856e-10,5.0754097095807845e-11,9.712084814599865e-14,8.13804672465986e-13,3.9630021778486603e-13,7.191539667047953e-06,0.9999928081791862,1.14409823445847e-12,1.2768212873369276e-12,1.6592899125665347e-15
Random672
Raw:2.2666292875964936e-10,5.07540970958082e-11,9.712084814599934e-14,8.138046724659889e-13,3.9630021778486744e-13,7.19153966704794e-06,0.9999928081791862,1.144098234458474e-12,1.2768212873369276e-12,1.6592899125665465e-15
EFT:2.2666292875964856e-10,5.0754097095807845e-11,9.712084814599865e-14,8.13804672465986e-13,3.9630021778486603e-13,7.1915396670479655e-06,0.9999928081791862,1.14409823445847e-12,1.2768212873369276e-12,1.6592899125665347e-15
Random673
Raw:2.2666292875964696e-10,5.0754097095807664e-11,9.712084814599727e-14,8.138046724659773e-13,3.963002177848618e-13,7.19153966704794e-06,0.9999928081791862,1.1440982344584578e-12,1.2768212873369185e-12,1.6592899125665229e-15
EFT:2.2666292875964856e-10,5.0754097095807845e-11,9.712084814599865e-14,8.13804672465986e-13,3.9630021778486603e-13,7.1915396670479655e-06,0.9999928081791862,1.14409823445847e-12,1.2768212873369276e-12,1.6592899125665347e-15
Random674
Raw:2.2666292875965016e-10,5.07540970958082e-11,9.712084814599968e-14,8.138046724659918e-13,3.963002177848702e-13,7.1915396670480036e-06,0.9999928081791862,1.144098234458482e-12,1.276821287336932e-12,1.6592899125665465e-15
EFT:2.2666292875964856e-10,5.0754097095807845e-11,9.712084814599865e-14,8.13804672465986e-13,3.9630021778486603e-13,7.1915396670479655e-06,0.9999928081791862,1.14409823445847e-12,1.2768212873369276e-12,1.6592899125665347e-15
Random675
Raw:2.2666292875964856e-10,5.0754097095807845e-11,9.712084814599829e-14,8.13804672465986e-13,3.9630021778486603e-13,7.191539667047978e-06,0.9999928081791862,1.144098234458466e-12,1.276821287336923e-12,1.6592899125665347e-15
EFT:2.2666292875964856e-10,5.0754097095807845e-11,9.712084814599865e-14,8.13804672465986e-13,3.9630021778486603e-13,7.1915396670479655e-06,0.9999928081791862,1.14409823445847e-12,1.2768212873369276e-12,1.6592899125665347e-15
Random676
Raw:2.2666292875964856e-10,5.07540970958082e-11,9.712084814599934e-14,8.138046724659889e-13,3.9630021778486603e-13,7.191539667047991e-06,0.9999928081791862,1.144098234458474e-12,1.2768212873369365e-12,1.6592899125665229e-15
EFT:2.2666292875964856e-10,5.0754097095807845e-11,9.712084814599865e-14,8.13804672465986e-13,3.9630021778486603e-13,7.191539667047953e-06,0.9999928081791862,1.14409823445847e-12,1.2768212873369276e-12,1.6592899125665347e-15
Random677
Raw:2.2666292875964776e-10,5.0754097095807845e-11,9.712084814599865e-14,8.138046724659831e-13,3.9630021778486603e-13,7.1915396670479655e-06,0.9999928081791862,1.14409823445847e-12,1.2768212873369276e-12,1.6592899125665347e-15
EFT:2.2666292875964856e-10,5.0754097095807845e-11,9.712084814599865e-14,8.13804672465986e-13,3.9630021778486603e-13,7.1915396670479655e-06,0.9999928081791862,1.14409823445847e-12,1.2768212873369276e-12,1.6592899125665347e-15
Random678
Raw:2.2666292875964856e-10,5.0754097095807845e-11,9.712084814599865e-14,8.138046724659889e-13,3.9630021778486603e-13,7.1915396670479655e-06,0.9999928081791862,1.14409823445847e-12,1.276821287336923e-12,1.6592899125665229e-15
EFT:2.2666292875964856e-10,5.0754097095807845e-11,9.712084814599865e-14,8.13804672465986e-13,3.9630021778486603e-13,7.191539667047953e-06,0.9999928081791862,1.14409823445847e-12,1.2768212873369276e-12,1.6592899125665347e-15
Random679
Raw:2.2666292875964776e-10,5.0754097095807664e-11,9.712084814599829e-14,8.13804672465986e-13,3.9630021778486603e-13,7.191539667047978e-06,0.9999928081791862,1.1440982344584619e-12,1.276821287336923e-12,1.6592899125665347e-15
EFT:2.2666292875964856e-10,5.0754097095807845e-11,9.712084814599865e-14,8.13804672465986e-13,3.9630021778486603e-13,7.1915396670479655e-06,0.9999928081791862,1.14409823445847e-12,1.2768212873369276e-12,1.6592899125665347e-15
Random680
Raw:2.2666292875964856e-10,5.07540970958082e-11,9.712084814599934e-14,8.138046724659889e-13,3.9630021778486744e-13,7.1915396670479655e-06,0.9999928081791862,1.144098234458474e-12,1.2768212873369276e-12,1.6592899125665347e-15
EFT:2.2666292875964856e-10,5.0754097095807845e-11,9.712084814599865e-14,8.13804672465986e-13,3.9630021778486603e-13,7.191539667047953e-06,0.9999928081791862,1.14409823445847e-12,1.2768212873369276e-12,1.6592899125665347e-15
Random681
Raw:2.2666292875964856e-10,5.075409709580802e-11,9.712084814599865e-14,8.138046724659831e-13,3.963002177848646e-13,7.1915396670479655e-06,0.9999928081791862,1.144098234458466e-12,1.2768212873369276e-12,1.6592899125665347e-15
EFT:2.2666292875964856e-10,5.0754097095807845e-11,9.712084814599865e-14,8.13804672465986e-13,3.9630021778486603e-13,7.1915396670479655e-06,0.9999928081791862,1.14409823445847e-12,1.2768212873369276e-12,1.6592899125665347e-15
Random682
Raw:2.2666292875964696e-10,5.0754097095807664e-11,9.712084814599795e-14,8.138046724659803e-13,3.963002177848618e-13,7.19153966704794e-06,0.9999928081791862,1.144098234458466e-12,1.2768212873369094e-12,1.6592899125665229e-15
EFT:2.2666292875964856e-10,5.075409709580802e-11,9.712084814599865e-14,8.13804672465986e-13,3.9630021778486603e-13,7.191539667047953e-06,0.9999928081791862,1.14409823445847e-12,1.2768212873369276e-12,1.6592899125665347e-15
Random683
Raw:2.2666292875964776e-10,5.0754097095807845e-11,9.712084814599865e-14,8.138046724659831e-13,3.963002177848646e-13,7.191539667047978e-06,0.9999928081791862,1.144098234458474e-12,1.276821287336923e-12,1.6592899125665347e-15
EFT:2.2666292875964856e-10,5.0754097095807845e-11,9.712084814599865e-14,8.13804672465986e-13,3.9630021778486603e-13,7.1915396670479655e-06,0.9999928081791862,1.14409823445847e-12,1.2768212873369276e-12,1.6592899125665347e-15
Random684
Raw:2.2666292875964936e-10,5.07540970958082e-11,9.712084814599899e-14,8.138046724659918e-13,3.963002177848646e-13,7.191539667047978e-06,0.9999928081791862,1.144098234458478e-12,1.2768212873369276e-12,1.6592899125665347e-15
EFT:2.2666292875964856e-10,5.0754097095807845e-11,9.712084814599865e-14,8.13804672465986e-13,3.9630021778486603e-13,7.191539667047953e-06,0.9999928081791862,1.14409823445847e-12,1.2768212873369276e-12,1.6592899125665347e-15
Random685
Raw:2.2666292875964776e-10,5.075409709580802e-11,9.712084814599934e-14,8.13804672465986e-13,3.9630021778486744e-13,7.1915396670480036e-06,0.9999928081791862,1.144098234458466e-12,1.276821287336923e-12,1.6592899125665229e-15
EFT:2.2666292875964856e-10,5.0754097095807845e-11,9.712084814599865e-14,8.13804672465986e-13,3.9630021778486603e-13,7.1915396670479655e-06,0.9999928081791862,1.14409823445847e-12,1.2768212873369276e-12,1.6592899125665347e-15
Random686
Raw:2.2666292875964936e-10,5.0754097095807845e-11,9.712084814599899e-14,8.138046724659918e-13,3.9630021778486744e-13,7.1915396670479655e-06,0.9999928081791862,1.144098234458466e-12,1.2768212873369365e-12,1.6592899125665347e-15
EFT:2.2666292875964856e-10,5.0754097095807845e-11,9.712084814599865e-14,8.13804672465986e-13,3.9630021778486603e-13,7.1915396670479655e-06,0.9999928081791862,1.14409823445847e-12,1.2768212873369276e-12,1.6592899125665347e-15
Random687
Raw:2.2666292875964776e-10,5.07540970958082e-11,9.712084814599865e-14,8.138046724659889e-13,3.9630021778486744e-13,7.191539667047978e-06,0.9999928081791862,1.14409823445847e-12,1.2768212873369276e-12,1.6592899125665229e-15
EFT:2.2666292875964856e-10,5.0754097095807845e-11,9.712084814599865e-14,8.13804672465986e-13,3.9630021778486603e-13,7.1915396670479655e-06,0.9999928081791862,1.14409823445847e-12,1.2768212873369276e-12,1.6592899125665347e-15
Random688
Raw:2.2666292875964776e-10,5.0754097095807664e-11,9.712084814599865e-14,8.138046724659831e-13,3.9630021778486744e-13,7.191539667047915e-06,0.9999928081791862,1.1440982344584619e-12,1.2768212873369185e-12,1.6592899125665229e-15
EFT:2.2666292875964856e-10,5.0754097095807845e-11,9.712084814599865e-14,8.13804672465986e-13,3.9630021778486603e-13,7.191539667047953e-06,0.9999928081791862,1.14409823445847e-12,1.2768212873369276e-12,1.6592899125665347e-15
Random689
Raw:2.2666292875964856e-10,5.0754097095807845e-11,9.712084814599865e-14,8.138046724659831e-13,3.9630021778486603e-13,7.191539667047953e-06,0.9999928081791862,1.14409823445847e-12,1.2768212873369185e-12,1.6592899125665347e-15
EFT:2.2666292875964856e-10,5.0754097095807845e-11,9.712084814599865e-14,8.13804672465986e-13,3.9630021778486603e-13,7.1915396670479655e-06,0.9999928081791862,1.14409823445847e-12,1.2768212873369276e-12,1.6592899125665347e-15
Random690
Raw:2.2666292875964856e-10,5.0754097095807845e-11,9.712084814599865e-14,8.13804672465986e-13,3.9630021778486603e-13,7.191539667047991e-06,0.9999928081791862,1.144098234458474e-12,1.276821287336923e-12,1.6592899125665229e-15
EFT:2.2666292875964856e-10,5.0754097095807845e-11,9.712084814599865e-14,8.13804672465986e-13,3.9630021778486603e-13,7.1915396670479655e-06,0.9999928081791862,1.14409823445847e-12,1.2768212873369276e-12,1.6592899125665347e-15
Random691
Raw:2.2666292875964776e-10,5.075409709580838e-11,9.712084814599865e-14,8.138046724659889e-13,3.9630021778486744e-13,7.1915396670480036e-06,0.9999928081791862,1.144098234458474e-12,1.2768212873369185e-12,1.6592899125665347e-15
EFT:2.2666292875964856e-10,5.0754097095807845e-11,9.712084814599865e-14,8.13804672465986e-13,3.9630021778486603e-13,7.1915396670479655e-06,0.9999928081791862,1.14409823445847e-12,1.2768212873369276e-12,1.6592899125665347e-15
Random692
Raw:2.2666292875964856e-10,5.0754097095807845e-11,9.712084814599865e-14,8.138046724659889e-13,3.963002177848632e-13,7.1915396670479655e-06,0.9999928081791862,1.144098234458474e-12,1.2768212873369276e-12,1.6592899125665465e-15
EFT:2.2666292875964856e-10,5.0754097095807845e-11,9.712084814599865e-14,8.13804672465986e-13,3.9630021778486603e-13,7.1915396670479655e-06,0.9999928081791862,1.14409823445847e-12,1.2768212873369276e-12,1.6592899125665347e-15
Random693
Raw:2.2666292875964776e-10,5.075409709580748e-11,9.712084814599829e-14,8.138046724659773e-13,3.963002177848646e-13,7.191539667047927e-06,0.9999928081791862,1.144098234458466e-12,1.2768212873369185e-12,1.6592899125665229e-15
EFT:2.2666292875964856e-10,5.0754097095807845e-11,9.712084814599865e-14,8.13804672465986e-13,3.9630021778486603e-13,7.1915396670479655e-06,0.9999928081791862,1.14409823445847e-12,1.2768212873369276e-12,1.6592899125665347e-15
Random694
Raw:2.2666292875964776e-10,5.0754097095807845e-11,9.712084814599899e-14,8.138046724659831e-13,3.963002177848646e-13,7.1915396670479655e-06,0.9999928081791862,1.14409823445847e-12,1.276821287336932e-12,1.6592899125665347e-15
EFT:2.2666292875964856e-10,5.0754097095807845e-11,9.712084814599865e-14,8.13804672465986e-13,3.9630021778486603e-13,7.191539667047953e-06,0.9999928081791862,1.14409823445847e-12,1.2768212873369276e-12,1.6592899125665347e-15
Random695
Raw:2.2666292875964936e-10,5.07540970958082e-11,9.712084814599934e-14,8.138046724659889e-13,3.963002177848702e-13,7.191539667048029e-06,0.9999928081791862,1.144098234458482e-12,1.2768212873369365e-12,1.6592899125665465e-15
EFT:2.2666292875964856e-10,5.075409709580802e-11,9.712084814599865e-14,8.13804672465986e-13,3.9630021778486603e-13,7.191539667047953e-06,0.9999928081791862,1.14409823445847e-12,1.2768212873369276e-12,1.6592899125665347e-15
Random696
Raw:2.2666292875964856e-10,5.0754097095807845e-11,9.712084814599865e-14,8.138046724659889e-13,3.9630021778486744e-13,7.191539667047953e-06,0.9999928081791862,1.144098234458466e-12,1.2768212873369276e-12,1.6592899125665347e-15
EFT:2.2666292875964856e-10,5.0754097095807845e-11,9.712084814599865e-14,8.13804672465986e-13,3.9630021778486603e-13,7.191539667047953e-06,0.9999928081791862,1.14409823445847e-12,1.2768212873369276e-12,1.6592899125665347e-15
Random697
Raw:2.2666292875964936e-10,5.0754097095807845e-11,9.712084814599865e-14,8.138046724659889e-13,3.9630021778486744e-13,7.1915396670479655e-06,0.9999928081791862,1.14409823445847e-12,1.2768212873369276e-12,1.6592899125665347e-15
EFT:2.2666292875964856e-10,5.0754097095807845e-11,9.712084814599865e-14,8.13804672465986e-13,3.9630021778486603e-13,7.1915396670479655e-06,0.9999928081791862,1.14409823445847e-12,1.2768212873369276e-12,1.6592899125665347e-15
Random698
Raw:2.2666292875964776e-10,5.0754097095807845e-11,9.712084814599865e-14,8.138046724659889e-13,3.9630021778486603e-13,7.191539667047927e-06,0.9999928081791862,1.144098234458466e-12,1.276821287336923e-12,1.6592899125665347e-15
EFT:2.2666292875964856e-10,5.0754097095807845e-11,9.712084814599865e-14,8.13804672465986e-13,3.9630021778486603e-13,7.1915396670479655e-06,0.9999928081791862,1.14409823445847e-12,1.2768212873369276e-12,1.6592899125665347e-15
Random699
Raw:2.2666292875964856e-10,5.075409709580802e-11,9.712084814599865e-14,8.138046724659889e-13,3.963002177848646e-13,7.1915396670479655e-06,0.9999928081791862,1.14409823445847e-12,1.2768212873369185e-12,1.6592899125665229e-15
EFT:2.2666292875964856e-10,5.0754097095807845e-11,9.712084814599865e-14,8.13804672465986e-13,3.9630021778486603e-13,7.191539667047953e-06,0.9999928081791862,1.14409823445847e-12,1.2768212873369276e-12,1.6592899125665347e-15
Random700
Raw:2.2666292875964936e-10,5.07540970958082e-11,9.712084814599934e-14,8.138046724659918e-13,3.9630021778486744e-13,7.1915396670480036e-06,0.9999928081791862,1.144098234458478e-12,1.2768212873369365e-12,1.6592899125665465e-15
EFT:2.2666292875964856e-10,5.0754097095807845e-11,9.712084814599865e-14,8.13804672465986e-13,3.9630021778486603e-13,7.191539667047953e-06,0.9999928081791862,1.14409823445847e-12,1.2768212873369276e-12,1.6592899125665347e-15
Random701
Raw:2.2666292875964936e-10,5.075409709580802e-11,9.712084814599865e-14,8.138046724659889e-13,3.963002177848702e-13,7.191539667048016e-06,0.9999928081791862,1.144098234458474e-12,1.2768212873369276e-12,1.6592899125665465e-15
EFT:2.2666292875964856e-10,5.0754097095807845e-11,9.712084814599865e-14,8.13804672465986e-13,3.9630021778486603e-13,7.191539667047953e-06,0.9999928081791862,1.14409823445847e-12,1.2768212873369276e-12,1.6592899125665347e-15
Random702
Raw:2.2666292875964856e-10,5.0754097095807664e-11,9.712084814599795e-14,8.138046724659831e-13,3.963002177848646e-13,7.191539667047991e-06,0.9999928081791862,1.144098234458466e-12,1.2768212873369185e-12,1.6592899125665347e-15
EFT:2.2666292875964856e-10,5.0754097095807845e-11,9.712084814599865e-14,8.13804672465986e-13,3.9630021778486603e-13,7.1915396670479655e-06,0.9999928081791862,1.14409823445847e-12,1.2768212873369276e-12,1.6592899125665347e-15
Random703
Raw:2.2666292875964856e-10,5.075409709580748e-11,9.712084814599865e-14,8.138046724659803e-13,3.963002177848646e-13,7.191539667047927e-06,0.9999928081791862,1.144098234458466e-12,1.276821287336923e-12,1.6592899125665229e-15
EFT:2.2666292875964856e-10,5.0754097095807845e-11,9.712084814599865e-14,8.13804672465986e-13,3.9630021778486603e-13,7.191539667047953e-06,0.9999928081791862,1.14409823445847e-12,1.2768212873369276e-12,1.6592899125665347e-15
Random704
Raw:2.2666292875964776e-10,5.0754097095807664e-11,9.712084814599795e-14,8.138046724659831e-13,3.9630021778486744e-13,7.19153966704794e-06,0.9999928081791862,1.144098234458466e-12,1.2768212873369139e-12,1.6592899125665347e-15
EFT:2.2666292875964856e-10,5.0754097095807845e-11,9.712084814599865e-14,8.13804672465986e-13,3.9630021778486603e-13,7.1915396670479655e-06,0.9999928081791862,1.14409823445847e-12,1.2768212873369276e-12,1.6592899125665347e-15
Random705
Raw:2.2666292875964936e-10,5.075409709580802e-11,9.712084814599899e-14,8.138046724659889e-13,3.9630021778486744e-13,7.1915396670479655e-06,0.9999928081791862,1.144098234458474e-12,1.2768212873369276e-12,1.6592899125665465e-15
EFT:2.2666292875964856e-10,5.0754097095807845e-11,9.712084814599865e-14,8.13804672465986e-13,3.9630021778486603e-13,7.1915396670479655e-06,0.9999928081791862,1.14409823445847e-12,1.2768212873369276e-12,1.6592899125665347e-15
Random706
Raw:2.2666292875965016e-10,5.07540970958082e-11,9.712084814599934e-14,8.13804672465986e-13,3.963002177848646e-13,7.1915396670479655e-06,0.9999928081791862,1.144098234458478e-12,1.276821287336923e-12,1.6592899125665347e-15
EFT:2.2666292875964856e-10,5.0754097095807845e-11,9.712084814599865e-14,8.13804672465986e-13,3.9630021778486603e-13,7.1915396670479655e-06,0.9999928081791862,1.14409823445847e-12,1.2768212873369276e-12,1.6592899125665347e-15
Random707
Raw:2.2666292875964776e-10,5.0754097095807845e-11,9.712084814599795e-14,8.138046724659831e-13,3.963002177848646e-13,7.19153966704794e-06,0.9999928081791862,1.1440982344584619e-12,1.2768212873369185e-12,1.6592899125665347e-15
EFT:2.2666292875964856e-10,5.0754097095807845e-11,9.712084814599865e-14,8.13804672465986e-13,3.9630021778486603e-13,7.1915396670479655e-06,0.9999928081791862,1.14409823445847e-12,1.2768212873369276e-12,1.6592899125665347e-15
Random708
Raw:2.2666292875964856e-10,5.075409709580802e-11,9.712084814599865e-14,8.13804672465986e-13,3.963002177848646e-13,7.191539667047978e-06,0.9999928081791862,1.14409823445847e-12,1.2768212873369276e-12,1.6592899125665347e-15
EFT:2.2666292875964856e-10,5.0754097095807845e-11,9.712084814599865e-14,8.13804672465986e-13,3.9630021778486603e-13,7.1915396670479655e-06,0.9999928081791862,1.14409823445847e-12,1.2768212873369276e-12,1.6592899125665347e-15
Random709
Raw:2.2666292875965016e-10,5.075409709580874e-11,9.712084814600002e-14,8.138046724660005e-13,3.963002177848702e-13,7.191539667048067e-06,0.9999928081791862,1.1440982344584861e-12,1.2768212873369456e-12,1.6592899125665465e-15
EFT:2.2666292875964856e-10,5.0754097095807845e-11,9.712084814599865e-14,8.13804672465986e-13,3.9630021778486603e-13,7.191539667047953e-06,0.9999928081791862,1.14409823445847e-12,1.2768212873369276e-12,1.6592899125665347e-15
Random710
Raw:2.2666292875965016e-10,5.075409709580802e-11,9.712084814599865e-14,8.138046724659918e-13,3.9630021778486744e-13,7.191539667047953e-06,0.9999928081791862,1.14409823445847e-12,1.2768212873369276e-12,1.6592899125665347e-15
EFT:2.2666292875964856e-10,5.0754097095807845e-11,9.712084814599865e-14,8.13804672465986e-13,3.9630021778486603e-13,7.1915396670479655e-06,0.9999928081791862,1.14409823445847e-12,1.2768212873369276e-12,1.6592899125665347e-15
Random711
Raw:2.2666292875964776e-10,5.0754097095807845e-11,9.712084814599829e-14,8.138046724659831e-13,3.9630021778486603e-13,7.191539667047915e-06,0.9999928081791862,1.144098234458466e-12,1.2768212873369185e-12,1.6592899125665229e-15
EFT:2.2666292875964856e-10,5.0754097095807845e-11,9.712084814599865e-14,8.13804672465986e-13,3.9630021778486603e-13,7.1915396670479655e-06,0.9999928081791862,1.14409823445847e-12,1.2768212873369276e-12,1.6592899125665347e-15
Random712
Raw:2.2666292875964936e-10,5.075409709580802e-11,9.712084814599934e-14,8.138046724659889e-13,3.963002177848688e-13,7.191539667047953e-06,0.9999928081791862,1.144098234458474e-12,1.276821287336932e-12,1.6592899125665347e-15
EFT:2.2666292875964856e-10,5.0754097095807845e-11,9.712084814599865e-14,8.13804672465986e-13,3.9630021778486603e-13,7.191539667047953e-06,0.9999928081791862,1.14409823445847e-12,1.2768212873369276e-12,1.6592899125665347e-15
Random713
Raw:2.2666292875964856e-10,5.0754097095807845e-11,9.712084814599865e-14,8.138046724659889e-13,3.9630021778486603e-13,7.191539667047991e-06,0.9999928081791862,1.144098234458466e-12,1.2768212873369185e-12,1.6592899125665347e-15
EFT:2.2666292875964856e-10,5.0754097095807845e-11,9.712084814599865e-14,8.13804672465986e-13,3.9630021778486603e-13,7.1915396670479655e-06,0.9999928081791862,1.14409823445847e-12,1.2768212873369276e-12,1.6592899125665347e-15
Random714
Raw:2.2666292875964776e-10,5.0754097095807845e-11,9.712084814599865e-14,8.138046724659831e-13,3.963002177848646e-13,7.191539667047927e-06,0.9999928081791862,1.144098234458466e-12,1.276821287336923e-12,1.6592899125665229e-15
EFT:2.2666292875964856e-10,5.0754097095807845e-11,9.712084814599865e-14,8.13804672465986e-13,3.9630021778486603e-13,7.191539667047953e-06,0.9999928081791862,1.14409823445847e-12,1.2768212873369276e-12,1.6592899125665347e-15
Random715
Raw:2.2666292875964936e-10,5.075409709580802e-11,9.712084814599899e-14,8.138046724659918e-13,3.9630021778486603e-13,7.1915396670480036e-06,0.9999928081791862,1.144098234458474e-12,1.2768212873369276e-12,1.6592899125665465e-15
EFT:2.2666292875964856e-10,5.0754097095807845e-11,9.712084814599865e-14,8.13804672465986e-13,3.9630021778486603e-13,7.191539667047953e-06,0.9999928081791862,1.14409823445847e-12,1.2768212873369276e-12,1.6592899125665347e-15
Random716
Raw:2.2666292875964776e-10,5.0754097095807845e-11,9.712084814599934e-14,8.138046724659831e-13,3.963002177848646e-13,7.191539667047953e-06,0.9999928081791862,1.14409823445847e-12,1.2768212873369365e-12,1.6592899125665229e-15
EFT:2.2666292875964856e-10,5.0754097095807845e-11,9.712084814599865e-14,8.13804672465986e-13,3.9630021778486603e-13,7.191539667047953e-06,0.9999928081791862,1.14409823445847e-12,1.2768212873369276e-12,1.6592899125665347e-15
Random717
Raw:2.2666292875964856e-10,5.075409709580802e-11,9.712084814599934e-14,8.13804672465986e-13,3.963002177848646e-13,7.191539667047978e-06,0.9999928081791862,1.144098234458474e-12,1.2768212873369276e-12,1.6592899125665347e-15
EFT:2.2666292875964856e-10,5.0754097095807845e-11,9.712084814599865e-14,8.13804672465986e-13,3.9630021778486603e-13,7.191539667047953e-06,0.9999928081791862,1.14409823445847e-12,1.2768212873369276e-12,1.6592899125665347e-15
Random718
Raw:2.2666292875964776e-10,5.0754097095807845e-11,9.712084814599899e-14,8.138046724659889e-13,3.9630021778486603e-13,7.19153966704794e-06,0.9999928081791862,1.144098234458474e-12,1.2768212873369276e-12,1.6592899125665229e-15
EFT:2.2666292875964856e-10,5.0754097095807845e-11,9.712084814599865e-14,8.13804672465986e-13,3.9630021778486603e-13,7.1915396670479655e-06,0.9999928081791862,1.14409823445847e-12,1.2768212873369276e-12,1.6592899125665347e-15
Random719
Raw:2.2666292875964936e-10,5.0754097095807845e-11,9.712084814599934e-14,8.138046724659889e-13,3.9630021778486744e-13,7.191539667047978e-06,0.9999928081791862,1.144098234458474e-12,1.2768212873369365e-12,1.6592899125665465e-15
EFT:2.2666292875964856e-10,5.0754097095807845e-11,9.712084814599865e-14,8.13804672465986e-13,3.9630021778486603e-13,7.1915396670479655e-06,0.9999928081791862,1.14409823445847e-12,1.2768212873369276e-12,1.6592899125665347e-15
Random720
Raw:2.2666292875964936e-10,5.075409709580802e-11,9.712084814599899e-14,8.138046724659918e-13,3.963002177848688e-13,7.1915396670479655e-06,0.9999928081791862,1.144098234458474e-12,1.276821287336923e-12,1.6592899125665347e-15
EFT:2.2666292875964856e-10,5.0754097095807845e-11,9.712084814599865e-14,8.13804672465986e-13,3.9630021778486603e-13,7.1915396670479655e-06,0.9999928081791862,1.14409823445847e-12,1.2768212873369276e-12,1.6592899125665347e-15
Random721
Raw:2.2666292875964613e-10,5.0754097095807845e-11,9.712084814599795e-14,8.138046724659773e-13,3.9630021778485896e-13,7.191539667047953e-06,0.9999928081791862,1.1440982344584578e-12,1.2768212873369094e-12,1.659289912566511e-15
EFT:2.2666292875964856e-10,5.0754097095807845e-11,9.712084814599865e-14,8.13804672465986e-13,3.9630021778486603e-13,7.1915396670479655e-06,0.9999928081791862,1.14409823445847e-12,1.2768212873369276e-12,1.6592899125665347e-15
Random722
Raw:2.2666292875964696e-10,5.0754097095807664e-11,9.712084814599795e-14,8.138046724659773e-13,3.963002177848646e-13,7.1915396670479655e-06,0.9999928081791862,1.144098234458466e-12,1.2768212873369185e-12,1.6592899125665229e-15
EFT:2.2666292875964856e-10,5.0754097095807845e-11,9.712084814599865e-14,8.13804672465986e-13,3.9630021778486603e-13,7.1915396670479655e-06,0.9999928081791862,1.14409823445847e-12,1.2768212873369276e-12,1.6592899125665347e-15
Random723
Raw:2.2666292875964696e-10,5.0754097095807845e-11,9.712084814599829e-14,8.138046724659831e-13,3.963002177848646e-13,7.191539667047953e-06,0.9999928081791862,1.144098234458466e-12,1.276821287336923e-12,1.6592899125665229e-15
EFT:2.2666292875964856e-10,5.075409709580802e-11,9.712084814599865e-14,8.13804672465986e-13,3.9630021778486603e-13,7.191539667047953e-06,0.9999928081791862,1.14409823445847e-12,1.2768212873369276e-12,1.6592899125665347e-15
Random724
Raw:2.2666292875964856e-10,5.0754097095807845e-11,9.712084814599865e-14,8.138046724659831e-13,3.9630021778486744e-13,7.191539667047953e-06,0.9999928081791862,1.144098234458466e-12,1.276821287336923e-12,1.6592899125665229e-15
EFT:2.2666292875964856e-10,5.0754097095807845e-11,9.712084814599865e-14,8.13804672465986e-13,3.9630021778486603e-13,7.191539667047953e-06,0.9999928081791862,1.14409823445847e-12,1.2768212873369276e-12,1.6592899125665347e-15
Random725
Raw:2.2666292875964856e-10,5.0754097095807845e-11,9.712084814599865e-14,8.13804672465986e-13,3.963002177848646e-13,7.191539667047978e-06,0.9999928081791862,1.144098234458466e-12,1.276821287336932e-12,1.6592899125665347e-15
EFT:2.2666292875964856e-10,5.0754097095807845e-11,9.712084814599865e-14,8.13804672465986e-13,3.9630021778486603e-13,7.1915396670479655e-06,0.9999928081791862,1.14409823445847e-12,1.2768212873369276e-12,1.6592899125665347e-15
Random726
Raw:2.2666292875964856e-10,5.07540970958082e-11,9.712084814599865e-14,8.138046724659889e-13,3.963002177848688e-13,7.191539667048042e-06,0.9999928081791862,1.144098234458474e-12,1.2768212873369276e-12,1.6592899125665347e-15
EFT:2.2666292875964856e-10,5.0754097095807845e-11,9.712084814599865e-14,8.13804672465986e-13,3.9630021778486603e-13,7.191539667047953e-06,0.9999928081791862,1.14409823445847e-12,1.2768212873369276e-12,1.6592899125665347e-15
Random727
Raw:2.2666292875964856e-10,5.075409709580802e-11,9.712084814599865e-14,8.13804672465986e-13,3.963002177848646e-13,7.19153966704794e-06,0.9999928081791862,1.14409823445847e-12,1.2768212873369276e-12,1.6592899125665347e-15
EFT:2.2666292875964856e-10,5.0754097095807845e-11,9.712084814599865e-14,8.13804672465986e-13,3.9630021778486603e-13,7.1915396670479655e-06,0.9999928081791862,1.14409823445847e-12,1.2768212873369276e-12,1.6592899125665347e-15
Random728
Raw:2.2666292875964856e-10,5.0754097095807664e-11,9.712084814599865e-14,8.138046724659831e-13,3.9630021778486744e-13,7.191539667047915e-06,0.9999928081791862,1.1440982344584619e-12,1.2768212873369185e-12,1.6592899125665229e-15
EFT:2.2666292875964856e-10,5.0754097095807845e-11,9.712084814599865e-14,8.13804672465986e-13,3.9630021778486603e-13,7.191539667047953e-06,0.9999928081791862,1.14409823445847e-12,1.2768212873369276e-12,1.6592899125665347e-15
Random729
Raw:2.2666292875964856e-10,5.0754097095807845e-11,9.712084814599865e-14,8.138046724659831e-13,3.9630021778486603e-13,7.1915396670479655e-06,0.9999928081791862,1.144098234458466e-12,1.2768212873369276e-12,1.6592899125665465e-15
EFT:2.2666292875964856e-10,5.0754097095807845e-11,9.712084814599865e-14,8.13804672465986e-13,3.9630021778486603e-13,7.1915396670479655e-06,0.9999928081791862,1.14409823445847e-12,1.2768212873369276e-12,1.6592899125665347e-15
Random730
Raw:2.2666292875964776e-10,5.0754097095807845e-11,9.712084814599934e-14,8.138046724659831e-13,3.963002177848632e-13,7.1915396670479655e-06,0.9999928081791862,1.144098234458466e-12,1.2768212873369276e-12,1.6592899125665229e-15
EFT:2.2666292875964856e-10,5.0754097095807845e-11,9.712084814599865e-14,8.13804672465986e-13,3.9630021778486603e-13,7.191539667047953e-06,0.9999928081791862,1.14409823445847e-12,1.2768212873369276e-12,1.6592899125665347e-15
Random731
Raw:2.2666292875964856e-10,5.0754097095807845e-11,9.712084814599865e-14,8.13804672465986e-13,3.9630021778486603e-13,7.191539667047953e-06,0.9999928081791862,1.144098234458474e-12,1.276821287336923e-12,1.6592899125665229e-15
EFT:2.2666292875964856e-10,5.0754097095807845e-11,9.712084814599865e-14,8.13804672465986e-13,3.9630021778486603e-13,7.191539667047953e-06,0.9999928081791862,1.14409823445847e-12,1.2768212873369276e-12,1.6592899125665347e-15
Random732
Raw:2.2666292875964776e-10,5.075409709580838e-11,9.712084814599934e-14,8.138046724659918e-13,3.9630021778486744e-13,7.191539667048042e-06,0.9999928081791862,1.144098234458482e-12,1.2768212873369365e-12,1.6592899125665465e-15
EFT:2.2666292875964856e-10,5.0754097095807845e-11,9.712084814599865e-14,8.13804672465986e-13,3.9630021778486603e-13,7.191539667047953e-06,0.9999928081791862,1.14409823445847e-12,1.2768212873369276e-12,1.6592899125665347e-15
Random733
Raw:2.2666292875964776e-10,5.0754097095807664e-11,9.712084814599829e-14,8.138046724659831e-13,3.963002177848646e-13,7.19153966704794e-06,0.9999928081791862,1.144098234458466e-12,1.2768212873369185e-12,1.6592899125665229e-15
EFT:2.2666292875964856e-10,5.0754097095807845e-11,9.712084814599865e-14,8.13804672465986e-13,3.9630021778486603e-13,7.1915396670479655e-06,0.9999928081791862,1.14409823445847e-12,1.2768212873369276e-12,1.6592899125665347e-15
Random734
Raw:2.2666292875964856e-10,5.07540970958082e-11,9.712084814599934e-14,8.138046724659889e-13,3.9630021778486603e-13,7.191539667047991e-06,0.9999928081791862,1.144098234458474e-12,1.2768212873369276e-12,1.6592899125665347e-15
EFT:2.2666292875964856e-10,5.0754097095807845e-11,9.712084814599865e-14,8.13804672465986e-13,3.9630021778486603e-13,7.1915396670479655e-06,0.9999928081791862,1.14409823445847e-12,1.2768212873369276e-12,1.6592899125665347e-15
Random735
Raw:2.2666292875964776e-10,5.075409709580802e-11,9.712084814599899e-14,8.13804672465986e-13,3.963002177848646e-13,7.191539667047927e-06,0.9999928081791862,1.14409823445847e-12,1.2768212873369276e-12,1.6592899125665347e-15
EFT:2.2666292875964856e-10,5.0754097095807845e-11,9.712084814599865e-14,8.13804672465986e-13,3.9630021778486603e-13,7.1915396670479655e-06,0.9999928081791862,1.14409823445847e-12,1.2768212873369276e-12,1.6592899125665347e-15
Random736
Raw:2.2666292875964696e-10,5.0754097095807845e-11,9.712084814599865e-14,8.138046724659831e-13,3.9630021778486603e-13,7.191539667047953e-06,0.9999928081791862,1.144098234458466e-12,1.2768212873369276e-12,1.6592899125665347e-15
EFT:2.2666292875964856e-10,5.0754097095807845e-11,9.712084814599865e-14,8.13804672465986e-13,3.9630021778486603e-13,7.191539667047953e-06,0.9999928081791862,1.14409823445847e-12,1.2768212873369276e-12,1.6592899125665347e-15
Random737
Raw:2.2666292875964856e-10,5.075409709580802e-11,9.712084814599865e-14,8.13804672465986e-13,3.9630021778486603e-13,7.1915396670479655e-06,0.9999928081791862,1.144098234458474e-12,1.2768212873369276e-12,1.6592899125665465e-15
EFT:2.2666292875964856e-10,5.0754097095807845e-11,9.712084814599865e-14,8.13804672465986e-13,3.9630021778486603e-13,7.1915396670479655e-06,0.9999928081791862,1.14409823445847e-12,1.2768212873369276e-12,1.6592899125665347e-15
Random738
Raw:2.2666292875964936e-10,5.0754097095807845e-11,9.712084814599829e-14,8.138046724659831e-13,3.963002177848646e-13,7.191539667047978e-06,0.9999928081791862,1.14409823445847e-12,1.276821287336923e-12,1.6592899125665347e-15
EFT:2.2666292875964856e-10,5.0754097095807845e-11,9.712084814599865e-14,8.13804672465986e-13,3.9630021778486603e-13,7.191539667047953e-06,0.9999928081791862,1.14409823445847e-12,1.2768212873369276e-12,1.6592899125665347e-15
Random739
Raw:2.2666292875964856e-10,5.0754097095807664e-11,9.712084814599795e-14,8.138046724659831e-13,3.963002177848646e-13,7.191539667047953e-06,0.9999928081791862,1.144098234458466e-12,1.2768212873369185e-12,1.6592899125665347e-15
EFT:2.2666292875964856e-10,5.0754097095807845e-11,9.712084814599865e-14,8.13804672465986e-13,3.9630021778486603e-13,7.1915396670479655e-06,0.9999928081791862,1.14409823445847e-12,1.2768212873369276e-12,1.6592899125665347e-15
Random740
Raw:2.2666292875964856e-10,5.075409709580802e-11,9.712084814599899e-14,8.138046724659889e-13,3.963002177848688e-13,7.1915396670480036e-06,0.9999928081791862,1.144098234458474e-12,1.276821287336932e-12,1.6592899125665465e-15
EFT:2.2666292875964856e-10,5.0754097095807845e-11,9.712084814599865e-14,8.13804672465986e-13,3.9630021778486603e-13,7.1915396670479655e-06,0.9999928081791862,1.14409823445847e-12,1.2768212873369276e-12,1.6592899125665347e-15
Random741
Raw:2.2666292875964856e-10,5.075409709580802e-11,9.712084814599865e-14,8.138046724659918e-13,3.9630021778486603e-13,7.191539667047953e-06,0.9999928081791862,1.144098234458474e-12,1.276821287336923e-12,1.6592899125665347e-15
EFT:2.2666292875964856e-10,5.0754097095807845e-11,9.712084814599865e-14,8.13804672465986e-13,3.9630021778486603e-13,7.191539667047953e-06,0.9999928081791862,1.14409823445847e-12,1.2768212873369276e-12,1.6592899125665347e-15
Random742
Raw:2.2666292875965016e-10,5.075409709580856e-11,9.712084814599968e-14,8.138046724659947e-13,3.9630021778487163e-13,7.1915396670480036e-06,0.9999928081791862,1.144098234458482e-12,1.2768212873369365e-12,1.6592899125665465e-15
EFT:2.2666292875964856e-10,5.0754097095807845e-11,9.712084814599865e-14,8.13804672465986e-13,3.9630021778486603e-13,7.1915396670479655e-06,0.9999928081791862,1.14409823445847e-12,1.2768212873369276e-12,1.6592899125665347e-15
Random743
Raw:2.2666292875964696e-10,5.075409709580748e-11,9.712084814599761e-14,8.138046724659773e-13,3.963002177848632e-13,7.191539667047915e-06,0.9999928081791862,1.1440982344584619e-12,1.2768212873369185e-12,1.6592899125665229e-15
EFT:2.2666292875964856e-10,5.0754097095807845e-11,9.712084814599865e-14,8.13804672465986e-13,3.9630021778486603e-13,7.191539667047953e-06,0.9999928081791862,1.14409823445847e-12,1.2768212873369276e-12,1.6592899125665347e-15
Random744
Raw:2.2666292875964776e-10,5.0754097095807845e-11,9.712084814599865e-14,8.138046724659831e-13,3.963002177848646e-13,7.191539667047915e-06,0.9999928081791862,1.1440982344584619e-12,1.2768212873369185e-12,1.6592899125665229e-15
EFT:2.2666292875964856e-10,5.0754097095807845e-11,9.712084814599865e-14,8.13804672465986e-13,3.9630021778486603e-13,7.1915396670479655e-06,0.9999928081791862,1.14409823445847e-12,1.2768212873369276e-12,1.6592899125665347e-15
Random745
Raw:2.2666292875965016e-10,5.075409709580802e-11,9.712084814599934e-14,8.138046724659889e-13,3.9630021778486744e-13,7.1915396670480036e-06,0.9999928081791862,1.144098234458478e-12,1.2768212873369276e-12,1.6592899125665465e-15
EFT:2.2666292875964856e-10,5.0754097095807845e-11,9.712084814599865e-14,8.13804672465986e-13,3.9630021778486603e-13,7.1915396670479655e-06,0.9999928081791862,1.14409823445847e-12,1.2768212873369276e-12,1.6592899125665347e-15
Random746
Raw:2.2666292875964776e-10,5.0754097095807845e-11,9.712084814599865e-14,8.13804672465986e-13,3.963002177848646e-13,7.1915396670479655e-06,0.9999928081791862,1.144098234458466e-12,1.2768212873369276e-12,1.6592899125665347e-15
EFT:2.2666292875964856e-10,5.0754097095807845e-11,9.712084814599865e-14,8.13804672465986e-13,3.9630021778486603e-13,7.1915396670479655e-06,0.9999928081791862,1.14409823445847e-12,1.2768212873369276e-12,1.6592899125665347e-15
Random747
Raw:2.2666292875964533e-10,5.0754097095807664e-11,9.712084814599795e-14,8.138046724659831e-13,3.963002177848646e-13,7.191539667047953e-06,0.9999928081791862,1.144098234458466e-12,1.2768212873369185e-12,1.6592899125665229e-15
EFT:2.2666292875964856e-10,5.0754097095807845e-11,9.712084814599865e-14,8.13804672465986e-13,3.9630021778486603e-13,7.1915396670479655e-06,0.9999928081791862,1.14409823445847e-12,1.2768212873369276e-12,1.6592899125665347e-15
Random748
Raw:2.2666292875964696e-10,5.075409709580802e-11,9.712084814599829e-14,8.138046724659831e-13,3.9630021778486744e-13,7.1915396670480036e-06,0.9999928081791862,1.14409823445847e-12,1.2768212873369276e-12,1.6592899125665229e-15
EFT:2.2666292875964856e-10,5.0754097095807845e-11,9.712084814599865e-14,8.13804672465986e-13,3.9630021778486603e-13,7.1915396670479655e-06,0.9999928081791862,1.14409823445847e-12,1.2768212873369276e-12,1.6592899125665347e-15
Random749
Raw:2.2666292875964776e-10,5.0754097095807664e-11,9.712084814599865e-14,8.13804672465986e-13,3.963002177848646e-13,7.1915396670479655e-06,0.9999928081791862,1.144098234458466e-12,1.2768212873369276e-12,1.6592899125665347e-15
EFT:2.2666292875964856e-10,5.0754097095807845e-11,9.712084814599865e-14,8.13804672465986e-13,3.9630021778486603e-13,7.191539667047953e-06,0.9999928081791862,1.14409823445847e-12,1.2768212873369276e-12,1.6592899125665347e-15
Random750
Raw:2.2666292875964776e-10,5.0754097095807845e-11,9.712084814599865e-14,8.138046724659831e-13,3.963002177848646e-13,7.19153966704794e-06,0.9999928081791862,1.144098234458466e-12,1.2768212873369185e-12,1.6592899125665229e-15
EFT:2.2666292875964856e-10,5.0754097095807845e-11,9.712084814599865e-14,8.13804672465986e-13,3.9630021778486603e-13,7.1915396670479655e-06,0.9999928081791862,1.14409823445847e-12,1.2768212873369276e-12,1.6592899125665347e-15
Random751
Raw:2.2666292875964776e-10,5.0754097095807845e-11,9.712084814599865e-14,8.138046724659889e-13,3.9630021778486744e-13,7.1915396670479655e-06,0.9999928081791862,1.144098234458474e-12,1.2768212873369276e-12,1.6592899125665347e-15
EFT:2.2666292875964856e-10,5.0754097095807845e-11,9.712084814599865e-14,8.13804672465986e-13,3.9630021778486603e-13,7.191539667047953e-06,0.9999928081791862,1.14409823445847e-12,1.2768212873369276e-12,1.6592899125665347e-15
Random752
Raw:2.2666292875965016e-10,5.075409709580802e-11,9.712084814599934e-14,8.138046724659889e-13,3.963002177848688e-13,7.1915396670479655e-06,0.9999928081791862,1.144098234458474e-12,1.2768212873369276e-12,1.6592899125665465e-15
EFT:2.2666292875964856e-10,5.0754097095807845e-11,9.712084814599865e-14,8.13804672465986e-13,3.9630021778486603e-13,7.1915396670479655e-06,0.9999928081791862,1.14409823445847e-12,1.2768212873369276e-12,1.6592899125665347e-15
Random753
Raw:2.2666292875964856e-10,5.0754097095807845e-11,9.712084814599865e-14,8.13804672465986e-13,3.963002177848688e-13,7.1915396670479655e-06,0.9999928081791862,1.144098234458466e-12,1.276821287336923e-12,1.6592899125665347e-15
EFT:2.2666292875964856e-10,5.0754097095807845e-11,9.712084814599865e-14,8.13804672465986e-13,3.9630021778486603e-13,7.1915396670479655e-06,0.9999928081791862,1.14409823445847e-12,1.2768212873369276e-12,1.6592899125665347e-15
Random754
Raw:2.2666292875964776e-10,5.07540970958082e-11,9.712084814599865e-14,8.138046724659803e-13,3.963002177848646e-13,7.19153966704794e-06,0.9999928081791862,1.14409823445847e-12,1.2768212873369185e-12,1.6592899125665347e-15
EFT:2.2666292875964856e-10,5.0754097095807845e-11,9.712084814599865e-14,8.13804672465986e-13,3.9630021778486603e-13,7.191539667047953e-06,0.9999928081791862,1.14409823445847e-12,1.2768212873369276e-12,1.6592899125665347e-15
Random755
Raw:2.2666292875964856e-10,5.075409709580874e-11,9.712084814599934e-14,8.138046724659976e-13,3.9630021778486603e-13,7.1915396670480036e-06,0.9999928081791862,1.144098234458482e-12,1.2768212873369365e-12,1.6592899125665347e-15
EFT:2.2666292875964856e-10,5.0754097095807845e-11,9.712084814599865e-14,8.13804672465986e-13,3.9630021778486603e-13,7.1915396670479655e-06,0.9999928081791862,1.14409823445847e-12,1.2768212873369276e-12,1.6592899125665347e-15
Random756
Raw:2.2666292875964856e-10,5.075409709580838e-11,9.712084814599934e-14,8.138046724659918e-13,3.963002177848702e-13,7.191539667048067e-06,0.9999928081791862,1.144098234458474e-12,1.2768212873369412e-12,1.6592899125665465e-15
EFT:2.2666292875964856e-10,5.0754097095807845e-11,9.712084814599865e-14,8.13804672465986e-13,3.9630021778486603e-13,7.191539667047953e-06,0.9999928081791862,1.14409823445847e-12,1.2768212873369276e-12,1.6592899125665347e-15
Random757
Raw:2.2666292875964856e-10,5.0754097095807664e-11,9.712084814599865e-14,8.13804672465986e-13,3.9630021778486744e-13,7.191539667047978e-06,0.9999928081791862,1.144098234458466e-12,1.276821287336932e-12,1.6592899125665347e-15
EFT:2.2666292875964856e-10,5.0754097095807845e-11,9.712084814599865e-14,8.13804672465986e-13,3.9630021778486603e-13,7.1915396670479655e-06,0.9999928081791862,1.14409823445847e-12,1.2768212873369276e-12,1.6592899125665347e-15
Random758
Raw:2.2666292875964856e-10,5.0754097095807845e-11,9.712084814599865e-14,8.13804672465986e-13,3.9630021778486603e-13,7.1915396670479655e-06,0.9999928081791862,1.14409823445847e-12,1.2768212873369276e-12,1.6592899125665347e-15
EFT:2.2666292875964856e-10,5.0754097095807845e-11,9.712084814599865e-14,8.13804672465986e-13,3.9630021778486603e-13,7.191539667047953e-06,0.9999928081791862,1.14409823445847e-12,1.2768212873369276e-12,1.6592899125665347e-15
Random759
Raw:2.2666292875964936e-10,5.075409709580802e-11,9.712084814599934e-14,8.138046724659947e-13,3.9630021778486744e-13,7.191539667047953e-06,0.9999928081791862,1.14409823445847e-12,1.276821287336932e-12,1.6592899125665347e-15
EFT:2.2666292875964856e-10,5.0754097095807845e-11,9.712084814599865e-14,8.13804672465986e-13,3.9630021778486603e-13,7.1915396670479655e-06,0.9999928081791862,1.14409823445847e-12,1.2768212873369276e-12,1.6592899125665347e-15
Random760
Raw:2.2666292875964776e-10,5.075409709580802e-11,9.712084814599899e-14,8.138046724659831e-13,3.963002177848646e-13,7.191539667047953e-06,0.9999928081791862,1.144098234458466e-12,1.2768212873369276e-12,1.6592899125665347e-15
EFT:2.2666292875964856e-10,5.075409709580802e-11,9.712084814599865e-14,8.13804672465986e-13,3.9630021778486603e-13,7.191539667047953e-06,0.9999928081791862,1.14409823445847e-12,1.2768212873369276e-12,1.6592899125665347e-15
Random761
Raw:2.2666292875964613e-10,5.075409709580748e-11,9.712084814599658e-14,8.138046724659745e-13,3.963002177848604e-13,7.191539667047927e-06,0.9999928081791862,1.1440982344584578e-12,1.2768212873369094e-12,1.6592899125665229e-15
EFT:2.2666292875964856e-10,5.0754097095807845e-11,9.712084814599865e-14,8.13804672465986e-13,3.9630021778486603e-13,7.191539667047953e-06,0.9999928081791862,1.14409823445847e-12,1.2768212873369276e-12,1.6592899125665347e-15
Random762
Raw:2.2666292875964776e-10,5.075409709580802e-11,9.712084814599865e-14,8.13804672465986e-13,3.963002177848646e-13,7.191539667047978e-06,0.9999928081791862,1.14409823445847e-12,1.2768212873369276e-12,1.6592899125665347e-15
EFT:2.2666292875964856e-10,5.0754097095807845e-11,9.712084814599865e-14,8.13804672465986e-13,3.9630021778486603e-13,7.191539667047953e-06,0.9999928081791862,1.14409823445847e-12,1.2768212873369276e-12,1.6592899125665347e-15
Random763
Raw:2.2666292875965016e-10,5.07540970958082e-11,9.712084814600002e-14,8.138046724659947e-13,3.963002177848688e-13,7.191539667047991e-06,0.9999928081791862,1.144098234458474e-12,1.2768212873369365e-12,1.6592899125665347e-15
EFT:2.2666292875964856e-10,5.0754097095807845e-11,9.712084814599865e-14,8.13804672465986e-13,3.9630021778486603e-13,7.1915396670479655e-06,0.9999928081791862,1.14409823445847e-12,1.2768212873369276e-12,1.6592899125665347e-15
Random764
Raw:2.2666292875964696e-10,5.075409709580802e-11,9.712084814599865e-14,8.138046724659831e-13,3.9630021778486603e-13,7.1915396670479655e-06,0.9999928081791862,1.14409823445847e-12,1.2768212873369276e-12,1.6592899125665229e-15
EFT:2.2666292875964856e-10,5.0754097095807845e-11,9.712084814599865e-14,8.13804672465986e-13,3.9630021778486603e-13,7.1915396670479655e-06,0.9999928081791862,1.14409823445847e-12,1.2768212873369276e-12,1.6592899125665347e-15
Random765
Raw:2.2666292875964776e-10,5.0754097095807845e-11,9.712084814599865e-14,8.138046724659803e-13,3.963002177848632e-13,7.1915396670479655e-06,0.9999928081791862,1.144098234458466e-12,1.276821287336923e-12,1.6592899125665229e-15
EFT:2.2666292875964856e-10,5.0754097095807845e-11,9.712084814599865e-14,8.13804672465986e-13,3.9630021778486603e-13,7.191539667047953e-06,0.9999928081791862,1.14409823445847e-12,1.2768212873369276e-12,1.6592899125665347e-15
Random766
Raw:2.2666292875964856e-10,5.0754097095807664e-11,9.712084814599865e-14,8.138046724659831e-13,3.963002177848646e-13,7.191539667047978e-06,0.9999928081791862,1.144098234458474e-12,1.2768212873369276e-12,1.6592899125665347e-15
EFT:2.2666292875964856e-10,5.0754097095807845e-11,9.712084814599865e-14,8.13804672465986e-13,3.9630021778486603e-13,7.1915396670479655e-06,0.9999928081791862,1.14409823445847e-12,1.2768212873369276e-12,1.6592899125665347e-15
Random767
Raw:2.2666292875964856e-10,5.0754097095807664e-11,9.712084814599865e-14,8.138046724659831e-13,3.963002177848632e-13,7.1915396670480036e-06,0.9999928081791862,1.144098234458466e-12,1.2768212873369276e-12,1.6592899125665347e-15
EFT:2.2666292875964856e-10,5.0754097095807845e-11,9.712084814599865e-14,8.13804672465986e-13,3.9630021778486603e-13,7.191539667047953e-06,0.9999928081791862,1.14409823445847e-12,1.2768212873369276e-12,1.6592899125665347e-15
Random768
Raw:2.2666292875964696e-10,5.075409709580802e-11,9.712084814599795e-14,8.138046724659773e-13,3.963002177848646e-13,7.191539667047978e-06,0.9999928081791862,1.1440982344584578e-12,1.2768212873369185e-12,1.6592899125665347e-15
EFT:2.2666292875964856e-10,5.0754097095807845e-11,9.712084814599865e-14,8.13804672465986e-13,3.9630021778486603e-13,7.1915396670479655e-06,0.9999928081791862,1.14409823445847e-12,1.2768212873369276e-12,1.6592899125665347e-15
Random769
Raw:2.2666292875964776e-10,5.075409709580748e-11,9.712084814599727e-14,8.138046724659831e-13,3.963002177848646e-13,7.1915396670479655e-06,0.9999928081791862,1.144098234458466e-12,1.2768212873369139e-12,1.6592899125665229e-15
EFT:2.2666292875964856e-10,5.0754097095807845e-11,9.712084814599865e-14,8.13804672465986e-13,3.9630021778486603e-13,7.1915396670479655e-06,0.9999928081791862,1.14409823445847e-12,1.2768212873369276e-12,1.6592899125665347e-15
Random770
Raw:2.2666292875964613e-10,5.075409709580748e-11,9.712084814599795e-14,8.138046724659803e-13,3.963002177848646e-13,7.191539667047915e-06,0.9999928081791862,1.1440982344584578e-12,1.2768212873369185e-12,1.6592899125665229e-15
EFT:2.2666292875964856e-10,5.0754097095807845e-11,9.712084814599865e-14,8.13804672465986e-13,3.9630021778486603e-13,7.191539667047953e-06,0.9999928081791862,1.14409823445847e-12,1.2768212873369276e-12,1.6592899125665347e-15
Random771
Raw:2.2666292875964776e-10,5.0754097095807845e-11,9.712084814599865e-14,8.138046724659773e-13,3.963002177848646e-13,7.19153966704794e-06,0.9999928081791862,1.144098234458466e-12,1.276821287336923e-12,1.6592899125665229e-15
EFT:2.2666292875964856e-10,5.0754097095807845e-11,9.712084814599865e-14,8.13804672465986e-13,3.9630021778486603e-13,7.1915396670479655e-06,0.9999928081791862,1.14409823445847e-12,1.2768212873369276e-12,1.6592899125665347e-15
Random772
Raw:2.2666292875964856e-10,5.0754097095807845e-11,9.712084814599934e-14,8.138046724659889e-13,3.9630021778486744e-13,7.191539667047978e-06,0.9999928081791862,1.144098234458474e-12,1.2768212873369276e-12,1.6592899125665465e-15
EFT:2.2666292875964856e-10,5.0754097095807845e-11,9.712084814599865e-14,8.13804672465986e-13,3.9630021778486603e-13,7.1915396670479655e-06,0.9999928081791862,1.14409823445847e-12,1.2768212873369276e-12,1.6592899125665347e-15
Random773
Raw:2.2666292875964856e-10,5.07540970958082e-11,9.712084814599899e-14,8.138046724659889e-13,3.9630021778486744e-13,7.1915396670479655e-06,0.9999928081791862,1.144098234458466e-12,1.2768212873369365e-12,1.6592899125665465e-15
EFT:2.2666292875964856e-10,5.0754097095807845e-11,9.712084814599865e-14,8.13804672465986e-13,3.9630021778486603e-13,7.1915396670479655e-06,0.9999928081791862,1.14409823445847e-12,1.2768212873369276e-12,1.6592899125665347e-15
Random774
Raw:2.2666292875964613e-10,5.0754097095807845e-11,9.712084814599795e-14,8.138046724659831e-13,3.9630021778486603e-13,7.191539667047953e-06,0.9999928081791862,1.144098234458466e-12,1.276821287336923e-12,1.6592899125665347e-15
EFT:2.2666292875964856e-10,5.0754097095807845e-11,9.712084814599865e-14,8.13804672465986e-13,3.9630021778486603e-13,7.191539667047953e-06,0.9999928081791862,1.14409823445847e-12,1.2768212873369276e-12,1.6592899125665347e-15
Random775
Raw:2.2666292875964696e-10,5.075409709580802e-11,9.712084814599865e-14,8.138046724659831e-13,3.963002177848646e-13,7.191539667047991e-06,0.9999928081791862,1.14409823445847e-12,1.2768212873369276e-12,1.6592899125665347e-15
EFT:2.2666292875964856e-10,5.0754097095807845e-11,9.712084814599865e-14,8.13804672465986e-13,3.9630021778486603e-13,7.1915396670479655e-06,0.9999928081791862,1.14409823445847e-12,1.2768212873369276e-12,1.6592899125665347e-15
Random776
Raw:2.2666292875964856e-10,5.075409709580802e-11,9.712084814599934e-14,8.138046724659889e-13,3.963002177848702e-13,7.191539667047991e-06,0.9999928081791862,1.144098234458474e-12,1.276821287336932e-12,1.6592899125665465e-15
EFT:2.2666292875964856e-10,5.0754097095807845e-11,9.712084814599865e-14,8.13804672465986e-13,3.9630021778486603e-13,7.1915396670479655e-06,0.9999928081791862,1.14409823445847e-12,1.2768212873369276e-12,1.6592899125665347e-15
Random777
Raw:2.2666292875964856e-10,5.075409709580802e-11,9.712084814599865e-14,8.138046724659889e-13,3.963002177848702e-13,7.191539667047991e-06,0.9999928081791862,1.144098234458474e-12,1.2768212873369276e-12,1.6592899125665347e-15
EFT:2.2666292875964856e-10,5.0754097095807845e-11,9.712084814599865e-14,8.13804672465986e-13,3.9630021778486603e-13,7.1915396670479655e-06,0.9999928081791862,1.14409823445847e-12,1.2768212873369276e-12,1.6592899125665347e-15
Random778
Raw:2.2666292875964856e-10,5.0754097095807845e-11,9.712084814599934e-14,8.138046724659889e-13,3.963002177848688e-13,7.191539667047953e-06,0.9999928081791862,1.144098234458474e-12,1.2768212873369276e-12,1.6592899125665347e-15
EFT:2.2666292875964856e-10,5.0754097095807845e-11,9.712084814599865e-14,8.13804672465986e-13,3.9630021778486603e-13,7.191539667047953e-06,0.9999928081791862,1.14409823445847e-12,1.2768212873369276e-12,1.6592899125665347e-15
Random779
Raw:2.2666292875964776e-10,5.07540970958082e-11,9.712084814599865e-14,8.138046724659831e-13,3.9630021778486603e-13,7.1915396670480036e-06,0.9999928081791862,1.14409823445847e-12,1.2768212873369276e-12,1.6592899125665347e-15
EFT:2.2666292875964856e-10,5.0754097095807845e-11,9.712084814599865e-14,8.13804672465986e-13,3.9630021778486603e-13,7.1915396670479655e-06,0.9999928081791862,1.14409823445847e-12,1.2768212873369276e-12,1.6592899125665347e-15
Random780
Raw:2.2666292875964856e-10,5.0754097095807664e-11,9.712084814599865e-14,8.138046724659889e-13,3.963002177848702e-13,7.191539667047953e-06,0.9999928081791862,1.14409823445847e-12,1.2768212873369276e-12,1.6592899125665347e-15
EFT:2.2666292875964856e-10,5.0754097095807845e-11,9.712084814599865e-14,8.13804672465986e-13,3.9630021778486603e-13,7.1915396670479655e-06,0.9999928081791862,1.14409823445847e-12,1.2768212873369276e-12,1.6592899125665347e-15
Random781
Raw:2.2666292875964856e-10,5.0754097095807664e-11,9.712084814599865e-14,8.138046724659889e-13,3.9630021778486744e-13,7.191539667047953e-06,0.9999928081791862,1.14409823445847e-12,1.2768212873369276e-12,1.6592899125665347e-15
EFT:2.2666292875964856e-10,5.0754097095807845e-11,9.712084814599865e-14,8.13804672465986e-13,3.9630021778486603e-13,7.191539667047953e-06,0.9999928081791862,1.14409823445847e-12,1.2768212873369276e-12,1.6592899125665347e-15
Random782
Raw:2.2666292875964696e-10,5.0754097095807664e-11,9.712084814599829e-14,8.138046724659773e-13,3.9630021778486603e-13,7.191539667047915e-06,0.9999928081791862,1.144098234458466e-12,1.276821287336923e-12,1.6592899125665229e-15
EFT:2.2666292875964856e-10,5.0754097095807845e-11,9.712084814599865e-14,8.13804672465986e-13,3.9630021778486603e-13,7.1915396670479655e-06,0.9999928081791862,1.14409823445847e-12,1.2768212873369276e-12,1.6592899125665347e-15
Random783
Raw:2.2666292875964776e-10,5.0754097095807664e-11,9.712084814599829e-14,8.138046724659831e-13,3.963002177848632e-13,7.19153966704794e-06,0.9999928081791862,1.144098234458466e-12,1.2768212873369185e-12,1.6592899125665229e-15
EFT:2.2666292875964856e-10,5.0754097095807845e-11,9.712084814599865e-14,8.13804672465986e-13,3.9630021778486603e-13,7.1915396670479655e-06,0.9999928081791862,1.14409823445847e-12,1.2768212873369276e-12,1.6592899125665347e-15
Random784
Raw:2.2666292875964936e-10,5.07540970958082e-11,9.712084814599865e-14,8.138046724659889e-13,3.963002177848688e-13,7.191539667048016e-06,0.9999928081791862,1.14409823445847e-12,1.276821287336932e-12,1.6592899125665465e-15
EFT:2.2666292875964856e-10,5.0754097095807845e-11,9.712084814599865e-14,8.13804672465986e-13,3.9630021778486603e-13,7.1915396670479655e-06,0.9999928081791862,1.14409823445847e-12,1.2768212873369276e-12,1.6592899125665347e-15
Random785
Raw:2.2666292875964856e-10,5.07540970958082e-11,9.712084814599934e-14,8.138046724659947e-13,3.9630021778486744e-13,7.191539667048029e-06,0.9999928081791862,1.144098234458482e-12,1.276821287336932e-12,1.6592899125665465e-15
EFT:2.2666292875964856e-10,5.0754097095807845e-11,9.712084814599865e-14,8.13804672465986e-13,3.9630021778486603e-13,7.1915396670479655e-06,0.9999928081791862,1.14409823445847e-12,1.2768212873369276e-12,1.6592899125665347e-15
Random786
Raw:2.2666292875964856e-10,5.075409709580802e-11,9.712084814599865e-14,8.138046724659889e-13,3.963002177848688e-13,7.191539667047991e-06,0.9999928081791862,1.14409823445847e-12,1.2768212873369276e-12,1.6592899125665347e-15
EFT:2.2666292875964856e-10,5.0754097095807845e-11,9.712084814599865e-14,8.13804672465986e-13,3.9630021778486603e-13,7.191539667047953e-06,0.9999928081791862,1.14409823445847e-12,1.2768212873369276e-12,1.6592899125665347e-15
Random787
Raw:2.2666292875964776e-10,5.07540970958082e-11,9.712084814599865e-14,8.138046724659889e-13,3.9630021778486603e-13,7.1915396670479655e-06,0.9999928081791862,1.144098234458466e-12,1.2768212873369276e-12,1.6592899125665347e-15
EFT:2.2666292875964856e-10,5.0754097095807845e-11,9.712084814599865e-14,8.13804672465986e-13,3.9630021778486603e-13,7.1915396670479655e-06,0.9999928081791862,1.14409823445847e-12,1.2768212873369276e-12,1.6592899125665347e-15
Random788
Raw:2.2666292875964936e-10,5.0754097095807845e-11,9.712084814599865e-14,8.13804672465986e-13,3.9630021778486744e-13,7.191539667048042e-06,0.9999928081791862,1.14409823445847e-12,1.2768212873369365e-12,1.6592899125665465e-15
EFT:2.2666292875964856e-10,5.0754097095807845e-11,9.712084814599865e-14,8.13804672465986e-13,3.9630021778486603e-13,7.191539667047953e-06,0.9999928081791862,1.14409823445847e-12,1.2768212873369276e-12,1.6592899125665347e-15
Random789
Raw:2.2666292875964696e-10,5.0754097095807845e-11,9.712084814599934e-14,8.138046724659831e-13,3.9630021778486603e-13,7.191539667047991e-06,0.9999928081791862,1.144098234458474e-12,1.276821287336932e-12,1.6592899125665347e-15
EFT:2.2666292875964856e-10,5.0754097095807845e-11,9.712084814599865e-14,8.13804672465986e-13,3.9630021778486603e-13,7.191539667047953e-06,0.9999928081791862,1.14409823445847e-12,1.2768212873369276e-12,1.6592899125665347e-15
Random790
Raw:2.2666292875964856e-10,5.075409709580802e-11,9.712084814599865e-14,8.138046724659889e-13,3.9630021778486744e-13,7.1915396670480036e-06,0.9999928081791862,1.14409823445847e-12,1.2768212873369365e-12,1.6592899125665465e-15
EFT:2.2666292875964856e-10,5.0754097095807845e-11,9.712084814599865e-14,8.13804672465986e-13,3.9630021778486603e-13,7.191539667047953e-06,0.9999928081791862,1.14409823445847e-12,1.2768212873369276e-12,1.6592899125665347e-15
Random791
Raw:2.2666292875965016e-10,5.075409709580856e-11,9.712084814599968e-14,8.138046724659947e-13,3.963002177848688e-13,7.191539667048067e-06,0.9999928081791862,1.144098234458478e-12,1.2768212873369365e-12,1.6592899125665465e-15
EFT:2.2666292875964856e-10,5.0754097095807845e-11,9.712084814599865e-14,8.13804672465986e-13,3.9630021778486603e-13,7.1915396670479655e-06,0.9999928081791862,1.14409823445847e-12,1.2768212873369276e-12,1.6592899125665347e-15
Random792
Raw:2.2666292875964613e-10,5.075409709580748e-11,9.712084814599795e-14,8.138046724659831e-13,3.963002177848646e-13,7.19153966704794e-06,0.9999928081791862,1.1440982344584619e-12,1.276821287336923e-12,1.659289912566511e-15
EFT:2.2666292875964856e-10,5.0754097095807845e-11,9.712084814599865e-14,8.13804672465986e-13,3.9630021778486603e-13,7.1915396670479655e-06,0.9999928081791862,1.14409823445847e-12,1.2768212873369276e-12,1.6592899125665347e-15
Random793
Raw:2.2666292875964696e-10,5.0754097095807664e-11,9.712084814599795e-14,8.138046724659803e-13,3.963002177848646e-13,7.191539667047915e-06,0.9999928081791862,1.1440982344584619e-12,1.2768212873369139e-12,1.6592899125665229e-15
EFT:2.2666292875964856e-10,5.075409709580802e-11,9.712084814599865e-14,8.13804672465986e-13,3.9630021778486603e-13,7.191539667047953e-06,0.9999928081791862,1.14409823445847e-12,1.2768212873369276e-12,1.6592899125665347e-15
Random794
Raw:2.2666292875965016e-10,5.07540970958082e-11,9.712084814600002e-14,8.138046724659947e-13,3.9630021778486744e-13,7.1915396670479655e-06,0.9999928081791862,1.144098234458478e-12,1.2768212873369276e-12,1.6592899125665465e-15
EFT:2.2666292875964856e-10,5.075409709580802e-11,9.712084814599865e-14,8.13804672465986e-13,3.9630021778486603e-13,7.191539667047953e-06,0.9999928081791862,1.14409823445847e-12,1.2768212873369276e-12,1.6592899125665347e-15
Random795
Raw:2.2666292875964696e-10,5.0754097095807845e-11,9.712084814599934e-14,8.138046724659889e-13,3.9630021778486744e-13,7.191539667047953e-06,0.9999928081791862,1.144098234458474e-12,1.2768212873369276e-12,1.6592899125665347e-15
EFT:2.2666292875964856e-10,5.0754097095807845e-11,9.712084814599865e-14,8.13804672465986e-13,3.9630021778486603e-13,7.1915396670479655e-06,0.9999928081791862,1.14409823445847e-12,1.2768212873369276e-12,1.6592899125665347e-15
Random796
Raw:2.2666292875964696e-10,5.0754097095807664e-11,9.712084814599865e-14,8.138046724659803e-13,3.963002177848646e-13,7.191539667047915e-06,0.9999928081791862,1.1440982344584619e-12,1.2768212873369276e-12,1.6592899125665229e-15
EFT:2.2666292875964856e-10,5.075409709580802e-11,9.712084814599865e-14,8.13804672465986e-13,3.9630021778486744e-13,7.191539667047953e-06,0.9999928081791862,1.14409823445847e-12,1.2768212873369276e-12,1.6592899125665347e-15
Random797
Raw:2.2666292875964936e-10,5.075409709580838e-11,9.712084814599968e-14,8.138046724659947e-13,3.963002177848688e-13,7.191539667048029e-06,0.9999928081791862,1.144098234458474e-12,1.2768212873369412e-12,1.6592899125665465e-15
EFT:2.2666292875964856e-10,5.0754097095807845e-11,9.712084814599865e-14,8.13804672465986e-13,3.9630021778486603e-13,7.1915396670479655e-06,0.9999928081791862,1.14409823445847e-12,1.2768212873369276e-12,1.6592899125665347e-15
Random798
Raw:2.2666292875964856e-10,5.075409709580802e-11,9.712084814599865e-14,8.13804672465986e-13,3.9630021778486744e-13,7.1915396670479655e-06,0.9999928081791862,1.14409823445847e-12,1.2768212873369276e-12,1.6592899125665347e-15
EFT:2.2666292875964856e-10,5.0754097095807845e-11,9.712084814599865e-14,8.13804672465986e-13,3.9630021778486603e-13,7.1915396670479655e-06,0.9999928081791862,1.14409823445847e-12,1.2768212873369276e-12,1.6592899125665347e-15
Random799
Raw:2.2666292875964856e-10,5.0754097095807845e-11,9.712084814599934e-14,8.138046724659889e-13,3.963002177848688e-13,7.1915396670479655e-06,0.9999928081791862,1.144098234458474e-12,1.276821287336932e-12,1.6592899125665465e-15
EFT:2.2666292875964856e-10,5.075409709580802e-11,9.712084814599865e-14,8.13804672465986e-13,3.9630021778486603e-13,7.191539667047953e-06,0.9999928081791862,1.14409823445847e-12,1.2768212873369276e-12,1.6592899125665347e-15
Random800
Raw:2.2666292875964696e-10,5.0754097095807845e-11,9.712084814599865e-14,8.138046724659831e-13,3.963002177848646e-13,7.1915396670479655e-06,0.9999928081791862,1.1440982344584619e-12,1.2768212873369185e-12,1.6592899125665229e-15
EFT:2.2666292875964856e-10,5.0754097095807845e-11,9.712084814599865e-14,8.13804672465986e-13,3.9630021778486603e-13,7.191539667047953e-06,0.9999928081791862,1.14409823445847e-12,1.2768212873369276e-12,1.6592899125665347e-15
Random801
Raw:2.2666292875964776e-10,5.075409709580802e-11,9.712084814599865e-14,8.138046724659889e-13,3.9630021778486603e-13,7.1915396670479655e-06,0.9999928081791862,1.144098234458466e-12,1.276821287336932e-12,1.6592899125665347e-15
EFT:2.2666292875964856e-10,5.0754097095807845e-11,9.712084814599865e-14,8.13804672465986e-13,3.9630021778486603e-13,7.1915396670479655e-06,0.9999928081791862,1.14409823445847e-12,1.2768212873369276e-12,1.6592899125665347e-15
Random802
Raw:2.2666292875964776e-10,5.0754097095807845e-11,9.712084814599865e-14,8.13804672465986e-13,3.9630021778486744e-13,7.191539667047927e-06,0.9999928081791862,1.144098234458466e-12,1.2768212873369276e-12,1.6592899125665229e-15
EFT:2.2666292875964856e-10,5.0754097095807845e-11,9.712084814599865e-14,8.13804672465986e-13,3.9630021778486603e-13,7.191539667047953e-06,0.9999928081791862,1.14409823445847e-12,1.2768212873369276e-12,1.6592899125665347e-15
Random803
Raw:2.2666292875964856e-10,5.0754097095807845e-11,9.712084814599829e-14,8.138046724659889e-13,3.963002177848646e-13,7.191539667047978e-06,0.9999928081791862,1.144098234458466e-12,1.276821287336923e-12,1.6592899125665229e-15
EFT:2.2666292875964856e-10,5.0754097095807845e-11,9.712084814599865e-14,8.13804672465986e-13,3.9630021778486603e-13,7.191539667047953e-06,0.9999928081791862,1.14409823445847e-12,1.2768212873369276e-12,1.6592899125665347e-15
Random804
Raw:2.2666292875964856e-10,5.07540970958082e-11,9.712084814599899e-14,8.138046724659889e-13,3.963002177848702e-13,7.191539667047991e-06,0.9999928081791862,1.144098234458474e-12,1.2768212873369276e-12,1.6592899125665465e-15
EFT:2.2666292875964856e-10,5.0754097095807845e-11,9.712084814599865e-14,8.13804672465986e-13,3.9630021778486603e-13,7.1915396670479655e-06,0.9999928081791862,1.14409823445847e-12,1.2768212873369276e-12,1.6592899125665347e-15
Random805
Raw:2.2666292875964936e-10,5.075409709580802e-11,9.712084814599934e-14,8.138046724659889e-13,3.9630021778486744e-13,7.191539667047991e-06,0.9999928081791862,1.14409823445847e-12,1.2768212873369276e-12,1.6592899125665465e-15
EFT:2.2666292875964856e-10,5.0754097095807845e-11,9.712084814599865e-14,8.13804672465986e-13,3.9630021778486603e-13,7.1915396670479655e-06,0.9999928081791862,1.14409823445847e-12,1.2768212873369276e-12,1.6592899125665347e-15
Random806
Raw:2.2666292875964696e-10,5.0754097095807845e-11,9.712084814599795e-14,8.138046724659831e-13,3.963002177848646e-13,7.191539667047953e-06,0.9999928081791862,1.144098234458466e-12,1.2768212873369185e-12,1.6592899125665347e-15
EFT:2.2666292875964856e-10,5.0754097095807845e-11,9.712084814599865e-14,8.13804672465986e-13,3.9630021778486603e-13,7.1915396670479655e-06,0.9999928081791862,1.14409823445847e-12,1.2768212873369276e-12,1.6592899125665347e-15
Random807
Raw:2.2666292875964936e-10,5.0754097095807664e-11,9.712084814599865e-14,8.138046724659889e-13,3.963002177848688e-13,7.191539667048016e-06,0.9999928081791862,1.144098234458466e-12,1.276821287336932e-12,1.6592899125665465e-15
EFT:2.2666292875964856e-10,5.0754097095807845e-11,9.712084814599865e-14,8.13804672465986e-13,3.9630021778486603e-13,7.191539667047953e-06,0.9999928081791862,1.14409823445847e-12,1.2768212873369276e-12,1.6592899125665347e-15
Random808
Raw:2.2666292875964936e-10,5.07540970958082e-11,9.712084814600002e-14,8.13804672465986e-13,3.963002177848688e-13,7.1915396670480036e-06,0.9999928081791862,1.144098234458478e-12,1.2768212873369365e-12,1.6592899125665465e-15
EFT:2.2666292875964856e-10,5.075409709580802e-11,9.712084814599865e-14,8.13804672465986e-13,3.9630021778486603e-13,7.191539667047953e-06,0.9999928081791862,1.14409823445847e-12,1.2768212873369276e-12,1.6592899125665347e-15
Random809
Raw:2.2666292875964856e-10,5.075409709580802e-11,9.712084814599934e-14,8.138046724659918e-13,3.9630021778486744e-13,7.191539667047978e-06,0.9999928081791862,1.144098234458474e-12,1.2768212873369276e-12,1.6592899125665347e-15
EFT:2.2666292875964856e-10,5.0754097095807845e-11,9.712084814599865e-14,8.13804672465986e-13,3.9630021778486603e-13,7.1915396670479655e-06,0.9999928081791862,1.14409823445847e-12,1.2768212873369276e-12,1.6592899125665347e-15
Random810
Raw:2.2666292875964533e-10,5.07540970958073e-11,9.712084814599795e-14,8.138046724659773e-13,3.963002177848632e-13,7.191539667047876e-06,0.9999928081791862,1.1440982344584496e-12,1.2768212873369139e-12,1.6592899125665229e-15
EFT:2.2666292875964856e-10,5.0754097095807845e-11,9.712084814599865e-14,8.13804672465986e-13,3.9630021778486603e-13,7.1915396670479655e-06,0.9999928081791862,1.14409823445847e-12,1.2768212873369276e-12,1.6592899125665347e-15
Random811
Raw:2.2666292875964856e-10,5.075409709580802e-11,9.712084814599934e-14,8.138046724659889e-13,3.9630021778486603e-13,7.191539667047991e-06,0.9999928081791862,1.144098234458478e-12,1.2768212873369365e-12,1.6592899125665465e-15
EFT:2.2666292875964856e-10,5.0754097095807845e-11,9.712084814599865e-14,8.13804672465986e-13,3.9630021778486603e-13,7.1915396670479655e-06,0.9999928081791862,1.14409823445847e-12,1.2768212873369276e-12,1.6592899125665347e-15
Random812
Raw:2.2666292875964776e-10,5.0754097095807845e-11,9.712084814599795e-14,8.138046724659803e-13,3.963002177848646e-13,7.19153966704794e-06,0.9999928081791862,1.144098234458466e-12,1.2768212873369185e-12,1.6592899125665229e-15
EFT:2.2666292875964856e-10,5.0754097095807845e-11,9.712084814599865e-14,8.13804672465986e-13,3.9630021778486603e-13,7.1915396670479655e-06,0.9999928081791862,1.14409823445847e-12,1.2768212873369276e-12,1.6592899125665347e-15
Random813
Raw:2.2666292875964776e-10,5.0754097095807664e-11,9.712084814599865e-14,8.13804672465986e-13,3.9630021778486603e-13,7.1915396670479655e-06,0.9999928081791862,1.14409823445847e-12,1.276821287336932e-12,1.6592899125665229e-15
EFT:2.2666292875964856e-10,5.0754097095807845e-11,9.712084814599865e-14,8.13804672465986e-13,3.9630021778486603e-13,7.1915396670479655e-06,0.9999928081791862,1.14409823445847e-12,1.2768212873369276e-12,1.6592899125665347e-15
Random814
Raw:2.2666292875964696e-10,5.075409709580802e-11,9.712084814599934e-14,8.138046724659831e-13,3.9630021778486603e-13,7.191539667047991e-06,0.9999928081791862,1.144098234458466e-12,1.2768212873369276e-12,1.6592899125665347e-15
EFT:2.2666292875964856e-10,5.0754097095807845e-11,9.712084814599865e-14,8.13804672465986e-13,3.9630021778486603e-13,7.1915396670479655e-06,0.9999928081791862,1.14409823445847e-12,1.2768212873369276e-12,1.6592899125665347e-15
Random815
Raw:2.2666292875964856e-10,5.075409709580802e-11,9.712084814599899e-14,8.138046724659889e-13,3.9630021778486744e-13,7.191539667048016e-06,0.9999928081791862,1.144098234458474e-12,1.276821287336923e-12,1.6592899125665347e-15
EFT:2.2666292875964856e-10,5.0754097095807845e-11,9.712084814599865e-14,8.13804672465986e-13,3.9630021778486603e-13,7.191539667047953e-06,0.9999928081791862,1.14409823445847e-12,1.2768212873369276e-12,1.6592899125665347e-15
Random816
Raw:2.2666292875964776e-10,5.0754097095807845e-11,9.712084814599865e-14,8.138046724659831e-13,3.963002177848646e-13,7.191539667047901e-06,0.9999928081791862,1.144098234458466e-12,1.276821287336923e-12,1.6592899125665229e-15
EFT:2.2666292875964856e-10,5.0754097095807845e-11,9.712084814599865e-14,8.13804672465986e-13,3.9630021778486603e-13,7.191539667047953e-06,0.9999928081791862,1.14409823445847e-12,1.2768212873369276e-12,1.6592899125665347e-15
Random817
Raw:2.2666292875964856e-10,5.075409709580748e-11,9.712084814599795e-14,8.138046724659831e-13,3.963002177848646e-13,7.191539667047927e-06,0.9999928081791862,1.144098234458466e-12,1.2768212873369185e-12,1.6592899125665229e-15
EFT:2.2666292875964856e-10,5.0754097095807845e-11,9.712084814599865e-14,8.13804672465986e-13,3.9630021778486603e-13,7.1915396670479655e-06,0.9999928081791862,1.14409823445847e-12,1.2768212873369276e-12,1.6592899125665347e-15
Random818
Raw:2.2666292875964856e-10,5.07540970958082e-11,9.712084814599899e-14,8.138046724659947e-13,3.9630021778486744e-13,7.191539667047991e-06,0.9999928081791862,1.144098234458474e-12,1.2768212873369276e-12,1.6592899125665347e-15
EFT:2.2666292875964856e-10,5.0754097095807845e-11,9.712084814599865e-14,8.13804672465986e-13,3.9630021778486603e-13,7.191539667047953e-06,0.9999928081791862,1.14409823445847e-12,1.2768212873369276e-12,1.6592899125665347e-15
Random819
Raw:2.2666292875964613e-10,5.075409709580748e-11,9.712084814599795e-14,8.13804672465986e-13,3.963002177848646e-13,7.191539667047915e-06,0.9999928081791862,1.1440982344584619e-12,1.2768212873369185e-12,1.6592899125665229e-15
EFT:2.2666292875964856e-10,5.0754097095807845e-11,9.712084814599865e-14,8.13804672465986e-13,3.9630021778486603e-13,7.1915396670479655e-06,0.9999928081791862,1.14409823445847e-12,1.2768212873369276e-12,1.6592899125665347e-15
Random820
Raw:2.2666292875964936e-10,5.0754097095807845e-11,9.712084814599865e-14,8.13804672465986e-13,3.9630021778486603e-13,7.1915396670479655e-06,0.9999928081791862,1.144098234458466e-12,1.276821287336923e-12,1.6592899125665347e-15
EFT:2.2666292875964856e-10,5.0754097095807845e-11,9.712084814599865e-14,8.13804672465986e-13,3.9630021778486603e-13,7.1915396670479655e-06,0.9999928081791862,1.14409823445847e-12,1.2768212873369276e-12,1.6592899125665347e-15
Random821
Raw:2.2666292875964776e-10,5.075409709580748e-11,9.712084814599727e-14,8.138046724659803e-13,3.963002177848646e-13,7.191539667047915e-06,0.9999928081791862,1.1440982344584619e-12,1.2768212873369139e-12,1.6592899125665229e-15
EFT:2.2666292875964856e-10,5.0754097095807845e-11,9.712084814599865e-14,8.13804672465986e-13,3.9630021778486603e-13,7.1915396670479655e-06,0.9999928081791862,1.14409823445847e-12,1.2768212873369276e-12,1.6592899125665347e-15
Random822
Raw:2.2666292875964856e-10,5.075409709580802e-11,9.712084814599865e-14,8.138046724659831e-13,3.963002177848646e-13,7.191539667047953e-06,0.9999928081791862,1.144098234458474e-12,1.276821287336923e-12,1.6592899125665347e-15
EFT:2.2666292875964856e-10,5.0754097095807845e-11,9.712084814599865e-14,8.13804672465986e-13,3.9630021778486603e-13,7.191539667047953e-06,0.9999928081791862,1.14409823445847e-12,1.2768212873369276e-12,1.6592899125665347e-15
Random823
Raw:2.2666292875964856e-10,5.0754097095807664e-11,9.712084814599899e-14,8.138046724659831e-13,3.9630021778486603e-13,7.1915396670479655e-06,0.9999928081791862,1.144098234458466e-12,1.2768212873369276e-12,1.6592899125665347e-15
EFT:2.2666292875964856e-10,5.0754097095807845e-11,9.712084814599865e-14,8.13804672465986e-13,3.9630021778486603e-13,7.191539667047953e-06,0.9999928081791862,1.14409823445847e-12,1.2768212873369276e-12,1.6592899125665347e-15
Random824
Raw:2.2666292875964936e-10,5.0754097095807664e-11,9.712084814599865e-14,8.138046724659889e-13,3.9630021778486603e-13,7.191539667047991e-06,0.9999928081791862,1.14409823445847e-12,1.2768212873369276e-12,1.6592899125665347e-15
EFT:2.2666292875964856e-10,5.0754097095807845e-11,9.712084814599865e-14,8.13804672465986e-13,3.9630021778486603e-13,7.1915396670479655e-06,0.9999928081791862,1.14409823445847e-12,1.2768212873369276e-12,1.6592899125665347e-15
Random825
Raw:2.2666292875965016e-10,5.075409709580838e-11,9.712084814599934e-14,8.138046724659947e-13,3.9630021778487163e-13,7.191539667047978e-06,0.9999928081791862,1.144098234458474e-12,1.2768212873369365e-12,1.6592899125665465e-15
EFT:2.2666292875964856e-10,5.0754097095807845e-11,9.712084814599865e-14,8.13804672465986e-13,3.9630021778486603e-13,7.1915396670479655e-06,0.9999928081791862,1.14409823445847e-12,1.2768212873369276e-12,1.6592899125665347e-15
Random826
Raw:2.2666292875964776e-10,5.07540970958082e-11,9.712084814599865e-14,8.138046724659889e-13,3.9630021778486744e-13,7.191539667047991e-06,0.9999928081791862,1.144098234458474e-12,1.2768212873369276e-12,1.6592899125665465e-15
EFT:2.2666292875964856e-10,5.0754097095807845e-11,9.712084814599865e-14,8.13804672465986e-13,3.9630021778486603e-13,7.191539667047953e-06,0.9999928081791862,1.14409823445847e-12,1.2768212873369276e-12,1.6592899125665347e-15
Random827
Raw:2.2666292875964936e-10,5.0754097095807664e-11,9.712084814599829e-14,8.138046724659831e-13,3.9630021778486603e-13,7.1915396670479655e-06,0.9999928081791862,1.144098234458466e-12,1.2768212873369276e-12,1.6592899125665229e-15
EFT:2.2666292875964856e-10,5.0754097095807845e-11,9.712084814599865e-14,8.13804672465986e-13,3.9630021778486603e-13,7.1915396670479655e-06,0.9999928081791862,1.14409823445847e-12,1.2768212873369276e-12,1.6592899125665347e-15
Random828
Raw:2.2666292875964936e-10,5.07540970958082e-11,9.712084814599899e-14,8.138046724659889e-13,3.9630021778486744e-13,7.191539667047978e-06,0.9999928081791862,1.144098234458474e-12,1.276821287336932e-12,1.6592899125665465e-15
EFT:2.2666292875964856e-10,5.0754097095807845e-11,9.712084814599865e-14,8.13804672465986e-13,3.9630021778486603e-13,7.1915396670479655e-06,0.9999928081791862,1.14409823445847e-12,1.2768212873369276e-12,1.6592899125665347e-15
Random829
Raw:2.2666292875964696e-10,5.0754097095807664e-11,9.712084814599761e-14,8.138046724659831e-13,3.963002177848632e-13,7.1915396670479655e-06,0.9999928081791862,1.1440982344584619e-12,1.276821287336923e-12,1.6592899125665229e-15
EFT:2.2666292875964856e-10,5.0754097095807845e-11,9.712084814599865e-14,8.13804672465986e-13,3.9630021778486603e-13,7.191539667047953e-06,0.9999928081791862,1.14409823445847e-12,1.2768212873369276e-12,1.6592899125665347e-15
Random830
Raw:2.2666292875964936e-10,5.075409709580748e-11,9.712084814599795e-14,8.138046724659831e-13,3.963002177848632e-13,7.191539667047953e-06,0.9999928081791862,1.144098234458466e-12,1.2768212873369185e-12,1.6592899125665229e-15
EFT:2.2666292875964856e-10,5.0754097095807845e-11,9.712084814599865e-14,8.13804672465986e-13,3.9630021778486603e-13,7.191539667047953e-06,0.9999928081791862,1.14409823445847e-12,1.2768212873369276e-12,1.6592899125665347e-15
Random831
Raw:2.2666292875964613e-10,5.075409709580748e-11,9.712084814599795e-14,8.138046724659773e-13,3.963002177848618e-13,7.191539667047927e-06,0.9999928081791862,1.1440982344584619e-12,1.2768212873369185e-12,1.6592899125665229e-15
EFT:2.2666292875964856e-10,5.0754097095807845e-11,9.712084814599865e-14,8.13804672465986e-13,3.9630021778486603e-13,7.1915396670479655e-06,0.9999928081791862,1.14409823445847e-12,1.2768212873369276e-12,1.6592899125665347e-15
Random832
Raw:2.2666292875964696e-10,5.0754097095807845e-11,9.712084814599865e-14,8.138046724659831e-13,3.963002177848646e-13,7.1915396670479655e-06,0.9999928081791862,1.144098234458466e-12,1.2768212873369185e-12,1.6592899125665229e-15
EFT:2.2666292875964856e-10,5.0754097095807845e-11,9.712084814599865e-14,8.13804672465986e-13,3.9630021778486603e-13,7.191539667047953e-06,0.9999928081791862,1.14409823445847e-12,1.2768212873369276e-12,1.6592899125665347e-15
Random833
Raw:2.2666292875964696e-10,5.0754097095807664e-11,9.712084814599865e-14,8.138046724659831e-13,3.9630021778486603e-13,7.191539667047915e-06,0.9999928081791862,1.1440982344584619e-12,1.2768212873369185e-12,1.6592899125665229e-15
EFT:2.2666292875964856e-10,5.0754097095807845e-11,9.712084814599865e-14,8.13804672465986e-13,3.9630021778486603e-13,7.1915396670479655e-06,0.9999928081791862,1.14409823445847e-12,1.2768212873369276e-12,1.6592899125665347e-15
Random834
Raw:2.2666292875964776e-10,5.0754097095807845e-11,9.712084814599865e-14,8.13804672465986e-13,3.9630021778486744e-13,7.19153966704794e-06,0.9999928081791862,1.144098234458466e-12,1.276821287336923e-12,1.6592899125665229e-15
EFT:2.2666292875964856e-10,5.0754097095807845e-11,9.712084814599865e-14,8.13804672465986e-13,3.9630021778486603e-13,7.1915396670479655e-06,0.9999928081791862,1.14409823445847e-12,1.2768212873369276e-12,1.6592899125665347e-15
Random835
Raw:2.2666292875964776e-10,5.075409709580802e-11,9.712084814599865e-14,8.13804672465986e-13,3.963002177848646e-13,7.191539667047978e-06,0.9999928081791862,1.14409823445847e-12,1.2768212873369276e-12,1.6592899125665229e-15
EFT:2.2666292875964856e-10,5.0754097095807845e-11,9.712084814599865e-14,8.13804672465986e-13,3.9630021778486603e-13,7.191539667047953e-06,0.9999928081791862,1.14409823445847e-12,1.2768212873369276e-12,1.6592899125665347e-15
Random836
Raw:2.2666292875964776e-10,5.0754097095807664e-11,9.712084814599795e-14,8.138046724659831e-13,3.9630021778486603e-13,7.19153966704794e-06,0.9999928081791862,1.1440982344584619e-12,1.2768212873369185e-12,1.6592899125665229e-15
EFT:2.2666292875964856e-10,5.0754097095807845e-11,9.712084814599865e-14,8.13804672465986e-13,3.9630021778486603e-13,7.1915396670479655e-06,0.9999928081791862,1.14409823445847e-12,1.2768212873369276e-12,1.6592899125665347e-15
Random837
Raw:2.2666292875964776e-10,5.0754097095807845e-11,9.712084814599865e-14,8.13804672465986e-13,3.963002177848646e-13,7.1915396670479655e-06,0.9999928081791862,1.144098234458466e-12,1.2768212873369276e-12,1.6592899125665229e-15
EFT:2.2666292875964856e-10,5.0754097095807845e-11,9.712084814599865e-14,8.13804672465986e-13,3.9630021778486603e-13,7.1915396670479655e-06,0.9999928081791862,1.14409823445847e-12,1.2768212873369276e-12,1.6592899125665347e-15
Random838
Raw:2.2666292875964856e-10,5.075409709580802e-11,9.712084814599934e-14,8.138046724659889e-13,3.963002177848688e-13,7.19153966704794e-06,0.9999928081791862,1.144098234458474e-12,1.276821287336932e-12,1.6592899125665465e-15
EFT:2.2666292875964856e-10,5.0754097095807845e-11,9.712084814599865e-14,8.13804672465986e-13,3.9630021778486603e-13,7.191539667047953e-06,0.9999928081791862,1.14409823445847e-12,1.2768212873369276e-12,1.6592899125665347e-15
Random839
Raw:2.2666292875965016e-10,5.075409709580802e-11,9.712084814599865e-14,8.138046724659918e-13,3.963002177848688e-13,7.191539667047978e-06,0.9999928081791862,1.144098234458474e-12,1.2768212873369276e-12,1.6592899125665465e-15
EFT:2.2666292875964856e-10,5.0754097095807845e-11,9.712084814599865e-14,8.13804672465986e-13,3.9630021778486603e-13,7.1915396670479655e-06,0.9999928081791862,1.14409823445847e-12,1.2768212873369276e-12,1.6592899125665347e-15
Random840
Raw:2.2666292875964936e-10,5.07540970958082e-11,9.712084814599934e-14,8.13804672465986e-13,3.9630021778486744e-13,7.191539667047953e-06,0.9999928081791862,1.144098234458474e-12,1.276821287336932e-12,1.6592899125665465e-15
EFT:2.2666292875964856e-10,5.0754097095807845e-11,9.712084814599865e-14,8.13804672465986e-13,3.9630021778486603e-13,7.191539667047953e-06,0.9999928081791862,1.14409823445847e-12,1.2768212873369276e-12,1.6592899125665347e-15
Random841
Raw:2.2666292875964696e-10,5.075409709580802e-11,9.712084814599829e-14,8.13804672465986e-13,3.9630021778486603e-13,7.1915396670480036e-06,0.9999928081791862,1.144098234458474e-12,1.2768212873369276e-12,1.6592899125665229e-15
EFT:2.2666292875964856e-10,5.0754097095807845e-11,9.712084814599865e-14,8.13804672465986e-13,3.9630021778486603e-13,7.191539667047953e-06,0.9999928081791862,1.14409823445847e-12,1.2768212873369276e-12,1.6592899125665347e-15
Random842
Raw:2.2666292875964776e-10,5.0754097095807664e-11,9.712084814599865e-14,8.138046724659831e-13,3.9630021778486744e-13,7.191539667047915e-06,0.9999928081791862,1.1440982344584619e-12,1.2768212873369185e-12,1.6592899125665229e-15
EFT:2.2666292875964856e-10,5.0754097095807845e-11,9.712084814599865e-14,8.13804672465986e-13,3.9630021778486603e-13,7.1915396670479655e-06,0.9999928081791862,1.14409823445847e-12,1.2768212873369276e-12,1.6592899125665347e-15
Random843
Raw:2.2666292875964613e-10,5.0754097095807845e-11,9.712084814599829e-14,8.138046724659831e-13,3.963002177848646e-13,7.1915396670479655e-06,0.9999928081791862,1.1440982344584619e-12,1.276821287336923e-12,1.6592899125665229e-15
EFT:2.2666292875964856e-10,5.0754097095807845e-11,9.712084814599865e-14,8.13804672465986e-13,3.9630021778486603e-13,7.1915396670479655e-06,0.9999928081791862,1.14409823445847e-12,1.2768212873369276e-12,1.6592899125665347e-15
Random844
Raw:2.2666292875964696e-10,5.0754097095807664e-11,9.712084814599865e-14,8.138046724659831e-13,3.9630021778486744e-13,7.19153966704794e-06,0.9999928081791862,1.144098234458466e-12,1.2768212873369185e-12,1.6592899125665229e-15
EFT:2.2666292875964856e-10,5.0754097095807845e-11,9.712084814599865e-14,8.13804672465986e-13,3.9630021778486603e-13,7.1915396670479655e-06,0.9999928081791862,1.14409823445847e-12,1.2768212873369276e-12,1.6592899125665347e-15
Random845
Raw:2.2666292875964776e-10,5.0754097095807845e-11,9.712084814599829e-14,8.13804672465986e-13,3.963002177848646e-13,7.1915396670479655e-06,0.9999928081791862,1.144098234458466e-12,1.2768212873369276e-12,1.6592899125665229e-15
EFT:2.2666292875964856e-10,5.0754097095807845e-11,9.712084814599865e-14,8.13804672465986e-13,3.9630021778486603e-13,7.1915396670479655e-06,0.9999928081791862,1.14409823445847e-12,1.2768212873369276e-12,1.6592899125665347e-15
Random846
Raw:2.2666292875964776e-10,5.0754097095807845e-11,9.712084814599865e-14,8.138046724659889e-13,3.963002177848646e-13,7.191539667047991e-06,0.9999928081791862,1.144098234458466e-12,1.276821287336923e-12,1.6592899125665347e-15
EFT:2.2666292875964856e-10,5.0754097095807845e-11,9.712084814599865e-14,8.13804672465986e-13,3.9630021778486603e-13,7.191539667047953e-06,0.9999928081791862,1.14409823445847e-12,1.2768212873369276e-12,1.6592899125665347e-15
Random847
Raw:2.2666292875964776e-10,5.0754097095807845e-11,9.712084814599865e-14,8.138046724659831e-13,3.963002177848646e-13,7.19153966704794e-06,0.9999928081791862,1.144098234458466e-12,1.2768212873369185e-12,1.6592899125665229e-15
EFT:2.2666292875964856e-10,5.0754097095807845e-11,9.712084814599865e-14,8.13804672465986e-13,3.9630021778486603e-13,7.191539667047953e-06,0.9999928081791862,1.14409823445847e-12,1.2768212873369276e-12,1.6592899125665347e-15
Random848
Raw:2.2666292875964936e-10,5.0754097095807664e-11,9.712084814599795e-14,8.138046724659831e-13,3.9630021778486603e-13,7.19153966704794e-06,0.9999928081791862,1.144098234458466e-12,1.2768212873369185e-12,1.6592899125665229e-15
EFT:2.2666292875964856e-10,5.0754097095807845e-11,9.712084814599865e-14,8.13804672465986e-13,3.9630021778486603e-13,7.191539667047953e-06,0.9999928081791862,1.14409823445847e-12,1.2768212873369276e-12,1.6592899125665347e-15
Random849
Raw:2.2666292875964776e-10,5.0754097095807664e-11,9.712084814599795e-14,8.138046724659831e-13,3.9630021778486603e-13,7.191539667047927e-06,0.9999928081791862,1.144098234458466e-12,1.2768212873369185e-12,1.6592899125665229e-15
EFT:2.2666292875964856e-10,5.0754097095807845e-11,9.712084814599865e-14,8.13804672465986e-13,3.9630021778486603e-13,7.1915396670479655e-06,0.9999928081791862,1.14409823445847e-12,1.2768212873369276e-12,1.6592899125665347e-15
Random850
Raw:2.2666292875964776e-10,5.0754097095807845e-11,9.712084814599934e-14,8.13804672465986e-13,3.9630021778486603e-13,7.1915396670479655e-06,0.9999928081791862,1.14409823445847e-12,1.2768212873369276e-12,1.6592899125665347e-15
EFT:2.2666292875964856e-10,5.0754097095807845e-11,9.712084814599865e-14,8.13804672465986e-13,3.9630021778486603e-13,7.191539667047953e-06,0.9999928081791862,1.14409823445847e-12,1.2768212873369276e-12,1.6592899125665347e-15
Random851
Raw:2.2666292875964696e-10,5.0754097095807845e-11,9.712084814599865e-14,8.138046724659831e-13,3.963002177848632e-13,7.191539667047953e-06,0.9999928081791862,1.144098234458466e-12,1.276821287336923e-12,1.6592899125665229e-15
EFT:2.2666292875964856e-10,5.0754097095807845e-11,9.712084814599865e-14,8.13804672465986e-13,3.9630021778486603e-13,7.1915396670479655e-06,0.9999928081791862,1.14409823445847e-12,1.2768212873369276e-12,1.6592899125665347e-15
Random852
Raw:2.2666292875964936e-10,5.07540970958082e-11,9.712084814599934e-14,8.138046724659889e-13,3.9630021778486744e-13,7.191539667047978e-06,0.9999928081791862,1.144098234458474e-12,1.2768212873369276e-12,1.6592899125665347e-15
EFT:2.2666292875964856e-10,5.0754097095807845e-11,9.712084814599865e-14,8.13804672465986e-13,3.9630021778486603e-13,7.1915396670479655e-06,0.9999928081791862,1.14409823445847e-12,1.2768212873369276e-12,1.6592899125665347e-15
Random853
Raw:2.2666292875964856e-10,5.0754097095807845e-11,9.712084814599865e-14,8.138046724659889e-13,3.9630021778486744e-13,7.191539667047915e-06,0.9999928081791862,1.144098234458466e-12,1.276821287336932e-12,1.6592899125665465e-15
EFT:2.2666292875964856e-10,5.0754097095807845e-11,9.712084814599865e-14,8.13804672465986e-13,3.9630021778486603e-13,7.1915396670479655e-06,0.9999928081791862,1.14409823445847e-12,1.2768212873369276e-12,1.6592899125665347e-15
Random854
Raw:2.2666292875964856e-10,5.075409709580838e-11,9.712084814599899e-14,8.138046724659889e-13,3.9630021778486744e-13,7.191539667048016e-06,0.9999928081791862,1.14409823445847e-12,1.276821287336932e-12,1.6592899125665465e-15
EFT:2.2666292875964856e-10,5.0754097095807845e-11,9.712084814599865e-14,8.13804672465986e-13,3.9630021778486603e-13,7.191539667047953e-06,0.9999928081791862,1.14409823445847e-12,1.2768212873369276e-12,1.6592899125665347e-15
Random855
Raw:2.2666292875964696e-10,5.075409709580748e-11,9.712084814599865e-14,8.138046724659803e-13,3.963002177848646e-13,7.191539667047991e-06,0.9999928081791862,1.144098234458466e-12,1.2768212873369276e-12,1.6592899125665347e-15
EFT:2.2666292875964856e-10,5.0754097095807845e-11,9.712084814599865e-14,8.13804672465986e-13,3.9630021778486603e-13,7.191539667047953e-06,0.9999928081791862,1.14409823445847e-12,1.2768212873369276e-12,1.6592899125665347e-15
Random856
Raw:2.2666292875964856e-10,5.075409709580838e-11,9.712084814599865e-14,8.138046724659889e-13,3.9630021778486744e-13,7.191539667047991e-06,0.9999928081791862,1.14409823445847e-12,1.2768212873369276e-12,1.6592899125665347e-15
EFT:2.2666292875964856e-10,5.0754097095807845e-11,9.712084814599865e-14,8.13804672465986e-13,3.9630021778486603e-13,7.1915396670479655e-06,0.9999928081791862,1.14409823445847e-12,1.2768212873369276e-12,1.6592899125665347e-15
Random857
Raw:2.2666292875964776e-10,5.0754097095807664e-11,9.712084814599795e-14,8.138046724659831e-13,3.963002177848646e-13,7.19153966704794e-06,0.9999928081791862,1.1440982344584619e-12,1.2768212873369185e-12,1.6592899125665229e-15
EFT:2.2666292875964856e-10,5.0754097095807845e-11,9.712084814599865e-14,8.13804672465986e-13,3.9630021778486603e-13,7.191539667047953e-06,0.9999928081791862,1.14409823445847e-12,1.2768212873369276e-12,1.6592899125665347e-15
Random858
Raw:2.2666292875964776e-10,5.0754097095807845e-11,9.712084814599865e-14,8.138046724659889e-13,3.9630021778486603e-13,7.1915396670479655e-06,0.9999928081791862,1.144098234458474e-12,1.2768212873369276e-12,1.6592899125665347e-15
EFT:2.2666292875964856e-10,5.0754097095807845e-11,9.712084814599865e-14,8.13804672465986e-13,3.9630021778486603e-13,7.191539667047953e-06,0.9999928081791862,1.14409823445847e-12,1.2768212873369276e-12,1.6592899125665347e-15
Random859
Raw:2.2666292875964856e-10,5.0754097095807664e-11,9.712084814599865e-14,8.138046724659831e-13,3.963002177848646e-13,7.19153966704794e-06,0.9999928081791862,1.1440982344584619e-12,1.276821287336923e-12,1.6592899125665229e-15
EFT:2.2666292875964856e-10,5.0754097095807845e-11,9.712084814599865e-14,8.13804672465986e-13,3.9630021778486603e-13,7.1915396670479655e-06,0.9999928081791862,1.14409823445847e-12,1.2768212873369276e-12,1.6592899125665347e-15
Random860
Raw:2.2666292875964856e-10,5.075409709580748e-11,9.712084814599795e-14,8.138046724659803e-13,3.9630021778486603e-13,7.191539667047978e-06,0.9999928081791862,1.144098234458466e-12,1.2768212873369185e-12,1.6592899125665229e-15
EFT:2.2666292875964856e-10,5.0754097095807845e-11,9.712084814599865e-14,8.13804672465986e-13,3.9630021778486603e-13,7.1915396670479655e-06,0.9999928081791862,1.14409823445847e-12,1.2768212873369276e-12,1.6592899125665347e-15
Random861
Raw:2.2666292875964936e-10,5.0754097095807845e-11,9.712084814599899e-14,8.13804672465986e-13,3.9630021778486603e-13,7.19153966704794e-06,0.9999928081791862,1.144098234458474e-12,1.2768212873369276e-12,1.6592899125665229e-15
EFT:2.2666292875964856e-10,5.0754097095807845e-11,9.712084814599865e-14,8.13804672465986e-13,3.9630021778486603e-13,7.1915396670479655e-06,0.9999928081791862,1.14409823445847e-12,1.2768212873369276e-12,1.6592899125665347e-15
Random862
Raw:2.2666292875964856e-10,5.0754097095807845e-11,9.712084814599865e-14,8.13804672465986e-13,3.9630021778486744e-13,7.1915396670479655e-06,0.9999928081791862,1.144098234458466e-12,1.276821287336923e-12,1.6592899125665347e-15
EFT:2.2666292875964856e-10,5.0754097095807845e-11,9.712084814599865e-14,8.13804672465986e-13,3.9630021778486603e-13,7.1915396670479655e-06,0.9999928081791862,1.14409823445847e-12,1.2768212873369276e-12,1.6592899125665347e-15
Random863
Raw:2.2666292875964856e-10,5.075409709580802e-11,9.712084814599865e-14,8.13804672465986e-13,3.963002177848646e-13,7.19153966704794e-06,0.9999928081791862,1.14409823445847e-12,1.276821287336923e-12,1.6592899125665229e-15
EFT:2.2666292875964856e-10,5.0754097095807845e-11,9.712084814599865e-14,8.13804672465986e-13,3.9630021778486603e-13,7.1915396670479655e-06,0.9999928081791862,1.14409823445847e-12,1.2768212873369276e-12,1.6592899125665347e-15
Random864
Raw:2.2666292875964776e-10,5.07540970958082e-11,9.712084814599865e-14,8.138046724659831e-13,3.963002177848646e-13,7.1915396670479655e-06,0.9999928081791862,1.144098234458474e-12,1.2768212873369185e-12,1.6592899125665347e-15
EFT:2.2666292875964856e-10,5.0754097095807845e-11,9.712084814599865e-14,8.13804672465986e-13,3.9630021778486603e-13,7.191539667047953e-06,0.9999928081791862,1.14409823445847e-12,1.2768212873369276e-12,1.6592899125665347e-15
Random865
Raw:2.2666292875964856e-10,5.0754097095807845e-11,9.712084814599934e-14,8.138046724659831e-13,3.9630021778486744e-13,7.191539667047978e-06,0.9999928081791862,1.14409823445847e-12,1.2768212873369276e-12,1.6592899125665347e-15
EFT:2.2666292875964856e-10,5.0754097095807845e-11,9.712084814599865e-14,8.13804672465986e-13,3.9630021778486603e-13,7.1915396670479655e-06,0.9999928081791862,1.14409823445847e-12,1.2768212873369276e-12,1.6592899125665347e-15
Random866
Raw:2.2666292875964936e-10,5.0754097095807845e-11,9.712084814599865e-14,8.138046724659889e-13,3.9630021778486744e-13,7.191539667047991e-06,0.9999928081791862,1.144098234458474e-12,1.2768212873369276e-12,1.6592899125665465e-15
EFT:2.2666292875964856e-10,5.0754097095807845e-11,9.712084814599865e-14,8.13804672465986e-13,3.9630021778486603e-13,7.1915396670479655e-06,0.9999928081791862,1.14409823445847e-12,1.2768212873369276e-12,1.6592899125665347e-15
Random867
Raw:2.2666292875964856e-10,5.0754097095807845e-11,9.712084814599865e-14,8.138046724659889e-13,3.9630021778486744e-13,7.1915396670479655e-06,0.9999928081791862,1.14409823445847e-12,1.2768212873369276e-12,1.6592899125665465e-15
EFT:2.2666292875964856e-10,5.0754097095807845e-11,9.712084814599865e-14,8.13804672465986e-13,3.9630021778486603e-13,7.1915396670479655e-06,0.9999928081791862,1.14409823445847e-12,1.2768212873369276e-12,1.6592899125665347e-15
Random868
Raw:2.2666292875964936e-10,5.075409709580802e-11,9.712084814599865e-14,8.138046724659889e-13,3.9630021778486603e-13,7.1915396670479655e-06,0.9999928081791862,1.144098234458466e-12,1.2768212873369276e-12,1.6592899125665347e-15
EFT:2.2666292875964856e-10,5.0754097095807845e-11,9.712084814599865e-14,8.13804672465986e-13,3.9630021778486603e-13,7.191539667047953e-06,0.9999928081791862,1.14409823445847e-12,1.2768212873369276e-12,1.6592899125665347e-15
Random869
Raw:2.2666292875964856e-10,5.07540970958082e-11,9.712084814599934e-14,8.138046724659889e-13,3.9630021778486744e-13,7.191539667047991e-06,0.9999928081791862,1.144098234458474e-12,1.276821287336923e-12,1.6592899125665347e-15
EFT:2.2666292875964856e-10,5.0754097095807845e-11,9.712084814599865e-14,8.13804672465986e-13,3.9630021778486603e-13,7.1915396670479655e-06,0.9999928081791862,1.14409823445847e-12,1.2768212873369276e-12,1.6592899125665347e-15
Random870
Raw:2.2666292875964776e-10,5.0754097095807845e-11,9.712084814599795e-14,8.138046724659831e-13,3.9630021778486603e-13,7.191539667047953e-06,0.9999928081791862,1.1440982344584619e-12,1.276821287336923e-12,1.6592899125665347e-15
EFT:2.2666292875964856e-10,5.0754097095807845e-11,9.712084814599865e-14,8.13804672465986e-13,3.9630021778486603e-13,7.1915396670479655e-06,0.9999928081791862,1.14409823445847e-12,1.2768212873369276e-12,1.6592899125665347e-15
Random871
Raw:2.2666292875965016e-10,5.075409709580838e-11,9.712084814599934e-14,8.138046724659918e-13,3.9630021778486744e-13,7.1915396670480036e-06,0.9999928081791862,1.144098234458474e-12,1.2768212873369276e-12,1.6592899125665582e-15
EFT:2.2666292875964856e-10,5.0754097095807845e-11,9.712084814599865e-14,8.13804672465986e-13,3.9630021778486603e-13,7.191539667047953e-06,0.9999928081791862,1.14409823445847e-12,1.2768212873369276e-12,1.6592899125665347e-15
Random872
Raw:2.2666292875964776e-10,5.0754097095807845e-11,9.712084814599829e-14,8.13804672465986e-13,3.9630021778486603e-13,7.19153966704794e-06,0.9999928081791862,1.144098234458466e-12,1.2768212873369185e-12,1.6592899125665229e-15
EFT:2.2666292875964856e-10,5.0754097095807845e-11,9.712084814599865e-14,8.13804672465986e-13,3.9630021778486603e-13,7.191539667047953e-06,0.9999928081791862,1.14409823445847e-12,1.2768212873369276e-12,1.6592899125665347e-15
Random873
Raw:2.2666292875964856e-10,5.075409709580748e-11,9.712084814599795e-14,8.138046724659773e-13,3.9630021778486603e-13,7.191539667047927e-06,0.9999928081791862,1.144098234458466e-12,1.2768212873369185e-12,1.6592899125665347e-15
EFT:2.2666292875964856e-10,5.0754097095807845e-11,9.712084814599865e-14,8.13804672465986e-13,3.9630021778486603e-13,7.1915396670479655e-06,0.9999928081791862,1.14409823445847e-12,1.2768212873369276e-12,1.6592899125665347e-15
Random874
Raw:2.2666292875964936e-10,5.0754097095807845e-11,9.712084814599865e-14,8.13804672465986e-13,3.9630021778486744e-13,7.1915396670479655e-06,0.9999928081791862,1.144098234458466e-12,1.276821287336923e-12,1.6592899125665347e-15
EFT:2.2666292875964856e-10,5.0754097095807845e-11,9.712084814599865e-14,8.13804672465986e-13,3.9630021778486603e-13,7.1915396670479655e-06,0.9999928081791862,1.14409823445847e-12,1.2768212873369276e-12,1.6592899125665347e-15
Random875
Raw:2.2666292875964776e-10,5.0754097095807845e-11,9.712084814599865e-14,8.13804672465986e-13,3.963002177848646e-13,7.191539667047991e-06,0.9999928081791862,1.144098234458466e-12,1.2768212873369276e-12,1.6592899125665347e-15
EFT:2.2666292875964856e-10,5.0754097095807845e-11,9.712084814599865e-14,8.13804672465986e-13,3.9630021778486603e-13,7.1915396670479655e-06,0.9999928081791862,1.14409823445847e-12,1.2768212873369276e-12,1.6592899125665347e-15
Random876
Raw:2.2666292875964776e-10,5.0754097095807664e-11,9.712084814599795e-14,8.138046724659803e-13,3.963002177848646e-13,7.191539667047953e-06,0.9999928081791862,1.144098234458466e-12,1.2768212873369185e-12,1.6592899125665347e-15
EFT:2.2666292875964856e-10,5.0754097095807845e-11,9.712084814599865e-14,8.13804672465986e-13,3.9630021778486603e-13,7.1915396670479655e-06,0.9999928081791862,1.14409823445847e-12,1.2768212873369276e-12,1.6592899125665347e-15
Random877
Raw:2.2666292875964776e-10,5.0754097095807845e-11,9.712084814599865e-14,8.13804672465986e-13,3.9630021778486603e-13,7.191539667047991e-06,0.9999928081791862,1.14409823445847e-12,1.2768212873369276e-12,1.6592899125665229e-15
EFT:2.2666292875964856e-10,5.0754097095807845e-11,9.712084814599865e-14,8.13804672465986e-13,3.9630021778486603e-13,7.1915396670479655e-06,0.9999928081791862,1.14409823445847e-12,1.2768212873369276e-12,1.6592899125665347e-15
Random878
Raw:2.2666292875964936e-10,5.075409709580802e-11,9.712084814599934e-14,8.13804672465986e-13,3.9630021778486744e-13,7.1915396670479655e-06,0.9999928081791862,1.14409823445847e-12,1.2768212873369365e-12,1.6592899125665347e-15
EFT:2.2666292875964856e-10,5.075409709580802e-11,9.712084814599865e-14,8.13804672465986e-13,3.9630021778486603e-13,7.191539667047953e-06,0.9999928081791862,1.14409823445847e-12,1.2768212873369276e-12,1.6592899125665347e-15
Random879
Raw:2.2666292875964613e-10,5.0754097095807664e-11,9.712084814599865e-14,8.138046724659831e-13,3.963002177848618e-13,7.1915396670479655e-06,0.9999928081791862,1.144098234458466e-12,1.276821287336923e-12,1.6592899125665229e-15
EFT:2.2666292875964856e-10,5.075409709580802e-11,9.712084814599865e-14,8.13804672465986e-13,3.9630021778486603e-13,7.191539667047953e-06,0.9999928081791862,1.14409823445847e-12,1.2768212873369276e-12,1.6592899125665347e-15
Random880
Raw:2.2666292875964856e-10,5.0754097095807845e-11,9.712084814599899e-14,8.13804672465986e-13,3.9630021778486744e-13,7.191539667047991e-06,0.9999928081791862,1.144098234458474e-12,1.2768212873369276e-12,1.6592899125665347e-15
EFT:2.2666292875964856e-10,5.0754097095807845e-11,9.712084814599865e-14,8.13804672465986e-13,3.9630021778486603e-13,7.191539667047953e-06,0.9999928081791862,1.14409823445847e-12,1.2768212873369276e-12,1.6592899125665347e-15
Random881
Raw:2.2666292875964936e-10,5.075409709580802e-11,9.712084814599934e-14,8.138046724659889e-13,3.9630021778486744e-13,7.191539667047991e-06,0.9999928081791862,1.144098234458474e-12,1.2768212873369276e-12,1.6592899125665347e-15
EFT:2.2666292875964856e-10,5.0754097095807845e-11,9.712084814599865e-14,8.13804672465986e-13,3.9630021778486603e-13,7.191539667047953e-06,0.9999928081791862,1.14409823445847e-12,1.2768212873369276e-12,1.6592899125665347e-15
Random882
Raw:2.2666292875964696e-10,5.075409709580748e-11,9.712084814599727e-14,8.138046724659745e-13,3.963002177848618e-13,7.191539667047953e-06,0.9999928081791862,1.144098234458466e-12,1.2768212873369185e-12,1.6592899125665229e-15
EFT:2.2666292875964856e-10,5.0754097095807845e-11,9.712084814599865e-14,8.13804672465986e-13,3.9630021778486603e-13,7.1915396670479655e-06,0.9999928081791862,1.14409823445847e-12,1.2768212873369276e-12,1.6592899125665347e-15
Random883
Raw:2.2666292875964936e-10,5.075409709580838e-11,9.712084814600002e-14,8.138046724659947e-13,3.963002177848688e-13,7.191539667047991e-06,0.9999928081791862,1.144098234458482e-12,1.2768212873369365e-12,1.6592899125665465e-15
EFT:2.2666292875964856e-10,5.0754097095807845e-11,9.712084814599865e-14,8.13804672465986e-13,3.9630021778486603e-13,7.1915396670479655e-06,0.9999928081791862,1.14409823445847e-12,1.2768212873369276e-12,1.6592899125665347e-15
Random884
Raw:2.2666292875964776e-10,5.0754097095807845e-11,9.712084814599865e-14,8.13804672465986e-13,3.9630021778486744e-13,7.1915396670479655e-06,0.9999928081791862,1.14409823445847e-12,1.2768212873369276e-12,1.6592899125665347e-15
EFT:2.2666292875964856e-10,5.0754097095807845e-11,9.712084814599865e-14,8.13804672465986e-13,3.9630021778486603e-13,7.191539667047953e-06,0.9999928081791862,1.14409823445847e-12,1.2768212873369276e-12,1.6592899125665347e-15
Random885
Raw:2.2666292875965016e-10,5.07540970958082e-11,9.712084814599934e-14,8.138046724659918e-13,3.9630021778486744e-13,7.191539667048042e-06,0.9999928081791862,1.144098234458482e-12,1.2768212873369365e-12,1.6592899125665465e-15
EFT:2.2666292875964856e-10,5.0754097095807845e-11,9.712084814599865e-14,8.13804672465986e-13,3.9630021778486603e-13,7.191539667047953e-06,0.9999928081791862,1.14409823445847e-12,1.2768212873369276e-12,1.6592899125665347e-15
Random886
Raw:2.2666292875964856e-10,5.0754097095807845e-11,9.712084814599865e-14,8.13804672465986e-13,3.9630021778486744e-13,7.191539667047991e-06,0.9999928081791862,1.144098234458466e-12,1.2768212873369276e-12,1.6592899125665465e-15
EFT:2.2666292875964856e-10,5.075409709580802e-11,9.712084814599865e-14,8.13804672465986e-13,3.9630021778486603e-13,7.191539667047953e-06,0.9999928081791862,1.14409823445847e-12,1.2768212873369276e-12,1.6592899125665347e-15
Random887
Raw:2.2666292875964696e-10,5.0754097095807845e-11,9.712084814599865e-14,8.138046724659831e-13,3.963002177848618e-13,7.19153966704794e-06,0.9999928081791862,1.14409823445847e-12,1.2768212873369185e-12,1.6592899125665229e-15
EFT:2.2666292875964856e-10,5.0754097095807845e-11,9.712084814599865e-14,8.13804672465986e-13,3.9630021778486603e-13,7.1915396670479655e-06,0.9999928081791862,1.14409823445847e-12,1.2768212873369276e-12,1.6592899125665347e-15
Random888
Raw:2.2666292875964613e-10,5.075409709580748e-11,9.712084814599829e-14,8.138046724659773e-13,3.963002177848646e-13,7.191539667047888e-06,0.9999928081791862,1.1440982344584578e-12,1.276821287336923e-12,1.6592899125665229e-15
EFT:2.2666292875964856e-10,5.0754097095807845e-11,9.712084814599865e-14,8.13804672465986e-13,3.9630021778486603e-13,7.1915396670479655e-06,0.9999928081791862,1.14409823445847e-12,1.2768212873369276e-12,1.6592899125665347e-15
Random889
Raw:2.2666292875964776e-10,5.075409709580802e-11,9.712084814599795e-14,8.138046724659773e-13,3.9630021778486603e-13,7.1915396670479655e-06,0.9999928081791862,1.144098234458466e-12,1.276821287336923e-12,1.6592899125665229e-15
EFT:2.2666292875964856e-10,5.075409709580802e-11,9.712084814599865e-14,8.13804672465986e-13,3.9630021778486603e-13,7.191539667047953e-06,0.9999928081791862,1.14409823445847e-12,1.2768212873369276e-12,1.6592899125665347e-15
Random890
Raw:2.2666292875964856e-10,5.075409709580802e-11,9.712084814599795e-14,8.13804672465986e-13,3.9630021778486744e-13,7.191539667047978e-06,0.9999928081791862,1.144098234458466e-12,1.2768212873369276e-12,1.6592899125665347e-15
EFT:2.2666292875964856e-10,5.0754097095807845e-11,9.712084814599865e-14,8.13804672465986e-13,3.9630021778486603e-13,7.1915396670479655e-06,0.9999928081791862,1.14409823445847e-12,1.2768212873369276e-12,1.6592899125665347e-15
Random891
Raw:2.2666292875965016e-10,5.075409709580802e-11,9.712084814599934e-14,8.138046724659889e-13,3.963002177848688e-13,7.19153966704794e-06,0.9999928081791862,1.144098234458474e-12,1.2768212873369276e-12,1.6592899125665347e-15
EFT:2.2666292875964856e-10,5.0754097095807845e-11,9.712084814599865e-14,8.13804672465986e-13,3.9630021778486603e-13,7.1915396670479655e-06,0.9999928081791862,1.14409823445847e-12,1.2768212873369276e-12,1.6592899125665347e-15
Random892
Raw:2.2666292875964856e-10,5.0754097095807845e-11,9.712084814599829e-14,8.138046724659831e-13,3.9630021778486603e-13,7.191539667047953e-06,0.9999928081791862,1.14409823445847e-12,1.2768212873369185e-12,1.6592899125665347e-15
EFT:2.2666292875964856e-10,5.0754097095807845e-11,9.712084814599865e-14,8.13804672465986e-13,3.9630021778486603e-13,7.1915396670479655e-06,0.9999928081791862,1.14409823445847e-12,1.2768212873369276e-12,1.6592899125665347e-15
Random893
Raw:2.2666292875964696e-10,5.0754097095807845e-11,9.712084814599761e-14,8.138046724659831e-13,3.9630021778486603e-13,7.1915396670480036e-06,0.9999928081791862,1.1440982344584619e-12,1.276821287336923e-12,1.6592899125665347e-15
EFT:2.2666292875964856e-10,5.0754097095807845e-11,9.712084814599865e-14,8.13804672465986e-13,3.9630021778486603e-13,7.1915396670479655e-06,0.9999928081791862,1.14409823445847e-12,1.2768212873369276e-12,1.6592899125665347e-15
Random894
Raw:2.2666292875964856e-10,5.075409709580802e-11,9.712084814599795e-14,8.138046724659889e-13,3.9630021778486744e-13,7.191539667047991e-06,0.9999928081791862,1.14409823445847e-12,1.2768212873369185e-12,1.6592899125665229e-15
EFT:2.2666292875964856e-10,5.0754097095807845e-11,9.712084814599865e-14,8.13804672465986e-13,3.9630021778486603e-13,7.1915396670479655e-06,0.9999928081791862,1.14409823445847e-12,1.2768212873369276e-12,1.6592899125665347e-15
Random895
Raw:2.2666292875964856e-10,5.07540970958082e-11,9.712084814599865e-14,8.138046724659918e-13,3.9630021778486744e-13,7.1915396670480036e-06,0.9999928081791862,1.144098234458474e-12,1.276821287336932e-12,1.6592899125665347e-15
EFT:2.2666292875964856e-10,5.0754097095807845e-11,9.712084814599865e-14,8.13804672465986e-13,3.9630021778486603e-13,7.1915396670479655e-06,0.9999928081791862,1.14409823445847e-12,1.2768212873369276e-12,1.6592899125665347e-15
Random896
Raw:2.2666292875964696e-10,5.0754097095807845e-11,9.712084814599865e-14,8.138046724659831e-13,3.9630021778486603e-13,7.191539667047927e-06,0.9999928081791862,1.144098234458466e-12,1.2768212873369185e-12,1.6592899125665229e-15
EFT:2.2666292875964856e-10,5.0754097095807845e-11,9.712084814599865e-14,8.13804672465986e-13,3.9630021778486603e-13,7.1915396670479655e-06,0.9999928081791862,1.14409823445847e-12,1.2768212873369276e-12,1.6592899125665347e-15
Random897
Raw:2.2666292875964856e-10,5.07540970958082e-11,9.712084814599934e-14,8.138046724659889e-13,3.9630021778486603e-13,7.191539667047978e-06,0.9999928081791862,1.144098234458474e-12,1.2768212873369365e-12,1.6592899125665465e-15
EFT:2.2666292875964856e-10,5.0754097095807845e-11,9.712084814599865e-14,8.13804672465986e-13,3.9630021778486603e-13,7.1915396670479655e-06,0.9999928081791862,1.14409823445847e-12,1.2768212873369276e-12,1.6592899125665347e-15
Random898
Raw:2.2666292875964856e-10,5.075409709580802e-11,9.712084814599829e-14,8.13804672465986e-13,3.9630021778486603e-13,7.191539667047901e-06,0.9999928081791862,1.1440982344584578e-12,1.2768212873369185e-12,1.6592899125665229e-15
EFT:2.2666292875964856e-10,5.0754097095807845e-11,9.712084814599865e-14,8.13804672465986e-13,3.9630021778486603e-13,7.1915396670479655e-06,0.9999928081791862,1.14409823445847e-12,1.2768212873369276e-12,1.6592899125665347e-15
Random899
Raw:2.2666292875965016e-10,5.0754097095807664e-11,9.712084814599829e-14,8.13804672465986e-13,3.963002177848646e-13,7.1915396670479655e-06,0.9999928081791862,1.14409823445847e-12,1.276821287336923e-12,1.6592899125665465e-15
EFT:2.2666292875964856e-10,5.075409709580802e-11,9.712084814599865e-14,8.13804672465986e-13,3.9630021778486603e-13,7.191539667047953e-06,0.9999928081791862,1.14409823445847e-12,1.2768212873369276e-12,1.6592899125665347e-15
Random900
Raw:2.2666292875964936e-10,5.0754097095807845e-11,9.712084814599865e-14,8.13804672465986e-13,3.9630021778486744e-13,7.19153966704794e-06,0.9999928081791862,1.144098234458466e-12,1.276821287336923e-12,1.6592899125665347e-15
EFT:2.2666292875964856e-10,5.0754097095807845e-11,9.712084814599865e-14,8.13804672465986e-13,3.9630021778486603e-13,7.191539667047953e-06,0.9999928081791862,1.14409823445847e-12,1.2768212873369276e-12,1.6592899125665347e-15
Random901
Raw:2.2666292875964856e-10,5.07540970958073e-11,9.712084814599727e-14,8.138046724659773e-13,3.963002177848632e-13,7.191539667047915e-06,0.9999928081791862,1.1440982344584578e-12,1.2768212873369139e-12,1.6592899125665229e-15
EFT:2.2666292875964856e-10,5.0754097095807845e-11,9.712084814599865e-14,8.13804672465986e-13,3.9630021778486603e-13,7.191539667047953e-06,0.9999928081791862,1.14409823445847e-12,1.2768212873369276e-12,1.6592899125665347e-15
Random902
Raw:2.2666292875964936e-10,5.07540970958082e-11,9.712084814599899e-14,8.138046724659889e-13,3.9630021778486603e-13,7.191539667047978e-06,0.9999928081791862,1.144098234458474e-12,1.276821287336932e-12,1.6592899125665465e-15
EFT:2.2666292875964856e-10,5.0754097095807845e-11,9.712084814599865e-14,8.13804672465986e-13,3.9630021778486603e-13,7.1915396670479655e-06,0.9999928081791862,1.14409823445847e-12,1.2768212873369276e-12,1.6592899125665347e-15
Random903
Raw:2.2666292875964856e-10,5.075409709580802e-11,9.712084814599865e-14,8.138046724659831e-13,3.963002177848688e-13,7.191539667047991e-06,0.9999928081791862,1.14409823445847e-12,1.276821287336923e-12,1.6592899125665347e-15
EFT:2.2666292875964856e-10,5.0754097095807845e-11,9.712084814599865e-14,8.13804672465986e-13,3.9630021778486603e-13,7.1915396670479655e-06,0.9999928081791862,1.14409823445847e-12,1.2768212873369276e-12,1.6592899125665347e-15
Random904
Raw:2.2666292875964936e-10,5.075409709580838e-11,9.712084814600002e-14,8.138046724659947e-13,3.9630021778486744e-13,7.191539667047991e-06,0.9999928081791862,1.144098234458474e-12,1.2768212873369412e-12,1.6592899125665465e-15
EFT:2.2666292875964856e-10,5.0754097095807845e-11,9.712084814599865e-14,8.13804672465986e-13,3.9630021778486603e-13,7.1915396670479655e-06,0.9999928081791862,1.14409823445847e-12,1.2768212873369276e-12,1.6592899125665347e-15
Random905
Raw:2.2666292875964776e-10,5.075409709580748e-11,9.712084814599829e-14,8.138046724659831e-13,3.9630021778486603e-13,7.191539667047927e-06,0.9999928081791862,1.14409823445847e-12,1.2768212873369276e-12,1.6592899125665347e-15
EFT:2.2666292875964856e-10,5.0754097095807845e-11,9.712084814599865e-14,8.13804672465986e-13,3.9630021778486603e-13,7.1915396670479655e-06,0.9999928081791862,1.14409823445847e-12,1.2768212873369276e-12,1.6592899125665347e-15
Random906
Raw:2.2666292875964776e-10,5.0754097095807845e-11,9.712084814599865e-14,8.138046724659831e-13,3.963002177848646e-13,7.1915396670480036e-06,0.9999928081791862,1.14409823445847e-12,1.2768212873369276e-12,1.6592899125665347e-15
EFT:2.2666292875964856e-10,5.0754097095807845e-11,9.712084814599865e-14,8.13804672465986e-13,3.9630021778486603e-13,7.1915396670479655e-06,0.9999928081791862,1.14409823445847e-12,1.2768212873369276e-12,1.6592899125665347e-15
Random907
Raw:2.2666292875964856e-10,5.07540970958082e-11,9.712084814599968e-14,8.138046724659947e-13,3.963002177848702e-13,7.191539667047991e-06,0.9999928081791862,1.144098234458482e-12,1.276821287336932e-12,1.6592899125665465e-15
EFT:2.2666292875964856e-10,5.0754097095807845e-11,9.712084814599865e-14,8.13804672465986e-13,3.9630021778486603e-13,7.1915396670479655e-06,0.9999928081791862,1.14409823445847e-12,1.2768212873369276e-12,1.6592899125665347e-15
Random908
Raw:2.2666292875965096e-10,5.075409709580856e-11,9.712084814600002e-14,8.138046724659918e-13,3.963002177848702e-13,7.1915396670480036e-06,0.9999928081791862,1.144098234458482e-12,1.2768212873369365e-12,1.6592899125665582e-15
EFT:2.2666292875964856e-10,5.0754097095807845e-11,9.712084814599865e-14,8.13804672465986e-13,3.9630021778486603e-13,7.1915396670479655e-06,0.9999928081791862,1.14409823445847e-12,1.2768212873369276e-12,1.6592899125665347e-15
Random909
Raw:2.2666292875964776e-10,5.0754097095807845e-11,9.712084814599795e-14,8.13804672465986e-13,3.963002177848646e-13,7.191539667047978e-06,0.9999928081791862,1.14409823445847e-12,1.276821287336923e-12,1.6592899125665347e-15
EFT:2.2666292875964856e-10,5.0754097095807845e-11,9.712084814599865e-14,8.13804672465986e-13,3.9630021778486603e-13,7.1915396670479655e-06,0.9999928081791862,1.14409823445847e-12,1.2768212873369276e-12,1.6592899125665347e-15
Random910
Raw:2.2666292875964856e-10,5.07540970958082e-11,9.712084814599899e-14,8.138046724659889e-13,3.9630021778486744e-13,7.191539667048016e-06,0.9999928081791862,1.144098234458474e-12,1.2768212873369276e-12,1.6592899125665347e-15
EFT:2.2666292875964856e-10,5.0754097095807845e-11,9.712084814599865e-14,8.13804672465986e-13,3.9630021778486603e-13,7.191539667047953e-06,0.9999928081791862,1.14409823445847e-12,1.2768212873369276e-12,1.6592899125665347e-15
Random911
Raw:2.2666292875964936e-10,5.07540970958082e-11,9.712084814600002e-14,8.138046724659889e-13,3.9630021778486744e-13,7.1915396670479655e-06,0.9999928081791862,1.144098234458474e-12,1.276821287336932e-12,1.6592899125665347e-15
EFT:2.2666292875964856e-10,5.0754097095807845e-11,9.712084814599865e-14,8.13804672465986e-13,3.9630021778486603e-13,7.191539667047953e-06,0.9999928081791862,1.14409823445847e-12,1.2768212873369276e-12,1.6592899125665347e-15
Random912
Raw:2.2666292875964856e-10,5.075409709580838e-11,9.712084814600002e-14,8.138046724659889e-13,3.9630021778486744e-13,7.191539667048016e-06,0.9999928081791862,1.144098234458474e-12,1.2768212873369456e-12,1.6592899125665465e-15
EFT:2.2666292875964856e-10,5.075409709580802e-11,9.712084814599865e-14,8.13804672465986e-13,3.9630021778486603e-13,7.191539667047953e-06,0.9999928081791862,1.14409823445847e-12,1.2768212873369276e-12,1.6592899125665347e-15
Random913
Raw:2.2666292875964776e-10,5.0754097095807845e-11,9.712084814599795e-14,8.13804672465986e-13,3.963002177848646e-13,7.1915396670480036e-06,0.9999928081791862,1.14409823445847e-12,1.276821287336923e-12,1.6592899125665229e-15
EFT:2.2666292875964856e-10,5.0754097095807845e-11,9.712084814599865e-14,8.13804672465986e-13,3.9630021778486603e-13,7.1915396670479655e-06,0.9999928081791862,1.14409823445847e-12,1.2768212873369276e-12,1.6592899125665347e-15
Random914
Raw:2.2666292875964776e-10,5.0754097095807845e-11,9.712084814599865e-14,8.138046724659889e-13,3.9630021778486603e-13,7.1915396670479655e-06,0.9999928081791862,1.144098234458466e-12,1.2768212873369276e-12,1.6592899125665229e-15
EFT:2.2666292875964856e-10,5.0754097095807845e-11,9.712084814599865e-14,8.13804672465986e-13,3.9630021778486603e-13,7.1915396670479655e-06,0.9999928081791862,1.14409823445847e-12,1.2768212873369276e-12,1.6592899125665347e-15
Random915
Raw:2.2666292875964936e-10,5.07540970958082e-11,9.712084814599865e-14,8.138046724659889e-13,3.9630021778486744e-13,7.1915396670480036e-06,0.9999928081791862,1.14409823445847e-12,1.2768212873369276e-12,1.6592899125665465e-15
EFT:2.2666292875964856e-10,5.0754097095807845e-11,9.712084814599865e-14,8.13804672465986e-13,3.9630021778486603e-13,7.1915396670479655e-06,0.9999928081791862,1.14409823445847e-12,1.2768212873369276e-12,1.6592899125665347e-15
Random916
Raw:2.2666292875964776e-10,5.075409709580802e-11,9.712084814599795e-14,8.138046724659803e-13,3.9630021778486603e-13,7.191539667047978e-06,0.9999928081791862,1.144098234458466e-12,1.2768212873369185e-12,1.6592899125665347e-15
EFT:2.2666292875964856e-10,5.0754097095807845e-11,9.712084814599865e-14,8.13804672465986e-13,3.9630021778486603e-13,7.1915396670479655e-06,0.9999928081791862,1.14409823445847e-12,1.2768212873369276e-12,1.6592899125665347e-15
Random917
Raw:2.2666292875964776e-10,5.0754097095807664e-11,9.712084814599829e-14,8.13804672465986e-13,3.9630021778486603e-13,7.191539667047927e-06,0.9999928081791862,1.1440982344584619e-12,1.276821287336932e-12,1.6592899125665347e-15
EFT:2.2666292875964856e-10,5.0754097095807845e-11,9.712084814599865e-14,8.13804672465986e-13,3.9630021778486603e-13,7.1915396670479655e-06,0.9999928081791862,1.14409823445847e-12,1.2768212873369276e-12,1.6592899125665347e-15
Random918
Raw:2.2666292875964696e-10,5.0754097095807845e-11,9.712084814599865e-14,8.138046724659831e-13,3.963002177848646e-13,7.191539667047953e-06,0.9999928081791862,1.14409823445847e-12,1.2768212873369185e-12,1.6592899125665229e-15
EFT:2.2666292875964856e-10,5.0754097095807845e-11,9.712084814599865e-14,8.13804672465986e-13,3.9630021778486603e-13,7.1915396670479655e-06,0.9999928081791862,1.14409823445847e-12,1.2768212873369276e-12,1.6592899125665347e-15
Random919
Raw:2.2666292875964856e-10,5.075409709580802e-11,9.712084814599865e-14,8.138046724659947e-13,3.963002177848688e-13,7.191539667048016e-06,0.9999928081791862,1.144098234458474e-12,1.276821287336923e-12,1.6592899125665465e-15
EFT:2.2666292875964856e-10,5.0754097095807845e-11,9.712084814599865e-14,8.13804672465986e-13,3.9630021778486603e-13,7.191539667047953e-06,0.9999928081791862,1.14409823445847e-12,1.2768212873369276e-12,1.6592899125665347e-15
Random920
Raw:2.2666292875964856e-10,5.07540970958082e-11,9.712084814599865e-14,8.138046724659918e-13,3.9630021778486603e-13,7.191539667048029e-06,0.9999928081791862,1.144098234458474e-12,1.2768212873369276e-12,1.6592899125665465e-15
EFT:2.2666292875964856e-10,5.0754097095807845e-11,9.712084814599865e-14,8.13804672465986e-13,3.9630021778486603e-13,7.1915396670479655e-06,0.9999928081791862,1.14409823445847e-12,1.2768212873369276e-12,1.6592899125665347e-15
Random921
Raw:2.2666292875964856e-10,5.0754097095807845e-11,9.712084814599865e-14,8.138046724659889e-13,3.963002177848688e-13,7.191539667047927e-06,0.9999928081791862,1.144098234458466e-12,1.276821287336923e-12,1.6592899125665465e-15
EFT:2.2666292875964856e-10,5.0754097095807845e-11,9.712084814599865e-14,8.13804672465986e-13,3.9630021778486603e-13,7.1915396670479655e-06,0.9999928081791862,1.14409823445847e-12,1.2768212873369276e-12,1.6592899125665347e-15
Random922
Raw:2.2666292875964936e-10,5.07540970958082e-11,9.712084814599899e-14,8.138046724659889e-13,3.963002177848646e-13,7.19153966704794e-06,0.9999928081791862,1.144098234458466e-12,1.2768212873369276e-12,1.6592899125665347e-15
EFT:2.2666292875964856e-10,5.0754097095807845e-11,9.712084814599865e-14,8.13804672465986e-13,3.9630021778486603e-13,7.1915396670479655e-06,0.9999928081791862,1.14409823445847e-12,1.2768212873369276e-12,1.6592899125665347e-15
Random923
Raw:2.2666292875964696e-10,5.0754097095807845e-11,9.712084814599865e-14,8.13804672465986e-13,3.963002177848688e-13,7.191539667047953e-06,0.9999928081791862,1.144098234458474e-12,1.276821287336932e-12,1.6592899125665229e-15
EFT:2.2666292875964856e-10,5.0754097095807845e-11,9.712084814599865e-14,8.13804672465986e-13,3.9630021778486603e-13,7.1915396670479655e-06,0.9999928081791862,1.14409823445847e-12,1.2768212873369276e-12,1.6592899125665347e-15
Random924
Raw:2.2666292875964856e-10,5.075409709580838e-11,9.712084814599934e-14,8.138046724659889e-13,3.963002177848702e-13,7.191539667048042e-06,0.9999928081791862,1.144098234458474e-12,1.2768212873369412e-12,1.6592899125665465e-15
EFT:2.2666292875964856e-10,5.0754097095807845e-11,9.712084814599865e-14,8.13804672465986e-13,3.9630021778486603e-13,7.1915396670479655e-06,0.9999928081791862,1.14409823445847e-12,1.2768212873369276e-12,1.6592899125665347e-15
Random925
Raw:2.2666292875964696e-10,5.075409709580802e-11,9.712084814599829e-14,8.13804672465986e-13,3.9630021778486744e-13,7.191539667047991e-06,0.9999928081791862,1.144098234458466e-12,1.2768212873369276e-12,1.6592899125665347e-15
EFT:2.2666292875964856e-10,5.0754097095807845e-11,9.712084814599865e-14,8.13804672465986e-13,3.9630021778486603e-13,7.1915396670479655e-06,0.9999928081791862,1.14409823445847e-12,1.2768212873369276e-12,1.6592899125665347e-15
Random926
Raw:2.2666292875964856e-10,5.07540970958082e-11,9.712084814599934e-14,8.138046724659889e-13,3.9630021778486744e-13,7.191539667047978e-06,0.9999928081791862,1.144098234458474e-12,1.276821287336932e-12,1.6592899125665465e-15
EFT:2.2666292875964856e-10,5.0754097095807845e-11,9.712084814599865e-14,8.13804672465986e-13,3.9630021778486603e-13,7.191539667047953e-06,0.9999928081791862,1.14409823445847e-12,1.2768212873369276e-12,1.6592899125665347e-15
Random927
Raw:2.2666292875964776e-10,5.075409709580748e-11,9.712084814599761e-14,8.138046724659803e-13,3.9630021778486603e-13,7.191539667047915e-06,0.9999928081791862,1.1440982344584578e-12,1.276821287336923e-12,1.6592899125665229e-15
EFT:2.2666292875964856e-10,5.0754097095807845e-11,9.712084814599865e-14,8.13804672465986e-13,3.9630021778486603e-13,7.1915396670479655e-06,0.9999928081791862,1.14409823445847e-12,1.2768212873369276e-12,1.6592899125665347e-15
Random928
Raw:2.2666292875964696e-10,5.0754097095807664e-11,9.712084814599795e-14,8.138046724659803e-13,3.9630021778486603e-13,7.191539667047991e-06,0.9999928081791862,1.1440982344584619e-12,1.2768212873369185e-12,1.6592899125665229e-15
EFT:2.2666292875964856e-10,5.0754097095807845e-11,9.712084814599865e-14,8.13804672465986e-13,3.9630021778486603e-13,7.1915396670479655e-06,0.9999928081791862,1.14409823445847e-12,1.2768212873369276e-12,1.6592899125665347e-15
Random929
Raw:2.2666292875964776e-10,5.07540970958082e-11,9.712084814599865e-14,8.138046724659831e-13,3.9630021778486603e-13,7.1915396670479655e-06,0.9999928081791862,1.144098234458466e-12,1.2768212873369276e-12,1.6592899125665229e-15
EFT:2.2666292875964856e-10,5.0754097095807845e-11,9.712084814599865e-14,8.13804672465986e-13,3.9630021778486603e-13,7.1915396670479655e-06,0.9999928081791862,1.14409823445847e-12,1.2768212873369276e-12,1.6592899125665347e-15
Random930
Raw:2.2666292875964856e-10,5.075409709580838e-11,9.712084814599934e-14,8.138046724659889e-13,3.9630021778486744e-13,7.191539667047978e-06,0.9999928081791862,1.144098234458474e-12,1.2768212873369276e-12,1.6592899125665347e-15
EFT:2.2666292875964856e-10,5.0754097095807845e-11,9.712084814599865e-14,8.13804672465986e-13,3.9630021778486603e-13,7.1915396670479655e-06,0.9999928081791862,1.14409823445847e-12,1.2768212873369276e-12,1.6592899125665347e-15
Random931
Raw:2.2666292875964696e-10,5.075409709580838e-11,9.712084814599865e-14,8.13804672465986e-13,3.9630021778486744e-13,7.1915396670479655e-06,0.9999928081791862,1.144098234458466e-12,1.276821287336923e-12,1.6592899125665347e-15
EFT:2.2666292875964856e-10,5.0754097095807845e-11,9.712084814599865e-14,8.13804672465986e-13,3.9630021778486603e-13,7.1915396670479655e-06,0.9999928081791862,1.14409823445847e-12,1.2768212873369276e-12,1.6592899125665347e-15
Random932
Raw:2.2666292875964696e-10,5.0754097095807845e-11,9.712084814599795e-14,8.138046724659831e-13,3.963002177848646e-13,7.191539667047915e-06,0.9999928081791862,1.1440982344584619e-12,1.276821287336923e-12,1.6592899125665229e-15
EFT:2.2666292875964856e-10,5.0754097095807845e-11,9.712084814599865e-14,8.13804672465986e-13,3.9630021778486603e-13,7.1915396670479655e-06,0.9999928081791862,1.14409823445847e-12,1.2768212873369276e-12,1.6592899125665347e-15
Random933
Raw:2.2666292875965016e-10,5.075409709580838e-11,9.712084814599934e-14,8.138046724659918e-13,3.9630021778486744e-13,7.191539667048029e-06,0.9999928081791862,1.144098234458482e-12,1.276821287336932e-12,1.6592899125665465e-15
EFT:2.2666292875964856e-10,5.0754097095807845e-11,9.712084814599865e-14,8.13804672465986e-13,3.9630021778486603e-13,7.1915396670479655e-06,0.9999928081791862,1.14409823445847e-12,1.2768212873369276e-12,1.6592899125665347e-15
Random934
Raw:2.2666292875964936e-10,5.075409709580802e-11,9.712084814599865e-14,8.138046724659918e-13,3.963002177848688e-13,7.1915396670479655e-06,0.9999928081791862,1.144098234458474e-12,1.2768212873369365e-12,1.6592899125665465e-15
EFT:2.2666292875964856e-10,5.0754097095807845e-11,9.712084814599865e-14,8.13804672465986e-13,3.9630021778486603e-13,7.1915396670479655e-06,0.9999928081791862,1.14409823445847e-12,1.2768212873369276e-12,1.6592899125665347e-15
Random935
Raw:2.2666292875964856e-10,5.0754097095807664e-11,9.712084814599865e-14,8.138046724659831e-13,3.9630021778486603e-13,7.191539667047927e-06,0.9999928081791862,1.144098234458466e-12,1.2768212873369276e-12,1.6592899125665347e-15
EFT:2.2666292875964856e-10,5.075409709580802e-11,9.712084814599865e-14,8.13804672465986e-13,3.9630021778486603e-13,7.191539667047953e-06,0.9999928081791862,1.14409823445847e-12,1.2768212873369276e-12,1.6592899125665347e-15
Random936
Raw:2.2666292875964856e-10,5.0754097095807845e-11,9.712084814599829e-14,8.138046724659889e-13,3.9630021778486744e-13,7.191539667047953e-06,0.9999928081791862,1.144098234458466e-12,1.2768212873369276e-12,1.6592899125665347e-15
EFT:2.2666292875964856e-10,5.0754097095807845e-11,9.712084814599865e-14,8.13804672465986e-13,3.9630021778486603e-13,7.1915396670479655e-06,0.9999928081791862,1.14409823445847e-12,1.2768212873369276e-12,1.6592899125665347e-15
Random937
Raw:2.2666292875964936e-10,5.0754097095807845e-11,9.712084814599829e-14,8.138046724659889e-13,3.9630021778486744e-13,7.1915396670479655e-06,0.9999928081791862,1.144098234458474e-12,1.2768212873369185e-12,1.6592899125665347e-15
EFT:2.2666292875964856e-10,5.0754097095807845e-11,9.712084814599865e-14,8.13804672465986e-13,3.9630021778486603e-13,7.1915396670479655e-06,0.9999928081791862,1.14409823445847e-12,1.2768212873369276e-12,1.6592899125665347e-15
Random938
Raw:2.2666292875964936e-10,5.075409709580838e-11,9.712084814599968e-14,8.138046724659918e-13,3.9630021778486744e-13,7.191539667047978e-06,0.9999928081791862,1.144098234458478e-12,1.276821287336932e-12,1.6592899125665465e-15
EFT:2.2666292875964856e-10,5.0754097095807845e-11,9.712084814599865e-14,8.13804672465986e-13,3.9630021778486603e-13,7.1915396670479655e-06,0.9999928081791862,1.14409823445847e-12,1.2768212873369276e-12,1.6592899125665347e-15
Random939
Raw:2.2666292875964696e-10,5.075409709580802e-11,9.712084814599795e-14,8.138046724659831e-13,3.963002177848618e-13,7.1915396670479655e-06,0.9999928081791862,1.144098234458466e-12,1.2768212873369185e-12,1.6592899125665229e-15
EFT:2.2666292875964856e-10,5.0754097095807845e-11,9.712084814599865e-14,8.13804672465986e-13,3.9630021778486603e-13,7.1915396670479655e-06,0.9999928081791862,1.14409823445847e-12,1.2768212873369276e-12,1.6592899125665347e-15
Random940
Raw:2.2666292875964936e-10,5.075409709580802e-11,9.712084814599865e-14,8.138046724659889e-13,3.9630021778486744e-13,7.191539667048016e-06,0.9999928081791862,1.144098234458474e-12,1.2768212873369276e-12,1.6592899125665465e-15
EFT:2.2666292875964856e-10,5.0754097095807845e-11,9.712084814599865e-14,8.13804672465986e-13,3.9630021778486603e-13,7.1915396670479655e-06,0.9999928081791862,1.14409823445847e-12,1.2768212873369276e-12,1.6592899125665347e-15
Random941
Raw:2.2666292875964776e-10,5.0754097095807845e-11,9.712084814599865e-14,8.13804672465986e-13,3.9630021778486744e-13,7.191539667047991e-06,0.9999928081791862,1.144098234458466e-12,1.276821287336923e-12,1.6592899125665347e-15
EFT:2.2666292875964856e-10,5.0754097095807845e-11,9.712084814599865e-14,8.13804672465986e-13,3.9630021778486603e-13,7.191539667047953e-06,0.9999928081791862,1.14409823445847e-12,1.2768212873369276e-12,1.6592899125665347e-15
Random942
Raw:2.2666292875964776e-10,5.075409709580802e-11,9.712084814599865e-14,8.13804672465986e-13,3.963002177848618e-13,7.191539667047978e-06,0.9999928081791862,1.144098234458474e-12,1.2768212873369276e-12,1.6592899125665347e-15
EFT:2.2666292875964856e-10,5.0754097095807845e-11,9.712084814599865e-14,8.13804672465986e-13,3.9630021778486603e-13,7.1915396670479655e-06,0.9999928081791862,1.14409823445847e-12,1.2768212873369276e-12,1.6592899125665347e-15
Random943
Raw:2.2666292875964856e-10,5.0754097095807664e-11,9.712084814599795e-14,8.13804672465986e-13,3.9630021778486603e-13,7.191539667047901e-06,0.9999928081791862,1.1440982344584619e-12,1.2768212873369185e-12,1.659289912566511e-15
EFT:2.2666292875964856e-10,5.0754097095807845e-11,9.712084814599865e-14,8.13804672465986e-13,3.9630021778486603e-13,7.1915396670479655e-06,0.9999928081791862,1.14409823445847e-12,1.2768212873369276e-12,1.6592899125665347e-15
Random944
Raw:2.2666292875964696e-10,5.075409709580748e-11,9.712084814599795e-14,8.138046724659773e-13,3.963002177848632e-13,7.191539667047915e-06,0.9999928081791862,1.1440982344584536e-12,1.2768212873369094e-12,1.6592899125665229e-15
EFT:2.2666292875964856e-10,5.0754097095807845e-11,9.712084814599865e-14,8.13804672465986e-13,3.9630021778486603e-13,7.1915396670479655e-06,0.9999928081791862,1.14409823445847e-12,1.2768212873369276e-12,1.6592899125665347e-15
Random945
Raw:2.2666292875964936e-10,5.0754097095807845e-11,9.712084814599934e-14,8.138046724659889e-13,3.9630021778486744e-13,7.19153966704794e-06,0.9999928081791862,1.144098234458474e-12,1.2768212873369365e-12,1.6592899125665347e-15
EFT:2.2666292875964856e-10,5.0754097095807845e-11,9.712084814599865e-14,8.13804672465986e-13,3.9630021778486603e-13,7.191539667047953e-06,0.9999928081791862,1.14409823445847e-12,1.2768212873369276e-12,1.6592899125665347e-15
Random946
Raw:2.2666292875964856e-10,5.07540970958082e-11,9.712084814599899e-14,8.138046724659889e-13,3.9630021778486744e-13,7.191539667047978e-06,0.9999928081791862,1.144098234458474e-12,1.276821287336932e-12,1.6592899125665465e-15
EFT:2.2666292875964856e-10,5.0754097095807845e-11,9.712084814599865e-14,8.13804672465986e-13,3.9630021778486603e-13,7.1915396670479655e-06,0.9999928081791862,1.14409823445847e-12,1.2768212873369276e-12,1.6592899125665347e-15
Random947
Raw:2.2666292875964613e-10,5.0754097095807845e-11,9.712084814599795e-14,8.138046724659831e-13,3.963002177848632e-13,7.191539667047991e-06,0.9999928081791862,1.144098234458466e-12,1.2768212873369185e-12,1.6592899125665229e-15
EFT:2.2666292875964856e-10,5.0754097095807845e-11,9.712084814599865e-14,8.13804672465986e-13,3.9630021778486603e-13,7.1915396670479655e-06,0.9999928081791862,1.14409823445847e-12,1.2768212873369276e-12,1.6592899125665347e-15
Random948
Raw:2.2666292875964856e-10,5.0754097095807845e-11,9.712084814599865e-14,8.138046724659831e-13,3.9630021778486603e-13,7.1915396670479655e-06,0.9999928081791862,1.144098234458474e-12,1.2768212873369185e-12,1.6592899125665229e-15
EFT:2.2666292875964856e-10,5.0754097095807845e-11,9.712084814599865e-14,8.13804672465986e-13,3.9630021778486603e-13,7.1915396670479655e-06,0.9999928081791862,1.14409823445847e-12,1.2768212873369276e-12,1.6592899125665347e-15
Random949
Raw:2.2666292875964856e-10,5.0754097095807845e-11,9.712084814599865e-14,8.13804672465986e-13,3.9630021778486603e-13,7.1915396670479655e-06,0.9999928081791862,1.144098234458466e-12,1.2768212873369276e-12,1.6592899125665347e-15
EFT:2.2666292875964856e-10,5.075409709580802e-11,9.712084814599865e-14,8.13804672465986e-13,3.9630021778486603e-13,7.191539667047953e-06,0.9999928081791862,1.14409823445847e-12,1.2768212873369276e-12,1.6592899125665347e-15
Random950
Raw:2.2666292875964856e-10,5.075409709580838e-11,9.712084814599934e-14,8.138046724659889e-13,3.963002177848702e-13,7.191539667048029e-06,0.9999928081791862,1.144098234458474e-12,1.2768212873369365e-12,1.6592899125665465e-15
EFT:2.2666292875964856e-10,5.0754097095807845e-11,9.712084814599865e-14,8.13804672465986e-13,3.9630021778486603e-13,7.1915396670479655e-06,0.9999928081791862,1.14409823445847e-12,1.2768212873369276e-12,1.6592899125665347e-15
Random951
Raw:2.2666292875964856e-10,5.0754097095807845e-11,9.712084814599865e-14,8.138046724659831e-13,3.963002177848646e-13,7.191539667047915e-06,0.9999928081791862,1.144098234458466e-12,1.2768212873369185e-12,1.6592899125665229e-15
EFT:2.2666292875964856e-10,5.0754097095807845e-11,9.712084814599865e-14,8.13804672465986e-13,3.9630021778486603e-13,7.1915396670479655e-06,0.9999928081791862,1.14409823445847e-12,1.2768212873369276e-12,1.6592899125665347e-15
Random952
Raw:2.2666292875964696e-10,5.075409709580802e-11,9.712084814599865e-14,8.138046724659831e-13,3.9630021778486744e-13,7.19153966704794e-06,0.9999928081791862,1.1440982344584619e-12,1.276821287336923e-12,1.6592899125665229e-15
EFT:2.2666292875964856e-10,5.0754097095807845e-11,9.712084814599865e-14,8.13804672465986e-13,3.9630021778486603e-13,7.1915396670479655e-06,0.9999928081791862,1.14409823445847e-12,1.2768212873369276e-12,1.6592899125665347e-15
Random953
Raw:2.2666292875964936e-10,5.075409709580802e-11,9.712084814599899e-14,8.138046724659889e-13,3.9630021778486744e-13,7.191539667047991e-06,0.9999928081791862,1.144098234458474e-12,1.276821287336932e-12,1.6592899125665582e-15
EFT:2.2666292875964856e-10,5.0754097095807845e-11,9.712084814599865e-14,8.13804672465986e-13,3.9630021778486603e-13,7.191539667047953e-06,0.9999928081791862,1.14409823445847e-12,1.2768212873369276e-12,1.6592899125665347e-15
Random954
Raw:2.2666292875964696e-10,5.0754097095807664e-11,9.712084814599795e-14,8.138046724659831e-13,3.963002177848646e-13,7.191539667047953e-06,0.9999928081791862,1.14409823445847e-12,1.2768212873369185e-12,1.6592899125665229e-15
EFT:2.2666292875964856e-10,5.0754097095807845e-11,9.712084814599865e-14,8.13804672465986e-13,3.9630021778486603e-13,7.191539667047953e-06,0.9999928081791862,1.14409823445847e-12,1.2768212873369276e-12,1.6592899125665347e-15
Random955
Raw:2.2666292875964856e-10,5.075409709580802e-11,9.712084814599795e-14,8.138046724659831e-13,3.9630021778486603e-13,7.191539667047978e-06,0.9999928081791862,1.14409823445847e-12,1.2768212873369139e-12,1.6592899125665229e-15
EFT:2.2666292875964856e-10,5.0754097095807845e-11,9.712084814599865e-14,8.13804672465986e-13,3.9630021778486603e-13,7.1915396670479655e-06,0.9999928081791862,1.14409823445847e-12,1.2768212873369276e-12,1.6592899125665347e-15
Random956
Raw:2.2666292875964856e-10,5.075409709580802e-11,9.712084814599968e-14,8.138046724659918e-13,3.9630021778486744e-13,7.191539667047978e-06,0.9999928081791862,1.144098234458474e-12,1.2768212873369276e-12,1.6592899125665465e-15
EFT:2.2666292875964856e-10,5.0754097095807845e-11,9.712084814599865e-14,8.13804672465986e-13,3.9630021778486603e-13,7.1915396670479655e-06,0.9999928081791862,1.14409823445847e-12,1.2768212873369276e-12,1.6592899125665347e-15
Random957
Raw:2.2666292875964696e-10,5.07540970958082e-11,9.712084814599934e-14,8.13804672465986e-13,3.963002177848646e-13,7.191539667047991e-06,0.9999928081791862,1.14409823445847e-12,1.2768212873369276e-12,1.6592899125665229e-15
EFT:2.2666292875964856e-10,5.0754097095807845e-11,9.712084814599865e-14,8.13804672465986e-13,3.9630021778486603e-13,7.1915396670479655e-06,0.9999928081791862,1.14409823445847e-12,1.2768212873369276e-12,1.6592899125665347e-15
Random958
Raw:2.2666292875964856e-10,5.0754097095807845e-11,9.712084814599795e-14,8.13804672465986e-13,3.9630021778486603e-13,7.1915396670480036e-06,0.9999928081791862,1.144098234458466e-12,1.2768212873369276e-12,1.6592899125665465e-15
EFT:2.2666292875964856e-10,5.0754097095807845e-11,9.712084814599865e-14,8.13804672465986e-13,3.9630021778486603e-13,7.191539667047953e-06,0.9999928081791862,1.14409823445847e-12,1.2768212873369276e-12,1.6592899125665347e-15
Random959
Raw:2.2666292875964856e-10,5.07540970958082e-11,9.712084814599865e-14,8.138046724659831e-13,3.963002177848646e-13,7.191539667047953e-06,0.9999928081791862,1.144098234458474e-12,1.276821287336923e-12,1.6592899125665229e-15
EFT:2.2666292875964856e-10,5.0754097095807845e-11,9.712084814599865e-14,8.13804672465986e-13,3.9630021778486603e-13,7.191539667047953e-06,0.9999928081791862,1.14409823445847e-12,1.2768212873369276e-12,1.6592899125665347e-15
Random960
Raw:2.2666292875964613e-10,5.07540970958073e-11,9.712084814599727e-14,8.138046724659745e-13,3.963002177848646e-13,7.19153966704794e-06,0.9999928081791862,1.1440982344584496e-12,1.2768212873369139e-12,1.6592899125665229e-15
EFT:2.2666292875964856e-10,5.0754097095807845e-11,9.712084814599865e-14,8.13804672465986e-13,3.9630021778486603e-13,7.1915396670479655e-06,0.9999928081791862,1.14409823445847e-12,1.2768212873369276e-12,1.6592899125665347e-15
Random961
Raw:2.2666292875964696e-10,5.075409709580802e-11,9.712084814599865e-14,8.138046724659889e-13,3.9630021778486603e-13,7.191539667047991e-06,0.9999928081791862,1.144098234458474e-12,1.2768212873369185e-12,1.6592899125665347e-15
EFT:2.2666292875964856e-10,5.0754097095807845e-11,9.712084814599865e-14,8.13804672465986e-13,3.9630021778486603e-13,7.1915396670479655e-06,0.9999928081791862,1.14409823445847e-12,1.2768212873369276e-12,1.6592899125665347e-15
Random962
Raw:2.2666292875964696e-10,5.0754097095807664e-11,9.712084814599795e-14,8.138046724659831e-13,3.9630021778486603e-13,7.191539667047953e-06,0.9999928081791862,1.144098234458466e-12,1.276821287336923e-12,1.6592899125665229e-15
EFT:2.2666292875964856e-10,5.0754097095807845e-11,9.712084814599865e-14,8.13804672465986e-13,3.9630021778486603e-13,7.1915396670479655e-06,0.9999928081791862,1.14409823445847e-12,1.2768212873369276e-12,1.6592899125665347e-15
Random963
Raw:2.2666292875964856e-10,5.075409709580802e-11,9.712084814599934e-14,8.138046724659889e-13,3.9630021778486744e-13,7.1915396670479655e-06,0.9999928081791862,1.144098234458474e-12,1.2768212873369276e-12,1.6592899125665347e-15
EFT:2.2666292875964856e-10,5.0754097095807845e-11,9.712084814599865e-14,8.13804672465986e-13,3.9630021778486603e-13,7.1915396670479655e-06,0.9999928081791862,1.14409823445847e-12,1.2768212873369276e-12,1.6592899125665347e-15
Random964
Raw:2.2666292875964776e-10,5.075409709580802e-11,9.712084814599865e-14,8.138046724659831e-13,3.9630021778486603e-13,7.191539667047991e-06,0.9999928081791862,1.144098234458474e-12,1.2768212873369276e-12,1.6592899125665347e-15
EFT:2.2666292875964856e-10,5.0754097095807845e-11,9.712084814599865e-14,8.13804672465986e-13,3.9630021778486603e-13,7.1915396670479655e-06,0.9999928081791862,1.14409823445847e-12,1.2768212873369276e-12,1.6592899125665347e-15
Random965
Raw:2.2666292875965096e-10,5.075409709580838e-11,9.712084814599968e-14,8.138046724659947e-13,3.963002177848702e-13,7.191539667048042e-06,0.9999928081791862,1.144098234458482e-12,1.2768212873369412e-12,1.6592899125665465e-15
EFT:2.2666292875964856e-10,5.0754097095807845e-11,9.712084814599865e-14,8.13804672465986e-13,3.9630021778486603e-13,7.191539667047953e-06,0.9999928081791862,1.14409823445847e-12,1.2768212873369276e-12,1.6592899125665347e-15
Random966
Raw:2.2666292875965096e-10,5.075409709580802e-11,9.712084814599865e-14,8.138046724659889e-13,3.9630021778486744e-13,7.191539667047991e-06,0.9999928081791862,1.144098234458474e-12,1.2768212873369276e-12,1.6592899125665465e-15
EFT:2.2666292875964856e-10,5.075409709580802e-11,9.712084814599865e-14,8.13804672465986e-13,3.9630021778486744e-13,7.191539667047953e-06,0.9999928081791862,1.14409823445847e-12,1.2768212873369276e-12,1.6592899125665347e-15
Random967
Raw:2.2666292875964776e-10,5.075409709580748e-11,9.712084814599829e-14,8.138046724659831e-13,3.963002177848646e-13,7.191539667047927e-06,0.9999928081791862,1.144098234458466e-12,1.2768212873369276e-12,1.6592899125665347e-15
EFT:2.2666292875964856e-10,5.0754097095807845e-11,9.712084814599865e-14,8.13804672465986e-13,3.9630021778486603e-13,7.1915396670479655e-06,0.9999928081791862,1.14409823445847e-12,1.2768212873369276e-12,1.6592899125665347e-15
Random968
Raw:2.2666292875964856e-10,5.075409709580802e-11,9.712084814599865e-14,8.138046724659889e-13,3.963002177848688e-13,7.1915396670480036e-06,0.9999928081791862,1.144098234458474e-12,1.276821287336932e-12,1.6592899125665465e-15
EFT:2.2666292875964856e-10,5.0754097095807845e-11,9.712084814599865e-14,8.13804672465986e-13,3.9630021778486603e-13,7.191539667047953e-06,0.9999928081791862,1.14409823445847e-12,1.2768212873369276e-12,1.6592899125665347e-15
Random969
Raw:2.2666292875964856e-10,5.07540970958073e-11,9.712084814599761e-14,8.138046724659773e-13,3.963002177848632e-13,7.191539667047901e-06,0.9999928081791862,1.1440982344584619e-12,1.2768212873369139e-12,1.6592899125665229e-15
EFT:2.2666292875964856e-10,5.0754097095807845e-11,9.712084814599865e-14,8.13804672465986e-13,3.9630021778486603e-13,7.191539667047953e-06,0.9999928081791862,1.14409823445847e-12,1.2768212873369276e-12,1.6592899125665347e-15
Random970
Raw:2.2666292875964696e-10,5.075409709580802e-11,9.712084814599865e-14,8.138046724659889e-13,3.963002177848632e-13,7.191539667047978e-06,0.9999928081791862,1.144098234458466e-12,1.276821287336923e-12,1.6592899125665229e-15
EFT:2.2666292875964856e-10,5.0754097095807845e-11,9.712084814599865e-14,8.13804672465986e-13,3.9630021778486603e-13,7.1915396670479655e-06,0.9999928081791862,1.14409823445847e-12,1.2768212873369276e-12,1.6592899125665347e-15
Random971
Raw:2.2666292875964856e-10,5.0754097095807845e-11,9.712084814599865e-14,8.138046724659889e-13,3.9630021778486744e-13,7.1915396670479655e-06,0.9999928081791862,1.14409823445847e-12,1.276821287336923e-12,1.6592899125665347e-15
EFT:2.2666292875964856e-10,5.0754097095807845e-11,9.712084814599865e-14,8.13804672465986e-13,3.9630021778486603e-13,7.191539667047953e-06,0.9999928081791862,1.14409823445847e-12,1.2768212873369276e-12,1.6592899125665347e-15
Random972
Raw:2.2666292875964856e-10,5.0754097095807845e-11,9.712084814599865e-14,8.138046724659918e-13,3.963002177848688e-13,7.191539667047991e-06,0.9999928081791862,1.144098234458474e-12,1.276821287336932e-12,1.6592899125665465e-15
EFT:2.2666292875964856e-10,5.0754097095807845e-11,9.712084814599865e-14,8.13804672465986e-13,3.9630021778486603e-13,7.191539667047953e-06,0.9999928081791862,1.14409823445847e-12,1.2768212873369276e-12,1.6592899125665347e-15
Random973
Raw:2.2666292875965016e-10,5.07540970958082e-11,9.712084814599934e-14,8.138046724659918e-13,3.9630021778486744e-13,7.191539667048029e-06,0.9999928081791862,1.144098234458478e-12,1.2768212873369365e-12,1.6592899125665465e-15
EFT:2.2666292875964856e-10,5.0754097095807845e-11,9.712084814599865e-14,8.13804672465986e-13,3.9630021778486603e-13,7.1915396670479655e-06,0.9999928081791862,1.14409823445847e-12,1.2768212873369276e-12,1.6592899125665347e-15
Random974
Raw:2.2666292875964856e-10,5.0754097095807845e-11,9.712084814599865e-14,8.138046724659831e-13,3.9630021778486744e-13,7.191539667047978e-06,0.9999928081791862,1.144098234458474e-12,1.2768212873369185e-12,1.6592899125665229e-15
EFT:2.2666292875964856e-10,5.0754097095807845e-11,9.712084814599865e-14,8.13804672465986e-13,3.9630021778486603e-13,7.1915396670479655e-06,0.9999928081791862,1.14409823445847e-12,1.2768212873369276e-12,1.6592899125665347e-15
Random975
Raw:2.2666292875964856e-10,5.0754097095807845e-11,9.712084814599829e-14,8.138046724659831e-13,3.9630021778486603e-13,7.1915396670480036e-06,0.9999928081791862,1.14409823445847e-12,1.2768212873369276e-12,1.6592899125665229e-15
EFT:2.2666292875964856e-10,5.0754097095807845e-11,9.712084814599865e-14,8.13804672465986e-13,3.9630021778486603e-13,7.1915396670479655e-06,0.9999928081791862,1.14409823445847e-12,1.2768212873369276e-12,1.6592899125665347e-15
Random976
Raw:2.2666292875964856e-10,5.0754097095807845e-11,9.712084814599865e-14,8.138046724659889e-13,3.9630021778486744e-13,7.191539667048016e-06,0.9999928081791862,1.14409823445847e-12,1.2768212873369412e-12,1.6592899125665465e-15
EFT:2.2666292875964856e-10,5.075409709580802e-11,9.712084814599865e-14,8.13804672465986e-13,3.9630021778486603e-13,7.191539667047953e-06,0.9999928081791862,1.14409823445847e-12,1.2768212873369276e-12,1.6592899125665347e-15
Random977
Raw:2.2666292875965016e-10,5.07540970958082e-11,9.712084814599865e-14,8.138046724659889e-13,3.963002177848688e-13,7.1915396670479655e-06,0.9999928081791862,1.144098234458474e-12,1.2768212873369276e-12,1.6592899125665465e-15
EFT:2.2666292875964856e-10,5.0754097095807845e-11,9.712084814599865e-14,8.13804672465986e-13,3.9630021778486603e-13,7.1915396670479655e-06,0.9999928081791862,1.14409823445847e-12,1.2768212873369276e-12,1.6592899125665347e-15
Random978
Raw:2.2666292875964776e-10,5.0754097095807845e-11,9.712084814599865e-14,8.138046724659831e-13,3.963002177848646e-13,7.1915396670480036e-06,0.9999928081791862,1.14409823445847e-12,1.2768212873369276e-12,1.6592899125665347e-15
EFT:2.2666292875964856e-10,5.0754097095807845e-11,9.712084814599865e-14,8.13804672465986e-13,3.9630021778486603e-13,7.191539667047953e-06,0.9999928081791862,1.14409823445847e-12,1.2768212873369276e-12,1.6592899125665347e-15
Random979
Raw:2.2666292875964696e-10,5.0754097095807664e-11,9.712084814599795e-14,8.138046724659803e-13,3.963002177848646e-13,7.191539667047901e-06,0.9999928081791862,1.1440982344584578e-12,1.2768212873369139e-12,1.6592899125665229e-15
EFT:2.2666292875964856e-10,5.0754097095807845e-11,9.712084814599865e-14,8.13804672465986e-13,3.9630021778486603e-13,7.191539667047953e-06,0.9999928081791862,1.14409823445847e-12,1.2768212873369276e-12,1.6592899125665347e-15
Random980
Raw:2.2666292875964776e-10,5.075409709580748e-11,9.712084814599795e-14,8.138046724659831e-13,3.963002177848646e-13,7.19153966704794e-06,0.9999928081791862,1.144098234458466e-12,1.2768212873369139e-12,1.6592899125665229e-15
EFT:2.2666292875964856e-10,5.0754097095807845e-11,9.712084814599865e-14,8.13804672465986e-13,3.9630021778486603e-13,7.1915396670479655e-06,0.9999928081791862,1.14409823445847e-12,1.2768212873369276e-12,1.6592899125665347e-15
Random981
Raw:2.2666292875964936e-10,5.0754097095807664e-11,9.712084814599865e-14,8.13804672465986e-13,3.9630021778486603e-13,7.19153966704794e-06,0.9999928081791862,1.14409823445847e-12,1.2768212873369276e-12,1.6592899125665465e-15
EFT:2.2666292875964856e-10,5.0754097095807845e-11,9.712084814599865e-14,8.13804672465986e-13,3.9630021778486603e-13,7.1915396670479655e-06,0.9999928081791862,1.14409823445847e-12,1.2768212873369276e-12,1.6592899125665347e-15
Random982
Raw:2.2666292875964696e-10,5.0754097095807664e-11,9.712084814599795e-14,8.138046724659831e-13,3.963002177848632e-13,7.191539667047953e-06,0.9999928081791862,1.144098234458466e-12,1.276821287336923e-12,1.6592899125665229e-15
EFT:2.2666292875964856e-10,5.075409709580802e-11,9.712084814599865e-14,8.13804672465986e-13,3.9630021778486603e-13,7.191539667047953e-06,0.9999928081791862,1.14409823445847e-12,1.2768212873369276e-12,1.6592899125665347e-15
Random983
Raw:2.2666292875964776e-10,5.0754097095807845e-11,9.712084814599865e-14,8.13804672465986e-13,3.9630021778486744e-13,7.19153966704794e-06,0.9999928081791862,1.144098234458466e-12,1.2768212873369185e-12,1.6592899125665229e-15
EFT:2.2666292875964856e-10,5.0754097095807845e-11,9.712084814599865e-14,8.13804672465986e-13,3.9630021778486603e-13,7.1915396670479655e-06,0.9999928081791862,1.14409823445847e-12,1.2768212873369276e-12,1.6592899125665347e-15
Random984
Raw:2.2666292875964696e-10,5.0754097095807664e-11,9.712084814599795e-14,8.138046724659831e-13,3.963002177848646e-13,7.191539667047991e-06,0.9999928081791862,1.144098234458466e-12,1.2768212873369185e-12,1.6592899125665229e-15
EFT:2.2666292875964856e-10,5.0754097095807845e-11,9.712084814599865e-14,8.13804672465986e-13,3.9630021778486603e-13,7.1915396670479655e-06,0.9999928081791862,1.14409823445847e-12,1.2768212873369276e-12,1.6592899125665347e-15
Random985
Raw:2.2666292875965016e-10,5.075409709580802e-11,9.712084814599865e-14,8.138046724659889e-13,3.963002177848688e-13,7.191539667047978e-06,0.9999928081791862,1.144098234458474e-12,1.2768212873369276e-12,1.6592899125665582e-15
EFT:2.2666292875964856e-10,5.0754097095807845e-11,9.712084814599865e-14,8.13804672465986e-13,3.9630021778486603e-13,7.1915396670479655e-06,0.9999928081791862,1.14409823445847e-12,1.2768212873369276e-12,1.6592899125665347e-15
Random986
Raw:2.2666292875964696e-10,5.075409709580748e-11,9.712084814599727e-14,8.138046724659803e-13,3.963002177848646e-13,7.191539667047953e-06,0.9999928081791862,1.1440982344584578e-12,1.2768212873369185e-12,1.6592899125665229e-15
EFT:2.2666292875964856e-10,5.0754097095807845e-11,9.712084814599865e-14,8.13804672465986e-13,3.9630021778486603e-13,7.1915396670479655e-06,0.9999928081791862,1.14409823445847e-12,1.2768212873369276e-12,1.6592899125665347e-15
Random987
Raw:2.2666292875964856e-10,5.0754097095807664e-11,9.712084814599865e-14,8.138046724659889e-13,3.9630021778486603e-13,7.1915396670479655e-06,0.9999928081791862,1.14409823445847e-12,1.276821287336932e-12,1.6592899125665465e-15
EFT:2.2666292875964856e-10,5.0754097095807845e-11,9.712084814599865e-14,8.13804672465986e-13,3.9630021778486603e-13,7.1915396670479655e-06,0.9999928081791862,1.14409823445847e-12,1.2768212873369276e-12,1.6592899125665347e-15
Random988
Raw:2.2666292875964696e-10,5.0754097095807664e-11,9.712084814599727e-14,8.138046724659803e-13,3.963002177848632e-13,7.191539667047915e-06,0.9999928081791862,1.1440982344584578e-12,1.2768212873369094e-12,1.659289912566511e-15
EFT:2.2666292875964856e-10,5.0754097095807845e-11,9.712084814599865e-14,8.13804672465986e-13,3.9630021778486603e-13,7.1915396670479655e-06,0.9999928081791862,1.14409823445847e-12,1.2768212873369276e-12,1.6592899125665347e-15
Random989
Raw:2.2666292875964856e-10,5.0754097095807845e-11,9.712084814599865e-14,8.138046724659831e-13,3.9630021778486744e-13,7.1915396670479655e-06,0.9999928081791862,1.144098234458466e-12,1.276821287336923e-12,1.6592899125665347e-15
EFT:2.2666292875964856e-10,5.0754097095807845e-11,9.712084814599865e-14,8.13804672465986e-13,3.9630021778486603e-13,7.1915396670479655e-06,0.9999928081791862,1.14409823445847e-12,1.2768212873369276e-12,1.6592899125665347e-15
Random990
Raw:2.2666292875964776e-10,5.0754097095807664e-11,9.712084814599795e-14,8.13804672465986e-13,3.963002177848646e-13,7.191539667047953e-06,0.9999928081791862,1.144098234458466e-12,1.2768212873369185e-12,1.6592899125665347e-15
EFT:2.2666292875964856e-10,5.0754097095807845e-11,9.712084814599865e-14,8.13804672465986e-13,3.9630021778486603e-13,7.1915396670479655e-06,0.9999928081791862,1.14409823445847e-12,1.2768212873369276e-12,1.6592899125665347e-15
Random991
Raw:2.2666292875964696e-10,5.0754097095807845e-11,9.712084814599829e-14,8.138046724659831e-13,3.963002177848646e-13,7.19153966704794e-06,0.9999928081791862,1.144098234458466e-12,1.2768212873369185e-12,1.6592899125665229e-15
EFT:2.2666292875964856e-10,5.0754097095807845e-11,9.712084814599865e-14,8.13804672465986e-13,3.9630021778486603e-13,7.1915396670479655e-06,0.9999928081791862,1.14409823445847e-12,1.2768212873369276e-12,1.6592899125665347e-15
Random992
Raw:2.2666292875965016e-10,5.075409709580856e-11,9.712084814600002e-14,8.138046724659947e-13,3.963002177848702e-13,7.191539667048016e-06,0.9999928081791862,1.144098234458482e-12,1.2768212873369456e-12,1.6592899125665582e-15
EFT:2.2666292875964856e-10,5.0754097095807845e-11,9.712084814599865e-14,8.13804672465986e-13,3.9630021778486603e-13,7.1915396670479655e-06,0.9999928081791862,1.14409823445847e-12,1.2768212873369276e-12,1.6592899125665347e-15
Random993
Raw:2.2666292875964856e-10,5.0754097095807845e-11,9.712084814599795e-14,8.138046724659831e-13,3.963002177848646e-13,7.19153966704794e-06,0.9999928081791862,1.144098234458466e-12,1.276821287336923e-12,1.6592899125665229e-15
EFT:2.2666292875964856e-10,5.0754097095807845e-11,9.712084814599865e-14,8.13804672465986e-13,3.9630021778486603e-13,7.1915396670479655e-06,0.9999928081791862,1.14409823445847e-12,1.2768212873369276e-12,1.6592899125665347e-15
Random994
Raw:2.2666292875964776e-10,5.0754097095807845e-11,9.712084814599865e-14,8.13804672465986e-13,3.9630021778486603e-13,7.1915396670479655e-06,0.9999928081791862,1.14409823445847e-12,1.2768212873369276e-12,1.6592899125665465e-15
EFT:2.2666292875964856e-10,5.075409709580802e-11,9.712084814599865e-14,8.13804672465986e-13,3.9630021778486603e-13,7.191539667047953e-06,0.9999928081791862,1.14409823445847e-12,1.2768212873369276e-12,1.6592899125665347e-15
Random995
Raw:2.2666292875964776e-10,5.075409709580748e-11,9.712084814599795e-14,8.138046724659831e-13,3.963002177848646e-13,7.1915396670479655e-06,0.9999928081791862,1.144098234458466e-12,1.2768212873369185e-12,1.6592899125665347e-15
EFT:2.2666292875964856e-10,5.0754097095807845e-11,9.712084814599865e-14,8.13804672465986e-13,3.9630021778486603e-13,7.1915396670479655e-06,0.9999928081791862,1.14409823445847e-12,1.2768212873369276e-12,1.6592899125665347e-15
Random996
Raw:2.2666292875964856e-10,5.0754097095807845e-11,9.712084814599934e-14,8.138046724659947e-13,3.963002177848688e-13,7.1915396670479655e-06,0.9999928081791862,1.144098234458474e-12,1.2768212873369276e-12,1.6592899125665465e-15
EFT:2.2666292875964856e-10,5.0754097095807845e-11,9.712084814599865e-14,8.13804672465986e-13,3.9630021778486603e-13,7.1915396670479655e-06,0.9999928081791862,1.14409823445847e-12,1.2768212873369276e-12,1.6592899125665347e-15
Random997
Raw:2.2666292875964936e-10,5.0754097095807664e-11,9.712084814599829e-14,8.138046724659831e-13,3.9630021778486744e-13,7.1915396670479655e-06,0.9999928081791862,1.144098234458466e-12,1.2768212873369276e-12,1.6592899125665347e-15
EFT:2.2666292875964856e-10,5.0754097095807845e-11,9.712084814599865e-14,8.13804672465986e-13,3.9630021778486603e-13,7.191539667047953e-06,0.9999928081791862,1.14409823445847e-12,1.2768212873369276e-12,1.6592899125665347e-15
Random998
Raw:2.2666292875964776e-10,5.0754097095807845e-11,9.712084814599865e-14,8.138046724659889e-13,3.963002177848646e-13,7.19153966704794e-06,0.9999928081791862,1.144098234458466e-12,1.2768212873369185e-12,1.6592899125665347e-15
EFT:2.2666292875964856e-10,5.0754097095807845e-11,9.712084814599865e-14,8.13804672465986e-13,3.9630021778486603e-13,7.1915396670479655e-06,0.9999928081791862,1.14409823445847e-12,1.2768212873369276e-12,1.6592899125665347e-15
Random999
Raw:2.2666292875964856e-10,5.0754097095807664e-11,9.712084814599761e-14,8.138046724659831e-13,3.9630021778486744e-13,7.191539667047953e-06,0.9999928081791862,1.1440982344584619e-12,1.276821287336923e-12,1.6592899125665229e-15
EFT:2.2666292875964856e-10,5.0754097095807845e-11,9.712084814599865e-14,8.13804672465986e-13,3.9630021778486603e-13,7.1915396670479655e-06,0.9999928081791862,1.14409823445847e-12,1.2768212873369276e-12,1.6592899125665347e-15
Random1000
Raw:2.2666292875964856e-10,5.075409709580802e-11,9.712084814599934e-14,8.138046724659831e-13,3.963002177848688e-13,7.1915396670479655e-06,0.9999928081791862,1.144098234458474e-12,1.2768212873369365e-12,1.6592899125665465e-15
EFT:2.2666292875964856e-10,5.0754097095807845e-11,9.712084814599865e-14,8.13804672465986e-13,3.9630021778486603e-13,7.1915396670479655e-06,0.9999928081791862,1.14409823445847e-12,1.2768212873369276e-12,1.6592899125665347e-15
