Original
-142.96522465263425,51.570662139505274,54.1221227860781,61.49480614756145,38.22962922363977,5.6978760246235876,-186.5970941091223,80.01475880090148,27.0784545873157,67.29610709595318
Ascend
-142.96522465263425,51.57066213950528,54.12212278607811,61.49480614756145,38.229629223639776,5.697876024623584,-186.59709410912234,80.01475880090149,27.0784545873157,67.29610709595318
Descend
-142.9652246526343,51.57066213950528,54.122122786078116,61.494806147561455,38.229629223639776,5.6978760246235804,-186.5970941091224,80.0147588009015,27.0784545873157,67.29610709595318
Random1
Raw:-142.9652246526342,51.57066213950527,54.1221227860781,61.494806147561434,38.22962922363977,5.69787602462359,-186.59709410912225,80.01475880090148,27.078454587315704,67.29610709595316
EFT:-142.96522465263425,51.57066213950527,54.1221227860781,61.49480614756144,38.22962922363977,5.697876024623585,-186.59709410912234,80.01475880090149,27.078454587315697,67.29610709595316
Random2
Raw:-142.96522465263428,51.57066213950529,54.12212278607811,61.49480614756145,38.229629223639776,5.697876024623585,-186.59709410912234,80.0147588009015,27.078454587315704,67.29610709595318
EFT:-142.96522465263425,51.57066213950527,54.1221227860781,61.49480614756144,38.22962922363977,5.697876024623585,-186.59709410912234,80.01475880090149,27.078454587315697,67.29610709595316
Random3
Raw:-142.9652246526343,51.57066213950529,54.12212278607811,61.494806147561455,38.22962922363978,5.697876024623582,-186.5970941091224,80.0147588009015,27.0784545873157,67.29610709595318
EFT:-142.96522465263425,51.57066213950527,54.1221227860781,61.49480614756144,38.22962922363977,5.697876024623585,-186.59709410912234,80.01475880090149,27.078454587315697,67.29610709595316
Random4
Raw:-142.96522465263425,51.570662139505295,54.122122786078116,61.49480614756146,38.22962922363978,5.6978760246235955,-186.59709410912234,80.0147588009015,27.07845458731572,67.29610709595319
EFT:-142.96522465263425,51.57066213950527,54.1221227860781,61.49480614756144,38.22962922363977,5.697876024623585,-186.59709410912234,80.01475880090149,27.078454587315697,67.29610709595316
Random5
Raw:-142.9652246526342,51.57066213950528,54.122122786078116,61.494806147561455,38.229629223639776,5.697876024623606,-186.59709410912225,80.01475880090149,27.078454587315722,67.29610709595318
EFT:-142.96522465263425,51.57066213950527,54.1221227860781,61.49480614756144,38.22962922363977,5.697876024623585,-186.59709410912234,80.01475880090149,27.078454587315697,67.29610709595316
Random6
Raw:-142.9652246526342,51.5706621395053,54.12212278607813,61.49480614756149,38.22962922363981,5.697876024623625,-186.59709410912228,80.0147588009015,27.078454587315743,67.2961070959532
EFT:-142.96522465263425,51.57066213950527,54.1221227860781,61.49480614756144,38.22962922363977,5.697876024623585,-186.59709410912234,80.01475880090149,27.078454587315697,67.29610709595316
Random7
Raw:-142.9652246526342,51.570662139505274,54.1221227860781,61.49480614756145,38.229629223639776,5.6978760246236,-186.59709410912225,80.01475880090148,27.078454587315715,67.29610709595318
EFT:-142.96522465263425,51.57066213950527,54.1221227860781,61.49480614756144,38.22962922363977,5.697876024623585,-186.59709410912234,80.01475880090149,27.078454587315697,67.29610709595316
Random8
Raw:-142.96522465263422,51.57066213950528,54.12212278607811,61.49480614756146,38.22962922363978,5.6978760246236,-186.5970941091223,80.01475880090149,27.07845458731572,67.29610709595319
EFT:-142.96522465263425,51.57066213950527,54.1221227860781,61.49480614756144,38.22962922363977,5.697876024623585,-186.59709410912234,80.01475880090149,27.078454587315697,67.29610709595316
Random9
Raw:-142.9652246526342,51.570662139505274,54.12212278607811,61.49480614756145,38.229629223639776,5.697876024623601,-186.59709410912225,80.01475880090148,27.078454587315715,67.29610709595318
EFT:-142.96522465263425,51.57066213950527,54.1221227860781,61.49480614756144,38.22962922363977,5.697876024623585,-186.59709410912234,80.01475880090149,27.078454587315697,67.29610709595316
Random10
Raw:-142.9652246526342,51.57066213950528,54.12212278607811,61.494806147561455,38.22962922363978,5.697876024623609,-186.59709410912225,80.01475880090148,27.078454587315722,67.29610709595318
EFT:-142.96522465263425,51.57066213950527,54.1221227860781,61.49480614756144,38.22962922363977,5.697876024623585,-186.59709410912234,80.01475880090149,27.078454587315697,67.29610709595316
Random11
Raw:-142.9652246526342,51.570662139505295,54.12212278607813,61.49480614756148,38.229629223639805,5.697876024623618,-186.5970941091223,80.0147588009015,27.078454587315736,67.2961070959532
EFT:-142.96522465263425,51.57066213950527,54.1221227860781,61.49480614756144,38.22962922363977,5.697876024623585,-186.59709410912234,80.01475880090149,27.078454587315697,67.29610709595316
Random12
Raw:-142.96522465263425,51.57066213950527,54.122122786078094,61.494806147561434,38.22962922363976,5.697876024623579,-186.59709410912234,80.01475880090148,27.078454587315694,67.29610709595316
EFT:-142.96522465263425,51.57066213950527,54.1221227860781,61.49480614756144,38.22962922363977,5.697876024623585,-186.59709410912234,80.01475880090149,27.078454587315697,67.29610709595316
Random13
Raw:-142.96522465263428,51.570662139505295,54.12212278607812,61.49480614756147,38.22962922363978,5.697876024623591,-186.59709410912237,80.01475880090152,27.078454587315715,67.29610709595319
EFT:-142.96522465263425,51.57066213950527,54.1221227860781,61.49480614756144,38.22962922363977,5.697876024623585,-186.59709410912234,80.01475880090149,27.078454587315697,67.29610709595316
Random14
Raw:-142.96522465263422,51.570662139505274,54.1221227860781,61.49480614756145,38.22962922363978,5.697876024623594,-186.5970941091223,80.01475880090149,27.078454587315708,67.29610709595318
EFT:-142.96522465263425,51.57066213950527,54.1221227860781,61.49480614756144,38.22962922363977,5.697876024623585,-186.59709410912234,80.01475880090149,27.078454587315697,67.29610709595316
Random15
Raw:-142.96522465263428,51.570662139505274,54.122122786078094,61.494806147561434,38.22962922363976,5.697876024623573,-186.59709410912237,80.01475880090149,27.07845458731569,67.29610709595316
EFT:-142.96522465263425,51.57066213950527,54.1221227860781,61.49480614756144,38.22962922363977,5.697876024623585,-186.59709410912234,80.01475880090149,27.078454587315697,67.29610709595316
Random16
Raw:-142.96522465263422,51.57066213950529,54.12212278607812,61.49480614756148,38.22962922363979,5.697876024623608,-186.5970941091223,80.0147588009015,27.07845458731573,67.29610709595319
EFT:-142.96522465263425,51.57066213950527,54.1221227860781,61.49480614756144,38.22962922363977,5.697876024623585,-186.59709410912234,80.01475880090149,27.078454587315697,67.29610709595316
Random17
Raw:-142.96522465263422,51.570662139505274,54.1221227860781,61.49480614756145,38.229629223639776,5.697876024623591,-186.5970941091223,80.01475880090149,27.078454587315708,67.29610709595316
EFT:-142.96522465263425,51.57066213950527,54.1221227860781,61.49480614756144,38.22962922363977,5.697876024623585,-186.59709410912234,80.01475880090149,27.078454587315697,67.29610709595316
Random18
Raw:-142.96522465263428,51.570662139505295,54.122122786078116,61.49480614756146,38.22962922363978,5.697876024623584,-186.5970941091224,80.0147588009015,27.078454587315708,67.29610709595318
EFT:-142.96522465263425,51.57066213950527,54.1221227860781,61.49480614756144,38.22962922363977,5.697876024623585,-186.59709410912234,80.01475880090149,27.078454587315697,67.29610709595316
Random19
Raw:-142.96522465263422,51.57066213950528,54.122122786078116,61.49480614756146,38.22962922363978,5.697876024623598,-186.5970941091223,80.01475880090149,27.078454587315715,67.29610709595319
EFT:-142.96522465263425,51.57066213950527,54.1221227860781,61.49480614756144,38.22962922363977,5.697876024623585,-186.59709410912234,80.01475880090149,27.078454587315697,67.29610709595316
Random20
Raw:-142.9652246526342,51.570662139505274,54.12212278607811,61.49480614756144,38.22962922363976,5.697876024623596,-186.59709410912225,80.01475880090148,27.07845458731571,67.29610709595316
EFT:-142.96522465263425,51.57066213950527,54.1221227860781,61.49480614756144,38.22962922363977,5.697876024623585,-186.59709410912234,80.01475880090149,27.078454587315697,67.29610709595316
Random21
Raw:-142.9652246526342,51.57066213950529,54.122122786078116,61.49480614756146,38.22962922363978,5.697876024623614,-186.59709410912225,80.01475880090149,27.078454587315733,67.29610709595319
EFT:-142.96522465263425,51.57066213950527,54.1221227860781,61.49480614756144,38.22962922363977,5.697876024623585,-186.59709410912234,80.01475880090149,27.078454587315697,67.29610709595316
Random22
Raw:-142.96522465263422,51.570662139505274,54.1221227860781,61.49480614756144,38.22962922363977,5.6978760246235804,-186.5970941091223,80.01475880090148,27.078454587315694,67.29610709595316
EFT:-142.96522465263425,51.57066213950527,54.1221227860781,61.49480614756144,38.22962922363977,5.697876024623585,-186.59709410912234,80.01475880090149,27.078454587315697,67.29610709595316
Random23
Raw:-142.96522465263433,51.57066213950531,54.122122786078144,61.49480614756148,38.22962922363979,5.697876024623582,-186.59709410912245,80.01475880090155,27.07845458731571,67.2961070959532
EFT:-142.96522465263425,51.57066213950527,54.1221227860781,61.49480614756144,38.22962922363977,5.697876024623585,-186.59709410912234,80.01475880090149,27.078454587315697,67.29610709595316
Random24
Raw:-142.96522465263425,51.570662139505295,54.122122786078116,61.49480614756146,38.22962922363978,5.697876024623596,-186.59709410912234,80.0147588009015,27.07845458731572,67.29610709595319
EFT:-142.96522465263425,51.57066213950527,54.1221227860781,61.49480614756144,38.22962922363977,5.697876024623585,-186.59709410912234,80.01475880090149,27.078454587315697,67.29610709595316
Random25
Raw:-142.96522465263425,51.57066213950529,54.122122786078116,61.494806147561455,38.22962922363978,5.69787602462359,-186.59709410912234,80.0147588009015,27.07845458731571,67.29610709595318
EFT:-142.96522465263425,51.57066213950527,54.1221227860781,61.49480614756144,38.22962922363977,5.697876024623585,-186.59709410912234,80.01475880090149,27.078454587315697,67.29610709595316
Random26
Raw:-142.96522465263425,51.57066213950529,54.12212278607811,61.494806147561455,38.22962922363978,5.69787602462359,-186.59709410912234,80.01475880090149,27.078454587315708,67.29610709595319
EFT:-142.96522465263425,51.57066213950527,54.1221227860781,61.49480614756144,38.22962922363977,5.697876024623585,-186.59709410912234,80.01475880090149,27.078454587315697,67.29610709595316
Random27
Raw:-142.96522465263425,51.570662139505295,54.122122786078116,61.49480614756146,38.22962922363978,5.697876024623592,-186.59709410912234,80.0147588009015,27.078454587315715,67.29610709595319
EFT:-142.96522465263425,51.57066213950527,54.1221227860781,61.49480614756144,38.22962922363977,5.697876024623585,-186.59709410912234,80.01475880090149,27.078454587315697,67.29610709595316
Random28
Raw:-142.96522465263428,51.57066213950529,54.122122786078116,61.49480614756146,38.229629223639776,5.697876024623579,-186.5970941091224,80.0147588009015,27.0784545873157,67.29610709595318
EFT:-142.96522465263425,51.57066213950527,54.1221227860781,61.49480614756144,38.22962922363977,5.697876024623585,-186.59709410912234,80.01475880090149,27.078454587315697,67.29610709595316
Random29
Raw:-142.96522465263425,51.57066213950529,54.122122786078116,61.49480614756146,38.22962922363978,5.697876024623593,-186.59709410912234,80.0147588009015,27.078454587315715,67.29610709595319
EFT:-142.96522465263425,51.57066213950527,54.1221227860781,61.49480614756144,38.22962922363977,5.697876024623585,-186.59709410912234,80.01475880090149,27.078454587315697,67.29610709595316
Random30
Raw:-142.96522465263422,51.57066213950528,54.12212278607811,61.49480614756146,38.22962922363978,5.697876024623595,-186.5970941091223,80.01475880090149,27.078454587315708,67.29610709595319
EFT:-142.96522465263425,51.57066213950527,54.1221227860781,61.49480614756144,38.22962922363977,5.697876024623585,-186.59709410912234,80.01475880090149,27.078454587315697,67.29610709595316
Random31
Raw:-142.96522465263422,51.57066213950529,54.12212278607812,61.49480614756147,38.22962922363978,5.697876024623604,-186.5970941091223,80.0147588009015,27.07845458731573,67.29610709595319
EFT:-142.96522465263425,51.57066213950527,54.1221227860781,61.49480614756144,38.22962922363977,5.697876024623585,-186.59709410912234,80.01475880090149,27.078454587315697,67.29610709595316
Random32
Raw:-142.96522465263422,51.570662139505274,54.1221227860781,61.49480614756145,38.229629223639776,5.6978760246235876,-186.5970941091223,80.01475880090148,27.0784545873157,67.29610709595318
EFT:-142.96522465263425,51.57066213950527,54.1221227860781,61.49480614756144,38.22962922363977,5.697876024623585,-186.59709410912234,80.01475880090149,27.078454587315697,67.29610709595316
Random33
Raw:-142.9652246526342,51.57066213950528,54.12212278607811,61.494806147561455,38.22962922363977,5.697876024623603,-186.59709410912225,80.01475880090148,27.07845458731572,67.29610709595318
EFT:-142.96522465263425,51.57066213950527,54.1221227860781,61.49480614756144,38.22962922363977,5.697876024623585,-186.59709410912234,80.01475880090149,27.078454587315697,67.29610709595316
Random34
Raw:-142.96522465263433,51.57066213950529,54.122122786078116,61.494806147561455,38.22962922363978,5.6978760246235804,-186.59709410912242,80.01475880090152,27.078454587315697,67.29610709595319
EFT:-142.96522465263425,51.57066213950527,54.1221227860781,61.49480614756144,38.22962922363977,5.697876024623585,-186.59709410912234,80.01475880090149,27.078454587315697,67.29610709595316
Random35
Raw:-142.9652246526343,51.570662139505274,54.122122786078094,61.49480614756144,38.22962922363976,5.69787602462357,-186.5970941091224,80.01475880090149,27.078454587315687,67.29610709595316
EFT:-142.96522465263425,51.57066213950527,54.1221227860781,61.49480614756144,38.22962922363977,5.697876024623585,-186.59709410912234,80.01475880090149,27.078454587315697,67.29610709595316
Random36
Raw:-142.96522465263425,51.57066213950529,54.12212278607811,61.49480614756145,38.22962922363978,5.697876024623589,-186.59709410912234,80.0147588009015,27.078454587315708,67.29610709595319
EFT:-142.96522465263425,51.57066213950527,54.1221227860781,61.49480614756144,38.22962922363977,5.697876024623585,-186.59709410912234,80.01475880090149,27.078454587315697,67.29610709595316
Random37
Raw:-142.96522465263422,51.57066213950527,54.122122786078094,61.49480614756143,38.22962922363976,5.697876024623583,-186.59709410912225,80.01475880090148,27.078454587315694,67.29610709595315
EFT:-142.96522465263425,51.57066213950527,54.1221227860781,61.49480614756144,38.22962922363977,5.697876024623585,-186.59709410912234,80.01475880090149,27.078454587315697,67.29610709595316
Random38
Raw:-142.96522465263425,51.570662139505295,54.122122786078116,61.494806147561455,38.22962922363979,5.6978760246235955,-186.59709410912234,80.0147588009015,27.078454587315715,67.29610709595319
EFT:-142.96522465263425,51.57066213950527,54.1221227860781,61.49480614756144,38.22962922363977,5.697876024623585,-186.59709410912234,80.01475880090149,27.078454587315697,67.29610709595316
Random39
Raw:-142.96522465263422,51.570662139505274,54.1221227860781,61.49480614756145,38.22962922363978,5.6978760246235955,-186.5970941091223,80.01475880090148,27.078454587315708,67.29610709595318
EFT:-142.96522465263425,51.57066213950527,54.1221227860781,61.49480614756144,38.22962922363977,5.697876024623585,-186.59709410912234,80.01475880090149,27.078454587315697,67.29610709595316
Random40
Raw:-142.96522465263428,51.570662139505295,54.12212278607813,61.49480614756147,38.22962922363979,5.6978760246235955,-186.59709410912237,80.01475880090152,27.07845458731572,67.29610709595319
EFT:-142.96522465263425,51.57066213950527,54.1221227860781,61.49480614756144,38.22962922363977,5.697876024623585,-186.59709410912234,80.01475880090149,27.078454587315697,67.29610709595316
Random41
Raw:-142.96522465263422,51.57066213950528,54.122122786078116,61.49480614756146,38.22962922363978,5.6978760246236,-186.5970941091223,80.01475880090149,27.078454587315715,67.29610709595319
EFT:-142.96522465263425,51.57066213950527,54.1221227860781,61.49480614756144,38.22962922363977,5.697876024623585,-186.59709410912234,80.01475880090149,27.078454587315697,67.29610709595316
Random42
Raw:-142.96522465263422,51.570662139505274,54.1221227860781,61.49480614756145,38.22962922363977,5.697876024623582,-186.5970941091223,80.01475880090148,27.0784545873157,67.29610709595316
EFT:-142.96522465263425,51.57066213950527,54.1221227860781,61.49480614756144,38.22962922363977,5.697876024623585,-186.59709410912234,80.01475880090149,27.078454587315697,67.29610709595316
Random43
Raw:-142.96522465263428,51.570662139505295,54.12212278607812,61.49480614756147,38.22962922363978,5.697876024623592,-186.59709410912237,80.01475880090152,27.07845458731571,67.29610709595319
EFT:-142.96522465263425,51.57066213950527,54.1221227860781,61.49480614756144,38.22962922363977,5.697876024623585,-186.59709410912234,80.01475880090149,27.078454587315697,67.29610709595316
Random44
Raw:-142.96522465263425,51.57066213950528,54.1221227860781,61.49480614756144,38.22962922363977,5.697876024623579,-186.59709410912234,80.01475880090149,27.078454587315697,67.29610709595318
EFT:-142.96522465263425,51.57066213950527,54.1221227860781,61.49480614756144,38.22962922363977,5.697876024623585,-186.59709410912234,80.01475880090149,27.078454587315697,67.29610709595316
Random45
Raw:-142.96522465263422,51.570662139505274,54.12212278607811,61.49480614756145,38.229629223639776,5.697876024623591,-186.5970941091223,80.01475880090149,27.078454587315708,67.29610709595318
EFT:-142.96522465263425,51.57066213950527,54.1221227860781,61.49480614756144,38.22962922363977,5.697876024623585,-186.59709410912234,80.01475880090149,27.078454587315697,67.29610709595316
Random46
Raw:-142.96522465263428,51.57066213950529,54.122122786078116,61.494806147561455,38.229629223639776,5.697876024623581,-186.59709410912237,80.01475880090152,27.078454587315704,67.29610709595318
EFT:-142.96522465263425,51.57066213950527,54.1221227860781,61.49480614756144,38.22962922363977,5.697876024623585,-186.59709410912234,80.01475880090149,27.078454587315697,67.29610709595316
Random47
Raw:-142.96522465263422,51.57066213950529,54.122122786078116,61.49480614756148,38.22962922363979,5.6978760246236035,-186.5970941091223,80.0147588009015,27.078454587315726,67.29610709595319
EFT:-142.96522465263425,51.57066213950527,54.1221227860781,61.49480614756144,38.22962922363977,5.697876024623585,-186.59709410912234,80.01475880090149,27.078454587315697,67.29610709595316
Random48
Raw:-142.96522465263422,51.57066213950528,54.12212278607811,61.49480614756146,38.22962922363979,5.697876024623607,-186.5970941091223,80.01475880090149,27.078454587315722,67.29610709595319
EFT:-142.96522465263425,51.57066213950527,54.1221227860781,61.49480614756144,38.22962922363977,5.697876024623585,-186.59709410912234,80.01475880090149,27.078454587315697,67.29610709595316
Random49
Raw:-142.96522465263422,51.57066213950528,54.122122786078116,61.494806147561455,38.229629223639776,5.697876024623595,-186.5970941091223,80.01475880090149,27.078454587315715,67.29610709595318
EFT:-142.96522465263425,51.57066213950527,54.1221227860781,61.49480614756144,38.22962922363977,5.697876024623585,-186.59709410912234,80.01475880090149,27.078454587315697,67.29610709595316
Random50
Raw:-142.96522465263425,51.57066213950525,54.12212278607809,61.49480614756142,38.22962922363975,5.697876024623564,-186.59709410912234,80.01475880090148,27.07845458731568,67.29610709595315
EFT:-142.96522465263425,51.57066213950527,54.1221227860781,61.49480614756144,38.22962922363977,5.697876024623585,-186.59709410912234,80.01475880090149,27.078454587315697,67.29610709595316
Random51
Raw:-142.96522465263428,51.570662139505295,54.12212278607812,61.49480614756147,38.22962922363978,5.697876024623593,-186.59709410912237,80.01475880090152,27.078454587315715,67.29610709595319
EFT:-142.96522465263425,51.57066213950527,54.1221227860781,61.49480614756144,38.22962922363977,5.697876024623585,-186.59709410912234,80.01475880090149,27.078454587315697,67.29610709595316
Random52
Raw:-142.9652246526342,51.57066213950528,54.122122786078116,61.494806147561455,38.229629223639776,5.6978760246236035,-186.59709410912225,80.01475880090149,27.078454587315722,67.29610709595318
EFT:-142.96522465263425,51.57066213950527,54.1221227860781,61.49480614756144,38.22962922363977,5.697876024623585,-186.59709410912234,80.01475880090149,27.078454587315697,67.29610709595316
Random53
Raw:-142.96522465263425,51.57066213950528,54.1221227860781,61.49480614756144,38.229629223639776,5.697876024623583,-186.59709410912234,80.01475880090149,27.0784545873157,67.29610709595318
EFT:-142.96522465263425,51.57066213950527,54.1221227860781,61.49480614756144,38.22962922363977,5.697876024623585,-186.59709410912234,80.01475880090149,27.078454587315697,67.29610709595316
Random54
Raw:-142.96522465263416,51.57066213950529,54.12212278607812,61.49480614756146,38.22962922363978,5.697876024623614,-186.59709410912225,80.01475880090149,27.078454587315733,67.29610709595318
EFT:-142.96522465263425,51.57066213950527,54.1221227860781,61.49480614756144,38.22962922363977,5.697876024623585,-186.59709410912234,80.01475880090149,27.078454587315697,67.29610709595316
Random55
Raw:-142.96522465263425,51.570662139505295,54.122122786078116,61.49480614756146,38.22962922363978,5.697876024623594,-186.59709410912234,80.0147588009015,27.078454587315715,67.29610709595319
EFT:-142.96522465263425,51.57066213950527,54.1221227860781,61.49480614756144,38.22962922363977,5.697876024623585,-186.59709410912234,80.01475880090149,27.078454587315697,67.29610709595316
Random56
Raw:-142.96522465263422,51.570662139505274,54.1221227860781,61.49480614756145,38.22962922363977,5.6978760246235876,-186.5970941091223,80.01475880090149,27.0784545873157,67.29610709595316
EFT:-142.96522465263425,51.57066213950527,54.1221227860781,61.49480614756144,38.22962922363977,5.697876024623585,-186.59709410912234,80.01475880090149,27.078454587315697,67.29610709595316
Random57
Raw:-142.96522465263425,51.57066213950528,54.1221227860781,61.49480614756144,38.22962922363977,5.697876024623577,-186.59709410912237,80.01475880090149,27.078454587315694,67.29610709595318
EFT:-142.96522465263425,51.57066213950527,54.1221227860781,61.49480614756144,38.22962922363977,5.697876024623585,-186.59709410912234,80.01475880090149,27.078454587315697,67.29610709595316
Random58
Raw:-142.96522465263416,51.57066213950529,54.122122786078116,61.49480614756146,38.22962922363978,5.697876024623609,-186.59709410912225,80.01475880090149,27.07845458731573,67.29610709595318
EFT:-142.96522465263425,51.57066213950527,54.1221227860781,61.49480614756144,38.22962922363977,5.697876024623585,-186.59709410912234,80.01475880090149,27.078454587315697,67.29610709595316
Random59
Raw:-142.96522465263422,51.57066213950529,54.122122786078116,61.49480614756146,38.22962922363978,5.697876024623602,-186.5970941091223,80.0147588009015,27.078454587315722,67.29610709595319
EFT:-142.96522465263425,51.57066213950527,54.1221227860781,61.49480614756144,38.22962922363977,5.697876024623585,-186.59709410912234,80.01475880090149,27.078454587315697,67.29610709595316
Random60
Raw:-142.96522465263422,51.57066213950529,54.12212278607812,61.49480614756146,38.22962922363978,5.697876024623598,-186.5970941091223,80.0147588009015,27.07845458731572,67.29610709595319
EFT:-142.96522465263425,51.57066213950527,54.1221227860781,61.49480614756144,38.22962922363977,5.697876024623585,-186.59709410912234,80.01475880090149,27.078454587315697,67.29610709595316
Random61
Raw:-142.96522465263425,51.57066213950528,54.12212278607811,61.49480614756145,38.229629223639776,5.697876024623583,-186.59709410912237,80.0147588009015,27.0784545873157,67.29610709595318
EFT:-142.96522465263425,51.57066213950527,54.1221227860781,61.49480614756144,38.22962922363977,5.697876024623585,-186.59709410912234,80.01475880090149,27.078454587315697,67.29610709595316
Random62
Raw:-142.96522465263425,51.5706621395053,54.12212278607812,61.49480614756148,38.2296292236398,5.6978760246236035,-186.59709410912234,80.01475880090152,27.07845458731573,67.29610709595319
EFT:-142.96522465263425,51.57066213950527,54.1221227860781,61.49480614756144,38.22962922363977,5.697876024623585,-186.59709410912234,80.01475880090149,27.078454587315697,67.29610709595316
Random63
Raw:-142.9652246526342,51.570662139505274,54.1221227860781,61.49480614756144,38.22962922363976,5.697876024623591,-186.59709410912225,80.01475880090148,27.0784545873157,67.29610709595316
EFT:-142.96522465263425,51.57066213950527,54.1221227860781,61.49480614756144,38.22962922363977,5.697876024623585,-186.59709410912234,80.01475880090149,27.078454587315697,67.29610709595316
Random64
Raw:-142.96522465263422,51.57066213950529,54.12212278607812,61.49480614756148,38.22962922363979,5.697876024623605,-186.5970941091223,80.0147588009015,27.078454587315726,67.29610709595319
EFT:-142.96522465263425,51.57066213950527,54.1221227860781,61.49480614756144,38.22962922363977,5.697876024623585,-186.59709410912234,80.01475880090149,27.078454587315697,67.29610709595316
Random65
Raw:-142.96522465263428,51.57066213950531,54.12212278607813,61.494806147561484,38.2296292236398,5.697876024623601,-186.59709410912237,80.01475880090153,27.07845458731573,67.29610709595319
EFT:-142.96522465263425,51.57066213950527,54.1221227860781,61.49480614756144,38.22962922363977,5.697876024623585,-186.59709410912234,80.01475880090149,27.078454587315697,67.29610709595316
Random66
Raw:-142.96522465263428,51.5706621395053,54.12212278607813,61.49480614756148,38.2296292236398,5.6978760246236,-186.59709410912237,80.01475880090152,27.078454587315722,67.29610709595319
EFT:-142.96522465263425,51.57066213950527,54.1221227860781,61.49480614756144,38.22962922363977,5.697876024623585,-186.59709410912234,80.01475880090149,27.078454587315697,67.29610709595316
Random67
Raw:-142.9652246526342,51.570662139505274,54.1221227860781,61.49480614756145,38.229629223639776,5.697876024623602,-186.59709410912225,80.01475880090148,27.078454587315715,67.29610709595318
EFT:-142.96522465263425,51.57066213950527,54.1221227860781,61.49480614756144,38.22962922363977,5.697876024623585,-186.59709410912234,80.01475880090149,27.078454587315697,67.29610709595316
Random68
Raw:-142.9652246526343,51.570662139505295,54.12212278607812,61.49480614756147,38.22962922363979,5.697876024623585,-186.5970941091224,80.01475880090152,27.078454587315708,67.29610709595319
EFT:-142.96522465263425,51.57066213950527,54.1221227860781,61.49480614756144,38.22962922363977,5.697876024623585,-186.59709410912234,80.01475880090149,27.078454587315697,67.29610709595316
Random69
Raw:-142.96522465263425,51.570662139505295,54.122122786078116,61.494806147561455,38.22962922363978,5.697876024623592,-186.59709410912234,80.0147588009015,27.07845458731571,67.29610709595319
EFT:-142.96522465263425,51.57066213950527,54.1221227860781,61.49480614756144,38.22962922363977,5.697876024623585,-186.59709410912234,80.01475880090149,27.078454587315697,67.29610709595316
Random70
Raw:-142.9652246526342,51.570662139505295,54.12212278607813,61.49480614756148,38.2296292236398,5.697876024623611,-186.5970941091223,80.0147588009015,27.078454587315733,67.29610709595319
EFT:-142.96522465263425,51.57066213950527,54.1221227860781,61.49480614756144,38.22962922363977,5.697876024623585,-186.59709410912234,80.01475880090149,27.078454587315697,67.29610709595316
Random71
Raw:-142.96522465263425,51.57066213950529,54.12212278607811,61.49480614756145,38.229629223639776,5.697876024623586,-186.59709410912234,80.01475880090149,27.0784545873157,67.29610709595318
EFT:-142.96522465263425,51.57066213950527,54.1221227860781,61.49480614756144,38.22962922363977,5.697876024623585,-186.59709410912234,80.01475880090149,27.078454587315697,67.29610709595316
Random72
Raw:-142.9652246526342,51.57066213950527,54.1221227860781,61.494806147561434,38.229629223639755,5.697876024623578,-186.59709410912228,80.01475880090148,27.078454587315694,67.29610709595315
EFT:-142.96522465263425,51.57066213950527,54.1221227860781,61.49480614756144,38.22962922363977,5.697876024623585,-186.59709410912234,80.01475880090149,27.078454587315697,67.29610709595316
Random73
Raw:-142.96522465263428,51.570662139505295,54.12212278607812,61.49480614756147,38.22962922363978,5.697876024623588,-186.59709410912237,80.01475880090152,27.07845458731571,67.29610709595318
EFT:-142.96522465263425,51.57066213950527,54.1221227860781,61.49480614756144,38.22962922363977,5.697876024623585,-186.59709410912234,80.01475880090149,27.078454587315697,67.29610709595316
Random74
Raw:-142.96522465263425,51.57066213950529,54.122122786078116,61.494806147561455,38.22962922363978,5.697876024623587,-186.59709410912237,80.0147588009015,27.078454587315708,67.29610709595319
EFT:-142.96522465263425,51.57066213950527,54.1221227860781,61.49480614756144,38.22962922363977,5.697876024623585,-186.59709410912234,80.01475880090149,27.078454587315697,67.29610709595316
Random75
Raw:-142.96522465263425,51.5706621395053,54.12212278607813,61.49480614756147,38.2296292236398,5.697876024623604,-186.59709410912234,80.01475880090152,27.07845458731573,67.29610709595319
EFT:-142.96522465263425,51.57066213950527,54.1221227860781,61.49480614756144,38.22962922363977,5.697876024623585,-186.59709410912234,80.01475880090149,27.078454587315697,67.29610709595316
Random76
Raw:-142.96522465263425,51.57066213950529,54.122122786078116,61.494806147561455,38.229629223639776,5.6978760246235876,-186.59709410912234,80.0147588009015,27.078454587315708,67.29610709595319
EFT:-142.96522465263425,51.57066213950527,54.1221227860781,61.49480614756144,38.22962922363977,5.697876024623585,-186.59709410912234,80.01475880090149,27.078454587315697,67.29610709595316
Random77
Raw:-142.96522465263425,51.57066213950528,54.122122786078116,61.494806147561455,38.229629223639776,5.697876024623584,-186.59709410912237,80.0147588009015,27.078454587315704,67.29610709595318
EFT:-142.96522465263425,51.57066213950527,54.1221227860781,61.49480614756144,38.22962922363977,5.697876024623585,-186.59709410912234,80.01475880090149,27.078454587315697,67.29610709595316
Random78
Raw:-142.96522465263428,51.57066213950529,54.122122786078116,61.494806147561455,38.229629223639776,5.697876024623582,-186.5970941091224,80.0147588009015,27.078454587315708,67.29610709595318
EFT:-142.96522465263425,51.57066213950527,54.1221227860781,61.49480614756144,38.22962922363977,5.697876024623585,-186.59709410912234,80.01475880090149,27.078454587315697,67.29610709595316
Random79
Raw:-142.96522465263422,51.57066213950531,54.12212278607813,61.49480614756149,38.22962922363981,5.697876024623621,-186.59709410912234,80.01475880090152,27.078454587315747,67.29610709595322
EFT:-142.96522465263425,51.57066213950527,54.1221227860781,61.49480614756144,38.22962922363977,5.697876024623585,-186.59709410912234,80.01475880090149,27.078454587315697,67.29610709595316
Random80
Raw:-142.96522465263422,51.57066213950528,54.122122786078116,61.49480614756146,38.22962922363978,5.697876024623596,-186.5970941091223,80.0147588009015,27.078454587315715,67.29610709595318
EFT:-142.96522465263425,51.57066213950527,54.1221227860781,61.49480614756144,38.22962922363977,5.697876024623585,-186.59709410912234,80.01475880090149,27.078454587315697,67.29610709595316
Random81
Raw:-142.96522465263428,51.5706621395053,54.12212278607812,61.49480614756147,38.22962922363979,5.6978760246235955,-186.59709410912237,80.01475880090152,27.078454587315722,67.29610709595319
EFT:-142.96522465263425,51.57066213950527,54.1221227860781,61.49480614756144,38.22962922363977,5.697876024623585,-186.59709410912234,80.01475880090149,27.078454587315697,67.29610709595316
Random82
Raw:-142.96522465263425,51.570662139505295,54.122122786078116,61.49480614756148,38.22962922363979,5.6978760246236,-186.59709410912234,80.0147588009015,27.078454587315722,67.29610709595319
EFT:-142.96522465263425,51.57066213950527,54.1221227860781,61.49480614756144,38.22962922363977,5.697876024623585,-186.59709410912234,80.01475880090149,27.078454587315697,67.29610709595316
Random83
Raw:-142.96522465263422,51.57066213950527,54.1221227860781,61.49480614756144,38.22962922363977,5.6978760246235804,-186.5970941091223,80.01475880090148,27.078454587315694,67.29610709595316
EFT:-142.96522465263425,51.57066213950527,54.1221227860781,61.49480614756144,38.22962922363977,5.697876024623585,-186.59709410912234,80.01475880090149,27.078454587315697,67.29610709595316
Random84
Raw:-142.96522465263428,51.57066213950529,54.122122786078116,61.49480614756146,38.22962922363978,5.697876024623584,-186.59709410912237,80.0147588009015,27.078454587315708,67.29610709595318
EFT:-142.96522465263425,51.57066213950527,54.1221227860781,61.49480614756144,38.22962922363977,5.697876024623585,-186.59709410912234,80.01475880090149,27.078454587315697,67.29610709595316
Random85
Raw:-142.96522465263422,51.57066213950529,54.12212278607812,61.49480614756148,38.2296292236398,5.697876024623611,-186.5970941091223,80.0147588009015,27.078454587315733,67.2961070959532
EFT:-142.96522465263425,51.57066213950527,54.1221227860781,61.49480614756144,38.22962922363977,5.697876024623585,-186.59709410912234,80.01475880090149,27.078454587315697,67.29610709595316
Random86
Raw:-142.9652246526342,51.57066213950528,54.12212278607811,61.49480614756145,38.229629223639776,5.697876024623606,-186.59709410912225,80.01475880090148,27.078454587315722,67.29610709595318
EFT:-142.96522465263425,51.57066213950527,54.1221227860781,61.49480614756144,38.22962922363977,5.697876024623585,-186.59709410912234,80.01475880090149,27.078454587315697,67.29610709595316
Random87
Raw:-142.96522465263425,51.57066213950529,54.12212278607811,61.49480614756146,38.22962922363978,5.697876024623595,-186.59709410912234,80.0147588009015,27.078454587315715,67.29610709595319
EFT:-142.96522465263425,51.57066213950527,54.1221227860781,61.49480614756144,38.22962922363977,5.697876024623585,-186.59709410912234,80.01475880090149,27.078454587315697,67.29610709595316
Random88
Raw:-142.9652246526342,51.570662139505274,54.1221227860781,61.49480614756145,38.229629223639776,5.697876024623601,-186.59709410912225,80.01475880090148,27.078454587315708,67.29610709595318
EFT:-142.96522465263425,51.57066213950527,54.1221227860781,61.49480614756144,38.22962922363977,5.697876024623585,-186.59709410912234,80.01475880090149,27.078454587315697,67.29610709595316
Random89
Raw:-142.96522465263428,51.5706621395053,54.12212278607812,61.49480614756148,38.22962922363979,5.697876024623594,-186.59709410912237,80.01475880090152,27.078454587315715,67.29610709595319
EFT:-142.96522465263425,51.57066213950527,54.1221227860781,61.49480614756144,38.22962922363977,5.697876024623585,-186.59709410912234,80.01475880090149,27.078454587315697,67.29610709595316
Random90
Raw:-142.9652246526343,51.57066213950528,54.12212278607811,61.49480614756145,38.22962922363977,5.697876024623576,-186.5970941091224,80.0147588009015,27.078454587315694,67.29610709595318
EFT:-142.96522465263425,51.57066213950527,54.1221227860781,61.49480614756144,38.22962922363977,5.697876024623585,-186.59709410912234,80.01475880090149,27.078454587315697,67.29610709595316
Random91
Raw:-142.96522465263422,51.57066213950527,54.1221227860781,61.49480614756145,38.22962922363978,5.697876024623589,-186.5970941091223,80.01475880090148,27.0784545873157,67.29610709595318
EFT:-142.96522465263425,51.57066213950527,54.1221227860781,61.49480614756144,38.22962922363977,5.697876024623585,-186.59709410912234,80.01475880090149,27.078454587315697,67.29610709595316
Random92
Raw:-142.96522465263425,51.57066213950529,54.122122786078116,61.494806147561455,38.22962922363978,5.6978760246235955,-186.59709410912234,80.0147588009015,27.07845458731571,67.29610709595319
EFT:-142.96522465263425,51.57066213950527,54.1221227860781,61.49480614756144,38.22962922363977,5.697876024623585,-186.59709410912234,80.01475880090149,27.078454587315697,67.29610709595316
Random93
Raw:-142.96522465263428,51.5706621395053,54.12212278607812,61.49480614756148,38.2296292236398,5.697876024623599,-186.59709410912237,80.01475880090152,27.078454587315722,67.29610709595319
EFT:-142.96522465263425,51.57066213950527,54.1221227860781,61.49480614756144,38.22962922363977,5.697876024623585,-186.59709410912234,80.01475880090149,27.078454587315697,67.29610709595316
Random94
Raw:-142.9652246526343,51.57066213950528,54.1221227860781,61.49480614756144,38.22962922363977,5.697876024623569,-186.5970941091224,80.01475880090149,27.07845458731568,67.29610709595316
EFT:-142.96522465263425,51.57066213950527,54.1221227860781,61.49480614756144,38.22962922363977,5.697876024623585,-186.59709410912234,80.01475880090149,27.078454587315697,67.29610709595316
Random95
Raw:-142.96522465263425,51.57066213950531,54.12212278607813,61.494806147561484,38.2296292236398,5.697876024623607,-186.59709410912234,80.01475880090152,27.078454587315733,67.2961070959532
EFT:-142.96522465263425,51.57066213950527,54.1221227860781,61.49480614756144,38.22962922363977,5.697876024623585,-186.59709410912234,80.01475880090149,27.078454587315697,67.29610709595316
Random96
Raw:-142.9652246526342,51.57066213950528,54.12212278607811,61.49480614756145,38.22962922363978,5.697876024623606,-186.59709410912225,80.01475880090148,27.07845458731572,67.29610709595318
EFT:-142.96522465263425,51.57066213950527,54.1221227860781,61.49480614756144,38.22962922363977,5.697876024623585,-186.59709410912234,80.01475880090149,27.078454587315697,67.29610709595316
Random97
Raw:-142.96522465263425,51.5706621395053,54.12212278607812,61.49480614756148,38.22962922363979,5.6978760246236035,-186.59709410912234,80.0147588009015,27.07845458731573,67.2961070959532
EFT:-142.96522465263425,51.57066213950527,54.1221227860781,61.49480614756144,38.22962922363977,5.697876024623585,-186.59709410912234,80.01475880090149,27.078454587315697,67.29610709595316
Random98
Raw:-142.96522465263422,51.57066213950528,54.12212278607811,61.494806147561455,38.22962922363978,5.697876024623596,-186.5970941091223,80.01475880090149,27.07845458731571,67.29610709595318
EFT:-142.96522465263425,51.57066213950527,54.1221227860781,61.49480614756144,38.22962922363977,5.697876024623585,-186.59709410912234,80.01475880090149,27.078454587315697,67.29610709595316
Random99
Raw:-142.9652246526343,51.570662139505295,54.12212278607813,61.49480614756148,38.22962922363978,5.6978760246235876,-186.5970941091224,80.01475880090153,27.078454587315715,67.29610709595319
EFT:-142.96522465263425,51.57066213950527,54.1221227860781,61.49480614756144,38.22962922363977,5.697876024623585,-186.59709410912234,80.01475880090149,27.078454587315697,67.29610709595316
Random100
Raw:-142.96522465263425,51.570662139505295,54.12212278607812,61.49480614756148,38.22962922363979,5.697876024623602,-186.59709410912234,80.0147588009015,27.07845458731573,67.2961070959532
EFT:-142.96522465263425,51.57066213950527,54.1221227860781,61.49480614756144,38.22962922363977,5.697876024623585,-186.59709410912234,80.01475880090149,27.078454587315697,67.29610709595316
Random101
Raw:-142.96522465263416,51.57066213950529,54.12212278607812,61.49480614756146,38.22962922363978,5.697876024623609,-186.59709410912225,80.01475880090149,27.07845458731573,67.29610709595318
EFT:-142.96522465263425,51.57066213950527,54.1221227860781,61.49480614756144,38.22962922363977,5.697876024623585,-186.59709410912234,80.01475880090149,27.078454587315697,67.29610709595316
Random102
Raw:-142.96522465263428,51.57066213950531,54.12212278607814,61.494806147561484,38.2296292236398,5.697876024623605,-186.59709410912237,80.01475880090153,27.07845458731573,67.29610709595319
EFT:-142.96522465263425,51.57066213950527,54.1221227860781,61.49480614756144,38.22962922363977,5.697876024623585,-186.59709410912234,80.01475880090149,27.078454587315697,67.29610709595316
Random103
Raw:-142.96522465263428,51.570662139505295,54.12212278607813,61.49480614756148,38.22962922363979,5.697876024623596,-186.59709410912237,80.01475880090152,27.07845458731572,67.29610709595319
EFT:-142.96522465263425,51.57066213950527,54.1221227860781,61.49480614756144,38.22962922363977,5.697876024623585,-186.59709410912234,80.01475880090149,27.078454587315697,67.29610709595316
Random104
Raw:-142.96522465263422,51.57066213950528,54.122122786078116,61.49480614756146,38.22962922363978,5.697876024623599,-186.5970941091223,80.01475880090149,27.078454587315715,67.29610709595318
EFT:-142.96522465263425,51.57066213950527,54.1221227860781,61.49480614756144,38.22962922363977,5.697876024623585,-186.59709410912234,80.01475880090149,27.078454587315697,67.29610709595316
Random105
Raw:-142.96522465263428,51.570662139505295,54.12212278607812,61.49480614756147,38.22962922363978,5.697876024623588,-186.59709410912237,80.01475880090152,27.078454587315708,67.29610709595319
EFT:-142.96522465263425,51.57066213950527,54.1221227860781,61.49480614756144,38.22962922363977,5.697876024623585,-186.59709410912234,80.01475880090149,27.078454587315697,67.29610709595316
Random106
Raw:-142.96522465263422,51.57066213950531,54.12212278607814,61.494806147561484,38.229629223639805,5.697876024623611,-186.59709410912234,80.01475880090152,27.078454587315736,67.2961070959532
EFT:-142.96522465263425,51.57066213950527,54.1221227860781,61.49480614756144,38.22962922363977,5.697876024623585,-186.59709410912234,80.01475880090149,27.078454587315697,67.29610709595316
Random107
Raw:-142.9652246526342,51.57066213950526,54.12212278607809,61.494806147561434,38.22962922363976,5.697876024623589,-186.59709410912225,80.01475880090146,27.0784545873157,67.29610709595316
EFT:-142.96522465263425,51.57066213950527,54.1221227860781,61.49480614756144,38.22962922363977,5.697876024623585,-186.59709410912234,80.01475880090149,27.078454587315697,67.29610709595316
Random108
Raw:-142.9652246526342,51.570662139505274,54.12212278607811,61.49480614756145,38.22962922363977,5.697876024623599,-186.59709410912225,80.01475880090148,27.078454587315715,67.29610709595318
EFT:-142.96522465263425,51.57066213950527,54.1221227860781,61.49480614756144,38.22962922363977,5.697876024623585,-186.59709410912234,80.01475880090149,27.078454587315697,67.29610709595316
Random109
Raw:-142.9652246526342,51.570662139505274,54.12212278607811,61.49480614756144,38.22962922363977,5.6978760246235955,-186.59709410912225,80.01475880090148,27.078454587315715,67.29610709595316
EFT:-142.96522465263425,51.57066213950527,54.1221227860781,61.49480614756144,38.22962922363977,5.697876024623585,-186.59709410912234,80.01475880090149,27.078454587315697,67.29610709595316
Random110
Raw:-142.96522465263433,51.570662139505295,54.12212278607812,61.49480614756147,38.22962922363978,5.697876024623586,-186.5970941091224,80.01475880090152,27.07845458731571,67.29610709595319
EFT:-142.96522465263425,51.57066213950527,54.1221227860781,61.49480614756144,38.22962922363977,5.697876024623585,-186.59709410912234,80.01475880090149,27.078454587315697,67.29610709595316
Random111
Raw:-142.9652246526342,51.57066213950527,54.122122786078094,61.494806147561434,38.22962922363977,5.697876024623591,-186.59709410912225,80.01475880090148,27.0784545873157,67.29610709595316
EFT:-142.96522465263425,51.57066213950527,54.1221227860781,61.49480614756144,38.22962922363977,5.697876024623585,-186.59709410912234,80.01475880090149,27.078454587315697,67.29610709595316
Random112
Raw:-142.96522465263425,51.57066213950527,54.122122786078094,61.49480614756144,38.22962922363976,5.697876024623581,-186.59709410912234,80.01475880090148,27.078454587315694,67.29610709595316
EFT:-142.96522465263425,51.57066213950527,54.1221227860781,61.49480614756144,38.22962922363977,5.697876024623585,-186.59709410912234,80.01475880090149,27.078454587315697,67.29610709595316
Random113
Raw:-142.96522465263425,51.5706621395053,54.12212278607812,61.49480614756148,38.2296292236398,5.697876024623607,-186.59709410912234,80.01475880090152,27.07845458731573,67.2961070959532
EFT:-142.96522465263425,51.57066213950527,54.1221227860781,61.49480614756144,38.22962922363977,5.697876024623585,-186.59709410912234,80.01475880090149,27.078454587315697,67.29610709595316
Random114
Raw:-142.96522465263422,51.57066213950528,54.122122786078116,61.494806147561455,38.22962922363978,5.6978760246235955,-186.5970941091223,80.01475880090149,27.07845458731571,67.29610709595318
EFT:-142.96522465263425,51.57066213950527,54.1221227860781,61.49480614756144,38.22962922363977,5.697876024623585,-186.59709410912234,80.01475880090149,27.078454587315697,67.29610709595316
Random115
Raw:-142.96522465263428,51.5706621395053,54.12212278607813,61.494806147561484,38.2296292236398,5.697876024623603,-186.59709410912237,80.01475880090152,27.078454587315726,67.29610709595319
EFT:-142.96522465263425,51.57066213950527,54.1221227860781,61.49480614756144,38.22962922363977,5.697876024623585,-186.59709410912234,80.01475880090149,27.078454587315697,67.29610709595316
Random116
Raw:-142.96522465263425,51.57066213950528,54.12212278607811,61.49480614756145,38.229629223639776,5.697876024623586,-186.59709410912237,80.0147588009015,27.078454587315704,67.29610709595318
EFT:-142.96522465263425,51.57066213950527,54.1221227860781,61.49480614756144,38.22962922363977,5.697876024623585,-186.59709410912234,80.01475880090149,27.078454587315697,67.29610709595316
Random117
Raw:-142.96522465263425,51.57066213950528,54.122122786078116,61.494806147561455,38.229629223639776,5.697876024623586,-186.59709410912237,80.0147588009015,27.078454587315708,67.29610709595319
EFT:-142.96522465263425,51.57066213950527,54.1221227860781,61.49480614756144,38.22962922363977,5.697876024623585,-186.59709410912234,80.01475880090149,27.078454587315697,67.29610709595316
Random118
Raw:-142.96522465263425,51.57066213950529,54.122122786078116,61.494806147561455,38.229629223639776,5.697876024623589,-186.59709410912234,80.0147588009015,27.078454587315715,67.29610709595318
EFT:-142.96522465263425,51.57066213950527,54.1221227860781,61.49480614756144,38.22962922363977,5.697876024623585,-186.59709410912234,80.01475880090149,27.078454587315697,67.29610709595316
Random119
Raw:-142.96522465263428,51.570662139505295,54.12212278607812,61.49480614756147,38.22962922363979,5.697876024623595,-186.59709410912237,80.01475880090152,27.078454587315715,67.29610709595319
EFT:-142.96522465263425,51.57066213950527,54.1221227860781,61.49480614756144,38.22962922363977,5.697876024623585,-186.59709410912234,80.01475880090149,27.078454587315697,67.29610709595316
Random120
Raw:-142.9652246526343,51.57066213950528,54.12212278607811,61.494806147561455,38.229629223639776,5.6978760246235804,-186.5970941091224,80.0147588009015,27.0784545873157,67.29610709595318
EFT:-142.96522465263425,51.57066213950527,54.1221227860781,61.49480614756144,38.22962922363977,5.697876024623585,-186.59709410912234,80.01475880090149,27.078454587315697,67.29610709595316
Random121
Raw:-142.96522465263422,51.57066213950528,54.12212278607811,61.494806147561455,38.22962922363978,5.697876024623594,-186.5970941091223,80.01475880090149,27.078454587315708,67.29610709595318
EFT:-142.96522465263425,51.57066213950527,54.1221227860781,61.49480614756144,38.22962922363977,5.697876024623585,-186.59709410912234,80.01475880090149,27.078454587315697,67.29610709595316
Random122
Raw:-142.96522465263428,51.57066213950528,54.12212278607811,61.49480614756145,38.229629223639776,5.697876024623586,-186.59709410912234,80.0147588009015,27.078454587315708,67.29610709595318
EFT:-142.96522465263425,51.57066213950527,54.1221227860781,61.49480614756144,38.22962922363977,5.697876024623585,-186.59709410912234,80.01475880090149,27.078454587315697,67.29610709595316
Random123
Raw:-142.96522465263425,51.5706621395053,54.12212278607813,61.49480614756148,38.2296292236398,5.697876024623607,-186.59709410912234,80.01475880090152,27.07845458731573,67.2961070959532
EFT:-142.96522465263425,51.57066213950527,54.1221227860781,61.49480614756144,38.22962922363977,5.697876024623585,-186.59709410912234,80.01475880090149,27.078454587315697,67.29610709595316
Random124
Raw:-142.96522465263425,51.57066213950528,54.1221227860781,61.49480614756144,38.22962922363977,5.697876024623579,-186.59709410912234,80.01475880090149,27.0784545873157,67.29610709595318
EFT:-142.96522465263425,51.57066213950527,54.1221227860781,61.49480614756144,38.22962922363977,5.697876024623585,-186.59709410912234,80.01475880090149,27.078454587315697,67.29610709595316
Random125
Raw:-142.96522465263416,51.57066213950529,54.122122786078116,61.49480614756147,38.22962922363979,5.697876024623618,-186.59709410912225,80.01475880090149,27.078454587315736,67.29610709595319
EFT:-142.96522465263425,51.57066213950527,54.1221227860781,61.49480614756144,38.22962922363977,5.697876024623585,-186.59709410912234,80.01475880090149,27.078454587315697,67.29610709595316
Random126
Raw:-142.9652246526342,51.570662139505274,54.12212278607811,61.49480614756145,38.229629223639776,5.697876024623602,-186.59709410912225,80.01475880090148,27.078454587315715,67.29610709595316
EFT:-142.96522465263425,51.57066213950527,54.1221227860781,61.49480614756144,38.22962922363977,5.697876024623585,-186.59709410912234,80.01475880090149,27.078454587315697,67.29610709595316
Random127
Raw:-142.9652246526342,51.570662139505274,54.1221227860781,61.49480614756145,38.22962922363977,5.697876024623598,-186.59709410912225,80.01475880090148,27.078454587315715,67.29610709595318
EFT:-142.96522465263425,51.57066213950527,54.1221227860781,61.49480614756144,38.22962922363977,5.697876024623585,-186.59709410912234,80.01475880090149,27.078454587315697,67.29610709595316
Random128
Raw:-142.9652246526343,51.57066213950528,54.12212278607811,61.49480614756145,38.229629223639776,5.697876024623579,-186.5970941091224,80.0147588009015,27.0784545873157,67.29610709595318
EFT:-142.96522465263425,51.57066213950527,54.1221227860781,61.49480614756144,38.22962922363977,5.697876024623585,-186.59709410912234,80.01475880090149,27.078454587315697,67.29610709595316
Random129
Raw:-142.96522465263422,51.57066213950528,54.12212278607811,61.494806147561455,38.22962922363978,5.697876024623595,-186.5970941091223,80.01475880090149,27.078454587315708,67.29610709595318
EFT:-142.96522465263425,51.57066213950527,54.1221227860781,61.49480614756144,38.22962922363977,5.697876024623585,-186.59709410912234,80.01475880090149,27.078454587315697,67.29610709595316
Random130
Raw:-142.9652246526343,51.57066213950529,54.122122786078116,61.49480614756146,38.22962922363978,5.697876024623578,-186.59709410912242,80.01475880090152,27.0784545873157,67.29610709595319
EFT:-142.96522465263425,51.57066213950527,54.1221227860781,61.49480614756144,38.22962922363977,5.697876024623585,-186.59709410912234,80.01475880090149,27.078454587315697,67.29610709595316
Random131
Raw:-142.96522465263425,51.570662139505295,54.12212278607812,61.49480614756148,38.22962922363979,5.697876024623601,-186.59709410912234,80.0147588009015,27.078454587315726,67.2961070959532
EFT:-142.96522465263425,51.57066213950527,54.1221227860781,61.49480614756144,38.22962922363977,5.697876024623585,-186.59709410912234,80.01475880090149,27.078454587315697,67.29610709595316
Random132
Raw:-142.96522465263416,51.57066213950527,54.1221227860781,61.49480614756144,38.22962922363976,5.697876024623595,-186.59709410912222,80.01475880090146,27.078454587315708,67.29610709595315
EFT:-142.96522465263425,51.57066213950527,54.1221227860781,61.49480614756144,38.22962922363977,5.697876024623585,-186.59709410912234,80.01475880090149,27.078454587315697,67.29610709595316
Random133
Raw:-142.96522465263428,51.57066213950528,54.1221227860781,61.49480614756144,38.22962922363977,5.697876024623577,-186.59709410912237,80.01475880090149,27.078454587315697,67.29610709595318
EFT:-142.96522465263425,51.57066213950527,54.1221227860781,61.49480614756144,38.22962922363977,5.697876024623585,-186.59709410912234,80.01475880090149,27.078454587315697,67.29610709595316
Random134
Raw:-142.96522465263422,51.570662139505274,54.1221227860781,61.49480614756145,38.22962922363978,5.697876024623594,-186.5970941091223,80.01475880090149,27.078454587315708,67.29610709595318
EFT:-142.96522465263425,51.57066213950527,54.1221227860781,61.49480614756144,38.22962922363977,5.697876024623585,-186.59709410912234,80.01475880090149,27.078454587315697,67.29610709595316
Random135
Raw:-142.9652246526342,51.57066213950527,54.1221227860781,61.49480614756144,38.22962922363977,5.697876024623595,-186.59709410912225,80.01475880090148,27.078454587315708,67.29610709595316
EFT:-142.96522465263425,51.57066213950527,54.1221227860781,61.49480614756144,38.22962922363977,5.697876024623585,-186.59709410912234,80.01475880090149,27.078454587315697,67.29610709595316
Random136
Raw:-142.96522465263425,51.570662139505295,54.122122786078116,61.49480614756146,38.2296292236398,5.6978760246236035,-186.59709410912234,80.0147588009015,27.078454587315722,67.2961070959532
EFT:-142.96522465263425,51.57066213950527,54.1221227860781,61.49480614756144,38.22962922363977,5.697876024623585,-186.59709410912234,80.01475880090149,27.078454587315697,67.29610709595316
Random137
Raw:-142.96522465263428,51.570662139505295,54.12212278607813,61.49480614756148,38.22962922363979,5.697876024623594,-186.59709410912237,80.01475880090152,27.07845458731572,67.29610709595319
EFT:-142.96522465263425,51.57066213950527,54.1221227860781,61.49480614756144,38.22962922363977,5.697876024623585,-186.59709410912234,80.01475880090149,27.078454587315697,67.29610709595316
Random138
Raw:-142.9652246526342,51.570662139505295,54.12212278607813,61.49480614756149,38.2296292236398,5.697876024623616,-186.5970941091223,80.0147588009015,27.07845458731574,67.2961070959532
EFT:-142.96522465263425,51.57066213950527,54.1221227860781,61.49480614756144,38.22962922363977,5.697876024623585,-186.59709410912234,80.01475880090149,27.078454587315697,67.29610709595316
Random139
Raw:-142.96522465263422,51.57066213950528,54.122122786078116,61.49480614756146,38.22962922363978,5.697876024623599,-186.5970941091223,80.01475880090149,27.07845458731572,67.29610709595318
EFT:-142.96522465263425,51.57066213950527,54.1221227860781,61.49480614756144,38.22962922363977,5.697876024623585,-186.59709410912234,80.01475880090149,27.078454587315697,67.29610709595316
Random140
Raw:-142.96522465263425,51.57066213950529,54.122122786078116,61.49480614756146,38.22962922363978,5.697876024623592,-186.59709410912234,80.0147588009015,27.078454587315715,67.29610709595318
EFT:-142.96522465263425,51.57066213950527,54.1221227860781,61.49480614756144,38.22962922363977,5.697876024623585,-186.59709410912234,80.01475880090149,27.078454587315697,67.29610709595316
Random141
Raw:-142.96522465263422,51.570662139505274,54.12212278607811,61.49480614756144,38.22962922363977,5.697876024623588,-186.5970941091223,80.01475880090149,27.078454587315704,67.29610709595318
EFT:-142.96522465263425,51.57066213950527,54.1221227860781,61.49480614756144,38.22962922363977,5.697876024623585,-186.59709410912234,80.01475880090149,27.078454587315697,67.29610709595316
Random142
Raw:-142.96522465263422,51.57066213950528,54.122122786078116,61.49480614756146,38.22962922363978,5.6978760246236,-186.5970941091223,80.01475880090149,27.078454587315715,67.29610709595319
EFT:-142.96522465263425,51.57066213950527,54.1221227860781,61.49480614756144,38.22962922363977,5.697876024623585,-186.59709410912234,80.01475880090149,27.078454587315697,67.29610709595316
Random143
Raw:-142.96522465263428,51.570662139505295,54.12212278607813,61.49480614756148,38.22962922363978,5.697876024623589,-186.5970941091224,80.01475880090152,27.078454587315715,67.29610709595319
EFT:-142.96522465263425,51.57066213950527,54.1221227860781,61.49480614756144,38.22962922363977,5.697876024623585,-186.59709410912234,80.01475880090149,27.078454587315697,67.29610709595316
Random144
Raw:-142.96522465263425,51.570662139505295,54.12212278607812,61.49480614756146,38.22962922363978,5.697876024623596,-186.59709410912234,80.0147588009015,27.078454587315722,67.29610709595319
EFT:-142.96522465263425,51.57066213950527,54.1221227860781,61.49480614756144,38.22962922363977,5.697876024623585,-186.59709410912234,80.01475880090149,27.078454587315697,67.29610709595316
Random145
Raw:-142.9652246526342,51.57066213950527,54.1221227860781,61.494806147561434,38.22962922363976,5.6978760246235876,-186.59709410912225,80.01475880090148,27.0784545873157,67.29610709595316
EFT:-142.96522465263425,51.57066213950527,54.1221227860781,61.49480614756144,38.22962922363977,5.697876024623585,-186.59709410912234,80.01475880090149,27.078454587315697,67.29610709595316
Random146
Raw:-142.96522465263428,51.570662139505295,54.122122786078116,61.49480614756146,38.22962922363978,5.697876024623591,-186.5970941091224,80.01475880090152,27.078454587315715,67.29610709595318
EFT:-142.96522465263425,51.57066213950527,54.1221227860781,61.49480614756144,38.22962922363977,5.697876024623585,-186.59709410912234,80.01475880090149,27.078454587315697,67.29610709595316
Random147
Raw:-142.96522465263422,51.57066213950528,54.12212278607811,61.49480614756145,38.22962922363978,5.697876024623595,-186.5970941091223,80.01475880090149,27.078454587315715,67.29610709595318
EFT:-142.96522465263425,51.57066213950527,54.1221227860781,61.49480614756144,38.22962922363977,5.697876024623585,-186.59709410912234,80.01475880090149,27.078454587315697,67.29610709595316
Random148
Raw:-142.96522465263425,51.57066213950529,54.122122786078116,61.494806147561455,38.22962922363978,5.6978760246235876,-186.59709410912234,80.0147588009015,27.078454587315708,67.29610709595319
EFT:-142.96522465263425,51.57066213950527,54.1221227860781,61.49480614756144,38.22962922363977,5.697876024623585,-186.59709410912234,80.01475880090149,27.078454587315697,67.29610709595316
Random149
Raw:-142.96522465263428,51.570662139505295,54.122122786078116,61.49480614756147,38.22962922363978,5.697876024623591,-186.59709410912237,80.01475880090152,27.07845458731571,67.29610709595318
EFT:-142.96522465263425,51.57066213950527,54.1221227860781,61.49480614756144,38.22962922363977,5.697876024623585,-186.59709410912234,80.01475880090149,27.078454587315697,67.29610709595316
Random150
Raw:-142.9652246526343,51.570662139505274,54.1221227860781,61.49480614756144,38.22962922363977,5.697876024623571,-186.5970941091224,80.01475880090149,27.078454587315687,67.29610709595316
EFT:-142.96522465263425,51.57066213950527,54.1221227860781,61.49480614756144,38.22962922363977,5.697876024623585,-186.59709410912234,80.01475880090149,27.078454587315697,67.29610709595316
Random151
Raw:-142.96522465263433,51.570662139505295,54.12212278607812,61.49480614756146,38.22962922363978,5.697876024623582,-186.59709410912242,80.01475880090152,27.078454587315708,67.29610709595319
EFT:-142.96522465263425,51.57066213950527,54.1221227860781,61.49480614756144,38.22962922363977,5.697876024623585,-186.59709410912234,80.01475880090149,27.078454587315697,67.29610709595316
Random152
Raw:-142.9652246526342,51.570662139505295,54.12212278607812,61.49480614756148,38.22962922363979,5.697876024623607,-186.5970941091223,80.0147588009015,27.07845458731573,67.29610709595319
EFT:-142.96522465263425,51.57066213950527,54.1221227860781,61.49480614756144,38.22962922363977,5.697876024623585,-186.59709410912234,80.01475880090149,27.078454587315697,67.29610709595316
Random153
Raw:-142.96522465263422,51.57066213950528,54.1221227860781,61.494806147561455,38.22962922363979,5.697876024623599,-186.5970941091223,80.01475880090149,27.078454587315708,67.29610709595318
EFT:-142.96522465263425,51.57066213950527,54.1221227860781,61.49480614756144,38.22962922363977,5.697876024623585,-186.59709410912234,80.01475880090149,27.078454587315697,67.29610709595316
Random154
Raw:-142.96522465263422,51.57066213950528,54.12212278607811,61.49480614756146,38.22962922363978,5.6978760246236,-186.5970941091223,80.01475880090149,27.078454587315715,67.29610709595318
EFT:-142.96522465263425,51.57066213950527,54.1221227860781,61.49480614756144,38.22962922363977,5.697876024623585,-186.59709410912234,80.01475880090149,27.078454587315697,67.29610709595316
Random155
Raw:-142.96522465263422,51.57066213950528,54.12212278607811,61.49480614756146,38.22962922363978,5.6978760246236,-186.5970941091223,80.01475880090149,27.078454587315715,67.29610709595319
EFT:-142.96522465263425,51.57066213950527,54.1221227860781,61.49480614756144,38.22962922363977,5.697876024623585,-186.59709410912234,80.01475880090149,27.078454587315697,67.29610709595316
Random156
Raw:-142.9652246526343,51.57066213950528,54.1221227860781,61.49480614756145,38.229629223639776,5.697876024623578,-186.5970941091224,80.0147588009015,27.078454587315694,67.29610709595316
EFT:-142.96522465263425,51.57066213950527,54.1221227860781,61.49480614756144,38.22962922363977,5.697876024623585,-186.59709410912234,80.01475880090149,27.078454587315697,67.29610709595316
Random157
Raw:-142.96522465263425,51.570662139505295,54.12212278607812,61.49480614756146,38.22962922363978,5.697876024623596,-186.59709410912234,80.0147588009015,27.07845458731572,67.29610709595319
EFT:-142.96522465263425,51.57066213950527,54.1221227860781,61.49480614756144,38.22962922363977,5.697876024623585,-186.59709410912234,80.01475880090149,27.078454587315697,67.29610709595316
Random158
Raw:-142.9652246526342,51.570662139505274,54.12212278607811,61.49480614756145,38.229629223639776,5.697876024623602,-186.59709410912225,80.01475880090148,27.078454587315715,67.29610709595318
EFT:-142.96522465263425,51.57066213950527,54.1221227860781,61.49480614756144,38.22962922363977,5.697876024623585,-186.59709410912234,80.01475880090149,27.078454587315697,67.29610709595316
Random159
Raw:-142.96522465263425,51.57066213950528,54.12212278607811,61.49480614756145,38.22962922363978,5.697876024623593,-186.59709410912234,80.0147588009015,27.078454587315708,67.29610709595319
EFT:-142.96522465263425,51.57066213950527,54.1221227860781,61.49480614756144,38.22962922363977,5.697876024623585,-186.59709410912234,80.01475880090149,27.078454587315697,67.29610709595316
Random160
Raw:-142.96522465263428,51.57066213950531,54.12212278607814,61.494806147561484,38.2296292236398,5.697876024623605,-186.59709410912237,80.01475880090153,27.07845458731573,67.2961070959532
EFT:-142.96522465263425,51.57066213950527,54.1221227860781,61.49480614756144,38.22962922363977,5.697876024623585,-186.59709410912234,80.01475880090149,27.078454587315697,67.29610709595316
Random161
Raw:-142.96522465263422,51.57066213950528,54.122122786078116,61.494806147561455,38.22962922363978,5.697876024623596,-186.5970941091223,80.01475880090149,27.078454587315715,67.29610709595318
EFT:-142.96522465263425,51.57066213950527,54.1221227860781,61.49480614756144,38.22962922363977,5.697876024623585,-186.59709410912234,80.01475880090149,27.078454587315697,67.29610709595316
Random162
Raw:-142.96522465263425,51.570662139505295,54.12212278607812,61.49480614756146,38.22962922363978,5.697876024623595,-186.59709410912234,80.0147588009015,27.07845458731572,67.29610709595319
EFT:-142.96522465263425,51.57066213950527,54.1221227860781,61.49480614756144,38.22962922363977,5.697876024623585,-186.59709410912234,80.01475880090149,27.078454587315697,67.29610709595316
Random163
Raw:-142.96522465263422,51.57066213950528,54.12212278607811,61.494806147561455,38.229629223639776,5.697876024623594,-186.5970941091223,80.01475880090149,27.078454587315708,67.29610709595318
EFT:-142.96522465263425,51.57066213950527,54.1221227860781,61.49480614756144,38.22962922363977,5.697876024623585,-186.59709410912234,80.01475880090149,27.078454587315697,67.29610709595316
Random164
Raw:-142.96522465263428,51.57066213950529,54.122122786078116,61.49480614756146,38.22962922363978,5.697876024623583,-186.59709410912237,80.0147588009015,27.0784545873157,67.29610709595318
EFT:-142.96522465263425,51.57066213950527,54.1221227860781,61.49480614756144,38.22962922363977,5.697876024623585,-186.59709410912234,80.01475880090149,27.078454587315697,67.29610709595316
Random165
Raw:-142.96522465263428,51.570662139505316,54.12212278607814,61.4948061475615,38.229629223639805,5.697876024623612,-186.59709410912237,80.01475880090153,27.078454587315736,67.2961070959532
EFT:-142.96522465263425,51.57066213950527,54.1221227860781,61.49480614756144,38.22962922363977,5.697876024623585,-186.59709410912234,80.01475880090149,27.078454587315697,67.29610709595316
Random166
Raw:-142.96522465263425,51.57066213950528,54.122122786078116,61.494806147561455,38.22962922363977,5.697876024623585,-186.59709410912234,80.0147588009015,27.078454587315708,67.29610709595319
EFT:-142.96522465263425,51.57066213950527,54.1221227860781,61.49480614756144,38.22962922363977,5.697876024623585,-186.59709410912234,80.01475880090149,27.078454587315697,67.29610709595316
Random167
Raw:-142.9652246526342,51.57066213950528,54.1221227860781,61.494806147561455,38.22962922363978,5.697876024623605,-186.59709410912222,80.01475880090149,27.07845458731572,67.29610709595318
EFT:-142.96522465263425,51.57066213950527,54.1221227860781,61.49480614756144,38.22962922363977,5.697876024623585,-186.59709410912234,80.01475880090149,27.078454587315697,67.29610709595316
Random168
Raw:-142.96522465263428,51.570662139505274,54.12212278607809,61.49480614756143,38.22962922363977,5.697876024623571,-186.59709410912237,80.01475880090148,27.078454587315687,67.29610709595316
EFT:-142.96522465263425,51.57066213950527,54.1221227860781,61.49480614756144,38.22962922363977,5.697876024623585,-186.59709410912234,80.01475880090149,27.078454587315697,67.29610709595316
Random169
Raw:-142.9652246526342,51.570662139505274,54.12212278607811,61.49480614756145,38.229629223639776,5.697876024623601,-186.59709410912225,80.01475880090148,27.078454587315715,67.29610709595318
EFT:-142.96522465263425,51.57066213950527,54.1221227860781,61.49480614756144,38.22962922363977,5.697876024623585,-186.59709410912234,80.01475880090149,27.078454587315697,67.29610709595316
Random170
Raw:-142.96522465263422,51.57066213950529,54.12212278607812,61.49480614756147,38.22962922363979,5.697876024623605,-186.5970941091223,80.0147588009015,27.07845458731573,67.29610709595319
EFT:-142.96522465263425,51.57066213950527,54.1221227860781,61.49480614756144,38.22962922363977,5.697876024623585,-186.59709410912234,80.01475880090149,27.078454587315697,67.29610709595316
Random171
Raw:-142.96522465263425,51.57066213950528,54.122122786078116,61.494806147561455,38.229629223639776,5.6978760246235876,-186.59709410912237,80.0147588009015,27.07845458731571,67.29610709595319
EFT:-142.96522465263425,51.57066213950527,54.1221227860781,61.49480614756144,38.22962922363977,5.697876024623585,-186.59709410912234,80.01475880090149,27.078454587315697,67.29610709595316
Random172
Raw:-142.96522465263425,51.57066213950529,54.122122786078116,61.494806147561455,38.22962922363978,5.697876024623591,-186.59709410912234,80.0147588009015,27.078454587315708,67.29610709595319
EFT:-142.96522465263425,51.57066213950527,54.1221227860781,61.49480614756144,38.22962922363977,5.697876024623585,-186.59709410912234,80.01475880090149,27.078454587315697,67.29610709595316
Random173
Raw:-142.96522465263422,51.57066213950528,54.122122786078116,61.494806147561455,38.22962922363978,5.697876024623596,-186.5970941091223,80.01475880090149,27.078454587315715,67.29610709595318
EFT:-142.96522465263425,51.57066213950527,54.1221227860781,61.49480614756144,38.22962922363977,5.697876024623585,-186.59709410912234,80.01475880090149,27.078454587315697,67.29610709595316
Random174
Raw:-142.96522465263416,51.57066213950527,54.1221227860781,61.49480614756145,38.22962922363977,5.697876024623604,-186.59709410912222,80.01475880090148,27.078454587315715,67.29610709595316
EFT:-142.96522465263425,51.57066213950527,54.1221227860781,61.49480614756144,38.22962922363977,5.697876024623585,-186.59709410912234,80.01475880090149,27.078454587315697,67.29610709595316
Random175
Raw:-142.96522465263425,51.57066213950529,54.12212278607811,61.49480614756146,38.22962922363978,5.697876024623593,-186.59709410912234,80.0147588009015,27.07845458731571,67.29610709595319
EFT:-142.96522465263425,51.57066213950527,54.1221227860781,61.49480614756144,38.22962922363977,5.697876024623585,-186.59709410912234,80.01475880090149,27.078454587315697,67.29610709595316
Random176
Raw:-142.96522465263425,51.57066213950529,54.122122786078116,61.494806147561455,38.22962922363978,5.697876024623591,-186.59709410912234,80.0147588009015,27.078454587315715,67.29610709595319
EFT:-142.96522465263425,51.57066213950527,54.1221227860781,61.49480614756144,38.22962922363977,5.697876024623585,-186.59709410912234,80.01475880090149,27.078454587315697,67.29610709595316
Random177
Raw:-142.9652246526343,51.5706621395053,54.12212278607812,61.49480614756147,38.22962922363979,5.697876024623589,-186.5970941091224,80.01475880090153,27.078454587315708,67.29610709595319
EFT:-142.96522465263425,51.57066213950527,54.1221227860781,61.49480614756144,38.22962922363977,5.697876024623585,-186.59709410912234,80.01475880090149,27.078454587315697,67.29610709595316
Random178
Raw:-142.96522465263425,51.57066213950529,54.122122786078116,61.49480614756146,38.22962922363978,5.697876024623591,-186.59709410912234,80.0147588009015,27.078454587315708,67.29610709595319
EFT:-142.96522465263425,51.57066213950527,54.1221227860781,61.49480614756144,38.22962922363977,5.697876024623585,-186.59709410912234,80.01475880090149,27.078454587315697,67.29610709595316
Random179
Raw:-142.96522465263422,51.57066213950528,54.122122786078116,61.494806147561455,38.22962922363978,5.697876024623598,-186.5970941091223,80.01475880090149,27.078454587315715,67.29610709595318
EFT:-142.96522465263425,51.57066213950527,54.1221227860781,61.49480614756144,38.22962922363977,5.697876024623585,-186.59709410912234,80.01475880090149,27.078454587315697,67.29610709595316
Random180
Raw:-142.96522465263422,51.570662139505274,54.12212278607811,61.494806147561455,38.229629223639776,5.697876024623591,-186.5970941091223,80.01475880090149,27.078454587315708,67.29610709595318
EFT:-142.96522465263425,51.57066213950527,54.1221227860781,61.49480614756144,38.22962922363977,5.697876024623585,-186.59709410912234,80.01475880090149,27.078454587315697,67.29610709595316
Random181
Raw:-142.96522465263422,51.57066213950528,54.122122786078116,61.49480614756146,38.22962922363979,5.697876024623605,-186.5970941091223,80.0147588009015,27.078454587315722,67.29610709595319
EFT:-142.96522465263425,51.57066213950527,54.1221227860781,61.49480614756144,38.22962922363977,5.697876024623585,-186.59709410912234,80.01475880090149,27.078454587315697,67.29610709595316
Random182
Raw:-142.96522465263428,51.570662139505295,54.12212278607813,61.494806147561484,38.22962922363979,5.697876024623593,-186.59709410912237,80.01475880090152,27.078454587315715,67.29610709595319
EFT:-142.96522465263425,51.57066213950527,54.1221227860781,61.49480614756144,38.22962922363977,5.697876024623585,-186.59709410912234,80.01475880090149,27.078454587315697,67.29610709595316
Random183
Raw:-142.96522465263428,51.57066213950528,54.1221227860781,61.49480614756144,38.22962922363977,5.697876024623575,-186.59709410912237,80.01475880090149,27.078454587315694,67.29610709595316
EFT:-142.96522465263425,51.57066213950527,54.1221227860781,61.49480614756144,38.22962922363977,5.697876024623585,-186.59709410912234,80.01475880090149,27.078454587315697,67.29610709595316
Random184
Raw:-142.96522465263425,51.570662139505274,54.12212278607811,61.49480614756145,38.22962922363977,5.697876024623583,-186.5970941091223,80.01475880090149,27.0784545873157,67.29610709595316
EFT:-142.96522465263425,51.57066213950527,54.1221227860781,61.49480614756144,38.22962922363977,5.697876024623585,-186.59709410912234,80.01475880090149,27.078454587315697,67.29610709595316
Random185
Raw:-142.96522465263422,51.57066213950528,54.122122786078116,61.494806147561455,38.22962922363978,5.697876024623598,-186.5970941091223,80.01475880090149,27.078454587315715,67.29610709595318
EFT:-142.96522465263425,51.57066213950527,54.1221227860781,61.49480614756144,38.22962922363977,5.697876024623585,-186.59709410912234,80.01475880090149,27.078454587315697,67.29610709595316
Random186
Raw:-142.96522465263425,51.5706621395053,54.12212278607813,61.49480614756148,38.22962922363979,5.697876024623605,-186.59709410912234,80.01475880090152,27.07845458731573,67.2961070959532
EFT:-142.96522465263425,51.57066213950527,54.1221227860781,61.49480614756144,38.22962922363977,5.697876024623585,-186.59709410912234,80.01475880090149,27.078454587315697,67.29610709595316
Random187
Raw:-142.96522465263416,51.57066213950528,54.1221227860781,61.49480614756145,38.229629223639776,5.697876024623609,-186.59709410912222,80.01475880090148,27.078454587315722,67.29610709595316
EFT:-142.96522465263425,51.57066213950527,54.1221227860781,61.49480614756144,38.22962922363977,5.697876024623585,-186.59709410912234,80.01475880090149,27.078454587315697,67.29610709595316
Random188
Raw:-142.96522465263428,51.57066213950529,54.122122786078116,61.49480614756146,38.229629223639776,5.6978760246235804,-186.59709410912237,80.01475880090152,27.078454587315704,67.29610709595318
EFT:-142.96522465263425,51.57066213950527,54.1221227860781,61.49480614756144,38.22962922363977,5.697876024623585,-186.59709410912234,80.01475880090149,27.078454587315697,67.29610709595316
Random189
Raw:-142.96522465263428,51.570662139505274,54.122122786078094,61.494806147561434,38.22962922363977,5.697876024623575,-186.59709410912237,80.01475880090149,27.078454587315687,67.29610709595318
EFT:-142.96522465263425,51.57066213950527,54.1221227860781,61.49480614756144,38.22962922363977,5.697876024623585,-186.59709410912234,80.01475880090149,27.078454587315697,67.29610709595316
Random190
Raw:-142.96522465263425,51.570662139505295,54.12212278607813,61.49480614756146,38.22962922363978,5.69787602462359,-186.59709410912237,80.0147588009015,27.078454587315715,67.29610709595319
EFT:-142.96522465263425,51.57066213950527,54.1221227860781,61.49480614756144,38.22962922363977,5.697876024623585,-186.59709410912234,80.01475880090149,27.078454587315697,67.29610709595316
Random191
Raw:-142.96522465263416,51.57066213950527,54.122122786078094,61.49480614756144,38.22962922363977,5.6978760246236035,-186.59709410912222,80.01475880090148,27.078454587315715,67.29610709595316
EFT:-142.96522465263425,51.57066213950527,54.1221227860781,61.49480614756144,38.22962922363977,5.697876024623585,-186.59709410912234,80.01475880090149,27.078454587315697,67.29610709595316
Random192
Raw:-142.96522465263422,51.57066213950528,54.122122786078116,61.494806147561455,38.22962922363978,5.6978760246235955,-186.5970941091223,80.01475880090149,27.078454587315715,67.29610709595318
EFT:-142.96522465263425,51.57066213950527,54.1221227860781,61.49480614756144,38.22962922363977,5.697876024623585,-186.59709410912234,80.01475880090149,27.078454587315697,67.29610709595316
Random193
Raw:-142.9652246526343,51.57066213950531,54.12212278607814,61.49480614756149,38.2296292236398,5.697876024623601,-186.5970941091224,80.01475880090153,27.07845458731573,67.2961070959532
EFT:-142.96522465263425,51.57066213950527,54.1221227860781,61.49480614756144,38.22962922363977,5.697876024623585,-186.59709410912234,80.01475880090149,27.078454587315697,67.29610709595316
Random194
Raw:-142.96522465263425,51.57066213950529,54.122122786078116,61.494806147561455,38.22962922363978,5.697876024623591,-186.59709410912234,80.0147588009015,27.078454587315715,67.29610709595319
EFT:-142.96522465263425,51.57066213950527,54.1221227860781,61.49480614756144,38.22962922363977,5.697876024623585,-186.59709410912234,80.01475880090149,27.078454587315697,67.29610709595316
Random195
Raw:-142.96522465263428,51.570662139505295,54.12212278607812,61.49480614756147,38.22962922363979,5.697876024623592,-186.59709410912237,80.01475880090152,27.078454587315715,67.29610709595319
EFT:-142.96522465263425,51.57066213950527,54.1221227860781,61.49480614756144,38.22962922363977,5.697876024623585,-186.59709410912234,80.01475880090149,27.078454587315697,67.29610709595316
Random196
Raw:-142.96522465263425,51.570662139505295,54.122122786078116,61.49480614756146,38.22962922363978,5.697876024623591,-186.59709410912234,80.0147588009015,27.07845458731571,67.29610709595319
EFT:-142.96522465263425,51.57066213950527,54.1221227860781,61.49480614756144,38.22962922363977,5.697876024623585,-186.59709410912234,80.01475880090149,27.078454587315697,67.29610709595316
Random197
Raw:-142.96522465263425,51.57066213950528,54.12212278607811,61.49480614756144,38.229629223639776,5.697876024623582,-186.59709410912237,80.01475880090149,27.0784545873157,67.29610709595318
EFT:-142.96522465263425,51.57066213950527,54.1221227860781,61.49480614756144,38.22962922363977,5.697876024623585,-186.59709410912234,80.01475880090149,27.078454587315697,67.29610709595316
Random198
Raw:-142.9652246526342,51.570662139505274,54.1221227860781,61.49480614756144,38.22962922363977,5.697876024623594,-186.59709410912225,80.01475880090148,27.078454587315708,67.29610709595316
EFT:-142.96522465263425,51.57066213950527,54.1221227860781,61.49480614756144,38.22962922363977,5.697876024623585,-186.59709410912234,80.01475880090149,27.078454587315697,67.29610709595316
Random199
Raw:-142.96522465263425,51.57066213950529,54.122122786078116,61.49480614756146,38.22962922363978,5.697876024623593,-186.59709410912234,80.0147588009015,27.07845458731571,67.29610709595319
EFT:-142.96522465263425,51.57066213950527,54.1221227860781,61.49480614756144,38.22962922363977,5.697876024623585,-186.59709410912234,80.01475880090149,27.078454587315697,67.29610709595316
Random200
Raw:-142.96522465263428,51.57066213950529,54.12212278607811,61.49480614756145,38.22962922363978,5.697876024623588,-186.59709410912234,80.0147588009015,27.078454587315708,67.29610709595318
EFT:-142.96522465263425,51.57066213950527,54.1221227860781,61.49480614756144,38.22962922363977,5.697876024623585,-186.59709410912234,80.01475880090149,27.078454587315697,67.29610709595316
Random201
Raw:-142.96522465263425,51.5706621395053,54.12212278607813,61.49480614756149,38.229629223639805,5.697876024623615,-186.59709410912234,80.01475880090152,27.078454587315736,67.29610709595322
EFT:-142.96522465263425,51.57066213950527,54.1221227860781,61.49480614756144,38.22962922363977,5.697876024623585,-186.59709410912234,80.01475880090149,27.078454587315697,67.29610709595316
Random202
Raw:-142.96522465263422,51.57066213950528,54.122122786078116,61.494806147561455,38.22962922363978,5.697876024623598,-186.5970941091223,80.01475880090149,27.078454587315715,67.29610709595319
EFT:-142.96522465263425,51.57066213950527,54.1221227860781,61.49480614756144,38.22962922363977,5.697876024623585,-186.59709410912234,80.01475880090149,27.078454587315697,67.29610709595316
Random203
Raw:-142.96522465263422,51.57066213950528,54.122122786078116,61.494806147561455,38.22962922363978,5.697876024623595,-186.5970941091223,80.01475880090149,27.078454587315708,67.29610709595318
EFT:-142.96522465263425,51.57066213950527,54.1221227860781,61.49480614756144,38.22962922363977,5.697876024623585,-186.59709410912234,80.01475880090149,27.078454587315697,67.29610709595316
Random204
Raw:-142.96522465263422,51.57066213950528,54.12212278607811,61.49480614756146,38.22962922363978,5.697876024623596,-186.5970941091223,80.01475880090149,27.078454587315715,67.29610709595318
EFT:-142.96522465263425,51.57066213950527,54.1221227860781,61.49480614756144,38.22962922363977,5.697876024623585,-186.59709410912234,80.01475880090149,27.078454587315697,67.29610709595316
Random205
Raw:-142.96522465263422,51.57066213950528,54.122122786078116,61.49480614756146,38.22962922363978,5.6978760246236,-186.5970941091223,80.01475880090149,27.07845458731572,67.29610709595319
EFT:-142.96522465263425,51.57066213950527,54.1221227860781,61.49480614756144,38.22962922363977,5.697876024623585,-186.59709410912234,80.01475880090149,27.078454587315697,67.29610709595316
Random206
Raw:-142.9652246526342,51.570662139505274,54.12212278607811,61.49480614756145,38.229629223639776,5.697876024623602,-186.59709410912225,80.01475880090149,27.07845458731572,67.29610709595318
EFT:-142.96522465263425,51.57066213950527,54.1221227860781,61.49480614756144,38.22962922363977,5.697876024623585,-186.59709410912234,80.01475880090149,27.078454587315697,67.29610709595316
Random207
Raw:-142.96522465263428,51.570662139505274,54.122122786078094,61.49480614756143,38.22962922363976,5.69787602462357,-186.59709410912237,80.01475880090149,27.078454587315687,67.29610709595316
EFT:-142.96522465263425,51.57066213950527,54.1221227860781,61.49480614756144,38.22962922363977,5.697876024623585,-186.59709410912234,80.01475880090149,27.078454587315697,67.29610709595316
Random208
Raw:-142.96522465263425,51.570662139505295,54.12212278607812,61.49480614756148,38.22962922363979,5.697876024623602,-186.59709410912234,80.0147588009015,27.078454587315726,67.29610709595319
EFT:-142.96522465263425,51.57066213950527,54.1221227860781,61.49480614756144,38.22962922363977,5.697876024623585,-186.59709410912234,80.01475880090149,27.078454587315697,67.29610709595316
Random209
Raw:-142.96522465263425,51.570662139505295,54.12212278607812,61.49480614756148,38.22962922363979,5.6978760246236,-186.59709410912234,80.0147588009015,27.078454587315722,67.29610709595319
EFT:-142.96522465263425,51.57066213950527,54.1221227860781,61.49480614756144,38.22962922363977,5.697876024623585,-186.59709410912234,80.01475880090149,27.078454587315697,67.29610709595316
Random210
Raw:-142.96522465263425,51.5706621395053,54.12212278607812,61.49480614756147,38.22962922363979,5.697876024623603,-186.59709410912234,80.0147588009015,27.07845458731573,67.29610709595319
EFT:-142.96522465263425,51.57066213950527,54.1221227860781,61.49480614756144,38.22962922363977,5.697876024623585,-186.59709410912234,80.01475880090149,27.078454587315697,67.29610709595316
Random211
Raw:-142.9652246526342,51.570662139505274,54.12212278607811,61.49480614756145,38.22962922363977,5.697876024623598,-186.59709410912225,80.01475880090148,27.078454587315715,67.29610709595316
EFT:-142.96522465263425,51.57066213950527,54.1221227860781,61.49480614756144,38.22962922363977,5.697876024623585,-186.59709410912234,80.01475880090149,27.078454587315697,67.29610709595316
Random212
Raw:-142.96522465263422,51.57066213950527,54.122122786078094,61.49480614756144,38.22962922363977,5.697876024623582,-186.5970941091223,80.01475880090148,27.078454587315694,67.29610709595316
EFT:-142.96522465263425,51.57066213950527,54.1221227860781,61.49480614756144,38.22962922363977,5.697876024623585,-186.59709410912234,80.01475880090149,27.078454587315697,67.29610709595316
Random213
Raw:-142.9652246526342,51.57066213950528,54.122122786078116,61.494806147561455,38.229629223639776,5.697876024623605,-186.59709410912225,80.01475880090149,27.078454587315715,67.29610709595316
EFT:-142.96522465263425,51.57066213950527,54.1221227860781,61.49480614756144,38.22962922363977,5.697876024623585,-186.59709410912234,80.01475880090149,27.078454587315697,67.29610709595316
Random214
Raw:-142.96522465263428,51.570662139505295,54.12212278607812,61.49480614756147,38.22962922363978,5.697876024623595,-186.59709410912237,80.01475880090152,27.07845458731572,67.29610709595319
EFT:-142.96522465263425,51.57066213950527,54.1221227860781,61.49480614756144,38.22962922363977,5.697876024623585,-186.59709410912234,80.01475880090149,27.078454587315697,67.29610709595316
Random215
Raw:-142.9652246526342,51.57066213950528,54.122122786078116,61.494806147561455,38.22962922363978,5.697876024623607,-186.59709410912225,80.01475880090149,27.078454587315722,67.29610709595318
EFT:-142.96522465263425,51.57066213950527,54.1221227860781,61.49480614756144,38.22962922363977,5.697876024623585,-186.59709410912234,80.01475880090149,27.078454587315697,67.29610709595316
Random216
Raw:-142.9652246526343,51.570662139505295,54.12212278607813,61.494806147561484,38.22962922363979,5.697876024623589,-186.5970941091224,80.01475880090153,27.078454587315715,67.2961070959532
EFT:-142.96522465263425,51.57066213950527,54.1221227860781,61.49480614756144,38.22962922363977,5.697876024623585,-186.59709410912234,80.01475880090149,27.078454587315697,67.29610709595316
Random217
Raw:-142.96522465263425,51.570662139505295,54.12212278607812,61.49480614756147,38.22962922363978,5.697876024623598,-186.59709410912234,80.0147588009015,27.07845458731572,67.29610709595319
EFT:-142.96522465263425,51.57066213950527,54.1221227860781,61.49480614756144,38.22962922363977,5.697876024623585,-186.59709410912234,80.01475880090149,27.078454587315697,67.29610709595316
Random218
Raw:-142.96522465263422,51.57066213950528,54.122122786078116,61.49480614756146,38.22962922363979,5.6978760246236035,-186.5970941091223,80.01475880090149,27.078454587315715,67.29610709595319
EFT:-142.96522465263425,51.57066213950527,54.1221227860781,61.49480614756144,38.22962922363977,5.697876024623585,-186.59709410912234,80.01475880090149,27.078454587315697,67.29610709595316
Random219
Raw:-142.96522465263422,51.57066213950527,54.1221227860781,61.49480614756144,38.229629223639776,5.697876024623588,-186.5970941091223,80.01475880090148,27.0784545873157,67.29610709595316
EFT:-142.96522465263425,51.57066213950527,54.1221227860781,61.49480614756144,38.22962922363977,5.697876024623585,-186.59709410912234,80.01475880090149,27.078454587315697,67.29610709595316
Random220
Raw:-142.96522465263428,51.57066213950526,54.12212278607809,61.49480614756142,38.22962922363975,5.697876024623555,-186.59709410912237,80.01475880090148,27.07845458731567,67.29610709595315
EFT:-142.96522465263425,51.57066213950527,54.1221227860781,61.49480614756144,38.22962922363977,5.697876024623585,-186.59709410912234,80.01475880090149,27.078454587315697,67.29610709595316
Random221
Raw:-142.96522465263416,51.570662139505274,54.1221227860781,61.49480614756145,38.22962922363977,5.6978760246236,-186.59709410912222,80.01475880090148,27.078454587315715,67.29610709595316
EFT:-142.96522465263425,51.57066213950527,54.1221227860781,61.49480614756144,38.22962922363977,5.697876024623585,-186.59709410912234,80.01475880090149,27.078454587315697,67.29610709595316
Random222
Raw:-142.96522465263425,51.570662139505295,54.122122786078116,61.49480614756146,38.22962922363978,5.697876024623593,-186.59709410912234,80.0147588009015,27.078454587315715,67.29610709595319
EFT:-142.96522465263425,51.57066213950527,54.1221227860781,61.49480614756144,38.22962922363977,5.697876024623585,-186.59709410912234,80.01475880090149,27.078454587315697,67.29610709595316
Random223
Raw:-142.96522465263425,51.57066213950529,54.122122786078116,61.494806147561455,38.22962922363978,5.69787602462359,-186.59709410912234,80.0147588009015,27.078454587315708,67.29610709595318
EFT:-142.96522465263425,51.57066213950527,54.1221227860781,61.49480614756144,38.22962922363977,5.697876024623585,-186.59709410912234,80.01475880090149,27.078454587315697,67.29610709595316
Random224
Raw:-142.96522465263416,51.570662139505274,54.1221227860781,61.49480614756144,38.22962922363977,5.697876024623598,-186.59709410912222,80.01475880090148,27.078454587315715,67.29610709595316
EFT:-142.96522465263425,51.57066213950527,54.1221227860781,61.49480614756144,38.22962922363977,5.697876024623585,-186.59709410912234,80.01475880090149,27.078454587315697,67.29610709595316
Random225
Raw:-142.96522465263422,51.57066213950527,54.122122786078094,61.49480614756144,38.229629223639776,5.6978760246235876,-186.59709410912234,80.01475880090148,27.0784545873157,67.29610709595316
EFT:-142.96522465263425,51.57066213950527,54.1221227860781,61.49480614756144,38.22962922363977,5.697876024623585,-186.59709410912234,80.01475880090149,27.078454587315697,67.29610709595316
Random226
Raw:-142.96522465263425,51.57066213950529,54.12212278607811,61.494806147561455,38.22962922363978,5.697876024623591,-186.59709410912234,80.0147588009015,27.07845458731571,67.29610709595319
EFT:-142.96522465263425,51.57066213950527,54.1221227860781,61.49480614756144,38.22962922363977,5.697876024623585,-186.59709410912234,80.01475880090149,27.078454587315697,67.29610709595316
Random227
Raw:-142.9652246526343,51.570662139505295,54.122122786078116,61.49480614756146,38.22962922363978,5.697876024623586,-186.59709410912237,80.0147588009015,27.078454587315708,67.29610709595318
EFT:-142.96522465263425,51.57066213950527,54.1221227860781,61.49480614756144,38.22962922363977,5.697876024623585,-186.59709410912234,80.01475880090149,27.078454587315697,67.29610709595316
Random228
Raw:-142.96522465263422,51.57066213950528,54.12212278607811,61.494806147561455,38.229629223639776,5.69787602462359,-186.5970941091223,80.01475880090149,27.078454587315708,67.29610709595318
EFT:-142.96522465263425,51.57066213950527,54.1221227860781,61.49480614756144,38.22962922363977,5.697876024623585,-186.59709410912234,80.01475880090149,27.078454587315697,67.29610709595316
Random229
Raw:-142.9652246526342,51.57066213950526,54.12212278607809,61.494806147561434,38.22962922363976,5.6978760246235876,-186.59709410912225,80.01475880090148,27.0784545873157,67.29610709595316
EFT:-142.96522465263425,51.57066213950527,54.1221227860781,61.49480614756144,38.22962922363977,5.697876024623585,-186.59709410912234,80.01475880090149,27.078454587315697,67.29610709595316
Random230
Raw:-142.96522465263425,51.57066213950531,54.12212278607814,61.49480614756149,38.22962922363979,5.697876024623602,-186.59709410912237,80.01475880090153,27.07845458731573,67.29610709595319
EFT:-142.96522465263425,51.57066213950527,54.1221227860781,61.49480614756144,38.22962922363977,5.697876024623585,-186.59709410912234,80.01475880090149,27.078454587315697,67.29610709595316
Random231
Raw:-142.96522465263416,51.57066213950529,54.12212278607812,61.49480614756146,38.22962922363978,5.697876024623613,-186.59709410912225,80.01475880090149,27.07845458731573,67.29610709595319
EFT:-142.96522465263425,51.57066213950527,54.1221227860781,61.49480614756144,38.22962922363977,5.697876024623585,-186.59709410912234,80.01475880090149,27.078454587315697,67.29610709595316
Random232
Raw:-142.9652246526342,51.570662139505295,54.12212278607813,61.494806147561484,38.2296292236398,5.697876024623613,-186.5970941091223,80.0147588009015,27.078454587315736,67.2961070959532
EFT:-142.96522465263425,51.57066213950527,54.1221227860781,61.49480614756144,38.22962922363977,5.697876024623585,-186.59709410912234,80.01475880090149,27.078454587315697,67.29610709595316
Random233
Raw:-142.96522465263425,51.5706621395053,54.12212278607812,61.49480614756148,38.22962922363979,5.697876024623606,-186.59709410912234,80.0147588009015,27.07845458731573,67.2961070959532
EFT:-142.96522465263425,51.57066213950527,54.1221227860781,61.49480614756144,38.22962922363977,5.697876024623585,-186.59709410912234,80.01475880090149,27.078454587315697,67.29610709595316
Random234
Raw:-142.9652246526342,51.570662139505295,54.12212278607813,61.49480614756148,38.2296292236398,5.6978760246236115,-186.5970941091223,80.0147588009015,27.078454587315736,67.29610709595319
EFT:-142.96522465263425,51.57066213950527,54.1221227860781,61.49480614756144,38.22962922363977,5.697876024623585,-186.59709410912234,80.01475880090149,27.078454587315697,67.29610709595316
Random235
Raw:-142.96522465263425,51.57066213950529,54.122122786078116,61.494806147561455,38.22962922363978,5.697876024623592,-186.59709410912234,80.0147588009015,27.078454587315715,67.29610709595319
EFT:-142.96522465263425,51.57066213950527,54.1221227860781,61.49480614756144,38.22962922363977,5.697876024623585,-186.59709410912234,80.01475880090149,27.078454587315697,67.29610709595316
Random236
Raw:-142.96522465263422,51.57066213950528,54.122122786078116,61.49480614756146,38.22962922363979,5.697876024623604,-186.5970941091223,80.0147588009015,27.078454587315722,67.29610709595319
EFT:-142.96522465263425,51.57066213950527,54.1221227860781,61.49480614756144,38.22962922363977,5.697876024623585,-186.59709410912234,80.01475880090149,27.078454587315697,67.29610709595316
Random237
Raw:-142.96522465263428,51.57066213950528,54.1221227860781,61.49480614756144,38.22962922363977,5.697876024623582,-186.59709410912234,80.01475880090149,27.078454587315697,67.29610709595318
EFT:-142.96522465263425,51.57066213950527,54.1221227860781,61.49480614756144,38.22962922363977,5.697876024623585,-186.59709410912234,80.01475880090149,27.078454587315697,67.29610709595316
Random238
Raw:-142.96522465263428,51.570662139505295,54.12212278607813,61.49480614756147,38.22962922363979,5.697876024623595,-186.59709410912237,80.01475880090152,27.07845458731572,67.29610709595319
EFT:-142.96522465263425,51.57066213950527,54.1221227860781,61.49480614756144,38.22962922363977,5.697876024623585,-186.59709410912234,80.01475880090149,27.078454587315697,67.29610709595316
Random239
Raw:-142.96522465263428,51.57066213950529,54.12212278607811,61.49480614756145,38.22962922363978,5.697876024623589,-186.59709410912234,80.0147588009015,27.078454587315708,67.29610709595319
EFT:-142.96522465263425,51.57066213950527,54.1221227860781,61.49480614756144,38.22962922363977,5.697876024623585,-186.59709410912234,80.01475880090149,27.078454587315697,67.29610709595316
Random240
Raw:-142.9652246526342,51.57066213950527,54.122122786078094,61.494806147561434,38.22962922363977,5.697876024623594,-186.59709410912225,80.01475880090148,27.078454587315704,67.29610709595316
EFT:-142.96522465263425,51.57066213950527,54.1221227860781,61.49480614756144,38.22962922363977,5.697876024623585,-186.59709410912234,80.01475880090149,27.078454587315697,67.29610709595316
Random241
Raw:-142.96522465263428,51.57066213950529,54.12212278607811,61.49480614756146,38.22962922363978,5.697876024623588,-186.59709410912237,80.0147588009015,27.078454587315708,67.29610709595319
EFT:-142.96522465263425,51.57066213950527,54.1221227860781,61.49480614756144,38.22962922363977,5.697876024623585,-186.59709410912234,80.01475880090149,27.078454587315697,67.29610709595316
Random242
Raw:-142.9652246526343,51.57066213950529,54.122122786078116,61.49480614756146,38.22962922363978,5.697876024623589,-186.59709410912237,80.0147588009015,27.078454587315708,67.29610709595318
EFT:-142.96522465263425,51.57066213950527,54.1221227860781,61.49480614756144,38.22962922363977,5.697876024623585,-186.59709410912234,80.01475880090149,27.078454587315697,67.29610709595316
Random243
Raw:-142.96522465263425,51.57066213950528,54.12212278607811,61.49480614756145,38.22962922363977,5.69787602462358,-186.59709410912234,80.01475880090149,27.0784545873157,67.29610709595318
EFT:-142.96522465263425,51.57066213950527,54.1221227860781,61.49480614756144,38.22962922363977,5.697876024623585,-186.59709410912234,80.01475880090149,27.078454587315697,67.29610709595316
Random244
Raw:-142.96522465263422,51.57066213950527,54.1221227860781,61.49480614756144,38.22962922363977,5.697876024623582,-186.5970941091223,80.01475880090148,27.078454587315694,67.29610709595316
EFT:-142.96522465263425,51.57066213950527,54.1221227860781,61.49480614756144,38.22962922363977,5.697876024623585,-186.59709410912234,80.01475880090149,27.078454587315697,67.29610709595316
Random245
Raw:-142.96522465263425,51.57066213950529,54.12212278607811,61.49480614756144,38.229629223639776,5.697876024623582,-186.59709410912237,80.0147588009015,27.0784545873157,67.29610709595318
EFT:-142.96522465263425,51.57066213950527,54.1221227860781,61.49480614756144,38.22962922363977,5.697876024623585,-186.59709410912234,80.01475880090149,27.078454587315697,67.29610709595316
Random246
Raw:-142.96522465263425,51.570662139505295,54.122122786078116,61.49480614756146,38.22962922363979,5.697876024623596,-186.59709410912234,80.0147588009015,27.07845458731572,67.29610709595319
EFT:-142.96522465263425,51.57066213950527,54.1221227860781,61.49480614756144,38.22962922363977,5.697876024623585,-186.59709410912234,80.01475880090149,27.078454587315697,67.29610709595316
Random247
Raw:-142.96522465263425,51.57066213950529,54.122122786078116,61.494806147561455,38.229629223639776,5.6978760246235876,-186.59709410912234,80.0147588009015,27.078454587315708,67.29610709595319
EFT:-142.96522465263425,51.57066213950527,54.1221227860781,61.49480614756144,38.22962922363977,5.697876024623585,-186.59709410912234,80.01475880090149,27.078454587315697,67.29610709595316
Random248
Raw:-142.96522465263422,51.57066213950528,54.12212278607811,61.494806147561455,38.22962922363978,5.697876024623595,-186.5970941091223,80.01475880090149,27.07845458731571,67.29610709595318
EFT:-142.96522465263425,51.57066213950527,54.1221227860781,61.49480614756144,38.22962922363977,5.697876024623585,-186.59709410912234,80.01475880090149,27.078454587315697,67.29610709595316
Random249
Raw:-142.96522465263422,51.57066213950528,54.12212278607811,61.494806147561455,38.229629223639776,5.697876024623591,-186.5970941091223,80.01475880090149,27.07845458731571,67.29610709595318
EFT:-142.96522465263425,51.57066213950527,54.1221227860781,61.49480614756144,38.22962922363977,5.697876024623585,-186.59709410912234,80.01475880090149,27.078454587315697,67.29610709595316
Random250
Raw:-142.96522465263425,51.5706621395053,54.12212278607812,61.49480614756148,38.2296292236398,5.697876024623609,-186.59709410912234,80.01475880090152,27.078454587315733,67.2961070959532
EFT:-142.96522465263425,51.57066213950527,54.1221227860781,61.49480614756144,38.22962922363977,5.697876024623585,-186.59709410912234,80.01475880090149,27.078454587315697,67.29610709595316
Random251
Raw:-142.96522465263425,51.57066213950528,54.12212278607811,61.49480614756145,38.22962922363978,5.697876024623591,-186.59709410912234,80.01475880090149,27.078454587315708,67.29610709595319
EFT:-142.96522465263425,51.57066213950527,54.1221227860781,61.49480614756144,38.22962922363977,5.697876024623585,-186.59709410912234,80.01475880090149,27.078454587315697,67.29610709595316
Random252
Raw:-142.9652246526343,51.570662139505295,54.12212278607813,61.49480614756148,38.22962922363978,5.6978760246235876,-186.59709410912242,80.01475880090153,27.078454587315715,67.29610709595319
EFT:-142.96522465263425,51.57066213950527,54.1221227860781,61.49480614756144,38.22962922363977,5.697876024623585,-186.59709410912234,80.01475880090149,27.078454587315697,67.29610709595316
Random253
Raw:-142.96522465263422,51.57066213950528,54.12212278607811,61.49480614756146,38.22962922363978,5.697876024623597,-186.5970941091223,80.01475880090149,27.07845458731571,67.29610709595319
EFT:-142.96522465263425,51.57066213950527,54.1221227860781,61.49480614756144,38.22962922363977,5.697876024623585,-186.59709410912234,80.01475880090149,27.078454587315697,67.29610709595316
Random254
Raw:-142.9652246526343,51.57066213950528,54.1221227860781,61.494806147561455,38.22962922363977,5.697876024623573,-186.5970941091224,80.0147588009015,27.078454587315694,67.29610709595316
EFT:-142.96522465263425,51.57066213950527,54.1221227860781,61.49480614756144,38.22962922363977,5.697876024623585,-186.59709410912234,80.01475880090149,27.078454587315697,67.29610709595316
Random255
Raw:-142.96522465263425,51.57066213950531,54.12212278607814,61.49480614756149,38.2296292236398,5.6978760246236035,-186.59709410912237,80.01475880090153,27.07845458731573,67.2961070959532
EFT:-142.96522465263425,51.57066213950527,54.1221227860781,61.49480614756144,38.22962922363977,5.697876024623585,-186.59709410912234,80.01475880090149,27.078454587315697,67.29610709595316
Random256
Raw:-142.96522465263425,51.570662139505295,54.12212278607812,61.49480614756147,38.22962922363978,5.697876024623597,-186.59709410912234,80.0147588009015,27.078454587315715,67.29610709595319
EFT:-142.96522465263425,51.57066213950527,54.1221227860781,61.49480614756144,38.22962922363977,5.697876024623585,-186.59709410912234,80.01475880090149,27.078454587315697,67.29610709595316
Random257
Raw:-142.9652246526342,51.570662139505274,54.1221227860781,61.49480614756145,38.22962922363977,5.697876024623594,-186.59709410912225,80.01475880090148,27.078454587315708,67.29610709595316
EFT:-142.96522465263425,51.57066213950527,54.1221227860781,61.49480614756144,38.22962922363977,5.697876024623585,-186.59709410912234,80.01475880090149,27.078454587315697,67.29610709595316
Random258
Raw:-142.96522465263428,51.57066213950528,54.1221227860781,61.49480614756144,38.22962922363977,5.697876024623583,-186.59709410912234,80.01475880090149,27.0784545873157,67.29610709595318
EFT:-142.96522465263425,51.57066213950527,54.1221227860781,61.49480614756144,38.22962922363977,5.697876024623585,-186.59709410912234,80.01475880090149,27.078454587315697,67.29610709595316
Random259
Raw:-142.96522465263422,51.57066213950528,54.12212278607811,61.49480614756146,38.22962922363978,5.697876024623597,-186.5970941091223,80.01475880090149,27.078454587315715,67.29610709595318
EFT:-142.96522465263425,51.57066213950527,54.1221227860781,61.49480614756144,38.22962922363977,5.697876024623585,-186.59709410912234,80.01475880090149,27.078454587315697,67.29610709595316
Random260
Raw:-142.9652246526342,51.5706621395053,54.12212278607813,61.49480614756149,38.2296292236398,5.697876024623617,-186.5970941091223,80.01475880090152,27.078454587315736,67.2961070959532
EFT:-142.96522465263425,51.57066213950527,54.1221227860781,61.49480614756144,38.22962922363977,5.697876024623585,-186.59709410912234,80.01475880090149,27.078454587315697,67.29610709595316
Random261
Raw:-142.96522465263428,51.57066213950528,54.1221227860781,61.49480614756144,38.22962922363977,5.697876024623577,-186.59709410912237,80.01475880090149,27.078454587315697,67.29610709595318
EFT:-142.96522465263425,51.57066213950527,54.1221227860781,61.49480614756144,38.22962922363977,5.697876024623585,-186.59709410912234,80.01475880090149,27.078454587315697,67.29610709595316
Random262
Raw:-142.96522465263425,51.570662139505295,54.122122786078116,61.49480614756146,38.22962922363978,5.6978760246235955,-186.59709410912234,80.0147588009015,27.07845458731572,67.29610709595319
EFT:-142.96522465263425,51.57066213950527,54.1221227860781,61.49480614756144,38.22962922363977,5.697876024623585,-186.59709410912234,80.01475880090149,27.078454587315697,67.29610709595316
Random263
Raw:-142.9652246526343,51.57066213950529,54.1221227860781,61.49480614756146,38.22962922363978,5.697876024623583,-186.5970941091224,80.0147588009015,27.0784545873157,67.29610709595318
EFT:-142.96522465263425,51.57066213950527,54.1221227860781,61.49480614756144,38.22962922363977,5.697876024623585,-186.59709410912234,80.01475880090149,27.078454587315697,67.29610709595316
Random264
Raw:-142.96522465263425,51.57066213950529,54.122122786078116,61.49480614756146,38.22962922363978,5.697876024623594,-186.59709410912234,80.0147588009015,27.078454587315715,67.29610709595319
EFT:-142.96522465263425,51.57066213950527,54.1221227860781,61.49480614756144,38.22962922363977,5.697876024623585,-186.59709410912234,80.01475880090149,27.078454587315697,67.29610709595316
Random265
Raw:-142.96522465263422,51.57066213950528,54.122122786078116,61.494806147561455,38.229629223639776,5.697876024623598,-186.5970941091223,80.01475880090149,27.07845458731571,67.29610709595318
EFT:-142.96522465263425,51.57066213950527,54.1221227860781,61.49480614756144,38.22962922363977,5.697876024623585,-186.59709410912234,80.01475880090149,27.078454587315697,67.29610709595316
Random266
Raw:-142.9652246526342,51.57066213950527,54.12212278607809,61.494806147561434,38.22962922363977,5.697876024623593,-186.59709410912225,80.01475880090148,27.0784545873157,67.29610709595316
EFT:-142.96522465263425,51.57066213950527,54.1221227860781,61.49480614756144,38.22962922363977,5.697876024623585,-186.59709410912234,80.01475880090149,27.078454587315697,67.29610709595316
Random267
Raw:-142.96522465263428,51.570662139505274,54.1221227860781,61.49480614756144,38.22962922363977,5.697876024623573,-186.59709410912237,80.01475880090149,27.07845458731569,67.29610709595316
EFT:-142.96522465263425,51.57066213950527,54.1221227860781,61.49480614756144,38.22962922363977,5.697876024623585,-186.59709410912234,80.01475880090149,27.078454587315697,67.29610709595316
Random268
Raw:-142.96522465263422,51.570662139505274,54.1221227860781,61.49480614756145,38.22962922363977,5.6978760246235876,-186.5970941091223,80.01475880090149,27.0784545873157,67.29610709595316
EFT:-142.96522465263425,51.57066213950527,54.1221227860781,61.49480614756144,38.22962922363977,5.697876024623585,-186.59709410912234,80.01475880090149,27.078454587315697,67.29610709595316
Random269
Raw:-142.96522465263425,51.57066213950528,54.122122786078116,61.494806147561455,38.229629223639776,5.697876024623586,-186.59709410912234,80.0147588009015,27.078454587315708,67.29610709595319
EFT:-142.96522465263425,51.57066213950527,54.1221227860781,61.49480614756144,38.22962922363977,5.697876024623585,-186.59709410912234,80.01475880090149,27.078454587315697,67.29610709595316
Random270
Raw:-142.96522465263425,51.57066213950528,54.1221227860781,61.49480614756144,38.22962922363977,5.697876024623579,-186.59709410912237,80.01475880090149,27.078454587315697,67.29610709595318
EFT:-142.96522465263425,51.57066213950527,54.1221227860781,61.49480614756144,38.22962922363977,5.697876024623585,-186.59709410912234,80.01475880090149,27.078454587315697,67.29610709595316
Random271
Raw:-142.9652246526342,51.57066213950531,54.122122786078144,61.4948061475615,38.229629223639805,5.697876024623623,-186.5970941091223,80.01475880090152,27.07845458731575,67.2961070959532
EFT:-142.96522465263425,51.57066213950527,54.1221227860781,61.49480614756144,38.22962922363977,5.697876024623585,-186.59709410912234,80.01475880090149,27.078454587315697,67.29610709595316
Random272
Raw:-142.96522465263425,51.57066213950529,54.122122786078116,61.494806147561455,38.229629223639776,5.697876024623588,-186.59709410912234,80.0147588009015,27.078454587315708,67.29610709595318
EFT:-142.96522465263425,51.57066213950527,54.1221227860781,61.49480614756144,38.22962922363977,5.697876024623585,-186.59709410912234,80.01475880090149,27.078454587315697,67.29610709595316
Random273
Raw:-142.96522465263422,51.57066213950528,54.122122786078116,61.494806147561455,38.22962922363978,5.697876024623596,-186.5970941091223,80.01475880090149,27.078454587315715,67.29610709595318
EFT:-142.96522465263425,51.57066213950527,54.1221227860781,61.49480614756144,38.22962922363977,5.697876024623585,-186.59709410912234,80.01475880090149,27.078454587315697,67.29610709595316
Random274
Raw:-142.96522465263425,51.570662139505295,54.122122786078116,61.49480614756147,38.22962922363978,5.697876024623598,-186.59709410912234,80.0147588009015,27.07845458731572,67.29610709595319
EFT:-142.96522465263425,51.57066213950527,54.1221227860781,61.49480614756144,38.22962922363977,5.697876024623585,-186.59709410912234,80.01475880090149,27.078454587315697,67.29610709595316
Random275
Raw:-142.96522465263422,51.57066213950528,54.12212278607811,61.49480614756146,38.22962922363979,5.697876024623602,-186.5970941091223,80.01475880090149,27.078454587315715,67.29610709595319
EFT:-142.96522465263425,51.57066213950527,54.1221227860781,61.49480614756144,38.22962922363977,5.697876024623585,-186.59709410912234,80.01475880090149,27.078454587315697,67.29610709595316
Random276
Raw:-142.96522465263425,51.57066213950529,54.122122786078116,61.49480614756146,38.229629223639776,5.6978760246235876,-186.59709410912234,80.0147588009015,27.07845458731571,67.29610709595318
EFT:-142.96522465263425,51.57066213950527,54.1221227860781,61.49480614756144,38.22962922363977,5.697876024623585,-186.59709410912234,80.01475880090149,27.078454587315697,67.29610709595316
Random277
Raw:-142.96522465263425,51.57066213950527,54.122122786078094,61.49480614756143,38.22962922363977,5.697876024623578,-186.59709410912234,80.01475880090148,27.078454587315687,67.29610709595316
EFT:-142.96522465263425,51.57066213950527,54.1221227860781,61.49480614756144,38.22962922363977,5.697876024623585,-186.59709410912234,80.01475880090149,27.078454587315697,67.29610709595316
Random278
Raw:-142.96522465263425,51.570662139505295,54.122122786078116,61.49480614756146,38.22962922363978,5.697876024623598,-186.59709410912234,80.0147588009015,27.078454587315722,67.29610709595319
EFT:-142.96522465263425,51.57066213950527,54.1221227860781,61.49480614756144,38.22962922363977,5.697876024623585,-186.59709410912234,80.01475880090149,27.078454587315697,67.29610709595316
Random279
Raw:-142.96522465263425,51.570662139505295,54.12212278607812,61.49480614756147,38.22962922363978,5.697876024623596,-186.59709410912234,80.0147588009015,27.078454587315722,67.29610709595319
EFT:-142.96522465263425,51.57066213950527,54.1221227860781,61.49480614756144,38.22962922363977,5.697876024623585,-186.59709410912234,80.01475880090149,27.078454587315697,67.29610709595316
Random280
Raw:-142.96522465263422,51.57066213950528,54.122122786078116,61.49480614756146,38.229629223639776,5.697876024623598,-186.5970941091223,80.01475880090149,27.078454587315715,67.29610709595318
EFT:-142.96522465263425,51.57066213950527,54.1221227860781,61.49480614756144,38.22962922363977,5.697876024623585,-186.59709410912234,80.01475880090149,27.078454587315697,67.29610709595316
Random281
Raw:-142.9652246526342,51.57066213950528,54.122122786078116,61.494806147561455,38.229629223639776,5.697876024623605,-186.59709410912225,80.01475880090149,27.078454587315722,67.29610709595318
EFT:-142.96522465263425,51.57066213950527,54.1221227860781,61.49480614756144,38.22962922363977,5.697876024623585,-186.59709410912234,80.01475880090149,27.078454587315697,67.29610709595316
Random282
Raw:-142.96522465263425,51.57066213950531,54.12212278607813,61.494806147561484,38.2296292236398,5.697876024623611,-186.59709410912234,80.01475880090152,27.078454587315736,67.2961070959532
EFT:-142.96522465263425,51.57066213950527,54.1221227860781,61.49480614756144,38.22962922363977,5.697876024623585,-186.59709410912234,80.01475880090149,27.078454587315697,67.29610709595316
Random283
Raw:-142.9652246526342,51.57066213950528,54.122122786078116,61.49480614756146,38.22962922363978,5.697876024623608,-186.59709410912225,80.01475880090149,27.078454587315726,67.29610709595318
EFT:-142.96522465263425,51.57066213950527,54.1221227860781,61.49480614756144,38.22962922363977,5.697876024623585,-186.59709410912234,80.01475880090149,27.078454587315697,67.29610709595316
Random284
Raw:-142.96522465263428,51.570662139505295,54.12212278607813,61.49480614756148,38.22962922363978,5.697876024623591,-186.5970941091224,80.01475880090152,27.078454587315722,67.29610709595319
EFT:-142.96522465263425,51.57066213950527,54.1221227860781,61.49480614756144,38.22962922363977,5.697876024623585,-186.59709410912234,80.01475880090149,27.078454587315697,67.29610709595316
Random285
Raw:-142.9652246526342,51.570662139505274,54.12212278607811,61.49480614756145,38.229629223639776,5.6978760246236035,-186.59709410912225,80.01475880090148,27.078454587315715,67.29610709595318
EFT:-142.96522465263425,51.57066213950527,54.1221227860781,61.49480614756144,38.22962922363977,5.697876024623585,-186.59709410912234,80.01475880090149,27.078454587315697,67.29610709595316
Random286
Raw:-142.96522465263428,51.5706621395053,54.12212278607813,61.49480614756148,38.22962922363979,5.697876024623596,-186.59709410912237,80.01475880090153,27.078454587315722,67.29610709595319
EFT:-142.96522465263425,51.57066213950527,54.1221227860781,61.49480614756144,38.22962922363977,5.697876024623585,-186.59709410912234,80.01475880090149,27.078454587315697,67.29610709595316
Random287
Raw:-142.96522465263422,51.57066213950528,54.122122786078116,61.49480614756146,38.229629223639776,5.697876024623596,-186.5970941091223,80.01475880090149,27.078454587315715,67.29610709595318
EFT:-142.96522465263425,51.57066213950527,54.1221227860781,61.49480614756144,38.22962922363977,5.697876024623585,-186.59709410912234,80.01475880090149,27.078454587315697,67.29610709595316
Random288
Raw:-142.96522465263428,51.570662139505295,54.12212278607813,61.49480614756148,38.22962922363979,5.697876024623594,-186.59709410912237,80.01475880090152,27.078454587315715,67.29610709595319
EFT:-142.96522465263425,51.57066213950527,54.1221227860781,61.49480614756144,38.22962922363977,5.697876024623585,-186.59709410912234,80.01475880090149,27.078454587315697,67.29610709595316
Random289
Raw:-142.96522465263422,51.570662139505274,54.12212278607811,61.494806147561455,38.22962922363977,5.697876024623592,-186.5970941091223,80.01475880090149,27.078454587315704,67.29610709595318
EFT:-142.96522465263425,51.57066213950527,54.1221227860781,61.49480614756144,38.22962922363977,5.697876024623585,-186.59709410912234,80.01475880090149,27.078454587315697,67.29610709595316
Random290
Raw:-142.96522465263422,51.57066213950528,54.122122786078116,61.494806147561455,38.22962922363978,5.6978760246235955,-186.5970941091223,80.01475880090149,27.07845458731571,67.29610709595318
EFT:-142.96522465263425,51.57066213950527,54.1221227860781,61.49480614756144,38.22962922363977,5.697876024623585,-186.59709410912234,80.01475880090149,27.078454587315697,67.29610709595316
Random291
Raw:-142.96522465263425,51.57066213950528,54.12212278607811,61.49480614756144,38.229629223639776,5.697876024623583,-186.59709410912234,80.01475880090149,27.078454587315704,67.29610709595318
EFT:-142.96522465263425,51.57066213950527,54.1221227860781,61.49480614756144,38.22962922363977,5.697876024623585,-186.59709410912234,80.01475880090149,27.078454587315697,67.29610709595316
Random292
Raw:-142.96522465263422,51.57066213950528,54.12212278607811,61.494806147561455,38.22962922363978,5.6978760246235955,-186.5970941091223,80.01475880090149,27.07845458731571,67.29610709595318
EFT:-142.96522465263425,51.57066213950527,54.1221227860781,61.49480614756144,38.22962922363977,5.697876024623585,-186.59709410912234,80.01475880090149,27.078454587315697,67.29610709595316
Random293
Raw:-142.9652246526342,51.570662139505274,54.12212278607811,61.49480614756145,38.22962922363977,5.697876024623597,-186.59709410912225,80.01475880090148,27.078454587315715,67.29610709595316
EFT:-142.96522465263425,51.57066213950527,54.1221227860781,61.49480614756144,38.22962922363977,5.697876024623585,-186.59709410912234,80.01475880090149,27.078454587315697,67.29610709595316
Random294
Raw:-142.9652246526342,51.57066213950526,54.122122786078094,61.494806147561434,38.229629223639755,5.697876024623586,-186.59709410912225,80.01475880090148,27.078454587315694,67.29610709595316
EFT:-142.96522465263425,51.57066213950527,54.1221227860781,61.49480614756144,38.22962922363977,5.697876024623585,-186.59709410912234,80.01475880090149,27.078454587315697,67.29610709595316
Random295
Raw:-142.96522465263422,51.57066213950529,54.122122786078116,61.49480614756146,38.22962922363978,5.697876024623602,-186.5970941091223,80.0147588009015,27.07845458731572,67.29610709595318
EFT:-142.96522465263425,51.57066213950527,54.1221227860781,61.49480614756144,38.22962922363977,5.697876024623585,-186.59709410912234,80.01475880090149,27.078454587315697,67.29610709595316
Random296
Raw:-142.96522465263428,51.57066213950529,54.122122786078116,61.494806147561455,38.229629223639776,5.697876024623577,-186.5970941091224,80.0147588009015,27.0784545873157,67.29610709595318
EFT:-142.96522465263425,51.57066213950527,54.1221227860781,61.49480614756144,38.22962922363977,5.697876024623585,-186.59709410912234,80.01475880090149,27.078454587315697,67.29610709595316
Random297
Raw:-142.96522465263422,51.57066213950527,54.1221227860781,61.49480614756144,38.22962922363977,5.6978760246235804,-186.59709410912234,80.01475880090148,27.078454587315694,67.29610709595316
EFT:-142.96522465263425,51.57066213950527,54.1221227860781,61.49480614756144,38.22962922363977,5.697876024623585,-186.59709410912234,80.01475880090149,27.078454587315697,67.29610709595316
Random298
Raw:-142.96522465263422,51.57066213950529,54.12212278607812,61.49480614756148,38.22962922363979,5.697876024623605,-186.5970941091223,80.0147588009015,27.078454587315726,67.29610709595319
EFT:-142.96522465263425,51.57066213950527,54.1221227860781,61.49480614756144,38.22962922363977,5.697876024623585,-186.59709410912234,80.01475880090149,27.078454587315697,67.29610709595316
Random299
Raw:-142.9652246526342,51.57066213950528,54.122122786078116,61.494806147561455,38.22962922363978,5.697876024623609,-186.59709410912225,80.01475880090149,27.078454587315722,67.29610709595318
EFT:-142.96522465263425,51.57066213950527,54.1221227860781,61.49480614756144,38.22962922363977,5.697876024623585,-186.59709410912234,80.01475880090149,27.078454587315697,67.29610709595316
Random300
Raw:-142.96522465263422,51.57066213950528,54.122122786078116,61.494806147561455,38.22962922363978,5.6978760246235955,-186.5970941091223,80.01475880090149,27.078454587315715,67.29610709595318
EFT:-142.96522465263425,51.57066213950527,54.1221227860781,61.49480614756144,38.22962922363977,5.697876024623585,-186.59709410912234,80.01475880090149,27.078454587315697,67.29610709595316
Random301
Raw:-142.96522465263422,51.57066213950529,54.122122786078116,61.49480614756148,38.22962922363979,5.697876024623603,-186.5970941091223,80.0147588009015,27.078454587315722,67.29610709595318
EFT:-142.96522465263425,51.57066213950527,54.1221227860781,61.49480614756144,38.22962922363977,5.697876024623585,-186.59709410912234,80.01475880090149,27.078454587315697,67.29610709595316
Random302
Raw:-142.96522465263422,51.57066213950528,54.12212278607811,61.49480614756145,38.22962922363978,5.697876024623596,-186.5970941091223,80.01475880090149,27.078454587315715,67.29610709595318
EFT:-142.96522465263425,51.57066213950527,54.1221227860781,61.49480614756144,38.22962922363977,5.697876024623585,-186.59709410912234,80.01475880090149,27.078454587315697,67.29610709595316
Random303
Raw:-142.96522465263413,51.57066213950528,54.122122786078116,61.49480614756146,38.22962922363978,5.697876024623614,-186.59709410912222,80.01475880090148,27.078454587315733,67.29610709595318
EFT:-142.96522465263425,51.57066213950527,54.1221227860781,61.49480614756144,38.22962922363977,5.697876024623585,-186.59709410912234,80.01475880090149,27.078454587315697,67.29610709595316
Random304
Raw:-142.96522465263428,51.570662139505295,54.122122786078116,61.49480614756148,38.22962922363979,5.69787602462359,-186.59709410912237,80.0147588009015,27.07845458731571,67.29610709595319
EFT:-142.96522465263425,51.57066213950527,54.1221227860781,61.49480614756144,38.22962922363977,5.697876024623585,-186.59709410912234,80.01475880090149,27.078454587315697,67.29610709595316
Random305
Raw:-142.96522465263422,51.57066213950529,54.12212278607812,61.49480614756147,38.22962922363979,5.697876024623605,-186.5970941091223,80.0147588009015,27.078454587315722,67.29610709595319
EFT:-142.96522465263425,51.57066213950527,54.1221227860781,61.49480614756144,38.22962922363977,5.697876024623585,-186.59709410912234,80.01475880090149,27.078454587315697,67.29610709595316
Random306
Raw:-142.96522465263422,51.570662139505274,54.1221227860781,61.49480614756145,38.22962922363978,5.6978760246235955,-186.5970941091223,80.01475880090149,27.078454587315708,67.29610709595318
EFT:-142.96522465263425,51.57066213950527,54.1221227860781,61.49480614756144,38.22962922363977,5.697876024623585,-186.59709410912234,80.01475880090149,27.078454587315697,67.29610709595316
Random307
Raw:-142.96522465263425,51.57066213950529,54.12212278607811,61.494806147561455,38.22962922363978,5.697876024623588,-186.59709410912234,80.0147588009015,27.078454587315708,67.29610709595318
EFT:-142.96522465263425,51.57066213950527,54.1221227860781,61.49480614756144,38.22962922363977,5.697876024623585,-186.59709410912234,80.01475880090149,27.078454587315697,67.29610709595316
Random308
Raw:-142.9652246526342,51.57066213950527,54.1221227860781,61.49480614756145,38.22962922363977,5.697876024623591,-186.59709410912225,80.01475880090148,27.078454587315704,67.29610709595316
EFT:-142.96522465263425,51.57066213950527,54.1221227860781,61.49480614756144,38.22962922363977,5.697876024623585,-186.59709410912234,80.01475880090149,27.078454587315697,67.29610709595316
Random309
Raw:-142.96522465263428,51.570662139505295,54.122122786078116,61.49480614756147,38.22962922363978,5.697876024623592,-186.59709410912237,80.01475880090152,27.078454587315715,67.29610709595319
EFT:-142.96522465263425,51.57066213950527,54.1221227860781,61.49480614756144,38.22962922363977,5.697876024623585,-186.59709410912234,80.01475880090149,27.078454587315697,67.29610709595316
Random310
Raw:-142.96522465263425,51.57066213950529,54.122122786078116,61.494806147561455,38.22962922363978,5.6978760246235876,-186.59709410912234,80.0147588009015,27.07845458731571,67.29610709595319
EFT:-142.96522465263425,51.57066213950527,54.1221227860781,61.49480614756144,38.22962922363977,5.697876024623585,-186.59709410912234,80.01475880090149,27.078454587315697,67.29610709595316
Random311
Raw:-142.9652246526343,51.570662139505295,54.12212278607813,61.49480614756147,38.22962922363979,5.697876024623587,-186.59709410912242,80.01475880090153,27.078454587315708,67.29610709595319
EFT:-142.96522465263425,51.57066213950527,54.1221227860781,61.49480614756144,38.22962922363977,5.697876024623585,-186.59709410912234,80.01475880090149,27.078454587315697,67.29610709595316
Random312
Raw:-142.96522465263428,51.570662139505295,54.122122786078116,61.49480614756146,38.22962922363978,5.697876024623588,-186.59709410912237,80.01475880090152,27.078454587315708,67.29610709595318
EFT:-142.96522465263425,51.57066213950527,54.1221227860781,61.49480614756144,38.22962922363977,5.697876024623585,-186.59709410912234,80.01475880090149,27.078454587315697,67.29610709595316
Random313
Raw:-142.96522465263428,51.570662139505295,54.122122786078116,61.49480614756146,38.22962922363978,5.697876024623586,-186.59709410912237,80.0147588009015,27.078454587315708,67.29610709595318
EFT:-142.96522465263425,51.57066213950527,54.1221227860781,61.49480614756144,38.22962922363977,5.697876024623585,-186.59709410912234,80.01475880090149,27.078454587315697,67.29610709595316
Random314
Raw:-142.96522465263422,51.57066213950528,54.122122786078116,61.49480614756146,38.22962922363979,5.697876024623602,-186.5970941091223,80.01475880090149,27.078454587315715,67.29610709595319
EFT:-142.96522465263425,51.57066213950527,54.1221227860781,61.49480614756144,38.22962922363977,5.697876024623585,-186.59709410912234,80.01475880090149,27.078454587315697,67.29610709595316
Random315
Raw:-142.96522465263425,51.57066213950529,54.12212278607811,61.49480614756145,38.22962922363978,5.697876024623589,-186.59709410912234,80.0147588009015,27.078454587315708,67.29610709595319
EFT:-142.96522465263425,51.57066213950527,54.1221227860781,61.49480614756144,38.22962922363977,5.697876024623585,-186.59709410912234,80.01475880090149,27.078454587315697,67.29610709595316
Random316
Raw:-142.96522465263422,51.57066213950529,54.122122786078116,61.49480614756146,38.22962922363978,5.697876024623601,-186.5970941091223,80.0147588009015,27.078454587315722,67.29610709595318
EFT:-142.96522465263425,51.57066213950527,54.1221227860781,61.49480614756144,38.22962922363977,5.697876024623585,-186.59709410912234,80.01475880090149,27.078454587315697,67.29610709595316
Random317
Raw:-142.96522465263422,51.57066213950528,54.122122786078116,61.49480614756146,38.22962922363978,5.697876024623598,-186.5970941091223,80.01475880090149,27.078454587315715,67.29610709595318
EFT:-142.96522465263425,51.57066213950527,54.1221227860781,61.49480614756144,38.22962922363977,5.697876024623585,-186.59709410912234,80.01475880090149,27.078454587315697,67.29610709595316
Random318
Raw:-142.96522465263433,51.5706621395053,54.12212278607812,61.49480614756147,38.2296292236398,5.697876024623591,-186.5970941091224,80.01475880090153,27.07845458731571,67.29610709595319
EFT:-142.96522465263425,51.57066213950527,54.1221227860781,61.49480614756144,38.22962922363977,5.697876024623585,-186.59709410912234,80.01475880090149,27.078454587315697,67.29610709595316
Random319
Raw:-142.96522465263425,51.570662139505295,54.122122786078116,61.49480614756146,38.22962922363979,5.697876024623598,-186.59709410912234,80.0147588009015,27.078454587315722,67.29610709595319
EFT:-142.96522465263425,51.57066213950527,54.1221227860781,61.49480614756144,38.22962922363977,5.697876024623585,-186.59709410912234,80.01475880090149,27.078454587315697,67.29610709595316
Random320
Raw:-142.96522465263425,51.570662139505295,54.12212278607812,61.49480614756147,38.22962922363978,5.697876024623601,-186.59709410912234,80.0147588009015,27.078454587315722,67.29610709595319
EFT:-142.96522465263425,51.57066213950527,54.1221227860781,61.49480614756144,38.22962922363977,5.697876024623585,-186.59709410912234,80.01475880090149,27.078454587315697,67.29610709595316
Random321
Raw:-142.96522465263428,51.57066213950527,54.12212278607809,61.49480614756143,38.22962922363977,5.69787602462357,-186.59709410912237,80.01475880090148,27.078454587315687,67.29610709595316
EFT:-142.96522465263425,51.57066213950527,54.1221227860781,61.49480614756144,38.22962922363977,5.697876024623585,-186.59709410912234,80.01475880090149,27.078454587315697,67.29610709595316
Random322
Raw:-142.9652246526343,51.570662139505316,54.122122786078144,61.49480614756149,38.229629223639805,5.697876024623605,-186.5970941091224,80.01475880090155,27.078454587315733,67.2961070959532
EFT:-142.96522465263425,51.57066213950527,54.1221227860781,61.49480614756144,38.22962922363977,5.697876024623585,-186.59709410912234,80.01475880090149,27.078454587315697,67.29610709595316
Random323
Raw:-142.96522465263416,51.57066213950527,54.122122786078094,61.494806147561434,38.22962922363977,5.697876024623599,-186.59709410912222,80.01475880090146,27.07845458731571,67.29610709595316
EFT:-142.96522465263425,51.57066213950527,54.1221227860781,61.49480614756144,38.22962922363977,5.697876024623585,-186.59709410912234,80.01475880090149,27.078454587315697,67.29610709595316
Random324
Raw:-142.96522465263433,51.570662139505295,54.122122786078116,61.49480614756147,38.22962922363978,5.697876024623585,-186.59709410912242,80.01475880090152,27.078454587315708,67.29610709595319
EFT:-142.96522465263425,51.57066213950527,54.1221227860781,61.49480614756144,38.22962922363977,5.697876024623585,-186.59709410912234,80.01475880090149,27.078454587315697,67.29610709595316
Random325
Raw:-142.96522465263425,51.57066213950528,54.12212278607811,61.49480614756145,38.229629223639776,5.697876024623586,-186.59709410912237,80.01475880090149,27.0784545873157,67.29610709595318
EFT:-142.96522465263425,51.57066213950527,54.1221227860781,61.49480614756144,38.22962922363977,5.697876024623585,-186.59709410912234,80.01475880090149,27.078454587315697,67.29610709595316
Random326
Raw:-142.96522465263422,51.570662139505274,54.1221227860781,61.49480614756145,38.22962922363978,5.697876024623594,-186.5970941091223,80.01475880090148,27.078454587315708,67.29610709595318
EFT:-142.96522465263425,51.57066213950527,54.1221227860781,61.49480614756144,38.22962922363977,5.697876024623585,-186.59709410912234,80.01475880090149,27.078454587315697,67.29610709595316
Random327
Raw:-142.96522465263425,51.570662139505295,54.122122786078116,61.494806147561455,38.22962922363978,5.6978760246235876,-186.59709410912237,80.0147588009015,27.078454587315708,67.29610709595319
EFT:-142.96522465263425,51.57066213950527,54.1221227860781,61.49480614756144,38.22962922363977,5.697876024623585,-186.59709410912234,80.01475880090149,27.078454587315697,67.29610709595316
Random328
Raw:-142.96522465263422,51.57066213950528,54.122122786078116,61.494806147561455,38.22962922363978,5.697876024623599,-186.5970941091223,80.01475880090149,27.078454587315715,67.29610709595318
EFT:-142.96522465263425,51.57066213950527,54.1221227860781,61.49480614756144,38.22962922363977,5.697876024623585,-186.59709410912234,80.01475880090149,27.078454587315697,67.29610709595316
Random329
Raw:-142.96522465263428,51.57066213950529,54.12212278607812,61.49480614756147,38.22962922363978,5.697876024623585,-186.5970941091224,80.01475880090152,27.078454587315708,67.29610709595318
EFT:-142.96522465263425,51.57066213950527,54.1221227860781,61.49480614756144,38.22962922363977,5.697876024623585,-186.59709410912234,80.01475880090149,27.078454587315697,67.29610709595316
Random330
Raw:-142.96522465263422,51.57066213950529,54.122122786078116,61.49480614756147,38.22962922363978,5.697876024623602,-186.5970941091223,80.0147588009015,27.078454587315715,67.29610709595319
EFT:-142.96522465263425,51.57066213950527,54.1221227860781,61.49480614756144,38.22962922363977,5.697876024623585,-186.59709410912234,80.01475880090149,27.078454587315697,67.29610709595316
Random331
Raw:-142.9652246526342,51.570662139505295,54.12212278607813,61.49480614756148,38.2296292236398,5.697876024623611,-186.5970941091223,80.0147588009015,27.078454587315736,67.29610709595319
EFT:-142.96522465263425,51.57066213950527,54.1221227860781,61.49480614756144,38.22962922363977,5.697876024623585,-186.59709410912234,80.01475880090149,27.078454587315697,67.29610709595316
Random332
Raw:-142.96522465263422,51.57066213950528,54.12212278607811,61.49480614756146,38.22962922363978,5.697876024623597,-186.5970941091223,80.01475880090149,27.078454587315715,67.29610709595318
EFT:-142.96522465263425,51.57066213950527,54.1221227860781,61.49480614756144,38.22962922363977,5.697876024623585,-186.59709410912234,80.01475880090149,27.078454587315697,67.29610709595316
Random333
Raw:-142.96522465263425,51.57066213950529,54.12212278607811,61.49480614756146,38.2296292236398,5.697876024623601,-186.59709410912234,80.0147588009015,27.07845458731572,67.29610709595319
EFT:-142.96522465263425,51.57066213950527,54.1221227860781,61.49480614756144,38.22962922363977,5.697876024623585,-186.59709410912234,80.01475880090149,27.078454587315697,67.29610709595316
Random334
Raw:-142.9652246526342,51.570662139505295,54.12212278607813,61.49480614756149,38.2296292236398,5.697876024623613,-186.5970941091223,80.0147588009015,27.078454587315736,67.29610709595319
EFT:-142.96522465263425,51.57066213950527,54.1221227860781,61.49480614756144,38.22962922363977,5.697876024623585,-186.59709410912234,80.01475880090149,27.078454587315697,67.29610709595316
Random335
Raw:-142.9652246526343,51.570662139505295,54.12212278607813,61.49480614756148,38.22962922363978,5.6978760246235876,-186.5970941091224,80.01475880090153,27.078454587315715,67.29610709595319
EFT:-142.96522465263425,51.57066213950527,54.1221227860781,61.49480614756144,38.22962922363977,5.697876024623585,-186.59709410912234,80.01475880090149,27.078454587315697,67.29610709595316
Random336
Raw:-142.9652246526343,51.570662139505295,54.12212278607812,61.49480614756146,38.22962922363978,5.6978760246235804,-186.5970941091224,80.01475880090153,27.078454587315708,67.29610709595319
EFT:-142.96522465263425,51.57066213950527,54.1221227860781,61.49480614756144,38.22962922363977,5.697876024623585,-186.59709410912234,80.01475880090149,27.078454587315697,67.29610709595316
Random337
Raw:-142.96522465263428,51.570662139505274,54.122122786078094,61.494806147561434,38.22962922363977,5.697876024623579,-186.59709410912237,80.01475880090149,27.078454587315694,67.29610709595316
EFT:-142.96522465263425,51.57066213950527,54.1221227860781,61.49480614756144,38.22962922363977,5.697876024623585,-186.59709410912234,80.01475880090149,27.078454587315697,67.29610709595316
Random338
Raw:-142.96522465263425,51.5706621395053,54.12212278607813,61.494806147561484,38.2296292236398,5.697876024623607,-186.59709410912234,80.01475880090152,27.078454587315733,67.2961070959532
EFT:-142.96522465263425,51.57066213950527,54.1221227860781,61.49480614756144,38.22962922363977,5.697876024623585,-186.59709410912234,80.01475880090149,27.078454587315697,67.29610709595316
Random339
Raw:-142.96522465263425,51.57066213950527,54.122122786078094,61.494806147561434,38.22962922363977,5.697876024623582,-186.59709410912234,80.01475880090148,27.078454587315694,67.29610709595318
EFT:-142.96522465263425,51.57066213950527,54.1221227860781,61.49480614756144,38.22962922363977,5.697876024623585,-186.59709410912234,80.01475880090149,27.078454587315697,67.29610709595316
Random340
Raw:-142.96522465263428,51.570662139505295,54.122122786078116,61.49480614756146,38.22962922363978,5.697876024623589,-186.5970941091224,80.01475880090152,27.078454587315708,67.29610709595318
EFT:-142.96522465263425,51.57066213950527,54.1221227860781,61.49480614756144,38.22962922363977,5.697876024623585,-186.59709410912234,80.01475880090149,27.078454587315697,67.29610709595316
Random341
Raw:-142.96522465263422,51.57066213950529,54.12212278607812,61.49480614756147,38.22962922363979,5.697876024623604,-186.5970941091223,80.0147588009015,27.078454587315726,67.29610709595319
EFT:-142.96522465263425,51.57066213950527,54.1221227860781,61.49480614756144,38.22962922363977,5.697876024623585,-186.59709410912234,80.01475880090149,27.078454587315697,67.29610709595316
Random342
Raw:-142.96522465263422,51.57066213950528,54.122122786078116,61.494806147561455,38.22962922363978,5.697876024623596,-186.5970941091223,80.01475880090149,27.078454587315715,67.29610709595318
EFT:-142.96522465263425,51.57066213950527,54.1221227860781,61.49480614756144,38.22962922363977,5.697876024623585,-186.59709410912234,80.01475880090149,27.078454587315697,67.29610709595316
Random343
Raw:-142.96522465263422,51.57066213950527,54.1221227860781,61.49480614756144,38.22962922363977,5.697876024623584,-186.5970941091223,80.01475880090148,27.078454587315697,67.29610709595316
EFT:-142.96522465263425,51.57066213950527,54.1221227860781,61.49480614756144,38.22962922363977,5.697876024623585,-186.59709410912234,80.01475880090149,27.078454587315697,67.29610709595316
Random344
Raw:-142.9652246526343,51.57066213950528,54.12212278607811,61.494806147561455,38.229629223639776,5.6978760246235804,-186.5970941091224,80.0147588009015,27.0784545873157,67.29610709595318
EFT:-142.96522465263425,51.57066213950527,54.1221227860781,61.49480614756144,38.22962922363977,5.697876024623585,-186.59709410912234,80.01475880090149,27.078454587315697,67.29610709595316
Random345
Raw:-142.9652246526342,51.57066213950527,54.1221227860781,61.49480614756145,38.22962922363977,5.697876024623593,-186.59709410912225,80.01475880090148,27.078454587315704,67.29610709595316
EFT:-142.96522465263425,51.57066213950527,54.1221227860781,61.49480614756144,38.22962922363977,5.697876024623585,-186.59709410912234,80.01475880090149,27.078454587315697,67.29610709595316
Random346
Raw:-142.96522465263422,51.57066213950528,54.122122786078116,61.49480614756146,38.22962922363978,5.697876024623598,-186.5970941091223,80.01475880090149,27.078454587315715,67.29610709595318
EFT:-142.96522465263425,51.57066213950527,54.1221227860781,61.49480614756144,38.22962922363977,5.697876024623585,-186.59709410912234,80.01475880090149,27.078454587315697,67.29610709595316
Random347
Raw:-142.96522465263422,51.57066213950528,54.122122786078116,61.494806147561455,38.229629223639776,5.697876024623591,-186.5970941091223,80.01475880090149,27.078454587315708,67.29610709595318
EFT:-142.96522465263425,51.57066213950527,54.1221227860781,61.49480614756144,38.22962922363977,5.697876024623585,-186.59709410912234,80.01475880090149,27.078454587315697,67.29610709595316
Random348
Raw:-142.96522465263425,51.570662139505295,54.122122786078116,61.49480614756146,38.2296292236398,5.6978760246236,-186.59709410912234,80.0147588009015,27.078454587315722,67.29610709595319
EFT:-142.96522465263425,51.57066213950527,54.1221227860781,61.49480614756144,38.22962922363977,5.697876024623585,-186.59709410912234,80.01475880090149,27.078454587315697,67.29610709595316
Random349
Raw:-142.9652246526343,51.57066213950528,54.1221227860781,61.49480614756145,38.229629223639776,5.697876024623577,-186.5970941091224,80.0147588009015,27.078454587315694,67.29610709595316
EFT:-142.96522465263425,51.57066213950527,54.1221227860781,61.49480614756144,38.22962922363977,5.697876024623585,-186.59709410912234,80.01475880090149,27.078454587315697,67.29610709595316
Random350
Raw:-142.96522465263425,51.57066213950529,54.122122786078116,61.49480614756146,38.22962922363978,5.697876024623595,-186.59709410912234,80.0147588009015,27.078454587315715,67.29610709595319
EFT:-142.96522465263425,51.57066213950527,54.1221227860781,61.49480614756144,38.22962922363977,5.697876024623585,-186.59709410912234,80.01475880090149,27.078454587315697,67.29610709595316
Random351
Raw:-142.96522465263422,51.57066213950528,54.122122786078116,61.49480614756146,38.22962922363978,5.697876024623599,-186.5970941091223,80.01475880090149,27.078454587315715,67.29610709595318
EFT:-142.96522465263425,51.57066213950527,54.1221227860781,61.49480614756144,38.22962922363977,5.697876024623585,-186.59709410912234,80.01475880090149,27.078454587315697,67.29610709595316
Random352
Raw:-142.96522465263425,51.570662139505295,54.12212278607813,61.49480614756147,38.22962922363978,5.697876024623597,-186.59709410912234,80.01475880090152,27.078454587315722,67.29610709595319
EFT:-142.96522465263425,51.57066213950527,54.1221227860781,61.49480614756144,38.22962922363977,5.697876024623585,-186.59709410912234,80.01475880090149,27.078454587315697,67.29610709595316
Random353
Raw:-142.9652246526342,51.570662139505295,54.12212278607813,61.49480614756148,38.2296292236398,5.697876024623612,-186.5970941091223,80.0147588009015,27.078454587315736,67.29610709595319
EFT:-142.96522465263425,51.57066213950527,54.1221227860781,61.49480614756144,38.22962922363977,5.697876024623585,-186.59709410912234,80.01475880090149,27.078454587315697,67.29610709595316
Random354
Raw:-142.9652246526343,51.57066213950528,54.122122786078116,61.494806147561455,38.229629223639776,5.6978760246235804,-186.59709410912237,80.0147588009015,27.0784545873157,67.29610709595318
EFT:-142.96522465263425,51.57066213950527,54.1221227860781,61.49480614756144,38.22962922363977,5.697876024623585,-186.59709410912234,80.01475880090149,27.078454587315697,67.29610709595316
Random355
Raw:-142.9652246526342,51.57066213950528,54.122122786078116,61.49480614756146,38.229629223639776,5.697876024623607,-186.59709410912225,80.01475880090149,27.078454587315722,67.29610709595318
EFT:-142.96522465263425,51.57066213950527,54.1221227860781,61.49480614756144,38.22962922363977,5.697876024623585,-186.59709410912234,80.01475880090149,27.078454587315697,67.29610709595316
Random356
Raw:-142.9652246526342,51.57066213950526,54.12212278607809,61.49480614756142,38.22962922363976,5.697876024623589,-186.59709410912228,80.01475880090148,27.078454587315694,67.29610709595316
EFT:-142.96522465263425,51.57066213950527,54.1221227860781,61.49480614756144,38.22962922363977,5.697876024623585,-186.59709410912234,80.01475880090149,27.078454587315697,67.29610709595316
Random357
Raw:-142.96522465263422,51.570662139505295,54.12212278607812,61.49480614756147,38.22962922363979,5.697876024623606,-186.5970941091223,80.0147588009015,27.07845458731573,67.29610709595319
EFT:-142.96522465263425,51.57066213950527,54.1221227860781,61.49480614756144,38.22962922363977,5.697876024623585,-186.59709410912234,80.01475880090149,27.078454587315697,67.29610709595316
Random358
Raw:-142.96522465263425,51.57066213950529,54.12212278607811,61.494806147561455,38.22962922363978,5.697876024623591,-186.59709410912234,80.0147588009015,27.078454587315708,67.29610709595319
EFT:-142.96522465263425,51.57066213950527,54.1221227860781,61.49480614756144,38.22962922363977,5.697876024623585,-186.59709410912234,80.01475880090149,27.078454587315697,67.29610709595316
Random359
Raw:-142.96522465263425,51.570662139505295,54.12212278607812,61.49480614756147,38.22962922363978,5.697876024623598,-186.59709410912234,80.0147588009015,27.078454587315722,67.29610709595319
EFT:-142.96522465263425,51.57066213950527,54.1221227860781,61.49480614756144,38.22962922363977,5.697876024623585,-186.59709410912234,80.01475880090149,27.078454587315697,67.29610709595316
Random360
Raw:-142.96522465263425,51.570662139505295,54.12212278607812,61.49480614756147,38.22962922363979,5.697876024623599,-186.59709410912234,80.0147588009015,27.078454587315726,67.29610709595319
EFT:-142.96522465263425,51.57066213950527,54.1221227860781,61.49480614756144,38.22962922363977,5.697876024623585,-186.59709410912234,80.01475880090149,27.078454587315697,67.29610709595316
Random361
Raw:-142.9652246526342,51.57066213950528,54.122122786078116,61.49480614756145,38.229629223639776,5.697876024623603,-186.59709410912225,80.01475880090149,27.07845458731572,67.29610709595318
EFT:-142.96522465263425,51.57066213950527,54.1221227860781,61.49480614756144,38.22962922363977,5.697876024623585,-186.59709410912234,80.01475880090149,27.078454587315697,67.29610709595316
Random362
Raw:-142.96522465263422,51.57066213950529,54.12212278607812,61.49480614756147,38.22962922363979,5.697876024623605,-186.5970941091223,80.0147588009015,27.078454587315726,67.29610709595319
EFT:-142.96522465263425,51.57066213950527,54.1221227860781,61.49480614756144,38.22962922363977,5.697876024623585,-186.59709410912234,80.01475880090149,27.078454587315697,67.29610709595316
Random363
Raw:-142.9652246526342,51.570662139505274,54.1221227860781,61.49480614756145,38.229629223639776,5.697876024623603,-186.59709410912225,80.01475880090149,27.078454587315715,67.29610709595318
EFT:-142.96522465263425,51.57066213950527,54.1221227860781,61.49480614756144,38.22962922363977,5.697876024623585,-186.59709410912234,80.01475880090149,27.078454587315697,67.29610709595316
Random364
Raw:-142.96522465263425,51.570662139505295,54.12212278607812,61.49480614756146,38.22962922363978,5.697876024623592,-186.59709410912234,80.0147588009015,27.078454587315715,67.29610709595319
EFT:-142.96522465263425,51.57066213950527,54.1221227860781,61.49480614756144,38.22962922363977,5.697876024623585,-186.59709410912234,80.01475880090149,27.078454587315697,67.29610709595316
Random365
Raw:-142.96522465263428,51.57066213950528,54.12212278607811,61.49480614756145,38.22962922363978,5.6978760246235876,-186.59709410912234,80.0147588009015,27.0784545873157,67.29610709595318
EFT:-142.96522465263425,51.57066213950527,54.1221227860781,61.49480614756144,38.22962922363977,5.697876024623585,-186.59709410912234,80.01475880090149,27.078454587315697,67.29610709595316
Random366
Raw:-142.96522465263428,51.5706621395053,54.12212278607813,61.494806147561484,38.2296292236398,5.697876024623601,-186.59709410912237,80.01475880090152,27.078454587315722,67.29610709595319
EFT:-142.96522465263425,51.57066213950527,54.1221227860781,61.49480614756144,38.22962922363977,5.697876024623585,-186.59709410912234,80.01475880090149,27.078454587315697,67.29610709595316
Random367
Raw:-142.96522465263428,51.570662139505295,54.12212278607812,61.49480614756147,38.22962922363978,5.697876024623588,-186.5970941091224,80.01475880090152,27.07845458731571,67.29610709595318
EFT:-142.96522465263425,51.57066213950527,54.1221227860781,61.49480614756144,38.22962922363977,5.697876024623585,-186.59709410912234,80.01475880090149,27.078454587315697,67.29610709595316
Random368
Raw:-142.96522465263422,51.57066213950528,54.122122786078116,61.49480614756146,38.22962922363979,5.697876024623606,-186.5970941091223,80.0147588009015,27.078454587315722,67.29610709595319
EFT:-142.96522465263425,51.57066213950527,54.1221227860781,61.49480614756144,38.22962922363977,5.697876024623585,-186.59709410912234,80.01475880090149,27.078454587315697,67.29610709595316
Random369
Raw:-142.96522465263422,51.57066213950528,54.122122786078116,61.49480614756146,38.22962922363978,5.697876024623598,-186.5970941091223,80.01475880090149,27.078454587315715,67.29610709595318
EFT:-142.96522465263425,51.57066213950527,54.1221227860781,61.49480614756144,38.22962922363977,5.697876024623585,-186.59709410912234,80.01475880090149,27.078454587315697,67.29610709595316
Random370
Raw:-142.96522465263425,51.57066213950529,54.12212278607811,61.494806147561455,38.22962922363978,5.697876024623591,-186.59709410912234,80.0147588009015,27.078454587315708,67.29610709595319
EFT:-142.96522465263425,51.57066213950527,54.1221227860781,61.49480614756144,38.22962922363977,5.697876024623585,-186.59709410912234,80.01475880090149,27.078454587315697,67.29610709595316
Random371
Raw:-142.96522465263416,51.5706621395053,54.12212278607812,61.49480614756148,38.2296292236398,5.697876024623626,-186.59709410912225,80.0147588009015,27.078454587315743,67.29610709595319
EFT:-142.96522465263425,51.57066213950527,54.1221227860781,61.49480614756144,38.22962922363977,5.697876024623585,-186.59709410912234,80.01475880090149,27.078454587315697,67.29610709595316
Random372
Raw:-142.96522465263428,51.570662139505295,54.12212278607812,61.49480614756148,38.22962922363979,5.697876024623595,-186.59709410912237,80.01475880090152,27.078454587315715,67.29610709595319
EFT:-142.96522465263425,51.57066213950527,54.1221227860781,61.49480614756144,38.22962922363977,5.697876024623585,-186.59709410912234,80.01475880090149,27.078454587315697,67.29610709595316
Random373
Raw:-142.96522465263425,51.570662139505295,54.122122786078116,61.49480614756146,38.22962922363979,5.6978760246235955,-186.59709410912234,80.0147588009015,27.078454587315715,67.29610709595319
EFT:-142.96522465263425,51.57066213950527,54.1221227860781,61.49480614756144,38.22962922363977,5.697876024623585,-186.59709410912234,80.01475880090149,27.078454587315697,67.29610709595316
Random374
Raw:-142.96522465263428,51.57066213950528,54.12212278607811,61.49480614756145,38.22962922363977,5.697876024623582,-186.59709410912237,80.01475880090149,27.0784545873157,67.29610709595318
EFT:-142.96522465263425,51.57066213950527,54.1221227860781,61.49480614756144,38.22962922363977,5.697876024623585,-186.59709410912234,80.01475880090149,27.078454587315697,67.29610709595316
Random375
Raw:-142.96522465263422,51.57066213950528,54.122122786078116,61.49480614756147,38.22962922363978,5.697876024623595,-186.5970941091223,80.01475880090149,27.078454587315715,67.29610709595318
EFT:-142.96522465263425,51.57066213950527,54.1221227860781,61.49480614756144,38.22962922363977,5.697876024623585,-186.59709410912234,80.01475880090149,27.078454587315697,67.29610709595316
Random376
Raw:-142.96522465263416,51.57066213950529,54.12212278607812,61.49480614756148,38.22962922363979,5.69787602462362,-186.59709410912225,80.0147588009015,27.07845458731574,67.29610709595319
EFT:-142.96522465263425,51.57066213950527,54.1221227860781,61.49480614756144,38.22962922363977,5.697876024623585,-186.59709410912234,80.01475880090149,27.078454587315697,67.29610709595316
Random377
Raw:-142.96522465263422,51.57066213950528,54.122122786078116,61.49480614756147,38.229629223639776,5.697876024623595,-186.5970941091223,80.0147588009015,27.078454587315715,67.29610709595318
EFT:-142.96522465263425,51.57066213950527,54.1221227860781,61.49480614756144,38.22962922363977,5.697876024623585,-186.59709410912234,80.01475880090149,27.078454587315697,67.29610709595316
Random378
Raw:-142.9652246526343,51.57066213950528,54.1221227860781,61.49480614756145,38.22962922363977,5.697876024623576,-186.5970941091224,80.0147588009015,27.078454587315694,67.29610709595316
EFT:-142.96522465263425,51.57066213950527,54.1221227860781,61.49480614756144,38.22962922363977,5.697876024623585,-186.59709410912234,80.01475880090149,27.078454587315697,67.29610709595316
Random379
Raw:-142.96522465263422,51.57066213950529,54.122122786078116,61.49480614756147,38.22962922363979,5.697876024623607,-186.5970941091223,80.0147588009015,27.078454587315726,67.29610709595319
EFT:-142.96522465263425,51.57066213950527,54.1221227860781,61.49480614756144,38.22962922363977,5.697876024623585,-186.59709410912234,80.01475880090149,27.078454587315697,67.29610709595316
Random380
Raw:-142.96522465263422,51.57066213950528,54.12212278607812,61.49480614756147,38.22962922363978,5.6978760246236,-186.5970941091223,80.0147588009015,27.078454587315722,67.29610709595318
EFT:-142.96522465263425,51.57066213950527,54.1221227860781,61.49480614756144,38.22962922363977,5.697876024623585,-186.59709410912234,80.01475880090149,27.078454587315697,67.29610709595316
Random381
Raw:-142.96522465263422,51.57066213950528,54.122122786078116,61.49480614756146,38.22962922363978,5.697876024623598,-186.5970941091223,80.01475880090149,27.078454587315715,67.29610709595318
EFT:-142.96522465263425,51.57066213950527,54.1221227860781,61.49480614756144,38.22962922363977,5.697876024623585,-186.59709410912234,80.01475880090149,27.078454587315697,67.29610709595316
Random382
Raw:-142.96522465263428,51.570662139505295,54.12212278607812,61.49480614756148,38.22962922363979,5.6978760246235955,-186.59709410912237,80.01475880090152,27.07845458731572,67.29610709595319
EFT:-142.96522465263425,51.57066213950527,54.1221227860781,61.49480614756144,38.22962922363977,5.697876024623585,-186.59709410912234,80.01475880090149,27.078454587315697,67.29610709595316
Random383
Raw:-142.96522465263425,51.57066213950528,54.12212278607811,61.49480614756145,38.229629223639776,5.697876024623584,-186.59709410912234,80.0147588009015,27.0784545873157,67.29610709595318
EFT:-142.96522465263425,51.57066213950527,54.1221227860781,61.49480614756144,38.22962922363977,5.697876024623585,-186.59709410912234,80.01475880090149,27.078454587315697,67.29610709595316
Random384
Raw:-142.9652246526343,51.57066213950528,54.1221227860781,61.494806147561455,38.229629223639776,5.697876024623575,-186.5970941091224,80.0147588009015,27.078454587315694,67.29610709595318
EFT:-142.96522465263425,51.57066213950527,54.1221227860781,61.49480614756144,38.22962922363977,5.697876024623585,-186.59709410912234,80.01475880090149,27.078454587315697,67.29610709595316
Random385
Raw:-142.96522465263425,51.5706621395053,54.12212278607813,61.49480614756148,38.2296292236398,5.697876024623607,-186.59709410912234,80.01475880090152,27.07845458731573,67.29610709595319
EFT:-142.96522465263425,51.57066213950527,54.1221227860781,61.49480614756144,38.22962922363977,5.697876024623585,-186.59709410912234,80.01475880090149,27.078454587315697,67.29610709595316
Random386
Raw:-142.96522465263425,51.5706621395053,54.12212278607813,61.49480614756148,38.2296292236398,5.6978760246236035,-186.59709410912234,80.01475880090152,27.07845458731573,67.2961070959532
EFT:-142.96522465263425,51.57066213950527,54.1221227860781,61.49480614756144,38.22962922363977,5.697876024623585,-186.59709410912234,80.01475880090149,27.078454587315697,67.29610709595316
Random387
Raw:-142.96522465263422,51.57066213950527,54.1221227860781,61.49480614756144,38.22962922363977,5.697876024623586,-186.5970941091223,80.01475880090148,27.0784545873157,67.29610709595318
EFT:-142.96522465263425,51.57066213950527,54.1221227860781,61.49480614756144,38.22962922363977,5.697876024623585,-186.59709410912234,80.01475880090149,27.078454587315697,67.29610709595316
Random388
Raw:-142.96522465263422,51.57066213950528,54.122122786078116,61.49480614756146,38.22962922363978,5.697876024623596,-186.5970941091223,80.01475880090149,27.078454587315715,67.29610709595318
EFT:-142.96522465263425,51.57066213950527,54.1221227860781,61.49480614756144,38.22962922363977,5.697876024623585,-186.59709410912234,80.01475880090149,27.078454587315697,67.29610709595316
Random389
Raw:-142.9652246526343,51.570662139505295,54.12212278607813,61.49480614756147,38.22962922363978,5.697876024623587,-186.5970941091224,80.01475880090152,27.078454587315708,67.29610709595319
EFT:-142.96522465263425,51.57066213950527,54.1221227860781,61.49480614756144,38.22962922363977,5.697876024623585,-186.59709410912234,80.01475880090149,27.078454587315697,67.29610709595316
Random390
Raw:-142.96522465263425,51.57066213950528,54.12212278607811,61.49480614756144,38.22962922363977,5.697876024623583,-186.59709410912237,80.01475880090149,27.0784545873157,67.29610709595318
EFT:-142.96522465263425,51.57066213950527,54.1221227860781,61.49480614756144,38.22962922363977,5.697876024623585,-186.59709410912234,80.01475880090149,27.078454587315697,67.29610709595316
Random391
Raw:-142.96522465263422,51.57066213950528,54.122122786078116,61.49480614756146,38.229629223639776,5.697876024623596,-186.5970941091223,80.01475880090149,27.078454587315715,67.29610709595318
EFT:-142.96522465263425,51.57066213950527,54.1221227860781,61.49480614756144,38.22962922363977,5.697876024623585,-186.59709410912234,80.01475880090149,27.078454587315697,67.29610709595316
Random392
Raw:-142.96522465263425,51.57066213950529,54.12212278607812,61.49480614756146,38.22962922363978,5.697876024623591,-186.59709410912234,80.0147588009015,27.078454587315715,67.29610709595319
EFT:-142.96522465263425,51.57066213950527,54.1221227860781,61.49480614756144,38.22962922363977,5.697876024623585,-186.59709410912234,80.01475880090149,27.078454587315697,67.29610709595316
Random393
Raw:-142.96522465263433,51.570662139505295,54.12212278607813,61.49480614756148,38.22962922363978,5.697876024623586,-186.5970941091224,80.01475880090153,27.07845458731571,67.29610709595319
EFT:-142.96522465263425,51.57066213950527,54.1221227860781,61.49480614756144,38.22962922363977,5.697876024623585,-186.59709410912234,80.01475880090149,27.078454587315697,67.29610709595316
Random394
Raw:-142.96522465263425,51.570662139505295,54.12212278607812,61.49480614756146,38.22962922363979,5.697876024623599,-186.59709410912234,80.0147588009015,27.078454587315722,67.29610709595319
EFT:-142.96522465263425,51.57066213950527,54.1221227860781,61.49480614756144,38.22962922363977,5.697876024623585,-186.59709410912234,80.01475880090149,27.078454587315697,67.29610709595316
Random395
Raw:-142.96522465263413,51.57066213950528,54.122122786078116,61.49480614756146,38.22962922363978,5.697876024623615,-186.59709410912222,80.01475880090148,27.07845458731573,67.29610709595318
EFT:-142.96522465263425,51.57066213950527,54.1221227860781,61.49480614756144,38.22962922363977,5.697876024623585,-186.59709410912234,80.01475880090149,27.078454587315697,67.29610709595316
Random396
Raw:-142.96522465263425,51.5706621395053,54.12212278607812,61.49480614756147,38.22962922363979,5.697876024623603,-186.59709410912234,80.01475880090152,27.078454587315726,67.29610709595319
EFT:-142.96522465263425,51.57066213950527,54.1221227860781,61.49480614756144,38.22962922363977,5.697876024623585,-186.59709410912234,80.01475880090149,27.078454587315697,67.29610709595316
Random397
Raw:-142.96522465263422,51.57066213950528,54.12212278607811,61.49480614756146,38.22962922363978,5.697876024623598,-186.5970941091223,80.01475880090149,27.078454587315715,67.29610709595318
EFT:-142.96522465263425,51.57066213950527,54.1221227860781,61.49480614756144,38.22962922363977,5.697876024623585,-186.59709410912234,80.01475880090149,27.078454587315697,67.29610709595316
Random398
Raw:-142.96522465263422,51.57066213950528,54.12212278607811,61.49480614756146,38.22962922363978,5.6978760246236,-186.5970941091223,80.01475880090149,27.078454587315715,67.29610709595318
EFT:-142.96522465263425,51.57066213950527,54.1221227860781,61.49480614756144,38.22962922363977,5.697876024623585,-186.59709410912234,80.01475880090149,27.078454587315697,67.29610709595316
Random399
Raw:-142.96522465263428,51.5706621395053,54.12212278607813,61.49480614756148,38.22962922363978,5.697876024623594,-186.59709410912237,80.01475880090152,27.07845458731572,67.29610709595319
EFT:-142.96522465263425,51.57066213950527,54.1221227860781,61.49480614756144,38.22962922363977,5.697876024623585,-186.59709410912234,80.01475880090149,27.078454587315697,67.29610709595316
Random400
Raw:-142.96522465263425,51.57066213950529,54.122122786078116,61.49480614756145,38.229629223639776,5.697876024623586,-186.59709410912234,80.0147588009015,27.078454587315708,67.29610709595318
EFT:-142.96522465263425,51.57066213950527,54.1221227860781,61.49480614756144,38.22962922363977,5.697876024623585,-186.59709410912234,80.01475880090149,27.078454587315697,67.29610709595316
Random401
Raw:-142.96522465263422,51.57066213950528,54.12212278607811,61.494806147561455,38.22962922363978,5.697876024623594,-186.5970941091223,80.01475880090149,27.07845458731571,67.29610709595318
EFT:-142.96522465263425,51.57066213950527,54.1221227860781,61.49480614756144,38.22962922363977,5.697876024623585,-186.59709410912234,80.01475880090149,27.078454587315697,67.29610709595316
Random402
Raw:-142.9652246526342,51.570662139505274,54.1221227860781,61.49480614756145,38.22962922363977,5.697876024623597,-186.59709410912225,80.01475880090148,27.078454587315715,67.29610709595316
EFT:-142.96522465263425,51.57066213950527,54.1221227860781,61.49480614756144,38.22962922363977,5.697876024623585,-186.59709410912234,80.01475880090149,27.078454587315697,67.29610709595316
Random403
Raw:-142.9652246526342,51.57066213950527,54.122122786078094,61.494806147561434,38.22962922363977,5.697876024623595,-186.59709410912225,80.01475880090148,27.078454587315708,67.29610709595316
EFT:-142.96522465263425,51.57066213950527,54.1221227860781,61.49480614756144,38.22962922363977,5.697876024623585,-186.59709410912234,80.01475880090149,27.078454587315697,67.29610709595316
Random404
Raw:-142.96522465263422,51.57066213950528,54.122122786078116,61.49480614756146,38.22962922363979,5.697876024623604,-186.5970941091223,80.01475880090149,27.078454587315722,67.29610709595319
EFT:-142.96522465263425,51.57066213950527,54.1221227860781,61.49480614756144,38.22962922363977,5.697876024623585,-186.59709410912234,80.01475880090149,27.078454587315697,67.29610709595316
Random405
Raw:-142.96522465263416,51.570662139505274,54.12212278607811,61.494806147561455,38.229629223639776,5.697876024623607,-186.59709410912222,80.01475880090148,27.078454587315722,67.29610709595316
EFT:-142.96522465263425,51.57066213950527,54.1221227860781,61.49480614756144,38.22962922363977,5.697876024623585,-186.59709410912234,80.01475880090149,27.078454587315697,67.29610709595316
Random406
Raw:-142.96522465263425,51.5706621395053,54.12212278607813,61.49480614756148,38.2296292236398,5.697876024623605,-186.59709410912234,80.01475880090152,27.07845458731573,67.2961070959532
EFT:-142.96522465263425,51.57066213950527,54.1221227860781,61.49480614756144,38.22962922363977,5.697876024623585,-186.59709410912234,80.01475880090149,27.078454587315697,67.29610709595316
Random407
Raw:-142.9652246526343,51.570662139505274,54.1221227860781,61.494806147561434,38.22962922363976,5.697876024623565,-186.5970941091224,80.01475880090149,27.078454587315687,67.29610709595316
EFT:-142.96522465263425,51.57066213950527,54.1221227860781,61.49480614756144,38.22962922363977,5.697876024623585,-186.59709410912234,80.01475880090149,27.078454587315697,67.29610709595316
Random408
Raw:-142.96522465263433,51.570662139505295,54.12212278607812,61.49480614756147,38.22962922363978,5.697876024623584,-186.5970941091224,80.01475880090153,27.078454587315708,67.29610709595319
EFT:-142.96522465263425,51.57066213950527,54.1221227860781,61.49480614756144,38.22962922363977,5.697876024623585,-186.59709410912234,80.01475880090149,27.078454587315697,67.29610709595316
Random409
Raw:-142.96522465263425,51.57066213950529,54.12212278607811,61.49480614756146,38.22962922363979,5.697876024623599,-186.59709410912234,80.0147588009015,27.07845458731572,67.29610709595319
EFT:-142.96522465263425,51.57066213950527,54.1221227860781,61.49480614756144,38.22962922363977,5.697876024623585,-186.59709410912234,80.01475880090149,27.078454587315697,67.29610709595316
Random410
Raw:-142.96522465263425,51.5706621395053,54.12212278607813,61.494806147561484,38.22962922363979,5.697876024623606,-186.59709410912234,80.01475880090152,27.07845458731573,67.2961070959532
EFT:-142.96522465263425,51.57066213950527,54.1221227860781,61.49480614756144,38.22962922363977,5.697876024623585,-186.59709410912234,80.01475880090149,27.078454587315697,67.29610709595316
Random411
Raw:-142.9652246526343,51.570662139505274,54.1221227860781,61.494806147561434,38.229629223639755,5.6978760246235645,-186.59709410912242,80.0147588009015,27.07845458731568,67.29610709595315
EFT:-142.96522465263425,51.57066213950527,54.1221227860781,61.49480614756144,38.22962922363977,5.697876024623585,-186.59709410912234,80.01475880090149,27.078454587315697,67.29610709595316
Random412
Raw:-142.9652246526342,51.570662139505274,54.1221227860781,61.49480614756145,38.22962922363977,5.697876024623595,-186.59709410912225,80.01475880090148,27.078454587315708,67.29610709595316
EFT:-142.96522465263425,51.57066213950527,54.1221227860781,61.49480614756144,38.22962922363977,5.697876024623585,-186.59709410912234,80.01475880090149,27.078454587315697,67.29610709595316
Random413
Raw:-142.96522465263422,51.570662139505274,54.1221227860781,61.49480614756144,38.229629223639776,5.697876024623586,-186.5970941091223,80.01475880090149,27.0784545873157,67.29610709595316
EFT:-142.96522465263425,51.57066213950527,54.1221227860781,61.49480614756144,38.22962922363977,5.697876024623585,-186.59709410912234,80.01475880090149,27.078454587315697,67.29610709595316
Random414
Raw:-142.96522465263422,51.57066213950527,54.12212278607811,61.49480614756144,38.22962922363977,5.697876024623582,-186.5970941091223,80.01475880090149,27.0784545873157,67.29610709595316
EFT:-142.96522465263425,51.57066213950527,54.1221227860781,61.49480614756144,38.22962922363977,5.697876024623585,-186.59709410912234,80.01475880090149,27.078454587315697,67.29610709595316
Random415
Raw:-142.96522465263422,51.57066213950529,54.12212278607812,61.49480614756146,38.22962922363978,5.697876024623602,-186.5970941091223,80.0147588009015,27.078454587315722,67.29610709595319
EFT:-142.96522465263425,51.57066213950527,54.1221227860781,61.49480614756144,38.22962922363977,5.697876024623585,-186.59709410912234,80.01475880090149,27.078454587315697,67.29610709595316
Random416
Raw:-142.96522465263422,51.57066213950528,54.122122786078116,61.494806147561455,38.22962922363978,5.697876024623598,-186.5970941091223,80.01475880090149,27.078454587315715,67.29610709595319
EFT:-142.96522465263425,51.57066213950527,54.1221227860781,61.49480614756144,38.22962922363977,5.697876024623585,-186.59709410912234,80.01475880090149,27.078454587315697,67.29610709595316
Random417
Raw:-142.96522465263422,51.57066213950528,54.1221227860781,61.49480614756145,38.22962922363978,5.697876024623599,-186.5970941091223,80.01475880090149,27.078454587315715,67.29610709595318
EFT:-142.96522465263425,51.57066213950527,54.1221227860781,61.49480614756144,38.22962922363977,5.697876024623585,-186.59709410912234,80.01475880090149,27.078454587315697,67.29610709595316
Random418
Raw:-142.9652246526342,51.57066213950528,54.122122786078116,61.49480614756146,38.22962922363978,5.697876024623607,-186.59709410912225,80.01475880090149,27.078454587315722,67.29610709595319
EFT:-142.96522465263425,51.57066213950527,54.1221227860781,61.49480614756144,38.22962922363977,5.697876024623585,-186.59709410912234,80.01475880090149,27.078454587315697,67.29610709595316
Random419
Raw:-142.96522465263425,51.57066213950529,54.12212278607811,61.494806147561455,38.22962922363978,5.697876024623594,-186.59709410912234,80.0147588009015,27.07845458731571,67.29610709595319
EFT:-142.96522465263425,51.57066213950527,54.1221227860781,61.49480614756144,38.22962922363977,5.697876024623585,-186.59709410912234,80.01475880090149,27.078454587315697,67.29610709595316
Random420
Raw:-142.96522465263428,51.570662139505295,54.12212278607812,61.49480614756147,38.22962922363978,5.697876024623589,-186.59709410912237,80.01475880090152,27.078454587315715,67.29610709595318
EFT:-142.96522465263425,51.57066213950527,54.1221227860781,61.49480614756144,38.22962922363977,5.697876024623585,-186.59709410912234,80.01475880090149,27.078454587315697,67.29610709595316
Random421
Raw:-142.9652246526342,51.57066213950528,54.122122786078116,61.49480614756146,38.22962922363978,5.6978760246236115,-186.59709410912225,80.01475880090149,27.07845458731573,67.29610709595319
EFT:-142.96522465263425,51.57066213950527,54.1221227860781,61.49480614756144,38.22962922363977,5.697876024623585,-186.59709410912234,80.01475880090149,27.078454587315697,67.29610709595316
Random422
Raw:-142.96522465263428,51.5706621395053,54.12212278607813,61.49480614756148,38.22962922363979,5.697876024623596,-186.59709410912237,80.01475880090152,27.078454587315722,67.29610709595319
EFT:-142.96522465263425,51.57066213950527,54.1221227860781,61.49480614756144,38.22962922363977,5.697876024623585,-186.59709410912234,80.01475880090149,27.078454587315697,67.29610709595316
Random423
Raw:-142.96522465263425,51.570662139505295,54.122122786078116,61.49480614756147,38.2296292236398,5.697876024623605,-186.59709410912234,80.0147588009015,27.078454587315722,67.29610709595319
EFT:-142.96522465263425,51.57066213950527,54.1221227860781,61.49480614756144,38.22962922363977,5.697876024623585,-186.59709410912234,80.01475880090149,27.078454587315697,67.29610709595316
Random424
Raw:-142.96522465263425,51.57066213950529,54.12212278607811,61.49480614756144,38.229629223639776,5.697876024623584,-186.59709410912237,80.01475880090149,27.078454587315704,67.29610709595318
EFT:-142.96522465263425,51.57066213950527,54.1221227860781,61.49480614756144,38.22962922363977,5.697876024623585,-186.59709410912234,80.01475880090149,27.078454587315697,67.29610709595316
Random425
Raw:-142.96522465263413,51.57066213950526,54.122122786078094,61.49480614756142,38.229629223639755,5.697876024623592,-186.5970941091222,80.01475880090145,27.078454587315704,67.29610709595313
EFT:-142.96522465263425,51.57066213950527,54.1221227860781,61.49480614756144,38.22962922363977,5.697876024623585,-186.59709410912234,80.01475880090149,27.078454587315697,67.29610709595316
Random426
Raw:-142.96522465263428,51.5706621395053,54.12212278607813,61.494806147561484,38.22962922363979,5.6978760246236,-186.59709410912237,80.01475880090152,27.078454587315722,67.29610709595319
EFT:-142.96522465263425,51.57066213950527,54.1221227860781,61.49480614756144,38.22962922363977,5.697876024623585,-186.59709410912234,80.01475880090149,27.078454587315697,67.29610709595316
Random427
Raw:-142.96522465263425,51.570662139505295,54.122122786078116,61.49480614756146,38.22962922363978,5.6978760246235955,-186.59709410912234,80.0147588009015,27.078454587315715,67.29610709595319
EFT:-142.96522465263425,51.57066213950527,54.1221227860781,61.49480614756144,38.22962922363977,5.697876024623585,-186.59709410912234,80.01475880090149,27.078454587315697,67.29610709595316
Random428
Raw:-142.96522465263428,51.570662139505295,54.122122786078116,61.49480614756148,38.22962922363979,5.697876024623593,-186.59709410912237,80.01475880090152,27.078454587315715,67.29610709595318
EFT:-142.96522465263425,51.57066213950527,54.1221227860781,61.49480614756144,38.22962922363977,5.697876024623585,-186.59709410912234,80.01475880090149,27.078454587315697,67.29610709595316
Random429
Raw:-142.9652246526342,51.570662139505295,54.12212278607813,61.494806147561484,38.229629223639805,5.697876024623618,-186.5970941091223,80.0147588009015,27.07845458731574,67.2961070959532
EFT:-142.96522465263425,51.57066213950527,54.1221227860781,61.49480614756144,38.22962922363977,5.697876024623585,-186.59709410912234,80.01475880090149,27.078454587315697,67.29610709595316
Random430
Raw:-142.96522465263428,51.57066213950531,54.12212278607813,61.494806147561484,38.2296292236398,5.697876024623605,-186.59709410912237,80.01475880090153,27.07845458731573,67.29610709595319
EFT:-142.96522465263425,51.57066213950527,54.1221227860781,61.49480614756144,38.22962922363977,5.697876024623585,-186.59709410912234,80.01475880090149,27.078454587315697,67.29610709595316
Random431
Raw:-142.96522465263422,51.57066213950529,54.12212278607812,61.49480614756147,38.22962922363979,5.6978760246236035,-186.5970941091223,80.0147588009015,27.078454587315722,67.29610709595319
EFT:-142.96522465263425,51.57066213950527,54.1221227860781,61.49480614756144,38.22962922363977,5.697876024623585,-186.59709410912234,80.01475880090149,27.078454587315697,67.29610709595316
Random432
Raw:-142.96522465263422,51.57066213950529,54.122122786078116,61.49480614756147,38.22962922363979,5.697876024623603,-186.5970941091223,80.01475880090149,27.07845458731572,67.29610709595319
EFT:-142.96522465263425,51.57066213950527,54.1221227860781,61.49480614756144,38.22962922363977,5.697876024623585,-186.59709410912234,80.01475880090149,27.078454587315697,67.29610709595316
Random433
Raw:-142.96522465263428,51.5706621395053,54.12212278607813,61.494806147561484,38.2296292236398,5.6978760246236035,-186.59709410912237,80.01475880090152,27.07845458731573,67.29610709595319
EFT:-142.96522465263425,51.57066213950527,54.1221227860781,61.49480614756144,38.22962922363977,5.697876024623585,-186.59709410912234,80.01475880090149,27.078454587315697,67.29610709595316
Random434
Raw:-142.96522465263422,51.57066213950528,54.12212278607811,61.49480614756145,38.229629223639776,5.697876024623593,-186.5970941091223,80.01475880090149,27.07845458731571,67.29610709595318
EFT:-142.96522465263425,51.57066213950527,54.1221227860781,61.49480614756144,38.22962922363977,5.697876024623585,-186.59709410912234,80.01475880090149,27.078454587315697,67.29610709595316
Random435
Raw:-142.96522465263422,51.57066213950528,54.122122786078116,61.49480614756146,38.229629223639776,5.697876024623599,-186.5970941091223,80.01475880090149,27.078454587315715,67.29610709595318
EFT:-142.96522465263425,51.57066213950527,54.1221227860781,61.49480614756144,38.22962922363977,5.697876024623585,-186.59709410912234,80.01475880090149,27.078454587315697,67.29610709595316
Random436
Raw:-142.96522465263425,51.57066213950529,54.12212278607811,61.49480614756145,38.22962922363978,5.697876024623593,-186.59709410912234,80.0147588009015,27.07845458731571,67.29610709595319
EFT:-142.96522465263425,51.57066213950527,54.1221227860781,61.49480614756144,38.22962922363977,5.697876024623585,-186.59709410912234,80.01475880090149,27.078454587315697,67.29610709595316
Random437
Raw:-142.96522465263422,51.57066213950529,54.122122786078116,61.49480614756148,38.2296292236398,5.697876024623609,-186.5970941091223,80.0147588009015,27.07845458731573,67.29610709595319
EFT:-142.96522465263425,51.57066213950527,54.1221227860781,61.49480614756144,38.22962922363977,5.697876024623585,-186.59709410912234,80.01475880090149,27.078454587315697,67.29610709595316
Random438
Raw:-142.96522465263416,51.57066213950529,54.12212278607812,61.49480614756147,38.22962922363979,5.697876024623614,-186.59709410912225,80.01475880090149,27.078454587315733,67.29610709595319
EFT:-142.96522465263425,51.57066213950527,54.1221227860781,61.49480614756144,38.22962922363977,5.697876024623585,-186.59709410912234,80.01475880090149,27.078454587315697,67.29610709595316
Random439
Raw:-142.96522465263428,51.570662139505274,54.122122786078094,61.49480614756143,38.22962922363977,5.697876024623575,-186.59709410912237,80.01475880090149,27.07845458731569,67.29610709595316
EFT:-142.96522465263425,51.57066213950527,54.1221227860781,61.49480614756144,38.22962922363977,5.697876024623585,-186.59709410912234,80.01475880090149,27.078454587315697,67.29610709595316
Random440
Raw:-142.96522465263425,51.5706621395053,54.12212278607812,61.49480614756147,38.22962922363979,5.6978760246236035,-186.59709410912234,80.0147588009015,27.07845458731573,67.2961070959532
EFT:-142.96522465263425,51.57066213950527,54.1221227860781,61.49480614756144,38.22962922363977,5.697876024623585,-186.59709410912234,80.01475880090149,27.078454587315697,67.29610709595316
Random441
Raw:-142.9652246526342,51.570662139505274,54.1221227860781,61.494806147561434,38.229629223639755,5.697876024623591,-186.59709410912225,80.01475880090148,27.0784545873157,67.29610709595316
EFT:-142.96522465263425,51.57066213950527,54.1221227860781,61.49480614756144,38.22962922363977,5.697876024623585,-186.59709410912234,80.01475880090149,27.078454587315697,67.29610709595316
Random442
Raw:-142.96522465263433,51.5706621395053,54.12212278607813,61.49480614756148,38.22962922363979,5.697876024623588,-186.5970941091224,80.01475880090153,27.07845458731571,67.29610709595319
EFT:-142.96522465263425,51.57066213950527,54.1221227860781,61.49480614756144,38.22962922363977,5.697876024623585,-186.59709410912234,80.01475880090149,27.078454587315697,67.29610709595316
Random443
Raw:-142.96522465263422,51.57066213950528,54.122122786078116,61.494806147561455,38.22962922363978,5.697876024623595,-186.5970941091223,80.01475880090149,27.07845458731571,67.29610709595318
EFT:-142.96522465263425,51.57066213950527,54.1221227860781,61.49480614756144,38.22962922363977,5.697876024623585,-186.59709410912234,80.01475880090149,27.078454587315697,67.29610709595316
Random444
Raw:-142.96522465263425,51.570662139505295,54.12212278607812,61.49480614756147,38.22962922363979,5.697876024623599,-186.59709410912234,80.0147588009015,27.078454587315722,67.29610709595319
EFT:-142.96522465263425,51.57066213950527,54.1221227860781,61.49480614756144,38.22962922363977,5.697876024623585,-186.59709410912234,80.01475880090149,27.078454587315697,67.29610709595316
Random445
Raw:-142.96522465263425,51.57066213950528,54.12212278607811,61.49480614756145,38.22962922363977,5.6978760246235804,-186.59709410912234,80.01475880090149,27.0784545873157,67.29610709595318
EFT:-142.96522465263425,51.57066213950527,54.1221227860781,61.49480614756144,38.22962922363977,5.697876024623585,-186.59709410912234,80.01475880090149,27.078454587315697,67.29610709595316
Random446
Raw:-142.9652246526342,51.570662139505295,54.12212278607813,61.494806147561484,38.2296292236398,5.697876024623612,-186.5970941091223,80.0147588009015,27.078454587315736,67.29610709595319
EFT:-142.96522465263425,51.57066213950527,54.1221227860781,61.49480614756144,38.22962922363977,5.697876024623585,-186.59709410912234,80.01475880090149,27.078454587315697,67.29610709595316
Random447
Raw:-142.96522465263422,51.570662139505295,54.12212278607812,61.49480614756148,38.2296292236398,5.697876024623614,-186.5970941091223,80.0147588009015,27.078454587315736,67.2961070959532
EFT:-142.96522465263425,51.57066213950527,54.1221227860781,61.49480614756144,38.22962922363977,5.697876024623585,-186.59709410912234,80.01475880090149,27.078454587315697,67.29610709595316
Random448
Raw:-142.96522465263428,51.570662139505295,54.12212278607812,61.49480614756146,38.22962922363978,5.697876024623588,-186.59709410912237,80.01475880090152,27.078454587315715,67.29610709595318
EFT:-142.96522465263425,51.57066213950527,54.1221227860781,61.49480614756144,38.22962922363977,5.697876024623585,-186.59709410912234,80.01475880090149,27.078454587315697,67.29610709595316
Random449
Raw:-142.96522465263422,51.57066213950528,54.122122786078116,61.49480614756146,38.22962922363978,5.6978760246236,-186.5970941091223,80.01475880090149,27.078454587315715,67.29610709595318
EFT:-142.96522465263425,51.57066213950527,54.1221227860781,61.49480614756144,38.22962922363977,5.697876024623585,-186.59709410912234,80.01475880090149,27.078454587315697,67.29610709595316
Random450
Raw:-142.96522465263422,51.57066213950526,54.12212278607809,61.49480614756142,38.229629223639755,5.69787602462358,-186.59709410912228,80.01475880090146,27.07845458731569,67.29610709595315
EFT:-142.96522465263425,51.57066213950527,54.1221227860781,61.49480614756144,38.22962922363977,5.697876024623585,-186.59709410912234,80.01475880090149,27.078454587315697,67.29610709595316
Random451
Raw:-142.96522465263425,51.570662139505295,54.122122786078116,61.494806147561455,38.22962922363978,5.697876024623594,-186.59709410912234,80.0147588009015,27.078454587315715,67.29610709595319
EFT:-142.96522465263425,51.57066213950527,54.1221227860781,61.49480614756144,38.22962922363977,5.697876024623585,-186.59709410912234,80.01475880090149,27.078454587315697,67.29610709595316
Random452
Raw:-142.96522465263422,51.570662139505274,54.12212278607811,61.49480614756144,38.22962922363977,5.69787602462359,-186.5970941091223,80.01475880090149,27.078454587315704,67.29610709595318
EFT:-142.96522465263425,51.57066213950527,54.1221227860781,61.49480614756144,38.22962922363977,5.697876024623585,-186.59709410912234,80.01475880090149,27.078454587315697,67.29610709595316
Random453
Raw:-142.96522465263422,51.57066213950525,54.12212278607807,61.49480614756141,38.22962922363974,5.69787602462357,-186.59709410912228,80.01475880090145,27.078454587315676,67.29610709595313
EFT:-142.96522465263425,51.57066213950527,54.1221227860781,61.49480614756144,38.22962922363977,5.697876024623585,-186.59709410912234,80.01475880090149,27.078454587315697,67.29610709595316
Random454
Raw:-142.96522465263428,51.57066213950529,54.12212278607811,61.49480614756145,38.22962922363978,5.6978760246235876,-186.59709410912234,80.0147588009015,27.078454587315708,67.29610709595318
EFT:-142.96522465263425,51.57066213950527,54.1221227860781,61.49480614756144,38.22962922363977,5.697876024623585,-186.59709410912234,80.01475880090149,27.078454587315697,67.29610709595316
Random455
Raw:-142.96522465263433,51.570662139505295,54.122122786078116,61.49480614756147,38.22962922363978,5.6978760246235876,-186.5970941091224,80.01475880090152,27.078454587315708,67.29610709595319
EFT:-142.96522465263425,51.57066213950527,54.1221227860781,61.49480614756144,38.22962922363977,5.697876024623585,-186.59709410912234,80.01475880090149,27.078454587315697,67.29610709595316
Random456
Raw:-142.96522465263422,51.57066213950529,54.122122786078116,61.49480614756147,38.22962922363978,5.6978760246236035,-186.5970941091223,80.01475880090149,27.078454587315722,67.29610709595319
EFT:-142.96522465263425,51.57066213950527,54.1221227860781,61.49480614756144,38.22962922363977,5.697876024623585,-186.59709410912234,80.01475880090149,27.078454587315697,67.29610709595316
Random457
Raw:-142.96522465263422,51.57066213950528,54.122122786078116,61.49480614756146,38.22962922363978,5.697876024623601,-186.5970941091223,80.0147588009015,27.078454587315722,67.29610709595318
EFT:-142.96522465263425,51.57066213950527,54.1221227860781,61.49480614756144,38.22962922363977,5.697876024623585,-186.59709410912234,80.01475880090149,27.078454587315697,67.29610709595316
Random458
Raw:-142.96522465263422,51.57066213950527,54.122122786078094,61.49480614756145,38.22962922363977,5.697876024623583,-186.5970941091223,80.01475880090148,27.078454587315694,67.29610709595316
EFT:-142.96522465263425,51.57066213950527,54.1221227860781,61.49480614756144,38.22962922363977,5.697876024623585,-186.59709410912234,80.01475880090149,27.078454587315697,67.29610709595316
Random459
Raw:-142.96522465263428,51.57066213950529,54.12212278607811,61.49480614756145,38.22962922363978,5.6978760246235876,-186.59709410912234,80.01475880090149,27.078454587315708,67.29610709595319
EFT:-142.96522465263425,51.57066213950527,54.1221227860781,61.49480614756144,38.22962922363977,5.697876024623585,-186.59709410912234,80.01475880090149,27.078454587315697,67.29610709595316
Random460
Raw:-142.96522465263422,51.57066213950528,54.122122786078116,61.49480614756146,38.229629223639776,5.697876024623598,-186.5970941091223,80.01475880090149,27.078454587315715,67.29610709595318
EFT:-142.96522465263425,51.57066213950527,54.1221227860781,61.49480614756144,38.22962922363977,5.697876024623585,-186.59709410912234,80.01475880090149,27.078454587315697,67.29610709595316
Random461
Raw:-142.9652246526343,51.570662139505274,54.122122786078094,61.49480614756145,38.229629223639776,5.697876024623576,-186.5970941091224,80.0147588009015,27.07845458731569,67.29610709595318
EFT:-142.96522465263425,51.57066213950527,54.1221227860781,61.49480614756144,38.22962922363977,5.697876024623585,-186.59709410912234,80.01475880090149,27.078454587315697,67.29610709595316
Random462
Raw:-142.9652246526342,51.57066213950528,54.122122786078116,61.494806147561455,38.229629223639776,5.697876024623604,-186.59709410912225,80.01475880090149,27.07845458731572,67.29610709595318
EFT:-142.96522465263425,51.57066213950527,54.1221227860781,61.49480614756144,38.22962922363977,5.697876024623585,-186.59709410912234,80.01475880090149,27.078454587315697,67.29610709595316
Random463
Raw:-142.9652246526342,51.57066213950528,54.12212278607811,61.49480614756145,38.229629223639776,5.697876024623599,-186.59709410912225,80.01475880090149,27.078454587315715,67.29610709595318
EFT:-142.96522465263425,51.57066213950527,54.1221227860781,61.49480614756144,38.22962922363977,5.697876024623585,-186.59709410912234,80.01475880090149,27.078454587315697,67.29610709595316
Random464
Raw:-142.96522465263425,51.57066213950529,54.122122786078116,61.494806147561455,38.22962922363978,5.69787602462359,-186.59709410912234,80.0147588009015,27.07845458731571,67.29610709595319
EFT:-142.96522465263425,51.57066213950527,54.1221227860781,61.49480614756144,38.22962922363977,5.697876024623585,-186.59709410912234,80.01475880090149,27.078454587315697,67.29610709595316
Random465
Raw:-142.9652246526342,51.570662139505274,54.12212278607811,61.49480614756145,38.22962922363977,5.697876024623599,-186.59709410912225,80.01475880090148,27.078454587315715,67.29610709595318
EFT:-142.96522465263425,51.57066213950527,54.1221227860781,61.49480614756144,38.22962922363977,5.697876024623585,-186.59709410912234,80.01475880090149,27.078454587315697,67.29610709595316
Random466
Raw:-142.9652246526343,51.570662139505295,54.122122786078116,61.49480614756146,38.22962922363979,5.69787602462359,-186.59709410912237,80.0147588009015,27.078454587315708,67.29610709595319
EFT:-142.96522465263425,51.57066213950527,54.1221227860781,61.49480614756144,38.22962922363977,5.697876024623585,-186.59709410912234,80.01475880090149,27.078454587315697,67.29610709595316
Random467
Raw:-142.96522465263422,51.57066213950528,54.122122786078116,61.49480614756146,38.22962922363979,5.697876024623603,-186.5970941091223,80.0147588009015,27.07845458731572,67.29610709595319
EFT:-142.96522465263425,51.57066213950527,54.1221227860781,61.49480614756144,38.22962922363977,5.697876024623585,-186.59709410912234,80.01475880090149,27.078454587315697,67.29610709595316
Random468
Raw:-142.96522465263428,51.57066213950529,54.12212278607811,61.494806147561455,38.22962922363978,5.697876024623583,-186.5970941091224,80.0147588009015,27.0784545873157,67.29610709595318
EFT:-142.96522465263425,51.57066213950527,54.1221227860781,61.49480614756144,38.22962922363977,5.697876024623585,-186.59709410912234,80.01475880090149,27.078454587315697,67.29610709595316
Random469
Raw:-142.9652246526342,51.570662139505274,54.12212278607811,61.49480614756145,38.22962922363977,5.697876024623599,-186.59709410912225,80.01475880090148,27.078454587315715,67.29610709595318
EFT:-142.96522465263425,51.57066213950527,54.1221227860781,61.49480614756144,38.22962922363977,5.697876024623585,-186.59709410912234,80.01475880090149,27.078454587315697,67.29610709595316
Random470
Raw:-142.9652246526342,51.57066213950527,54.1221227860781,61.494806147561434,38.229629223639755,5.697876024623586,-186.59709410912225,80.01475880090148,27.0784545873157,67.29610709595316
EFT:-142.96522465263425,51.57066213950527,54.1221227860781,61.49480614756144,38.22962922363977,5.697876024623585,-186.59709410912234,80.01475880090149,27.078454587315697,67.29610709595316
Random471
Raw:-142.96522465263425,51.57066213950529,54.122122786078116,61.49480614756146,38.22962922363978,5.697876024623593,-186.59709410912234,80.0147588009015,27.078454587315715,67.29610709595319
EFT:-142.96522465263425,51.57066213950527,54.1221227860781,61.49480614756144,38.22962922363977,5.697876024623585,-186.59709410912234,80.01475880090149,27.078454587315697,67.29610709595316
Random472
Raw:-142.96522465263425,51.57066213950529,54.122122786078116,61.494806147561455,38.229629223639776,5.697876024623587,-186.59709410912234,80.0147588009015,27.07845458731571,67.29610709595318
EFT:-142.96522465263425,51.57066213950527,54.1221227860781,61.49480614756144,38.22962922363977,5.697876024623585,-186.59709410912234,80.01475880090149,27.078454587315697,67.29610709595316
Random473
Raw:-142.96522465263425,51.570662139505295,54.122122786078116,61.49480614756147,38.22962922363979,5.697876024623597,-186.59709410912234,80.0147588009015,27.078454587315722,67.29610709595319
EFT:-142.96522465263425,51.57066213950527,54.1221227860781,61.49480614756144,38.22962922363977,5.697876024623585,-186.59709410912234,80.01475880090149,27.078454587315697,67.29610709595316
Random474
Raw:-142.9652246526343,51.570662139505295,54.12212278607813,61.49480614756147,38.22962922363979,5.697876024623588,-186.5970941091224,80.01475880090153,27.078454587315715,67.2961070959532
EFT:-142.96522465263425,51.57066213950527,54.1221227860781,61.49480614756144,38.22962922363977,5.697876024623585,-186.59709410912234,80.01475880090149,27.078454587315697,67.29610709595316
Random475
Raw:-142.9652246526343,51.57066213950531,54.12212278607814,61.494806147561484,38.2296292236398,5.697876024623597,-186.5970941091224,80.01475880090153,27.078454587315722,67.2961070959532
EFT:-142.96522465263425,51.57066213950527,54.1221227860781,61.49480614756144,38.22962922363977,5.697876024623585,-186.59709410912234,80.01475880090149,27.078454587315697,67.29610709595316
Random476
Raw:-142.9652246526342,51.570662139505274,54.12212278607811,61.49480614756145,38.229629223639776,5.6978760246236,-186.59709410912225,80.01475880090148,27.07845458731571,67.29610709595318
EFT:-142.96522465263425,51.57066213950527,54.1221227860781,61.49480614756144,38.22962922363977,5.697876024623585,-186.59709410912234,80.01475880090149,27.078454587315697,67.29610709595316
Random477
Raw:-142.96522465263422,51.57066213950529,54.12212278607812,61.49480614756148,38.22962922363979,5.697876024623609,-186.5970941091223,80.0147588009015,27.07845458731573,67.29610709595319
EFT:-142.96522465263425,51.57066213950527,54.1221227860781,61.49480614756144,38.22962922363977,5.697876024623585,-186.59709410912234,80.01475880090149,27.078454587315697,67.29610709595316
Random478
Raw:-142.96522465263422,51.57066213950529,54.12212278607812,61.49480614756146,38.22962922363978,5.697876024623601,-186.5970941091223,80.0147588009015,27.07845458731572,67.29610709595319
EFT:-142.96522465263425,51.57066213950527,54.1221227860781,61.49480614756144,38.22962922363977,5.697876024623585,-186.59709410912234,80.01475880090149,27.078454587315697,67.29610709595316
Random479
Raw:-142.96522465263425,51.57066213950528,54.122122786078116,61.494806147561455,38.22962922363977,5.697876024623586,-186.59709410912234,80.0147588009015,27.078454587315708,67.29610709595319
EFT:-142.96522465263425,51.57066213950527,54.1221227860781,61.49480614756144,38.22962922363977,5.697876024623585,-186.59709410912234,80.01475880090149,27.078454587315697,67.29610709595316
Random480
Raw:-142.96522465263422,51.570662139505274,54.12212278607811,61.49480614756145,38.22962922363977,5.697876024623585,-186.5970941091223,80.01475880090149,27.0784545873157,67.29610709595318
EFT:-142.96522465263425,51.57066213950527,54.1221227860781,61.49480614756144,38.22962922363977,5.697876024623585,-186.59709410912234,80.01475880090149,27.078454587315697,67.29610709595316
Random481
Raw:-142.96522465263422,51.570662139505274,54.1221227860781,61.49480614756144,38.229629223639776,5.697876024623588,-186.5970941091223,80.01475880090149,27.0784545873157,67.29610709595316
EFT:-142.96522465263425,51.57066213950527,54.1221227860781,61.49480614756144,38.22962922363977,5.697876024623585,-186.59709410912234,80.01475880090149,27.078454587315697,67.29610709595316
Random482
Raw:-142.96522465263422,51.57066213950528,54.122122786078116,61.494806147561455,38.22962922363978,5.697876024623596,-186.5970941091223,80.01475880090149,27.07845458731571,67.29610709595318
EFT:-142.96522465263425,51.57066213950527,54.1221227860781,61.49480614756144,38.22962922363977,5.697876024623585,-186.59709410912234,80.01475880090149,27.078454587315697,67.29610709595316
Random483
Raw:-142.96522465263428,51.570662139505295,54.12212278607812,61.49480614756147,38.22962922363979,5.697876024623594,-186.59709410912237,80.01475880090152,27.078454587315715,67.29610709595319
EFT:-142.96522465263425,51.57066213950527,54.1221227860781,61.49480614756144,38.22962922363977,5.697876024623585,-186.59709410912234,80.01475880090149,27.078454587315697,67.29610709595316
Random484
Raw:-142.96522465263422,51.570662139505274,54.12212278607811,61.494806147561455,38.22962922363978,5.697876024623598,-186.5970941091223,80.01475880090149,27.078454587315715,67.29610709595318
EFT:-142.96522465263425,51.57066213950527,54.1221227860781,61.49480614756144,38.22962922363977,5.697876024623585,-186.59709410912234,80.01475880090149,27.078454587315697,67.29610709595316
Random485
Raw:-142.9652246526342,51.57066213950528,54.122122786078116,61.49480614756146,38.229629223639776,5.697876024623605,-186.59709410912225,80.01475880090149,27.078454587315722,67.29610709595318
EFT:-142.96522465263425,51.57066213950527,54.1221227860781,61.49480614756144,38.22962922363977,5.697876024623585,-186.59709410912234,80.01475880090149,27.078454587315697,67.29610709595316
Random486
Raw:-142.96522465263428,51.57066213950529,54.122122786078116,61.494806147561455,38.229629223639776,5.697876024623582,-186.59709410912237,80.0147588009015,27.078454587315704,67.29610709595318
EFT:-142.96522465263425,51.57066213950527,54.1221227860781,61.49480614756144,38.22962922363977,5.697876024623585,-186.59709410912234,80.01475880090149,27.078454587315697,67.29610709595316
Random487
Raw:-142.96522465263425,51.57066213950529,54.122122786078116,61.494806147561455,38.229629223639776,5.697876024623589,-186.59709410912234,80.0147588009015,27.078454587315708,67.29610709595318
EFT:-142.96522465263425,51.57066213950527,54.1221227860781,61.49480614756144,38.22962922363977,5.697876024623585,-186.59709410912234,80.01475880090149,27.078454587315697,67.29610709595316
Random488
Raw:-142.96522465263425,51.570662139505295,54.12212278607812,61.49480614756147,38.22962922363979,5.6978760246236,-186.59709410912234,80.0147588009015,27.078454587315722,67.29610709595319
EFT:-142.96522465263425,51.57066213950527,54.1221227860781,61.49480614756144,38.22962922363977,5.697876024623585,-186.59709410912234,80.01475880090149,27.078454587315697,67.29610709595316
Random489
Raw:-142.96522465263422,51.57066213950529,54.12212278607812,61.49480614756147,38.22962922363979,5.697876024623606,-186.5970941091223,80.0147588009015,27.07845458731573,67.29610709595319
EFT:-142.96522465263425,51.57066213950527,54.1221227860781,61.49480614756144,38.22962922363977,5.697876024623585,-186.59709410912234,80.01475880090149,27.078454587315697,67.29610709595316
Random490
Raw:-142.96522465263425,51.570662139505295,54.122122786078116,61.49480614756147,38.2296292236398,5.6978760246236035,-186.59709410912234,80.0147588009015,27.078454587315722,67.2961070959532
EFT:-142.96522465263425,51.57066213950527,54.1221227860781,61.49480614756144,38.22962922363977,5.697876024623585,-186.59709410912234,80.01475880090149,27.078454587315697,67.29610709595316
Random491
Raw:-142.96522465263425,51.570662139505295,54.122122786078116,61.49480614756146,38.22962922363979,5.697876024623598,-186.59709410912234,80.0147588009015,27.07845458731572,67.29610709595319
EFT:-142.96522465263425,51.57066213950527,54.1221227860781,61.49480614756144,38.22962922363977,5.697876024623585,-186.59709410912234,80.01475880090149,27.078454587315697,67.29610709595316
Random492
Raw:-142.96522465263425,51.57066213950528,54.12212278607811,61.49480614756145,38.22962922363977,5.697876024623582,-186.59709410912234,80.0147588009015,27.0784545873157,67.29610709595318
EFT:-142.96522465263425,51.57066213950527,54.1221227860781,61.49480614756144,38.22962922363977,5.697876024623585,-186.59709410912234,80.01475880090149,27.078454587315697,67.29610709595316
Random493
Raw:-142.96522465263425,51.57066213950529,54.122122786078116,61.494806147561455,38.22962922363978,5.697876024623591,-186.59709410912234,80.0147588009015,27.078454587315708,67.29610709595318
EFT:-142.96522465263425,51.57066213950527,54.1221227860781,61.49480614756144,38.22962922363977,5.697876024623585,-186.59709410912234,80.01475880090149,27.078454587315697,67.29610709595316
Random494
Raw:-142.96522465263428,51.570662139505295,54.12212278607812,61.49480614756148,38.22962922363979,5.697876024623594,-186.59709410912237,80.01475880090152,27.078454587315715,67.29610709595319
EFT:-142.96522465263425,51.57066213950527,54.1221227860781,61.49480614756144,38.22962922363977,5.697876024623585,-186.59709410912234,80.01475880090149,27.078454587315697,67.29610709595316
Random495
Raw:-142.96522465263422,51.57066213950528,54.122122786078116,61.49480614756146,38.22962922363979,5.697876024623602,-186.5970941091223,80.01475880090149,27.078454587315715,67.29610709595319
EFT:-142.96522465263425,51.57066213950527,54.1221227860781,61.49480614756144,38.22962922363977,5.697876024623585,-186.59709410912234,80.01475880090149,27.078454587315697,67.29610709595316
Random496
Raw:-142.9652246526342,51.57066213950527,54.1221227860781,61.49480614756144,38.22962922363977,5.6978760246235955,-186.59709410912225,80.01475880090148,27.078454587315708,67.29610709595316
EFT:-142.96522465263425,51.57066213950527,54.1221227860781,61.49480614756144,38.22962922363977,5.697876024623585,-186.59709410912234,80.01475880090149,27.078454587315697,67.29610709595316
Random497
Raw:-142.96522465263436,51.570662139505295,54.122122786078116,61.494806147561455,38.22962922363977,5.697876024623564,-186.59709410912248,80.01475880090152,27.078454587315687,67.29610709595318
EFT:-142.96522465263425,51.57066213950527,54.1221227860781,61.49480614756144,38.22962922363977,5.697876024623585,-186.59709410912234,80.01475880090149,27.078454587315697,67.29610709595316
Random498
Raw:-142.96522465263425,51.5706621395053,54.12212278607813,61.49480614756148,38.229629223639805,5.697876024623612,-186.59709410912234,80.01475880090152,27.078454587315736,67.2961070959532
EFT:-142.96522465263425,51.57066213950527,54.1221227860781,61.49480614756144,38.22962922363977,5.697876024623585,-186.59709410912234,80.01475880090149,27.078454587315697,67.29610709595316
Random499
Raw:-142.96522465263425,51.57066213950528,54.122122786078116,61.494806147561455,38.22962922363977,5.697876024623584,-186.59709410912237,80.0147588009015,27.078454587315708,67.29610709595319
EFT:-142.96522465263425,51.57066213950527,54.1221227860781,61.49480614756144,38.22962922363977,5.697876024623585,-186.59709410912234,80.01475880090149,27.078454587315697,67.29610709595316
Random500
Raw:-142.96522465263425,51.57066213950529,54.12212278607811,61.494806147561455,38.22962922363978,5.697876024623591,-186.59709410912234,80.0147588009015,27.078454587315708,67.29610709595319
EFT:-142.96522465263425,51.57066213950527,54.1221227860781,61.49480614756144,38.22962922363977,5.697876024623585,-186.59709410912234,80.01475880090149,27.078454587315697,67.29610709595316
Random501
Raw:-142.96522465263422,51.57066213950529,54.122122786078116,61.49480614756147,38.22962922363979,5.697876024623606,-186.5970941091223,80.0147588009015,27.078454587315722,67.29610709595319
EFT:-142.96522465263425,51.57066213950527,54.1221227860781,61.49480614756144,38.22962922363977,5.697876024623585,-186.59709410912234,80.01475880090149,27.078454587315697,67.29610709595316
Random502
Raw:-142.96522465263422,51.57066213950528,54.12212278607811,61.49480614756146,38.22962922363978,5.697876024623599,-186.5970941091223,80.01475880090149,27.078454587315715,67.29610709595319
EFT:-142.96522465263425,51.57066213950527,54.1221227860781,61.49480614756144,38.22962922363977,5.697876024623585,-186.59709410912234,80.01475880090149,27.078454587315697,67.29610709595316
Random503
Raw:-142.96522465263425,51.570662139505295,54.12212278607812,61.49480614756147,38.22962922363978,5.697876024623602,-186.59709410912234,80.0147588009015,27.07845458731573,67.29610709595319
EFT:-142.96522465263425,51.57066213950527,54.1221227860781,61.49480614756144,38.22962922363977,5.697876024623585,-186.59709410912234,80.01475880090149,27.078454587315697,67.29610709595316
Random504
Raw:-142.9652246526342,51.57066213950529,54.122122786078116,61.49480614756146,38.22962922363978,5.697876024623612,-186.59709410912225,80.01475880090149,27.07845458731573,67.29610709595318
EFT:-142.96522465263425,51.57066213950527,54.1221227860781,61.49480614756144,38.22962922363977,5.697876024623585,-186.59709410912234,80.01475880090149,27.078454587315697,67.29610709595316
Random505
Raw:-142.96522465263425,51.5706621395053,54.12212278607812,61.49480614756147,38.2296292236398,5.697876024623602,-186.59709410912234,80.0147588009015,27.078454587315726,67.29610709595319
EFT:-142.96522465263425,51.57066213950527,54.1221227860781,61.49480614756144,38.22962922363977,5.697876024623585,-186.59709410912234,80.01475880090149,27.078454587315697,67.29610709595316
Random506
Raw:-142.9652246526343,51.570662139505274,54.1221227860781,61.494806147561434,38.22962922363976,5.697876024623567,-186.5970941091224,80.01475880090149,27.078454587315687,67.29610709595316
EFT:-142.96522465263425,51.57066213950527,54.1221227860781,61.49480614756144,38.22962922363977,5.697876024623585,-186.59709410912234,80.01475880090149,27.078454587315697,67.29610709595316
Random507
Raw:-142.9652246526342,51.5706621395053,54.12212278607814,61.49480614756149,38.229629223639805,5.697876024623617,-186.5970941091223,80.0147588009015,27.078454587315743,67.2961070959532
EFT:-142.96522465263425,51.57066213950527,54.1221227860781,61.49480614756144,38.22962922363977,5.697876024623585,-186.59709410912234,80.01475880090149,27.078454587315697,67.29610709595316
Random508
Raw:-142.96522465263428,51.57066213950531,54.12212278607813,61.494806147561484,38.2296292236398,5.697876024623604,-186.59709410912237,80.01475880090153,27.07845458731573,67.29610709595319
EFT:-142.96522465263425,51.57066213950527,54.1221227860781,61.49480614756144,38.22962922363977,5.697876024623585,-186.59709410912234,80.01475880090149,27.078454587315697,67.29610709595316
Random509
Raw:-142.96522465263428,51.5706621395053,54.12212278607813,61.494806147561484,38.2296292236398,5.6978760246236035,-186.59709410912237,80.01475880090152,27.078454587315722,67.29610709595319
EFT:-142.96522465263425,51.57066213950527,54.1221227860781,61.49480614756144,38.22962922363977,5.697876024623585,-186.59709410912234,80.01475880090149,27.078454587315697,67.29610709595316
Random510
Raw:-142.96522465263422,51.57066213950528,54.122122786078116,61.49480614756146,38.22962922363979,5.6978760246236,-186.5970941091223,80.0147588009015,27.078454587315715,67.29610709595318
EFT:-142.96522465263425,51.57066213950527,54.1221227860781,61.49480614756144,38.22962922363977,5.697876024623585,-186.59709410912234,80.01475880090149,27.078454587315697,67.29610709595316
Random511
Raw:-142.96522465263428,51.570662139505295,54.12212278607813,61.49480614756147,38.22962922363979,5.697876024623593,-186.59709410912237,80.01475880090152,27.078454587315715,67.29610709595319
EFT:-142.96522465263425,51.57066213950527,54.1221227860781,61.49480614756144,38.22962922363977,5.697876024623585,-186.59709410912234,80.01475880090149,27.078454587315697,67.29610709595316
Random512
Raw:-142.96522465263422,51.57066213950528,54.122122786078116,61.494806147561455,38.22962922363978,5.6978760246235955,-186.5970941091223,80.01475880090149,27.078454587315708,67.29610709595318
EFT:-142.96522465263425,51.57066213950527,54.1221227860781,61.49480614756144,38.22962922363977,5.697876024623585,-186.59709410912234,80.01475880090149,27.078454587315697,67.29610709595316
Random513
Raw:-142.96522465263428,51.570662139505295,54.12212278607812,61.49480614756147,38.22962922363978,5.697876024623595,-186.59709410912237,80.01475880090152,27.078454587315715,67.29610709595319
EFT:-142.96522465263425,51.57066213950527,54.1221227860781,61.49480614756144,38.22962922363977,5.697876024623585,-186.59709410912234,80.01475880090149,27.078454587315697,67.29610709595316
Random514
Raw:-142.96522465263422,51.570662139505295,54.12212278607812,61.49480614756147,38.22962922363979,5.697876024623609,-186.5970941091223,80.0147588009015,27.07845458731573,67.29610709595319
EFT:-142.96522465263425,51.57066213950527,54.1221227860781,61.49480614756144,38.22962922363977,5.697876024623585,-186.59709410912234,80.01475880090149,27.078454587315697,67.29610709595316
Random515
Raw:-142.96522465263422,51.570662139505274,54.1221227860781,61.49480614756145,38.229629223639776,5.6978760246235876,-186.5970941091223,80.01475880090148,27.0784545873157,67.29610709595316
EFT:-142.96522465263425,51.57066213950527,54.1221227860781,61.49480614756144,38.22962922363977,5.697876024623585,-186.59709410912234,80.01475880090149,27.078454587315697,67.29610709595316
Random516
Raw:-142.96522465263422,51.57066213950528,54.122122786078116,61.49480614756147,38.22962922363978,5.697876024623595,-186.5970941091223,80.01475880090149,27.078454587315715,67.29610709595318
EFT:-142.96522465263425,51.57066213950527,54.1221227860781,61.49480614756144,38.22962922363977,5.697876024623585,-186.59709410912234,80.01475880090149,27.078454587315697,67.29610709595316
Random517
Raw:-142.9652246526342,51.570662139505274,54.12212278607811,61.49480614756145,38.22962922363977,5.697876024623598,-186.59709410912225,80.01475880090148,27.078454587315708,67.29610709595316
EFT:-142.96522465263425,51.57066213950527,54.1221227860781,61.49480614756144,38.22962922363977,5.697876024623585,-186.59709410912234,80.01475880090149,27.078454587315697,67.29610709595316
Random518
Raw:-142.96522465263425,51.57066213950529,54.122122786078116,61.494806147561455,38.22962922363978,5.697876024623592,-186.59709410912234,80.0147588009015,27.078454587315715,67.29610709595319
EFT:-142.96522465263425,51.57066213950527,54.1221227860781,61.49480614756144,38.22962922363977,5.697876024623585,-186.59709410912234,80.01475880090149,27.078454587315697,67.29610709595316
Random519
Raw:-142.96522465263422,51.57066213950529,54.122122786078116,61.49480614756147,38.2296292236398,5.697876024623611,-186.5970941091223,80.0147588009015,27.07845458731573,67.29610709595319
EFT:-142.96522465263425,51.57066213950527,54.1221227860781,61.49480614756144,38.22962922363977,5.697876024623585,-186.59709410912234,80.01475880090149,27.078454587315697,67.29610709595316
Random520
Raw:-142.96522465263428,51.57066213950528,54.122122786078116,61.494806147561455,38.22962922363977,5.697876024623578,-186.5970941091224,80.0147588009015,27.0784545873157,67.29610709595318
EFT:-142.96522465263425,51.57066213950527,54.1221227860781,61.49480614756144,38.22962922363977,5.697876024623585,-186.59709410912234,80.01475880090149,27.078454587315697,67.29610709595316
Random521
Raw:-142.96522465263422,51.570662139505295,54.12212278607813,61.494806147561484,38.2296292236398,5.697876024623616,-186.5970941091223,80.0147588009015,27.078454587315736,67.2961070959532
EFT:-142.96522465263425,51.57066213950527,54.1221227860781,61.49480614756144,38.22962922363977,5.697876024623585,-186.59709410912234,80.01475880090149,27.078454587315697,67.29610709595316
Random522
Raw:-142.96522465263425,51.5706621395053,54.12212278607813,61.494806147561484,38.2296292236398,5.69787602462361,-186.59709410912234,80.01475880090152,27.078454587315736,67.29610709595322
EFT:-142.96522465263425,51.57066213950527,54.1221227860781,61.49480614756144,38.22962922363977,5.697876024623585,-186.59709410912234,80.01475880090149,27.078454587315697,67.29610709595316
Random523
Raw:-142.96522465263428,51.570662139505295,54.12212278607812,61.49480614756148,38.22962922363979,5.697876024623596,-186.59709410912237,80.01475880090152,27.078454587315715,67.29610709595319
EFT:-142.96522465263425,51.57066213950527,54.1221227860781,61.49480614756144,38.22962922363977,5.697876024623585,-186.59709410912234,80.01475880090149,27.078454587315697,67.29610709595316
Random524
Raw:-142.96522465263422,51.57066213950529,54.122122786078116,61.49480614756146,38.22962922363978,5.697876024623602,-186.5970941091223,80.0147588009015,27.078454587315715,67.29610709595318
EFT:-142.96522465263425,51.57066213950527,54.1221227860781,61.49480614756144,38.22962922363977,5.697876024623585,-186.59709410912234,80.01475880090149,27.078454587315697,67.29610709595316
Random525
Raw:-142.9652246526343,51.57066213950531,54.12212278607813,61.49480614756148,38.229629223639805,5.697876024623598,-186.5970941091224,80.01475880090153,27.078454587315722,67.2961070959532
EFT:-142.96522465263425,51.57066213950527,54.1221227860781,61.49480614756144,38.22962922363977,5.697876024623585,-186.59709410912234,80.01475880090149,27.078454587315697,67.29610709595316
Random526
Raw:-142.9652246526343,51.570662139505274,54.1221227860781,61.49480614756144,38.22962922363977,5.697876024623571,-186.5970941091224,80.01475880090149,27.078454587315683,67.29610709595316
EFT:-142.96522465263425,51.57066213950527,54.1221227860781,61.49480614756144,38.22962922363977,5.697876024623585,-186.59709410912234,80.01475880090149,27.078454587315697,67.29610709595316
Random527
Raw:-142.96522465263425,51.570662139505295,54.122122786078116,61.49480614756146,38.22962922363978,5.697876024623594,-186.59709410912234,80.0147588009015,27.078454587315715,67.29610709595319
EFT:-142.96522465263425,51.57066213950527,54.1221227860781,61.49480614756144,38.22962922363977,5.697876024623585,-186.59709410912234,80.01475880090149,27.078454587315697,67.29610709595316
Random528
Raw:-142.96522465263422,51.57066213950528,54.12212278607811,61.494806147561455,38.229629223639776,5.69787602462359,-186.5970941091223,80.01475880090149,27.07845458731571,67.29610709595318
EFT:-142.96522465263425,51.57066213950527,54.1221227860781,61.49480614756144,38.22962922363977,5.697876024623585,-186.59709410912234,80.01475880090149,27.078454587315697,67.29610709595316
Random529
Raw:-142.96522465263428,51.570662139505295,54.12212278607812,61.49480614756147,38.22962922363978,5.69787602462359,-186.5970941091224,80.01475880090152,27.078454587315715,67.29610709595319
EFT:-142.96522465263425,51.57066213950527,54.1221227860781,61.49480614756144,38.22962922363977,5.697876024623585,-186.59709410912234,80.01475880090149,27.078454587315697,67.29610709595316
Random530
Raw:-142.96522465263422,51.57066213950528,54.122122786078116,61.494806147561455,38.22962922363978,5.697876024623596,-186.5970941091223,80.01475880090149,27.07845458731571,67.29610709595318
EFT:-142.96522465263425,51.57066213950527,54.1221227860781,61.49480614756144,38.22962922363977,5.697876024623585,-186.59709410912234,80.01475880090149,27.078454587315697,67.29610709595316
Random531
Raw:-142.9652246526342,51.57066213950527,54.1221227860781,61.49480614756145,38.22962922363976,5.69787602462359,-186.59709410912225,80.01475880090148,27.0784545873157,67.29610709595316
EFT:-142.96522465263425,51.57066213950527,54.1221227860781,61.49480614756144,38.22962922363977,5.697876024623585,-186.59709410912234,80.01475880090149,27.078454587315697,67.29610709595316
Random532
Raw:-142.9652246526342,51.570662139505274,54.1221227860781,61.49480614756145,38.22962922363977,5.697876024623595,-186.59709410912225,80.01475880090148,27.078454587315708,67.29610709595316
EFT:-142.96522465263425,51.57066213950527,54.1221227860781,61.49480614756144,38.22962922363977,5.697876024623585,-186.59709410912234,80.01475880090149,27.078454587315697,67.29610709595316
Random533
Raw:-142.9652246526342,51.570662139505295,54.12212278607813,61.49480614756148,38.2296292236398,5.697876024623616,-186.5970941091223,80.0147588009015,27.078454587315736,67.29610709595319
EFT:-142.96522465263425,51.57066213950527,54.1221227860781,61.49480614756144,38.22962922363977,5.697876024623585,-186.59709410912234,80.01475880090149,27.078454587315697,67.29610709595316
Random534
Raw:-142.9652246526343,51.57066213950529,54.12212278607811,61.494806147561455,38.229629223639776,5.697876024623582,-186.5970941091224,80.0147588009015,27.0784545873157,67.29610709595318
EFT:-142.96522465263425,51.57066213950527,54.1221227860781,61.49480614756144,38.22962922363977,5.697876024623585,-186.59709410912234,80.01475880090149,27.078454587315697,67.29610709595316
Random535
Raw:-142.96522465263422,51.57066213950528,54.122122786078116,61.49480614756146,38.22962922363978,5.697876024623598,-186.5970941091223,80.01475880090149,27.078454587315715,67.29610709595318
EFT:-142.96522465263425,51.57066213950527,54.1221227860781,61.49480614756144,38.22962922363977,5.697876024623585,-186.59709410912234,80.01475880090149,27.078454587315697,67.29610709595316
Random536
Raw:-142.96522465263425,51.57066213950528,54.12212278607811,61.49480614756144,38.22962922363977,5.69787602462358,-186.59709410912234,80.01475880090149,27.0784545873157,67.29610709595318
EFT:-142.96522465263425,51.57066213950527,54.1221227860781,61.49480614756144,38.22962922363977,5.697876024623585,-186.59709410912234,80.01475880090149,27.078454587315697,67.29610709595316
Random537
Raw:-142.96522465263428,51.570662139505295,54.12212278607812,61.49480614756147,38.22962922363979,5.69787602462359,-186.59709410912237,80.01475880090152,27.078454587315715,67.29610709595319
EFT:-142.96522465263425,51.57066213950527,54.1221227860781,61.49480614756144,38.22962922363977,5.697876024623585,-186.59709410912234,80.01475880090149,27.078454587315697,67.29610709595316
Random538
Raw:-142.96522465263416,51.570662139505274,54.1221227860781,61.49480614756145,38.229629223639776,5.697876024623605,-186.59709410912222,80.01475880090148,27.07845458731572,67.29610709595316
EFT:-142.96522465263425,51.57066213950527,54.1221227860781,61.49480614756144,38.22962922363977,5.697876024623585,-186.59709410912234,80.01475880090149,27.078454587315697,67.29610709595316
Random539
Raw:-142.96522465263422,51.570662139505274,54.12212278607811,61.49480614756146,38.229629223639776,5.697876024623595,-186.5970941091223,80.01475880090149,27.078454587315708,67.29610709595318
EFT:-142.96522465263425,51.57066213950527,54.1221227860781,61.49480614756144,38.22962922363977,5.697876024623585,-186.59709410912234,80.01475880090149,27.078454587315697,67.29610709595316
Random540
Raw:-142.96522465263425,51.570662139505295,54.12212278607812,61.49480614756147,38.22962922363978,5.697876024623599,-186.59709410912234,80.0147588009015,27.078454587315722,67.29610709595319
EFT:-142.96522465263425,51.57066213950527,54.1221227860781,61.49480614756144,38.22962922363977,5.697876024623585,-186.59709410912234,80.01475880090149,27.078454587315697,67.29610709595316
Random541
Raw:-142.96522465263425,51.570662139505274,54.1221227860781,61.49480614756144,38.22962922363977,5.697876024623583,-186.5970941091223,80.01475880090148,27.078454587315697,67.29610709595316
EFT:-142.96522465263425,51.57066213950527,54.1221227860781,61.49480614756144,38.22962922363977,5.697876024623585,-186.59709410912234,80.01475880090149,27.078454587315697,67.29610709595316
Random542
Raw:-142.9652246526342,51.57066213950528,54.12212278607811,61.494806147561455,38.22962922363978,5.697876024623605,-186.59709410912225,80.01475880090148,27.078454587315722,67.29610709595318
EFT:-142.96522465263425,51.57066213950527,54.1221227860781,61.49480614756144,38.22962922363977,5.697876024623585,-186.59709410912234,80.01475880090149,27.078454587315697,67.29610709595316
Random543
Raw:-142.9652246526342,51.57066213950528,54.122122786078116,61.494806147561455,38.22962922363978,5.697876024623605,-186.59709410912225,80.01475880090149,27.078454587315722,67.29610709595318
EFT:-142.96522465263425,51.57066213950527,54.1221227860781,61.49480614756144,38.22962922363977,5.697876024623585,-186.59709410912234,80.01475880090149,27.078454587315697,67.29610709595316
Random544
Raw:-142.96522465263425,51.570662139505295,54.122122786078116,61.49480614756146,38.22962922363978,5.697876024623594,-186.59709410912234,80.0147588009015,27.07845458731571,67.29610709595319
EFT:-142.96522465263425,51.57066213950527,54.1221227860781,61.49480614756144,38.22962922363977,5.697876024623585,-186.59709410912234,80.01475880090149,27.078454587315697,67.29610709595316
Random545
Raw:-142.96522465263428,51.570662139505295,54.122122786078116,61.49480614756146,38.22962922363978,5.697876024623587,-186.59709410912237,80.01475880090152,27.078454587315708,67.29610709595318
EFT:-142.96522465263425,51.57066213950527,54.1221227860781,61.49480614756144,38.22962922363977,5.697876024623585,-186.59709410912234,80.01475880090149,27.078454587315697,67.29610709595316
Random546
Raw:-142.96522465263425,51.570662139505295,54.12212278607812,61.49480614756147,38.22962922363978,5.697876024623599,-186.59709410912234,80.0147588009015,27.078454587315722,67.29610709595319
EFT:-142.96522465263425,51.57066213950527,54.1221227860781,61.49480614756144,38.22962922363977,5.697876024623585,-186.59709410912234,80.01475880090149,27.078454587315697,67.29610709595316
Random547
Raw:-142.9652246526343,51.57066213950528,54.1221227860781,61.49480614756145,38.229629223639776,5.697876024623576,-186.5970941091224,80.0147588009015,27.078454587315694,67.29610709595316
EFT:-142.96522465263425,51.57066213950527,54.1221227860781,61.49480614756144,38.22962922363977,5.697876024623585,-186.59709410912234,80.01475880090149,27.078454587315697,67.29610709595316
Random548
Raw:-142.96522465263422,51.57066213950529,54.122122786078116,61.49480614756146,38.22962922363978,5.697876024623602,-186.5970941091223,80.0147588009015,27.078454587315722,67.29610709595318
EFT:-142.96522465263425,51.57066213950527,54.1221227860781,61.49480614756144,38.22962922363977,5.697876024623585,-186.59709410912234,80.01475880090149,27.078454587315697,67.29610709595316
Random549
Raw:-142.9652246526343,51.570662139505274,54.122122786078094,61.49480614756144,38.22962922363977,5.697876024623572,-186.5970941091224,80.01475880090149,27.078454587315687,67.29610709595316
EFT:-142.96522465263425,51.57066213950527,54.1221227860781,61.49480614756144,38.22962922363977,5.697876024623585,-186.59709410912234,80.01475880090149,27.078454587315697,67.29610709595316
Random550
Raw:-142.96522465263425,51.57066213950527,54.122122786078094,61.49480614756144,38.22962922363976,5.697876024623579,-186.59709410912234,80.01475880090148,27.078454587315694,67.29610709595316
EFT:-142.96522465263425,51.57066213950527,54.1221227860781,61.49480614756144,38.22962922363977,5.697876024623585,-186.59709410912234,80.01475880090149,27.078454587315697,67.29610709595316
Random551
Raw:-142.96522465263428,51.57066213950529,54.12212278607812,61.49480614756146,38.229629223639776,5.697876024623582,-186.59709410912237,80.01475880090152,27.078454587315708,67.29610709595318
EFT:-142.96522465263425,51.57066213950527,54.1221227860781,61.49480614756144,38.22962922363977,5.697876024623585,-186.59709410912234,80.01475880090149,27.078454587315697,67.29610709595316
Random552
Raw:-142.96522465263422,51.570662139505274,54.12212278607811,61.494806147561455,38.229629223639776,5.697876024623589,-186.5970941091223,80.01475880090149,27.078454587315708,67.29610709595318
EFT:-142.96522465263425,51.57066213950527,54.1221227860781,61.49480614756144,38.22962922363977,5.697876024623585,-186.59709410912234,80.01475880090149,27.078454587315697,67.29610709595316
Random553
Raw:-142.96522465263425,51.57066213950528,54.1221227860781,61.49480614756144,38.22962922363977,5.697876024623581,-186.59709410912237,80.01475880090149,27.0784545873157,67.29610709595318
EFT:-142.96522465263425,51.57066213950527,54.1221227860781,61.49480614756144,38.22962922363977,5.697876024623585,-186.59709410912234,80.01475880090149,27.078454587315697,67.29610709595316
Random554
Raw:-142.9652246526343,51.570662139505316,54.122122786078144,61.4948061475615,38.229629223639805,5.697876024623605,-186.5970941091224,80.01475880090155,27.078454587315736,67.29610709595322
EFT:-142.96522465263425,51.57066213950527,54.1221227860781,61.49480614756144,38.22962922363977,5.697876024623585,-186.59709410912234,80.01475880090149,27.078454587315697,67.29610709595316
Random555
Raw:-142.96522465263428,51.57066213950528,54.1221227860781,61.49480614756145,38.229629223639776,5.6978760246235804,-186.59709410912237,80.01475880090149,27.078454587315697,67.29610709595318
EFT:-142.96522465263425,51.57066213950527,54.1221227860781,61.49480614756144,38.22962922363977,5.697876024623585,-186.59709410912234,80.01475880090149,27.078454587315697,67.29610709595316
Random556
Raw:-142.9652246526342,51.570662139505274,54.12212278607811,61.49480614756144,38.22962922363977,5.697876024623595,-186.59709410912225,80.01475880090148,27.078454587315708,67.29610709595316
EFT:-142.96522465263425,51.57066213950527,54.1221227860781,61.49480614756144,38.22962922363977,5.697876024623585,-186.59709410912234,80.01475880090149,27.078454587315697,67.29610709595316
Random557
Raw:-142.96522465263422,51.57066213950528,54.12212278607811,61.49480614756145,38.22962922363978,5.697876024623592,-186.5970941091223,80.01475880090149,27.078454587315708,67.29610709595318
EFT:-142.96522465263425,51.57066213950527,54.1221227860781,61.49480614756144,38.22962922363977,5.697876024623585,-186.59709410912234,80.01475880090149,27.078454587315697,67.29610709595316
Random558
Raw:-142.96522465263425,51.570662139505295,54.12212278607812,61.49480614756147,38.22962922363978,5.6978760246236,-186.59709410912234,80.0147588009015,27.078454587315722,67.29610709595319
EFT:-142.96522465263425,51.57066213950527,54.1221227860781,61.49480614756144,38.22962922363977,5.697876024623585,-186.59709410912234,80.01475880090149,27.078454587315697,67.29610709595316
Random559
Raw:-142.96522465263433,51.57066213950531,54.12212278607814,61.494806147561484,38.22962922363979,5.6978760246235876,-186.59709410912242,80.01475880090153,27.078454587315715,67.2961070959532
EFT:-142.96522465263425,51.57066213950527,54.1221227860781,61.49480614756144,38.22962922363977,5.697876024623585,-186.59709410912234,80.01475880090149,27.078454587315697,67.29610709595316
Random560
Raw:-142.96522465263422,51.57066213950528,54.12212278607811,61.49480614756146,38.22962922363979,5.697876024623604,-186.5970941091223,80.01475880090149,27.078454587315722,67.29610709595319
EFT:-142.96522465263425,51.57066213950527,54.1221227860781,61.49480614756144,38.22962922363977,5.697876024623585,-186.59709410912234,80.01475880090149,27.078454587315697,67.29610709595316
Random561
Raw:-142.96522465263428,51.5706621395053,54.12212278607812,61.49480614756147,38.22962922363978,5.6978760246235955,-186.59709410912237,80.01475880090152,27.07845458731572,67.29610709595319
EFT:-142.96522465263425,51.57066213950527,54.1221227860781,61.49480614756144,38.22962922363977,5.697876024623585,-186.59709410912234,80.01475880090149,27.078454587315697,67.29610709595316
Random562
Raw:-142.96522465263428,51.5706621395053,54.12212278607813,61.494806147561484,38.22962922363979,5.6978760246236,-186.59709410912237,80.01475880090152,27.078454587315722,67.29610709595319
EFT:-142.96522465263425,51.57066213950527,54.1221227860781,61.49480614756144,38.22962922363977,5.697876024623585,-186.59709410912234,80.01475880090149,27.078454587315697,67.29610709595316
Random563
Raw:-142.9652246526342,51.57066213950528,54.122122786078116,61.494806147561455,38.22962922363978,5.697876024623611,-186.59709410912225,80.01475880090149,27.078454587315722,67.29610709595318
EFT:-142.96522465263425,51.57066213950527,54.1221227860781,61.49480614756144,38.22962922363977,5.697876024623585,-186.59709410912234,80.01475880090149,27.078454587315697,67.29610709595316
Random564
Raw:-142.96522465263422,51.57066213950529,54.122122786078116,61.49480614756147,38.22962922363978,5.697876024623602,-186.5970941091223,80.0147588009015,27.07845458731572,67.29610709595318
EFT:-142.96522465263425,51.57066213950527,54.1221227860781,61.49480614756144,38.22962922363977,5.697876024623585,-186.59709410912234,80.01475880090149,27.078454587315697,67.29610709595316
Random565
Raw:-142.9652246526342,51.57066213950528,54.12212278607811,61.494806147561455,38.229629223639776,5.697876024623604,-186.59709410912225,80.01475880090148,27.078454587315722,67.29610709595318
EFT:-142.96522465263425,51.57066213950527,54.1221227860781,61.49480614756144,38.22962922363977,5.697876024623585,-186.59709410912234,80.01475880090149,27.078454587315697,67.29610709595316
Random566
Raw:-142.96522465263425,51.5706621395053,54.12212278607813,61.49480614756147,38.22962922363979,5.697876024623602,-186.59709410912234,80.01475880090152,27.07845458731573,67.29610709595319
EFT:-142.96522465263425,51.57066213950527,54.1221227860781,61.49480614756144,38.22962922363977,5.697876024623585,-186.59709410912234,80.01475880090149,27.078454587315697,67.29610709595316
Random567
Raw:-142.96522465263425,51.57066213950529,54.12212278607811,61.49480614756145,38.22962922363978,5.69787602462359,-186.59709410912234,80.01475880090149,27.078454587315708,67.29610709595319
EFT:-142.96522465263425,51.57066213950527,54.1221227860781,61.49480614756144,38.22962922363977,5.697876024623585,-186.59709410912234,80.01475880090149,27.078454587315697,67.29610709595316
Random568
Raw:-142.96522465263425,51.57066213950529,54.12212278607811,61.49480614756146,38.22962922363979,5.697876024623598,-186.59709410912234,80.0147588009015,27.078454587315715,67.29610709595319
EFT:-142.96522465263425,51.57066213950527,54.1221227860781,61.49480614756144,38.22962922363977,5.697876024623585,-186.59709410912234,80.01475880090149,27.078454587315697,67.29610709595316
Random569
Raw:-142.96522465263422,51.570662139505274,54.1221227860781,61.49480614756144,38.22962922363977,5.697876024623585,-186.5970941091223,80.01475880090149,27.078454587315697,67.29610709595316
EFT:-142.96522465263425,51.57066213950527,54.1221227860781,61.49480614756144,38.22962922363977,5.697876024623585,-186.59709410912234,80.01475880090149,27.078454587315697,67.29610709595316
Random570
Raw:-142.96522465263422,51.57066213950529,54.122122786078116,61.49480614756146,38.22962922363978,5.6978760246236035,-186.5970941091223,80.01475880090149,27.078454587315722,67.29610709595319
EFT:-142.96522465263425,51.57066213950527,54.1221227860781,61.49480614756144,38.22962922363977,5.697876024623585,-186.59709410912234,80.01475880090149,27.078454587315697,67.29610709595316
Random571
Raw:-142.96522465263425,51.5706621395053,54.12212278607812,61.49480614756147,38.22962922363979,5.6978760246236035,-186.59709410912234,80.01475880090152,27.07845458731573,67.29610709595319
EFT:-142.96522465263425,51.57066213950527,54.1221227860781,61.49480614756144,38.22962922363977,5.697876024623585,-186.59709410912234,80.01475880090149,27.078454587315697,67.29610709595316
Random572
Raw:-142.96522465263425,51.5706621395053,54.12212278607813,61.49480614756147,38.2296292236398,5.697876024623607,-186.59709410912234,80.01475880090152,27.07845458731573,67.2961070959532
EFT:-142.96522465263425,51.57066213950527,54.1221227860781,61.49480614756144,38.22962922363977,5.697876024623585,-186.59709410912234,80.01475880090149,27.078454587315697,67.29610709595316
Random573
Raw:-142.96522465263425,51.57066213950529,54.122122786078116,61.494806147561455,38.229629223639776,5.6978760246235876,-186.59709410912234,80.0147588009015,27.07845458731571,67.29610709595318
EFT:-142.96522465263425,51.57066213950527,54.1221227860781,61.49480614756144,38.22962922363977,5.697876024623585,-186.59709410912234,80.01475880090149,27.078454587315697,67.29610709595316
Random574
Raw:-142.96522465263422,51.57066213950529,54.12212278607812,61.49480614756148,38.2296292236398,5.697876024623611,-186.5970941091223,80.0147588009015,27.078454587315733,67.2961070959532
EFT:-142.96522465263425,51.57066213950527,54.1221227860781,61.49480614756144,38.22962922363977,5.697876024623585,-186.59709410912234,80.01475880090149,27.078454587315697,67.29610709595316
Random575
Raw:-142.96522465263433,51.57066213950528,54.12212278607811,61.49480614756144,38.22962922363977,5.697876024623568,-186.59709410912242,80.0147588009015,27.078454587315687,67.29610709595318
EFT:-142.96522465263425,51.57066213950527,54.1221227860781,61.49480614756144,38.22962922363977,5.697876024623585,-186.59709410912234,80.01475880090149,27.078454587315697,67.29610709595316
Random576
Raw:-142.96522465263425,51.57066213950529,54.12212278607811,61.49480614756145,38.229629223639776,5.697876024623587,-186.59709410912234,80.0147588009015,27.078454587315704,67.29610709595318
EFT:-142.96522465263425,51.57066213950527,54.1221227860781,61.49480614756144,38.22962922363977,5.697876024623585,-186.59709410912234,80.01475880090149,27.078454587315697,67.29610709595316
Random577
Raw:-142.96522465263425,51.57066213950529,54.12212278607812,61.49480614756146,38.229629223639776,5.697876024623593,-186.59709410912234,80.0147588009015,27.078454587315715,67.29610709595319
EFT:-142.96522465263425,51.57066213950527,54.1221227860781,61.49480614756144,38.22962922363977,5.697876024623585,-186.59709410912234,80.01475880090149,27.078454587315697,67.29610709595316
Random578
Raw:-142.96522465263422,51.57066213950529,54.12212278607812,61.49480614756147,38.2296292236398,5.697876024623609,-186.5970941091223,80.0147588009015,27.07845458731573,67.29610709595319
EFT:-142.96522465263425,51.57066213950527,54.1221227860781,61.49480614756144,38.22962922363977,5.697876024623585,-186.59709410912234,80.01475880090149,27.078454587315697,67.29610709595316
Random579
Raw:-142.96522465263422,51.57066213950528,54.12212278607811,61.494806147561455,38.22962922363978,5.697876024623595,-186.5970941091223,80.01475880090149,27.07845458731571,67.29610709595318
EFT:-142.96522465263425,51.57066213950527,54.1221227860781,61.49480614756144,38.22962922363977,5.697876024623585,-186.59709410912234,80.01475880090149,27.078454587315697,67.29610709595316
Random580
Raw:-142.96522465263422,51.570662139505274,54.1221227860781,61.49480614756145,38.229629223639776,5.6978760246235876,-186.5970941091223,80.01475880090149,27.0784545873157,67.29610709595316
EFT:-142.96522465263425,51.57066213950527,54.1221227860781,61.49480614756144,38.22962922363977,5.697876024623585,-186.59709410912234,80.01475880090149,27.078454587315697,67.29610709595316
Random581
Raw:-142.96522465263428,51.57066213950528,54.1221227860781,61.49480614756144,38.22962922363977,5.6978760246235804,-186.59709410912237,80.01475880090149,27.0784545873157,67.29610709595318
EFT:-142.96522465263425,51.57066213950527,54.1221227860781,61.49480614756144,38.22962922363977,5.697876024623585,-186.59709410912234,80.01475880090149,27.078454587315697,67.29610709595316
Random582
Raw:-142.96522465263422,51.57066213950528,54.12212278607811,61.494806147561455,38.22962922363978,5.697876024623595,-186.5970941091223,80.01475880090149,27.078454587315715,67.29610709595318
EFT:-142.96522465263425,51.57066213950527,54.1221227860781,61.49480614756144,38.22962922363977,5.697876024623585,-186.59709410912234,80.01475880090149,27.078454587315697,67.29610709595316
Random583
Raw:-142.96522465263422,51.57066213950529,54.122122786078116,61.49480614756147,38.22962922363979,5.697876024623605,-186.5970941091223,80.0147588009015,27.078454587315726,67.29610709595319
EFT:-142.96522465263425,51.57066213950527,54.1221227860781,61.49480614756144,38.22962922363977,5.697876024623585,-186.59709410912234,80.01475880090149,27.078454587315697,67.29610709595316
Random584
Raw:-142.96522465263425,51.57066213950527,54.12212278607809,61.494806147561434,38.229629223639776,5.697876024623583,-186.59709410912234,80.01475880090148,27.07845458731569,67.29610709595316
EFT:-142.96522465263425,51.57066213950527,54.1221227860781,61.49480614756144,38.22962922363977,5.697876024623585,-186.59709410912234,80.01475880090149,27.078454587315697,67.29610709595316
Random585
Raw:-142.96522465263425,51.5706621395053,54.12212278607813,61.49480614756148,38.229629223639805,5.697876024623612,-186.59709410912234,80.01475880090152,27.078454587315733,67.2961070959532
EFT:-142.96522465263425,51.57066213950527,54.1221227860781,61.49480614756144,38.22962922363977,5.697876024623585,-186.59709410912234,80.01475880090149,27.078454587315697,67.29610709595316
Random586
Raw:-142.96522465263422,51.57066213950528,54.122122786078116,61.49480614756146,38.22962922363979,5.697876024623602,-186.5970941091223,80.01475880090149,27.078454587315715,67.29610709595319
EFT:-142.96522465263425,51.57066213950527,54.1221227860781,61.49480614756144,38.22962922363977,5.697876024623585,-186.59709410912234,80.01475880090149,27.078454587315697,67.29610709595316
Random587
Raw:-142.96522465263422,51.57066213950527,54.122122786078094,61.494806147561434,38.22962922363977,5.697876024623586,-186.5970941091223,80.01475880090148,27.0784545873157,67.29610709595316
EFT:-142.96522465263425,51.57066213950527,54.1221227860781,61.49480614756144,38.22962922363977,5.697876024623585,-186.59709410912234,80.01475880090149,27.078454587315697,67.29610709595316
Random588
Raw:-142.96522465263416,51.570662139505274,54.1221227860781,61.49480614756145,38.22962922363977,5.697876024623605,-186.59709410912222,80.01475880090146,27.078454587315715,67.29610709595316
EFT:-142.96522465263425,51.57066213950527,54.1221227860781,61.49480614756144,38.22962922363977,5.697876024623585,-186.59709410912234,80.01475880090149,27.078454587315697,67.29610709595316
Random589
Raw:-142.96522465263422,51.57066213950527,54.1221227860781,61.49480614756145,38.22962922363977,5.697876024623584,-186.5970941091223,80.01475880090149,27.0784545873157,67.29610709595316
EFT:-142.96522465263425,51.57066213950527,54.1221227860781,61.49480614756144,38.22962922363977,5.697876024623585,-186.59709410912234,80.01475880090149,27.078454587315697,67.29610709595316
Random590
Raw:-142.96522465263416,51.57066213950526,54.12212278607809,61.494806147561434,38.22962922363976,5.697876024623591,-186.59709410912222,80.01475880090146,27.0784545873157,67.29610709595315
EFT:-142.96522465263425,51.57066213950527,54.1221227860781,61.49480614756144,38.22962922363977,5.697876024623585,-186.59709410912234,80.01475880090149,27.078454587315697,67.29610709595316
Random591
Raw:-142.9652246526343,51.57066213950528,54.122122786078116,61.494806147561455,38.229629223639776,5.697876024623579,-186.5970941091224,80.0147588009015,27.0784545873157,67.29610709595318
EFT:-142.96522465263425,51.57066213950527,54.1221227860781,61.49480614756144,38.22962922363977,5.697876024623585,-186.59709410912234,80.01475880090149,27.078454587315697,67.29610709595316
Random592
Raw:-142.96522465263416,51.57066213950527,54.122122786078094,61.49480614756143,38.229629223639755,5.697876024623589,-186.59709410912222,80.01475880090146,27.0784545873157,67.29610709595315
EFT:-142.96522465263425,51.57066213950527,54.1221227860781,61.49480614756144,38.22962922363977,5.697876024623585,-186.59709410912234,80.01475880090149,27.078454587315697,67.29610709595316
Random593
Raw:-142.96522465263422,51.57066213950529,54.12212278607812,61.49480614756147,38.22962922363978,5.6978760246236035,-186.5970941091223,80.0147588009015,27.078454587315722,67.29610709595319
EFT:-142.96522465263425,51.57066213950527,54.1221227860781,61.49480614756144,38.22962922363977,5.697876024623585,-186.59709410912234,80.01475880090149,27.078454587315697,67.29610709595316
Random594
Raw:-142.96522465263416,51.570662139505274,54.12212278607811,61.49480614756144,38.22962922363977,5.6978760246236,-186.59709410912222,80.01475880090148,27.078454587315715,67.29610709595316
EFT:-142.96522465263425,51.57066213950527,54.1221227860781,61.49480614756144,38.22962922363977,5.697876024623585,-186.59709410912234,80.01475880090149,27.078454587315697,67.29610709595316
Random595
Raw:-142.96522465263428,51.57066213950529,54.12212278607811,61.494806147561455,38.22962922363978,5.697876024623588,-186.59709410912234,80.0147588009015,27.078454587315708,67.29610709595319
EFT:-142.96522465263425,51.57066213950527,54.1221227860781,61.49480614756144,38.22962922363977,5.697876024623585,-186.59709410912234,80.01475880090149,27.078454587315697,67.29610709595316
Random596
Raw:-142.9652246526342,51.57066213950528,54.122122786078116,61.49480614756146,38.22962922363978,5.697876024623607,-186.59709410912225,80.01475880090149,27.078454587315722,67.29610709595318
EFT:-142.96522465263425,51.57066213950527,54.1221227860781,61.49480614756144,38.22962922363977,5.697876024623585,-186.59709410912234,80.01475880090149,27.078454587315697,67.29610709595316
Random597
Raw:-142.9652246526343,51.57066213950531,54.12212278607813,61.49480614756148,38.2296292236398,5.697876024623598,-186.5970941091224,80.01475880090153,27.078454587315722,67.2961070959532
EFT:-142.96522465263425,51.57066213950527,54.1221227860781,61.49480614756144,38.22962922363977,5.697876024623585,-186.59709410912234,80.01475880090149,27.078454587315697,67.29610709595316
Random598
Raw:-142.96522465263422,51.57066213950527,54.122122786078094,61.49480614756145,38.22962922363977,5.697876024623583,-186.5970941091223,80.01475880090148,27.078454587315694,67.29610709595316
EFT:-142.96522465263425,51.57066213950527,54.1221227860781,61.49480614756144,38.22962922363977,5.697876024623585,-186.59709410912234,80.01475880090149,27.078454587315697,67.29610709595316
Random599
Raw:-142.96522465263425,51.5706621395053,54.12212278607813,61.49480614756148,38.2296292236398,5.697876024623605,-186.59709410912234,80.01475880090152,27.07845458731573,67.29610709595319
EFT:-142.96522465263425,51.57066213950527,54.1221227860781,61.49480614756144,38.22962922363977,5.697876024623585,-186.59709410912234,80.01475880090149,27.078454587315697,67.29610709595316
Random600
Raw:-142.96522465263428,51.57066213950529,54.122122786078116,61.49480614756147,38.22962922363978,5.697876024623582,-186.5970941091224,80.0147588009015,27.0784545873157,67.29610709595318
EFT:-142.96522465263425,51.57066213950527,54.1221227860781,61.49480614756144,38.22962922363977,5.697876024623585,-186.59709410912234,80.01475880090149,27.078454587315697,67.29610709595316
Random601
Raw:-142.96522465263422,51.57066213950529,54.122122786078116,61.49480614756147,38.22962922363979,5.697876024623606,-186.5970941091223,80.01475880090149,27.078454587315722,67.29610709595319
EFT:-142.96522465263425,51.57066213950527,54.1221227860781,61.49480614756144,38.22962922363977,5.697876024623585,-186.59709410912234,80.01475880090149,27.078454587315697,67.29610709595316
Random602
Raw:-142.9652246526343,51.5706621395053,54.12212278607813,61.49480614756148,38.2296292236398,5.697876024623596,-186.5970941091224,80.01475880090153,27.078454587315722,67.2961070959532
EFT:-142.96522465263425,51.57066213950527,54.1221227860781,61.49480614756144,38.22962922363977,5.697876024623585,-186.59709410912234,80.01475880090149,27.078454587315697,67.29610709595316
Random603
Raw:-142.96522465263422,51.57066213950527,54.1221227860781,61.494806147561434,38.22962922363976,5.697876024623577,-186.5970941091223,80.01475880090148,27.078454587315694,67.29610709595316
EFT:-142.96522465263425,51.57066213950527,54.1221227860781,61.49480614756144,38.22962922363977,5.697876024623585,-186.59709410912234,80.01475880090149,27.078454587315697,67.29610709595316
Random604
Raw:-142.96522465263425,51.5706621395053,54.12212278607812,61.49480614756147,38.22962922363979,5.697876024623603,-186.59709410912234,80.01475880090152,27.07845458731573,67.29610709595319
EFT:-142.96522465263425,51.57066213950527,54.1221227860781,61.49480614756144,38.22962922363977,5.697876024623585,-186.59709410912234,80.01475880090149,27.078454587315697,67.29610709595316
Random605
Raw:-142.96522465263425,51.570662139505295,54.12212278607812,61.49480614756147,38.22962922363978,5.697876024623597,-186.59709410912234,80.0147588009015,27.078454587315722,67.29610709595319
EFT:-142.96522465263425,51.57066213950527,54.1221227860781,61.49480614756144,38.22962922363977,5.697876024623585,-186.59709410912234,80.01475880090149,27.078454587315697,67.29610709595316
Random606
Raw:-142.96522465263425,51.57066213950528,54.12212278607811,61.49480614756145,38.229629223639776,5.697876024623583,-186.59709410912234,80.01475880090149,27.0784545873157,67.29610709595318
EFT:-142.96522465263425,51.57066213950527,54.1221227860781,61.49480614756144,38.22962922363977,5.697876024623585,-186.59709410912234,80.01475880090149,27.078454587315697,67.29610709595316
Random607
Raw:-142.96522465263422,51.57066213950527,54.1221227860781,61.49480614756144,38.22962922363977,5.697876024623584,-186.59709410912234,80.01475880090148,27.078454587315697,67.29610709595316
EFT:-142.96522465263425,51.57066213950527,54.1221227860781,61.49480614756144,38.22962922363977,5.697876024623585,-186.59709410912234,80.01475880090149,27.078454587315697,67.29610709595316
Random608
Raw:-142.96522465263425,51.57066213950529,54.122122786078116,61.494806147561455,38.22962922363978,5.697876024623593,-186.59709410912234,80.0147588009015,27.07845458731571,67.29610709595319
EFT:-142.96522465263425,51.57066213950527,54.1221227860781,61.49480614756144,38.22962922363977,5.697876024623585,-186.59709410912234,80.01475880090149,27.078454587315697,67.29610709595316
Random609
Raw:-142.96522465263425,51.57066213950526,54.12212278607809,61.49480614756142,38.22962922363976,5.6978760246235725,-186.59709410912234,80.01475880090148,27.078454587315687,67.29610709595315
EFT:-142.96522465263425,51.57066213950527,54.1221227860781,61.49480614756144,38.22962922363977,5.697876024623585,-186.59709410912234,80.01475880090149,27.078454587315697,67.29610709595316
Random610
Raw:-142.96522465263425,51.570662139505295,54.12212278607812,61.49480614756148,38.22962922363979,5.697876024623602,-186.59709410912234,80.0147588009015,27.078454587315722,67.29610709595319
EFT:-142.96522465263425,51.57066213950527,54.1221227860781,61.49480614756144,38.22962922363977,5.697876024623585,-186.59709410912234,80.01475880090149,27.078454587315697,67.29610709595316
Random611
Raw:-142.96522465263422,51.570662139505274,54.12212278607811,61.494806147561455,38.229629223639776,5.697876024623591,-186.5970941091223,80.01475880090149,27.078454587315708,67.29610709595318
EFT:-142.96522465263425,51.57066213950527,54.1221227860781,61.49480614756144,38.22962922363977,5.697876024623585,-186.59709410912234,80.01475880090149,27.078454587315697,67.29610709595316
Random612
Raw:-142.96522465263425,51.57066213950528,54.1221227860781,61.49480614756145,38.229629223639776,5.697876024623584,-186.59709410912234,80.01475880090149,27.0784545873157,67.29610709595318
EFT:-142.96522465263425,51.57066213950527,54.1221227860781,61.49480614756144,38.22962922363977,5.697876024623585,-186.59709410912234,80.01475880090149,27.078454587315697,67.29610709595316
Random613
Raw:-142.96522465263416,51.570662139505274,54.12212278607811,61.49480614756145,38.229629223639776,5.697876024623607,-186.59709410912222,80.01475880090148,27.078454587315722,67.29610709595316
EFT:-142.96522465263425,51.57066213950527,54.1221227860781,61.49480614756144,38.22962922363977,5.697876024623585,-186.59709410912234,80.01475880090149,27.078454587315697,67.29610709595316
Random614
Raw:-142.96522465263428,51.570662139505274,54.122122786078094,61.49480614756144,38.22962922363978,5.697876024623585,-186.59709410912234,80.01475880090149,27.0784545873157,67.29610709595318
EFT:-142.96522465263425,51.57066213950527,54.1221227860781,61.49480614756144,38.22962922363977,5.697876024623585,-186.59709410912234,80.01475880090149,27.078454587315697,67.29610709595316
Random615
Raw:-142.96522465263422,51.570662139505295,54.12212278607812,61.49480614756148,38.2296292236398,5.697876024623609,-186.5970941091223,80.0147588009015,27.07845458731573,67.29610709595319
EFT:-142.96522465263425,51.57066213950527,54.1221227860781,61.49480614756144,38.22962922363977,5.697876024623585,-186.59709410912234,80.01475880090149,27.078454587315697,67.29610709595316
Random616
Raw:-142.96522465263425,51.570662139505295,54.12212278607812,61.49480614756147,38.22962922363978,5.697876024623593,-186.59709410912234,80.0147588009015,27.078454587315715,67.29610709595319
EFT:-142.96522465263425,51.57066213950527,54.1221227860781,61.49480614756144,38.22962922363977,5.697876024623585,-186.59709410912234,80.01475880090149,27.078454587315697,67.29610709595316
Random617
Raw:-142.9652246526342,51.57066213950527,54.122122786078094,61.494806147561434,38.229629223639755,5.697876024623586,-186.59709410912225,80.01475880090148,27.078454587315697,67.29610709595315
EFT:-142.96522465263425,51.57066213950527,54.1221227860781,61.49480614756144,38.22962922363977,5.697876024623585,-186.59709410912234,80.01475880090149,27.078454587315697,67.29610709595316
Random618
Raw:-142.96522465263428,51.57066213950529,54.122122786078116,61.49480614756146,38.229629223639776,5.697876024623581,-186.59709410912237,80.0147588009015,27.078454587315708,67.29610709595316
EFT:-142.96522465263425,51.57066213950527,54.1221227860781,61.49480614756144,38.22962922363977,5.697876024623585,-186.59709410912234,80.01475880090149,27.078454587315697,67.29610709595316
Random619
Raw:-142.9652246526342,51.57066213950529,54.12212278607811,61.49480614756147,38.2296292236398,5.6978760246236195,-186.59709410912222,80.01475880090149,27.078454587315736,67.29610709595319
EFT:-142.96522465263425,51.57066213950527,54.1221227860781,61.49480614756144,38.22962922363977,5.697876024623585,-186.59709410912234,80.01475880090149,27.078454587315697,67.29610709595316
Random620
Raw:-142.96522465263422,51.57066213950529,54.122122786078116,61.49480614756147,38.22962922363979,5.6978760246236035,-186.5970941091223,80.0147588009015,27.078454587315722,67.29610709595319
EFT:-142.96522465263425,51.57066213950527,54.1221227860781,61.49480614756144,38.22962922363977,5.697876024623585,-186.59709410912234,80.01475880090149,27.078454587315697,67.29610709595316
Random621
Raw:-142.96522465263425,51.5706621395053,54.12212278607813,61.49480614756148,38.2296292236398,5.697876024623605,-186.59709410912234,80.01475880090152,27.07845458731573,67.2961070959532
EFT:-142.96522465263425,51.57066213950527,54.1221227860781,61.49480614756144,38.22962922363977,5.697876024623585,-186.59709410912234,80.01475880090149,27.078454587315697,67.29610709595316
Random622
Raw:-142.9652246526343,51.57066213950529,54.12212278607811,61.49480614756145,38.229629223639776,5.69787602462358,-186.5970941091224,80.0147588009015,27.0784545873157,67.29610709595318
EFT:-142.96522465263425,51.57066213950527,54.1221227860781,61.49480614756144,38.22962922363977,5.697876024623585,-186.59709410912234,80.01475880090149,27.078454587315697,67.29610709595316
Random623
Raw:-142.96522465263425,51.57066213950527,54.122122786078094,61.494806147561434,38.22962922363977,5.697876024623579,-186.59709410912234,80.01475880090148,27.078454587315687,67.29610709595316
EFT:-142.96522465263425,51.57066213950527,54.1221227860781,61.49480614756144,38.22962922363977,5.697876024623585,-186.59709410912234,80.01475880090149,27.078454587315697,67.29610709595316
Random624
Raw:-142.9652246526343,51.570662139505295,54.12212278607813,61.49480614756148,38.2296292236398,5.697876024623589,-186.5970941091224,80.01475880090153,27.078454587315715,67.2961070959532
EFT:-142.96522465263425,51.57066213950527,54.1221227860781,61.49480614756144,38.22962922363977,5.697876024623585,-186.59709410912234,80.01475880090149,27.078454587315697,67.29610709595316
Random625
Raw:-142.96522465263428,51.570662139505295,54.12212278607812,61.49480614756147,38.22962922363979,5.697876024623595,-186.59709410912237,80.01475880090152,27.07845458731572,67.29610709595319
EFT:-142.96522465263425,51.57066213950527,54.1221227860781,61.49480614756144,38.22962922363977,5.697876024623585,-186.59709410912234,80.01475880090149,27.078454587315697,67.29610709595316
Random626
Raw:-142.96522465263428,51.570662139505295,54.12212278607813,61.49480614756147,38.22962922363979,5.697876024623594,-186.59709410912237,80.01475880090152,27.078454587315715,67.29610709595319
EFT:-142.96522465263425,51.57066213950527,54.1221227860781,61.49480614756144,38.22962922363977,5.697876024623585,-186.59709410912234,80.01475880090149,27.078454587315697,67.29610709595316
Random627
Raw:-142.96522465263428,51.57066213950528,54.1221227860781,61.49480614756145,38.229629223639776,5.6978760246235804,-186.59709410912237,80.01475880090149,27.078454587315697,67.29610709595318
EFT:-142.96522465263425,51.57066213950527,54.1221227860781,61.49480614756144,38.22962922363977,5.697876024623585,-186.59709410912234,80.01475880090149,27.078454587315697,67.29610709595316
Random628
Raw:-142.96522465263422,51.570662139505274,54.12212278607811,61.49480614756145,38.229629223639776,5.6978760246235876,-186.5970941091223,80.01475880090149,27.0784545873157,67.29610709595318
EFT:-142.96522465263425,51.57066213950527,54.1221227860781,61.49480614756144,38.22962922363977,5.697876024623585,-186.59709410912234,80.01475880090149,27.078454587315697,67.29610709595316
Random629
Raw:-142.96522465263422,51.570662139505295,54.12212278607813,61.49480614756148,38.229629223639805,5.697876024623614,-186.5970941091223,80.0147588009015,27.078454587315733,67.29610709595319
EFT:-142.96522465263425,51.57066213950527,54.1221227860781,61.49480614756144,38.22962922363977,5.697876024623585,-186.59709410912234,80.01475880090149,27.078454587315697,67.29610709595316
Random630
Raw:-142.96522465263422,51.570662139505316,54.122122786078144,61.494806147561505,38.22962922363981,5.697876024623624,-186.59709410912234,80.01475880090153,27.078454587315754,67.29610709595322
EFT:-142.96522465263425,51.57066213950527,54.1221227860781,61.49480614756144,38.22962922363977,5.697876024623585,-186.59709410912234,80.01475880090149,27.078454587315697,67.29610709595316
Random631
Raw:-142.96522465263425,51.57066213950529,54.122122786078116,61.494806147561455,38.229629223639776,5.697876024623587,-186.59709410912234,80.0147588009015,27.078454587315708,67.29610709595318
EFT:-142.96522465263425,51.57066213950527,54.1221227860781,61.49480614756144,38.22962922363977,5.697876024623585,-186.59709410912234,80.01475880090149,27.078454587315697,67.29610709595316
Random632
Raw:-142.96522465263422,51.57066213950528,54.122122786078116,61.494806147561455,38.22962922363978,5.6978760246235955,-186.5970941091223,80.01475880090149,27.078454587315715,67.29610709595318
EFT:-142.96522465263425,51.57066213950527,54.1221227860781,61.49480614756144,38.22962922363977,5.697876024623585,-186.59709410912234,80.01475880090149,27.078454587315697,67.29610709595316
Random633
Raw:-142.96522465263425,51.57066213950529,54.12212278607811,61.49480614756146,38.22962922363978,5.697876024623591,-186.59709410912234,80.0147588009015,27.07845458731571,67.29610709595319
EFT:-142.96522465263425,51.57066213950527,54.1221227860781,61.49480614756144,38.22962922363977,5.697876024623585,-186.59709410912234,80.01475880090149,27.078454587315697,67.29610709595316
Random634
Raw:-142.96522465263428,51.57066213950528,54.12212278607811,61.494806147561455,38.229629223639776,5.697876024623579,-186.5970941091224,80.0147588009015,27.078454587315694,67.29610709595318
EFT:-142.96522465263425,51.57066213950527,54.1221227860781,61.49480614756144,38.22962922363977,5.697876024623585,-186.59709410912234,80.01475880090149,27.078454587315697,67.29610709595316
Random635
Raw:-142.96522465263425,51.570662139505295,54.122122786078116,61.49480614756146,38.22962922363978,5.697876024623593,-186.59709410912234,80.0147588009015,27.078454587315715,67.29610709595319
EFT:-142.96522465263425,51.57066213950527,54.1221227860781,61.49480614756144,38.22962922363977,5.697876024623585,-186.59709410912234,80.01475880090149,27.078454587315697,67.29610709595316
Random636
Raw:-142.96522465263416,51.57066213950526,54.12212278607809,61.494806147561434,38.22962922363976,5.697876024623593,-186.59709410912222,80.01475880090146,27.0784545873157,67.29610709595315
EFT:-142.96522465263425,51.57066213950527,54.1221227860781,61.49480614756144,38.22962922363977,5.697876024623585,-186.59709410912234,80.01475880090149,27.078454587315697,67.29610709595316
Random637
Raw:-142.96522465263433,51.570662139505295,54.122122786078116,61.49480614756146,38.22962922363979,5.697876024623583,-186.59709410912242,80.01475880090152,27.0784545873157,67.29610709595319
EFT:-142.96522465263425,51.57066213950527,54.1221227860781,61.49480614756144,38.22962922363977,5.697876024623585,-186.59709410912234,80.01475880090149,27.078454587315697,67.29610709595316
Random638
Raw:-142.96522465263416,51.57066213950526,54.12212278607809,61.49480614756143,38.229629223639755,5.697876024623589,-186.59709410912222,80.01475880090145,27.078454587315697,67.29610709595315
EFT:-142.96522465263425,51.57066213950527,54.1221227860781,61.49480614756144,38.22962922363977,5.697876024623585,-186.59709410912234,80.01475880090149,27.078454587315697,67.29610709595316
Random639
Raw:-142.96522465263422,51.570662139505274,54.12212278607811,61.49480614756145,38.229629223639776,5.69787602462359,-186.5970941091223,80.01475880090149,27.0784545873157,67.29610709595318
EFT:-142.96522465263425,51.57066213950527,54.1221227860781,61.49480614756144,38.22962922363977,5.697876024623585,-186.59709410912234,80.01475880090149,27.078454587315697,67.29610709595316
Random640
Raw:-142.96522465263422,51.57066213950528,54.122122786078116,61.49480614756146,38.22962922363978,5.6978760246236,-186.5970941091223,80.01475880090149,27.07845458731572,67.29610709595319
EFT:-142.96522465263425,51.57066213950527,54.1221227860781,61.49480614756144,38.22962922363977,5.697876024623585,-186.59709410912234,80.01475880090149,27.078454587315697,67.29610709595316
Random641
Raw:-142.96522465263428,51.57066213950528,54.12212278607811,61.494806147561434,38.22962922363977,5.697876024623579,-186.59709410912234,80.0147588009015,27.0784545873157,67.29610709595318
EFT:-142.96522465263425,51.57066213950527,54.1221227860781,61.49480614756144,38.22962922363977,5.697876024623585,-186.59709410912234,80.01475880090149,27.078454587315697,67.29610709595316
Random642
Raw:-142.96522465263425,51.5706621395053,54.12212278607813,61.49480614756148,38.22962922363979,5.6978760246236035,-186.59709410912234,80.01475880090152,27.078454587315726,67.2961070959532
EFT:-142.96522465263425,51.57066213950527,54.1221227860781,61.49480614756144,38.22962922363977,5.697876024623585,-186.59709410912234,80.01475880090149,27.078454587315697,67.29610709595316
Random643
Raw:-142.96522465263425,51.57066213950529,54.122122786078116,61.49480614756146,38.22962922363978,5.697876024623593,-186.59709410912234,80.0147588009015,27.078454587315715,67.29610709595319
EFT:-142.96522465263425,51.57066213950527,54.1221227860781,61.49480614756144,38.22962922363977,5.697876024623585,-186.59709410912234,80.01475880090149,27.078454587315697,67.29610709595316
Random644
Raw:-142.96522465263425,51.570662139505295,54.122122786078116,61.494806147561455,38.22962922363978,5.697876024623589,-186.59709410912234,80.0147588009015,27.07845458731571,67.29610709595319
EFT:-142.96522465263425,51.57066213950527,54.1221227860781,61.49480614756144,38.22962922363977,5.697876024623585,-186.59709410912234,80.01475880090149,27.078454587315697,67.29610709595316
Random645
Raw:-142.96522465263422,51.570662139505274,54.1221227860781,61.49480614756145,38.229629223639776,5.6978760246235876,-186.5970941091223,80.01475880090149,27.0784545873157,67.29610709595318
EFT:-142.96522465263425,51.57066213950527,54.1221227860781,61.49480614756144,38.22962922363977,5.697876024623585,-186.59709410912234,80.01475880090149,27.078454587315697,67.29610709595316
Random646
Raw:-142.96522465263428,51.570662139505274,54.1221227860781,61.49480614756144,38.229629223639776,5.69787602462358,-186.59709410912237,80.01475880090149,27.078454587315694,67.29610709595318
EFT:-142.96522465263425,51.57066213950527,54.1221227860781,61.49480614756144,38.22962922363977,5.697876024623585,-186.59709410912234,80.01475880090149,27.078454587315697,67.29610709595316
Random647
Raw:-142.96522465263425,51.57066213950529,54.122122786078116,61.49480614756146,38.229629223639776,5.6978760246235876,-186.59709410912234,80.0147588009015,27.078454587315708,67.29610709595319
EFT:-142.96522465263425,51.57066213950527,54.1221227860781,61.49480614756144,38.22962922363977,5.697876024623585,-186.59709410912234,80.01475880090149,27.078454587315697,67.29610709595316
Random648
Raw:-142.96522465263422,51.57066213950527,54.1221227860781,61.49480614756144,38.22962922363977,5.6978760246235804,-186.59709410912234,80.01475880090148,27.078454587315697,67.29610709595316
EFT:-142.96522465263425,51.57066213950527,54.1221227860781,61.49480614756144,38.22962922363977,5.697876024623585,-186.59709410912234,80.01475880090149,27.078454587315697,67.29610709595316
Random649
Raw:-142.96522465263428,51.570662139505295,54.12212278607812,61.49480614756148,38.22962922363979,5.697876024623597,-186.59709410912237,80.01475880090152,27.078454587315715,67.29610709595319
EFT:-142.96522465263425,51.57066213950527,54.1221227860781,61.49480614756144,38.22962922363977,5.697876024623585,-186.59709410912234,80.01475880090149,27.078454587315697,67.29610709595316
Random650
Raw:-142.9652246526342,51.57066213950528,54.122122786078116,61.49480614756146,38.229629223639776,5.697876024623607,-186.59709410912225,80.01475880090149,27.078454587315722,67.29610709595318
EFT:-142.96522465263425,51.57066213950527,54.1221227860781,61.49480614756144,38.22962922363977,5.697876024623585,-186.59709410912234,80.01475880090149,27.078454587315697,67.29610709595316
Random651
Raw:-142.9652246526343,51.57066213950528,54.12212278607811,61.494806147561455,38.22962922363977,5.697876024623576,-186.5970941091224,80.0147588009015,27.078454587315694,67.29610709595318
EFT:-142.96522465263425,51.57066213950527,54.1221227860781,61.49480614756144,38.22962922363977,5.697876024623585,-186.59709410912234,80.01475880090149,27.078454587315697,67.29610709595316
Random652
Raw:-142.9652246526343,51.57066213950531,54.12212278607813,61.494806147561484,38.2296292236398,5.697876024623595,-186.5970941091224,80.01475880090153,27.07845458731572,67.2961070959532
EFT:-142.96522465263425,51.57066213950527,54.1221227860781,61.49480614756144,38.22962922363977,5.697876024623585,-186.59709410912234,80.01475880090149,27.078454587315697,67.29610709595316
Random653
Raw:-142.96522465263422,51.57066213950526,54.12212278607809,61.49480614756143,38.229629223639755,5.697876024623584,-186.59709410912225,80.01475880090146,27.07845458731569,67.29610709595315
EFT:-142.96522465263425,51.57066213950527,54.1221227860781,61.49480614756144,38.22962922363977,5.697876024623585,-186.59709410912234,80.01475880090149,27.078454587315697,67.29610709595316
Random654
Raw:-142.9652246526342,51.57066213950528,54.12212278607811,61.494806147561455,38.22962922363978,5.697876024623605,-186.59709410912225,80.01475880090149,27.078454587315722,67.29610709595318
EFT:-142.96522465263425,51.57066213950527,54.1221227860781,61.49480614756144,38.22962922363977,5.697876024623585,-186.59709410912234,80.01475880090149,27.078454587315697,67.29610709595316
Random655
Raw:-142.96522465263425,51.57066213950528,54.1221227860781,61.49480614756144,38.229629223639776,5.697876024623584,-186.59709410912234,80.01475880090149,27.0784545873157,67.29610709595318
EFT:-142.96522465263425,51.57066213950527,54.1221227860781,61.49480614756144,38.22962922363977,5.697876024623585,-186.59709410912234,80.01475880090149,27.078454587315697,67.29610709595316
Random656
Raw:-142.96522465263422,51.570662139505274,54.12212278607811,61.494806147561455,38.229629223639776,5.697876024623591,-186.5970941091223,80.01475880090149,27.078454587315708,67.29610709595318
EFT:-142.96522465263425,51.57066213950527,54.1221227860781,61.49480614756144,38.22962922363977,5.697876024623585,-186.59709410912234,80.01475880090149,27.078454587315697,67.29610709595316
Random657
Raw:-142.96522465263422,51.57066213950525,54.12212278607808,61.49480614756142,38.229629223639755,5.697876024623575,-186.59709410912228,80.01475880090145,27.07845458731568,67.29610709595315
EFT:-142.96522465263425,51.57066213950527,54.1221227860781,61.49480614756144,38.22962922363977,5.697876024623585,-186.59709410912234,80.01475880090149,27.078454587315697,67.29610709595316
Random658
Raw:-142.96522465263425,51.57066213950529,54.12212278607811,61.494806147561455,38.22962922363978,5.697876024623589,-186.59709410912234,80.0147588009015,27.078454587315708,67.29610709595319
EFT:-142.96522465263425,51.57066213950527,54.1221227860781,61.49480614756144,38.22962922363977,5.697876024623585,-186.59709410912234,80.01475880090149,27.078454587315697,67.29610709595316
Random659
Raw:-142.9652246526342,51.57066213950526,54.12212278607809,61.49480614756143,38.229629223639755,5.6978760246235804,-186.59709410912225,80.01475880090146,27.078454587315694,67.29610709595315
EFT:-142.96522465263425,51.57066213950527,54.1221227860781,61.49480614756144,38.22962922363977,5.697876024623585,-186.59709410912234,80.01475880090149,27.078454587315697,67.29610709595316
Random660
Raw:-142.96522465263422,51.57066213950529,54.122122786078116,61.49480614756146,38.22962922363978,5.6978760246236,-186.5970941091223,80.0147588009015,27.078454587315715,67.29610709595318
EFT:-142.96522465263425,51.57066213950527,54.1221227860781,61.49480614756144,38.22962922363977,5.697876024623585,-186.59709410912234,80.01475880090149,27.078454587315697,67.29610709595316
Random661
Raw:-142.96522465263425,51.57066213950527,54.122122786078094,61.494806147561434,38.22962922363976,5.69787602462358,-186.59709410912234,80.01475880090148,27.07845458731569,67.29610709595316
EFT:-142.96522465263425,51.57066213950527,54.1221227860781,61.49480614756144,38.22962922363977,5.697876024623585,-186.59709410912234,80.01475880090149,27.078454587315697,67.29610709595316
Random662
Raw:-142.96522465263413,51.57066213950528,54.122122786078116,61.49480614756146,38.229629223639776,5.697876024623609,-186.59709410912222,80.01475880090148,27.07845458731573,67.29610709595316
EFT:-142.96522465263425,51.57066213950527,54.1221227860781,61.49480614756144,38.22962922363977,5.697876024623585,-186.59709410912234,80.01475880090149,27.078454587315697,67.29610709595316
Random663
Raw:-142.96522465263422,51.57066213950528,54.122122786078116,61.49480614756146,38.229629223639776,5.697876024623596,-186.5970941091223,80.01475880090149,27.078454587315715,67.29610709595318
EFT:-142.96522465263425,51.57066213950527,54.1221227860781,61.49480614756144,38.22962922363977,5.697876024623585,-186.59709410912234,80.01475880090149,27.078454587315697,67.29610709595316
Random664
Raw:-142.96522465263428,51.570662139505274,54.122122786078094,61.49480614756144,38.22962922363977,5.6978760246235804,-186.59709410912237,80.01475880090149,27.078454587315694,67.29610709595318
EFT:-142.96522465263425,51.57066213950527,54.1221227860781,61.49480614756144,38.22962922363977,5.697876024623585,-186.59709410912234,80.01475880090149,27.078454587315697,67.29610709595316
Random665
Raw:-142.96522465263416,51.57066213950527,54.12212278607809,61.494806147561434,38.22962922363977,5.697876024623599,-186.59709410912222,80.01475880090146,27.078454587315708,67.29610709595316
EFT:-142.96522465263425,51.57066213950527,54.1221227860781,61.49480614756144,38.22962922363977,5.697876024623585,-186.59709410912234,80.01475880090149,27.078454587315697,67.29610709595316
Random666
Raw:-142.9652246526343,51.57066213950528,54.12212278607811,61.494806147561455,38.22962922363977,5.697876024623575,-186.5970941091224,80.0147588009015,27.078454587315694,67.29610709595318
EFT:-142.96522465263425,51.57066213950527,54.1221227860781,61.49480614756144,38.22962922363977,5.697876024623585,-186.59709410912234,80.01475880090149,27.078454587315697,67.29610709595316
Random667
Raw:-142.96522465263428,51.57066213950529,54.12212278607812,61.49480614756146,38.22962922363978,5.697876024623585,-186.59709410912237,80.0147588009015,27.078454587315708,67.29610709595318
EFT:-142.96522465263425,51.57066213950527,54.1221227860781,61.49480614756144,38.22962922363977,5.697876024623585,-186.59709410912234,80.01475880090149,27.078454587315697,67.29610709595316
Random668
Raw:-142.96522465263422,51.57066213950528,54.12212278607811,61.494806147561455,38.229629223639776,5.697876024623595,-186.5970941091223,80.01475880090149,27.078454587315708,67.29610709595318
EFT:-142.96522465263425,51.57066213950527,54.1221227860781,61.49480614756144,38.22962922363977,5.697876024623585,-186.59709410912234,80.01475880090149,27.078454587315697,67.29610709595316
Random669
Raw:-142.96522465263425,51.57066213950529,54.122122786078116,61.49480614756146,38.22962922363978,5.69787602462359,-186.59709410912237,80.0147588009015,27.078454587315715,67.29610709595319
EFT:-142.96522465263425,51.57066213950527,54.1221227860781,61.49480614756144,38.22962922363977,5.697876024623585,-186.59709410912234,80.01475880090149,27.078454587315697,67.29610709595316
Random670
Raw:-142.96522465263422,51.57066213950528,54.12212278607811,61.49480614756145,38.229629223639776,5.697876024623592,-186.5970941091223,80.01475880090149,27.078454587315708,67.29610709595318
EFT:-142.96522465263425,51.57066213950527,54.1221227860781,61.49480614756144,38.22962922363977,5.697876024623585,-186.59709410912234,80.01475880090149,27.078454587315697,67.29610709595316
Random671
Raw:-142.96522465263425,51.570662139505295,54.12212278607812,61.49480614756148,38.22962922363979,5.697876024623601,-186.59709410912234,80.0147588009015,27.078454587315722,67.29610709595319
EFT:-142.96522465263425,51.57066213950527,54.1221227860781,61.49480614756144,38.22962922363977,5.697876024623585,-186.59709410912234,80.01475880090149,27.078454587315697,67.29610709595316
Random672
Raw:-142.96522465263422,51.570662139505274,54.122122786078116,61.49480614756145,38.22962922363977,5.697876024623586,-186.59709410912234,80.01475880090149,27.078454587315708,67.29610709595318
EFT:-142.96522465263425,51.57066213950527,54.1221227860781,61.49480614756144,38.22962922363977,5.697876024623585,-186.59709410912234,80.01475880090149,27.078454587315697,67.29610709595316
Random673
Raw:-142.96522465263425,51.5706621395053,54.12212278607812,61.49480614756147,38.22962922363979,5.697876024623603,-186.59709410912234,80.01475880090152,27.07845458731573,67.29610709595319
EFT:-142.96522465263425,51.57066213950527,54.1221227860781,61.49480614756144,38.22962922363977,5.697876024623585,-186.59709410912234,80.01475880090149,27.078454587315697,67.29610709595316
Random674
Raw:-142.96522465263425,51.570662139505295,54.122122786078116,61.49480614756146,38.2296292236398,5.697876024623605,-186.59709410912234,80.0147588009015,27.078454587315722,67.2961070959532
EFT:-142.96522465263425,51.57066213950527,54.1221227860781,61.49480614756144,38.22962922363977,5.697876024623585,-186.59709410912234,80.01475880090149,27.078454587315697,67.29610709595316
Random675
Raw:-142.96522465263425,51.5706621395053,54.12212278607812,61.49480614756147,38.22962922363979,5.697876024623601,-186.59709410912234,80.0147588009015,27.078454587315722,67.29610709595319
EFT:-142.96522465263425,51.57066213950527,54.1221227860781,61.49480614756144,38.22962922363977,5.697876024623585,-186.59709410912234,80.01475880090149,27.078454587315697,67.29610709595316
Random676
Raw:-142.96522465263422,51.57066213950528,54.122122786078116,61.49480614756146,38.22962922363978,5.697876024623597,-186.5970941091223,80.01475880090149,27.078454587315715,67.29610709595318
EFT:-142.96522465263425,51.57066213950527,54.1221227860781,61.49480614756144,38.22962922363977,5.697876024623585,-186.59709410912234,80.01475880090149,27.078454587315697,67.29610709595316
Random677
Raw:-142.9652246526342,51.57066213950527,54.1221227860781,61.49480614756144,38.22962922363977,5.697876024623594,-186.59709410912225,80.01475880090148,27.078454587315708,67.29610709595316
EFT:-142.96522465263425,51.57066213950527,54.1221227860781,61.49480614756144,38.22962922363977,5.697876024623585,-186.59709410912234,80.01475880090149,27.078454587315697,67.29610709595316
Random678
Raw:-142.96522465263425,51.57066213950528,54.1221227860781,61.49480614756144,38.22962922363977,5.6978760246235804,-186.59709410912234,80.01475880090149,27.0784545873157,67.29610709595318
EFT:-142.96522465263425,51.57066213950527,54.1221227860781,61.49480614756144,38.22962922363977,5.697876024623585,-186.59709410912234,80.01475880090149,27.078454587315697,67.29610709595316
Random679
Raw:-142.9652246526342,51.57066213950527,54.1221227860781,61.494806147561434,38.229629223639755,5.697876024623584,-186.59709410912225,80.01475880090148,27.078454587315697,67.29610709595315
EFT:-142.96522465263425,51.57066213950527,54.1221227860781,61.49480614756144,38.22962922363977,5.697876024623585,-186.59709410912234,80.01475880090149,27.078454587315697,67.29610709595316
Random680
Raw:-142.96522465263428,51.57066213950529,54.122122786078116,61.49480614756146,38.229629223639776,5.697876024623584,-186.5970941091224,80.0147588009015,27.078454587315708,67.29610709595318
EFT:-142.96522465263425,51.57066213950527,54.1221227860781,61.49480614756144,38.22962922363977,5.697876024623585,-186.59709410912234,80.01475880090149,27.078454587315697,67.29610709595316
Random681
Raw:-142.96522465263422,51.57066213950527,54.1221227860781,61.49480614756144,38.22962922363977,5.697876024623582,-186.59709410912234,80.01475880090148,27.078454587315694,67.29610709595316
EFT:-142.96522465263425,51.57066213950527,54.1221227860781,61.49480614756144,38.22962922363977,5.697876024623585,-186.59709410912234,80.01475880090149,27.078454587315697,67.29610709595316
Random682
Raw:-142.96522465263428,51.57066213950528,54.1221227860781,61.49480614756144,38.229629223639776,5.697876024623582,-186.59709410912237,80.01475880090149,27.0784545873157,67.29610709595318
EFT:-142.96522465263425,51.57066213950527,54.1221227860781,61.49480614756144,38.22962922363977,5.697876024623585,-186.59709410912234,80.01475880090149,27.078454587315697,67.29610709595316
Random683
Raw:-142.96522465263425,51.5706621395053,54.12212278607812,61.49480614756148,38.2296292236398,5.697876024623607,-186.59709410912234,80.01475880090152,27.07845458731573,67.2961070959532
EFT:-142.96522465263425,51.57066213950527,54.1221227860781,61.49480614756144,38.22962922363977,5.697876024623585,-186.59709410912234,80.01475880090149,27.078454587315697,67.29610709595316
Random684
Raw:-142.96522465263422,51.57066213950528,54.12212278607811,61.49480614756145,38.22962922363978,5.697876024623594,-186.5970941091223,80.01475880090149,27.078454587315708,67.29610709595318
EFT:-142.96522465263425,51.57066213950527,54.1221227860781,61.49480614756144,38.22962922363977,5.697876024623585,-186.59709410912234,80.01475880090149,27.078454587315697,67.29610709595316
Random685
Raw:-142.96522465263422,51.57066213950528,54.122122786078116,61.49480614756146,38.22962922363979,5.697876024623602,-186.5970941091223,80.01475880090149,27.078454587315715,67.29610709595319
EFT:-142.96522465263425,51.57066213950527,54.1221227860781,61.49480614756144,38.22962922363977,5.697876024623585,-186.59709410912234,80.01475880090149,27.078454587315697,67.29610709595316
Random686
Raw:-142.96522465263425,51.570662139505295,54.12212278607812,61.49480614756147,38.22962922363979,5.697876024623602,-186.59709410912234,80.0147588009015,27.07845458731573,67.29610709595319
EFT:-142.96522465263425,51.57066213950527,54.1221227860781,61.49480614756144,38.22962922363977,5.697876024623585,-186.59709410912234,80.01475880090149,27.078454587315697,67.29610709595316
Random687
Raw:-142.96522465263422,51.57066213950527,54.122122786078094,61.49480614756144,38.22962922363977,5.697876024623583,-186.59709410912234,80.01475880090148,27.078454587315694,67.29610709595316
EFT:-142.96522465263425,51.57066213950527,54.1221227860781,61.49480614756144,38.22962922363977,5.697876024623585,-186.59709410912234,80.01475880090149,27.078454587315697,67.29610709595316
Random688
Raw:-142.96522465263425,51.57066213950529,54.122122786078116,61.494806147561455,38.22962922363978,5.697876024623591,-186.59709410912234,80.0147588009015,27.078454587315715,67.29610709595318
EFT:-142.96522465263425,51.57066213950527,54.1221227860781,61.49480614756144,38.22962922363977,5.697876024623585,-186.59709410912234,80.01475880090149,27.078454587315697,67.29610709595316
Random689
Raw:-142.96522465263416,51.57066213950528,54.12212278607811,61.49480614756146,38.229629223639776,5.697876024623611,-186.59709410912222,80.01475880090148,27.078454587315726,67.29610709595316
EFT:-142.96522465263425,51.57066213950527,54.1221227860781,61.49480614756144,38.22962922363977,5.697876024623585,-186.59709410912234,80.01475880090149,27.078454587315697,67.29610709595316
Random690
Raw:-142.9652246526342,51.5706621395053,54.12212278607813,61.49480614756149,38.2296292236398,5.6978760246236195,-186.5970941091223,80.0147588009015,27.078454587315743,67.29610709595319
EFT:-142.96522465263425,51.57066213950527,54.1221227860781,61.49480614756144,38.22962922363977,5.697876024623585,-186.59709410912234,80.01475880090149,27.078454587315697,67.29610709595316
Random691
Raw:-142.96522465263425,51.5706621395053,54.12212278607813,61.49480614756148,38.2296292236398,5.697876024623605,-186.59709410912234,80.01475880090152,27.07845458731573,67.29610709595319
EFT:-142.96522465263425,51.57066213950527,54.1221227860781,61.49480614756144,38.22962922363977,5.697876024623585,-186.59709410912234,80.01475880090149,27.078454587315697,67.29610709595316
Random692
Raw:-142.9652246526343,51.57066213950528,54.12212278607811,61.49480614756145,38.22962922363977,5.697876024623573,-186.5970941091224,80.0147588009015,27.078454587315694,67.29610709595316
EFT:-142.96522465263425,51.57066213950527,54.1221227860781,61.49480614756144,38.22962922363977,5.697876024623585,-186.59709410912234,80.01475880090149,27.078454587315697,67.29610709595316
Random693
Raw:-142.96522465263428,51.570662139505295,54.122122786078116,61.49480614756147,38.22962922363978,5.6978760246235876,-186.59709410912237,80.01475880090152,27.078454587315708,67.29610709595318
EFT:-142.96522465263425,51.57066213950527,54.1221227860781,61.49480614756144,38.22962922363977,5.697876024623585,-186.59709410912234,80.01475880090149,27.078454587315697,67.29610709595316
Random694
Raw:-142.9652246526342,51.5706621395053,54.12212278607814,61.49480614756149,38.2296292236398,5.697876024623617,-186.5970941091223,80.0147588009015,27.078454587315743,67.2961070959532
EFT:-142.96522465263425,51.57066213950527,54.1221227860781,61.49480614756144,38.22962922363977,5.697876024623585,-186.59709410912234,80.01475880090149,27.078454587315697,67.29610709595316
Random695
Raw:-142.96522465263422,51.57066213950527,54.1221227860781,61.49480614756144,38.22962922363977,5.697876024623581,-186.5970941091223,80.01475880090148,27.078454587315697,67.29610709595316
EFT:-142.96522465263425,51.57066213950527,54.1221227860781,61.49480614756144,38.22962922363977,5.697876024623585,-186.59709410912234,80.01475880090149,27.078454587315697,67.29610709595316
Random696
Raw:-142.9652246526342,51.57066213950529,54.122122786078116,61.49480614756146,38.22962922363978,5.697876024623612,-186.59709410912225,80.01475880090149,27.07845458731573,67.29610709595318
EFT:-142.96522465263425,51.57066213950527,54.1221227860781,61.49480614756144,38.22962922363977,5.697876024623585,-186.59709410912234,80.01475880090149,27.078454587315697,67.29610709595316
Random697
Raw:-142.96522465263422,51.57066213950528,54.122122786078116,61.49480614756146,38.22962922363978,5.697876024623601,-186.5970941091223,80.01475880090149,27.078454587315722,67.29610709595318
EFT:-142.96522465263425,51.57066213950527,54.1221227860781,61.49480614756144,38.22962922363977,5.697876024623585,-186.59709410912234,80.01475880090149,27.078454587315697,67.29610709595316
Random698
Raw:-142.96522465263428,51.57066213950528,54.122122786078116,61.49480614756145,38.229629223639776,5.697876024623578,-186.5970941091224,80.0147588009015,27.0784545873157,67.29610709595316
EFT:-142.96522465263425,51.57066213950527,54.1221227860781,61.49480614756144,38.22962922363977,5.697876024623585,-186.59709410912234,80.01475880090149,27.078454587315697,67.29610709595316
Random699
Raw:-142.9652246526343,51.57066213950528,54.1221227860781,61.49480614756145,38.22962922363977,5.697876024623573,-186.5970941091224,80.0147588009015,27.078454587315694,67.29610709595316
EFT:-142.96522465263425,51.57066213950527,54.1221227860781,61.49480614756144,38.22962922363977,5.697876024623585,-186.59709410912234,80.01475880090149,27.078454587315697,67.29610709595316
Random700
Raw:-142.96522465263422,51.57066213950527,54.1221227860781,61.49480614756144,38.22962922363977,5.697876024623584,-186.59709410912234,80.01475880090148,27.078454587315694,67.29610709595316
EFT:-142.96522465263425,51.57066213950527,54.1221227860781,61.49480614756144,38.22962922363977,5.697876024623585,-186.59709410912234,80.01475880090149,27.078454587315697,67.29610709595316
Random701
Raw:-142.96522465263425,51.57066213950529,54.12212278607811,61.494806147561455,38.229629223639776,5.697876024623589,-186.59709410912234,80.0147588009015,27.078454587315708,67.29610709595318
EFT:-142.96522465263425,51.57066213950527,54.1221227860781,61.49480614756144,38.22962922363977,5.697876024623585,-186.59709410912234,80.01475880090149,27.078454587315697,67.29610709595316
Random702
Raw:-142.96522465263428,51.570662139505274,54.122122786078094,61.494806147561434,38.22962922363976,5.697876024623573,-186.59709410912237,80.01475880090149,27.078454587315687,67.29610709595316
EFT:-142.96522465263425,51.57066213950527,54.1221227860781,61.49480614756144,38.22962922363977,5.697876024623585,-186.59709410912234,80.01475880090149,27.078454587315697,67.29610709595316
Random703
Raw:-142.9652246526342,51.570662139505274,54.12212278607811,61.49480614756145,38.22962922363977,5.697876024623597,-186.59709410912225,80.01475880090148,27.078454587315715,67.29610709595316
EFT:-142.96522465263425,51.57066213950527,54.1221227860781,61.49480614756144,38.22962922363977,5.697876024623585,-186.59709410912234,80.01475880090149,27.078454587315697,67.29610709595316
Random704
Raw:-142.96522465263428,51.57066213950528,54.12212278607811,61.49480614756145,38.22962922363977,5.6978760246235804,-186.59709410912234,80.01475880090149,27.0784545873157,67.29610709595318
EFT:-142.96522465263425,51.57066213950527,54.1221227860781,61.49480614756144,38.22962922363977,5.697876024623585,-186.59709410912234,80.01475880090149,27.078454587315697,67.29610709595316
Random705
Raw:-142.96522465263425,51.57066213950529,54.12212278607811,61.49480614756146,38.22962922363978,5.697876024623592,-186.59709410912234,80.0147588009015,27.078454587315708,67.29610709595319
EFT:-142.96522465263425,51.57066213950527,54.1221227860781,61.49480614756144,38.22962922363977,5.697876024623585,-186.59709410912234,80.01475880090149,27.078454587315697,67.29610709595316
Random706
Raw:-142.96522465263422,51.570662139505274,54.12212278607811,61.49480614756144,38.22962922363977,5.697876024623583,-186.5970941091223,80.01475880090149,27.0784545873157,67.29610709595316
EFT:-142.96522465263425,51.57066213950527,54.1221227860781,61.49480614756144,38.22962922363977,5.697876024623585,-186.59709410912234,80.01475880090149,27.078454587315697,67.29610709595316
Random707
Raw:-142.96522465263422,51.57066213950528,54.12212278607811,61.494806147561455,38.22962922363978,5.697876024623593,-186.5970941091223,80.01475880090149,27.078454587315708,67.29610709595318
EFT:-142.96522465263425,51.57066213950527,54.1221227860781,61.49480614756144,38.22962922363977,5.697876024623585,-186.59709410912234,80.01475880090149,27.078454587315697,67.29610709595316
Random708
Raw:-142.96522465263428,51.570662139505274,54.122122786078094,61.494806147561434,38.22962922363977,5.697876024623578,-186.59709410912237,80.01475880090149,27.078454587315694,67.29610709595316
EFT:-142.96522465263425,51.57066213950527,54.1221227860781,61.49480614756144,38.22962922363977,5.697876024623585,-186.59709410912234,80.01475880090149,27.078454587315697,67.29610709595316
Random709
Raw:-142.96522465263422,51.57066213950529,54.122122786078116,61.49480614756147,38.22962922363979,5.697876024623604,-186.5970941091223,80.01475880090149,27.078454587315722,67.29610709595319
EFT:-142.96522465263425,51.57066213950527,54.1221227860781,61.49480614756144,38.22962922363977,5.697876024623585,-186.59709410912234,80.01475880090149,27.078454587315697,67.29610709595316
Random710
Raw:-142.9652246526343,51.57066213950529,54.122122786078116,61.49480614756146,38.229629223639776,5.697876024623573,-186.59709410912245,80.01475880090152,27.078454587315694,67.29610709595318
EFT:-142.96522465263425,51.57066213950527,54.1221227860781,61.49480614756144,38.22962922363977,5.697876024623585,-186.59709410912234,80.01475880090149,27.078454587315697,67.29610709595316
Random711
Raw:-142.96522465263422,51.57066213950528,54.12212278607811,61.49480614756146,38.22962922363978,5.697876024623597,-186.5970941091223,80.01475880090149,27.078454587315715,67.29610709595318
EFT:-142.96522465263425,51.57066213950527,54.1221227860781,61.49480614756144,38.22962922363977,5.697876024623585,-186.59709410912234,80.01475880090149,27.078454587315697,67.29610709595316
Random712
Raw:-142.96522465263422,51.57066213950528,54.12212278607811,61.494806147561455,38.229629223639776,5.697876024623595,-186.5970941091223,80.01475880090149,27.078454587315708,67.29610709595318
EFT:-142.96522465263425,51.57066213950527,54.1221227860781,61.49480614756144,38.22962922363977,5.697876024623585,-186.59709410912234,80.01475880090149,27.078454587315697,67.29610709595316
Random713
Raw:-142.96522465263425,51.5706621395053,54.12212278607812,61.49480614756147,38.22962922363978,5.6978760246236,-186.59709410912234,80.0147588009015,27.078454587315722,67.29610709595319
EFT:-142.96522465263425,51.57066213950527,54.1221227860781,61.49480614756144,38.22962922363977,5.697876024623585,-186.59709410912234,80.01475880090149,27.078454587315697,67.29610709595316
Random714
Raw:-142.9652246526343,51.570662139505295,54.12212278607813,61.49480614756148,38.22962922363979,5.697876024623591,-186.59709410912242,80.01475880090153,27.078454587315715,67.29610709595319
EFT:-142.96522465263425,51.57066213950527,54.1221227860781,61.49480614756144,38.22962922363977,5.697876024623585,-186.59709410912234,80.01475880090149,27.078454587315697,67.29610709595316
Random715
Raw:-142.96522465263425,51.570662139505295,54.12212278607812,61.49480614756147,38.22962922363979,5.697876024623601,-186.59709410912234,80.0147588009015,27.078454587315722,67.29610709595319
EFT:-142.96522465263425,51.57066213950527,54.1221227860781,61.49480614756144,38.22962922363977,5.697876024623585,-186.59709410912234,80.01475880090149,27.078454587315697,67.29610709595316
Random716
Raw:-142.96522465263422,51.570662139505274,54.1221227860781,61.49480614756145,38.229629223639776,5.697876024623592,-186.5970941091223,80.01475880090149,27.078454587315708,67.29610709595318
EFT:-142.96522465263425,51.57066213950527,54.1221227860781,61.49480614756144,38.22962922363977,5.697876024623585,-186.59709410912234,80.01475880090149,27.078454587315697,67.29610709595316
Random717
Raw:-142.96522465263422,51.57066213950527,54.1221227860781,61.49480614756144,38.22962922363977,5.697876024623582,-186.5970941091223,80.01475880090148,27.078454587315694,67.29610709595316
EFT:-142.96522465263425,51.57066213950527,54.1221227860781,61.49480614756144,38.22962922363977,5.697876024623585,-186.59709410912234,80.01475880090149,27.078454587315697,67.29610709595316
Random718
Raw:-142.96522465263425,51.570662139505295,54.122122786078116,61.49480614756146,38.22962922363978,5.697876024623593,-186.59709410912234,80.0147588009015,27.078454587315715,67.29610709595319
EFT:-142.96522465263425,51.57066213950527,54.1221227860781,61.49480614756144,38.22962922363977,5.697876024623585,-186.59709410912234,80.01475880090149,27.078454587315697,67.29610709595316
Random719
Raw:-142.96522465263422,51.570662139505274,54.1221227860781,61.49480614756145,38.229629223639776,5.697876024623591,-186.5970941091223,80.01475880090148,27.0784545873157,67.29610709595318
EFT:-142.96522465263425,51.57066213950527,54.1221227860781,61.49480614756144,38.22962922363977,5.697876024623585,-186.59709410912234,80.01475880090149,27.078454587315697,67.29610709595316
Random720
Raw:-142.96522465263428,51.57066213950527,54.12212278607809,61.49480614756143,38.22962922363976,5.697876024623567,-186.59709410912237,80.01475880090148,27.07845458731568,67.29610709595316
EFT:-142.96522465263425,51.57066213950527,54.1221227860781,61.49480614756144,38.22962922363977,5.697876024623585,-186.59709410912234,80.01475880090149,27.078454587315697,67.29610709595316
Random721
Raw:-142.96522465263422,51.570662139505274,54.1221227860781,61.494806147561455,38.229629223639776,5.697876024623593,-186.5970941091223,80.01475880090149,27.078454587315708,67.29610709595316
EFT:-142.96522465263425,51.57066213950527,54.1221227860781,61.49480614756144,38.22962922363977,5.697876024623585,-186.59709410912234,80.01475880090149,27.078454587315697,67.29610709595316
Random722
Raw:-142.96522465263428,51.570662139505295,54.12212278607812,61.49480614756147,38.22962922363979,5.697876024623594,-186.59709410912237,80.01475880090152,27.078454587315715,67.29610709595319
EFT:-142.96522465263425,51.57066213950527,54.1221227860781,61.49480614756144,38.22962922363977,5.697876024623585,-186.59709410912234,80.01475880090149,27.078454587315697,67.29610709595316
Random723
Raw:-142.96522465263422,51.57066213950529,54.12212278607812,61.49480614756148,38.2296292236398,5.697876024623612,-186.5970941091223,80.0147588009015,27.07845458731573,67.29610709595319
EFT:-142.96522465263425,51.57066213950527,54.1221227860781,61.49480614756144,38.22962922363977,5.697876024623585,-186.59709410912234,80.01475880090149,27.078454587315697,67.29610709595316
Random724
Raw:-142.96522465263425,51.5706621395053,54.12212278607813,61.49480614756147,38.22962922363979,5.697876024623604,-186.59709410912234,80.01475880090152,27.07845458731573,67.2961070959532
EFT:-142.96522465263425,51.57066213950527,54.1221227860781,61.49480614756144,38.22962922363977,5.697876024623585,-186.59709410912234,80.01475880090149,27.078454587315697,67.29610709595316
Random725
Raw:-142.96522465263428,51.57066213950528,54.1221227860781,61.49480614756144,38.229629223639776,5.697876024623579,-186.59709410912237,80.01475880090149,27.078454587315694,67.29610709595318
EFT:-142.96522465263425,51.57066213950527,54.1221227860781,61.49480614756144,38.22962922363977,5.697876024623585,-186.59709410912234,80.01475880090149,27.078454587315697,67.29610709595316
Random726
Raw:-142.9652246526342,51.570662139505295,54.12212278607812,61.49480614756148,38.2296292236398,5.697876024623614,-186.5970941091223,80.0147588009015,27.078454587315733,67.2961070959532
EFT:-142.96522465263425,51.57066213950527,54.1221227860781,61.49480614756144,38.22962922363977,5.697876024623585,-186.59709410912234,80.01475880090149,27.078454587315697,67.29610709595316
Random727
Raw:-142.96522465263428,51.57066213950528,54.1221227860781,61.49480614756144,38.22962922363977,5.69787602462358,-186.59709410912237,80.01475880090149,27.0784545873157,67.29610709595318
EFT:-142.96522465263425,51.57066213950527,54.1221227860781,61.49480614756144,38.22962922363977,5.697876024623585,-186.59709410912234,80.01475880090149,27.078454587315697,67.29610709595316
Random728
Raw:-142.96522465263422,51.570662139505274,54.12212278607811,61.49480614756145,38.229629223639776,5.69787602462359,-186.5970941091223,80.01475880090149,27.078454587315708,67.29610709595318
EFT:-142.96522465263425,51.57066213950527,54.1221227860781,61.49480614756144,38.22962922363977,5.697876024623585,-186.59709410912234,80.01475880090149,27.078454587315697,67.29610709595316
Random729
Raw:-142.96522465263425,51.570662139505295,54.12212278607812,61.49480614756147,38.22962922363979,5.6978760246236,-186.59709410912234,80.0147588009015,27.078454587315722,67.29610709595319
EFT:-142.96522465263425,51.57066213950527,54.1221227860781,61.49480614756144,38.22962922363977,5.697876024623585,-186.59709410912234,80.01475880090149,27.078454587315697,67.29610709595316
Random730
Raw:-142.96522465263428,51.57066213950528,54.12212278607811,61.49480614756145,38.22962922363977,5.697876024623582,-186.59709410912234,80.0147588009015,27.0784545873157,67.29610709595318
EFT:-142.96522465263425,51.57066213950527,54.1221227860781,61.49480614756144,38.22962922363977,5.697876024623585,-186.59709410912234,80.01475880090149,27.078454587315697,67.29610709595316
Random731
Raw:-142.9652246526343,51.570662139505295,54.122122786078116,61.49480614756147,38.22962922363979,5.69787602462359,-186.59709410912237,80.01475880090152,27.07845458731571,67.29610709595318
EFT:-142.96522465263425,51.57066213950527,54.1221227860781,61.49480614756144,38.22962922363977,5.697876024623585,-186.59709410912234,80.01475880090149,27.078454587315697,67.29610709595316
Random732
Raw:-142.96522465263416,51.5706621395053,54.12212278607814,61.49480614756149,38.2296292236398,5.697876024623626,-186.59709410912222,80.0147588009015,27.07845458731575,67.2961070959532
EFT:-142.96522465263425,51.57066213950527,54.1221227860781,61.49480614756144,38.22962922363977,5.697876024623585,-186.59709410912234,80.01475880090149,27.078454587315697,67.29610709595316
Random733
Raw:-142.96522465263428,51.5706621395053,54.12212278607812,61.49480614756147,38.22962922363978,5.6978760246235955,-186.59709410912237,80.01475880090152,27.078454587315715,67.29610709595319
EFT:-142.96522465263425,51.57066213950527,54.1221227860781,61.49480614756144,38.22962922363977,5.697876024623585,-186.59709410912234,80.01475880090149,27.078454587315697,67.29610709595316
Random734
Raw:-142.96522465263422,51.57066213950528,54.12212278607811,61.49480614756145,38.22962922363978,5.697876024623595,-186.5970941091223,80.01475880090149,27.07845458731571,67.29610709595318
EFT:-142.96522465263425,51.57066213950527,54.1221227860781,61.49480614756144,38.22962922363977,5.697876024623585,-186.59709410912234,80.01475880090149,27.078454587315697,67.29610709595316
Random735
Raw:-142.9652246526343,51.57066213950528,54.1221227860781,61.49480614756145,38.229629223639776,5.69787602462358,-186.5970941091224,80.0147588009015,27.078454587315694,67.29610709595318
EFT:-142.96522465263425,51.57066213950527,54.1221227860781,61.49480614756144,38.22962922363977,5.697876024623585,-186.59709410912234,80.01475880090149,27.078454587315697,67.29610709595316
Random736
Raw:-142.96522465263422,51.57066213950529,54.122122786078116,61.49480614756146,38.22962922363979,5.6978760246236035,-186.5970941091223,80.0147588009015,27.078454587315722,67.29610709595319
EFT:-142.96522465263425,51.57066213950527,54.1221227860781,61.49480614756144,38.22962922363977,5.697876024623585,-186.59709410912234,80.01475880090149,27.078454587315697,67.29610709595316
Random737
Raw:-142.9652246526343,51.57066213950531,54.12212278607813,61.49480614756148,38.2296292236398,5.697876024623595,-186.5970941091224,80.01475880090153,27.078454587315722,67.2961070959532
EFT:-142.96522465263425,51.57066213950527,54.1221227860781,61.49480614756144,38.22962922363977,5.697876024623585,-186.59709410912234,80.01475880090149,27.078454587315697,67.29610709595316
Random738
Raw:-142.96522465263422,51.57066213950529,54.122122786078116,61.49480614756147,38.2296292236398,5.697876024623607,-186.5970941091223,80.0147588009015,27.078454587315726,67.29610709595319
EFT:-142.96522465263425,51.57066213950527,54.1221227860781,61.49480614756144,38.22962922363977,5.697876024623585,-186.59709410912234,80.01475880090149,27.078454587315697,67.29610709595316
Random739
Raw:-142.96522465263433,51.57066213950528,54.12212278607811,61.49480614756145,38.22962922363977,5.697876024623568,-186.59709410912242,80.0147588009015,27.07845458731569,67.29610709595318
EFT:-142.96522465263425,51.57066213950527,54.1221227860781,61.49480614756144,38.22962922363977,5.697876024623585,-186.59709410912234,80.01475880090149,27.078454587315697,67.29610709595316
Random740
Raw:-142.96522465263428,51.57066213950528,54.1221227860781,61.49480614756144,38.22962922363977,5.697876024623575,-186.59709410912237,80.01475880090149,27.07845458731569,67.29610709595318
EFT:-142.96522465263425,51.57066213950527,54.1221227860781,61.49480614756144,38.22962922363977,5.697876024623585,-186.59709410912234,80.01475880090149,27.078454587315697,67.29610709595316
Random741
Raw:-142.96522465263422,51.57066213950528,54.12212278607811,61.494806147561455,38.22962922363978,5.697876024623595,-186.5970941091223,80.01475880090149,27.07845458731571,67.29610709595318
EFT:-142.96522465263425,51.57066213950527,54.1221227860781,61.49480614756144,38.22962922363977,5.697876024623585,-186.59709410912234,80.01475880090149,27.078454587315697,67.29610709595316
Random742
Raw:-142.96522465263422,51.570662139505274,54.1221227860781,61.49480614756144,38.229629223639776,5.697876024623587,-186.5970941091223,80.01475880090149,27.0784545873157,67.29610709595316
EFT:-142.96522465263425,51.57066213950527,54.1221227860781,61.49480614756144,38.22962922363977,5.697876024623585,-186.59709410912234,80.01475880090149,27.078454587315697,67.29610709595316
Random743
Raw:-142.96522465263422,51.57066213950528,54.12212278607811,61.494806147561455,38.22962922363977,5.69787602462359,-186.5970941091223,80.01475880090149,27.078454587315708,67.29610709595318
EFT:-142.96522465263425,51.57066213950527,54.1221227860781,61.49480614756144,38.22962922363977,5.697876024623585,-186.59709410912234,80.01475880090149,27.078454587315697,67.29610709595316
Random744
Raw:-142.96522465263422,51.57066213950529,54.12212278607812,61.49480614756147,38.22962922363979,5.697876024623605,-186.5970941091223,80.0147588009015,27.078454587315726,67.29610709595319
EFT:-142.96522465263425,51.57066213950527,54.1221227860781,61.49480614756144,38.22962922363977,5.697876024623585,-186.59709410912234,80.01475880090149,27.078454587315697,67.29610709595316
Random745
Raw:-142.96522465263425,51.570662139505295,54.12212278607812,61.49480614756146,38.22962922363978,5.697876024623593,-186.59709410912234,80.0147588009015,27.07845458731572,67.29610709595319
EFT:-142.96522465263425,51.57066213950527,54.1221227860781,61.49480614756144,38.22962922363977,5.697876024623585,-186.59709410912234,80.01475880090149,27.078454587315697,67.29610709595316
Random746
Raw:-142.96522465263422,51.57066213950528,54.12212278607811,61.494806147561455,38.229629223639776,5.697876024623595,-186.5970941091223,80.01475880090149,27.078454587315708,67.29610709595318
EFT:-142.96522465263425,51.57066213950527,54.1221227860781,61.49480614756144,38.22962922363977,5.697876024623585,-186.59709410912234,80.01475880090149,27.078454587315697,67.29610709595316
Random747
Raw:-142.96522465263422,51.57066213950528,54.122122786078116,61.49480614756146,38.22962922363979,5.697876024623605,-186.5970941091223,80.01475880090149,27.07845458731572,67.29610709595319
EFT:-142.96522465263425,51.57066213950527,54.1221227860781,61.49480614756144,38.22962922363977,5.697876024623585,-186.59709410912234,80.01475880090149,27.078454587315697,67.29610709595316
Random748
Raw:-142.96522465263422,51.57066213950527,54.1221227860781,61.49480614756144,38.22962922363977,5.697876024623584,-186.5970941091223,80.01475880090148,27.0784545873157,67.29610709595316
EFT:-142.96522465263425,51.57066213950527,54.1221227860781,61.49480614756144,38.22962922363977,5.697876024623585,-186.59709410912234,80.01475880090149,27.078454587315697,67.29610709595316
Random749
Raw:-142.96522465263422,51.57066213950528,54.122122786078116,61.49480614756146,38.22962922363979,5.697876024623602,-186.5970941091223,80.0147588009015,27.078454587315722,67.29610709595319
EFT:-142.96522465263425,51.57066213950527,54.1221227860781,61.49480614756144,38.22962922363977,5.697876024623585,-186.59709410912234,80.01475880090149,27.078454587315697,67.29610709595316
Random750
Raw:-142.96522465263422,51.570662139505274,54.1221227860781,61.49480614756145,38.229629223639776,5.697876024623589,-186.5970941091223,80.01475880090149,27.078454587315708,67.29610709595318
EFT:-142.96522465263425,51.57066213950527,54.1221227860781,61.49480614756144,38.22962922363977,5.697876024623585,-186.59709410912234,80.01475880090149,27.078454587315697,67.29610709595316
Random751
Raw:-142.96522465263422,51.57066213950528,54.12212278607811,61.49480614756146,38.22962922363979,5.697876024623605,-186.5970941091223,80.01475880090149,27.078454587315722,67.29610709595319
EFT:-142.96522465263425,51.57066213950527,54.1221227860781,61.49480614756144,38.22962922363977,5.697876024623585,-186.59709410912234,80.01475880090149,27.078454587315697,67.29610709595316
Random752
Raw:-142.96522465263425,51.57066213950528,54.122122786078116,61.49480614756145,38.22962922363977,5.697876024623582,-186.59709410912237,80.0147588009015,27.078454587315708,67.29610709595318
EFT:-142.96522465263425,51.57066213950527,54.1221227860781,61.49480614756144,38.22962922363977,5.697876024623585,-186.59709410912234,80.01475880090149,27.078454587315697,67.29610709595316
Random753
Raw:-142.9652246526343,51.57066213950528,54.12212278607811,61.494806147561455,38.229629223639776,5.6978760246235804,-186.5970941091224,80.0147588009015,27.078454587315697,67.29610709595318
EFT:-142.96522465263425,51.57066213950527,54.1221227860781,61.49480614756144,38.22962922363977,5.697876024623585,-186.59709410912234,80.01475880090149,27.078454587315697,67.29610709595316
Random754
Raw:-142.96522465263422,51.57066213950527,54.1221227860781,61.49480614756144,38.22962922363977,5.697876024623582,-186.5970941091223,80.01475880090148,27.0784545873157,67.29610709595316
EFT:-142.96522465263425,51.57066213950527,54.1221227860781,61.49480614756144,38.22962922363977,5.697876024623585,-186.59709410912234,80.01475880090149,27.078454587315697,67.29610709595316
Random755
Raw:-142.96522465263425,51.57066213950529,54.122122786078116,61.494806147561455,38.22962922363978,5.697876024623591,-186.59709410912234,80.0147588009015,27.078454587315708,67.29610709595319
EFT:-142.96522465263425,51.57066213950527,54.1221227860781,61.49480614756144,38.22962922363977,5.697876024623585,-186.59709410912234,80.01475880090149,27.078454587315697,67.29610709595316
Random756
Raw:-142.96522465263428,51.57066213950529,54.12212278607812,61.49480614756146,38.229629223639776,5.697876024623581,-186.5970941091224,80.01475880090152,27.078454587315704,67.29610709595318
EFT:-142.96522465263425,51.57066213950527,54.1221227860781,61.49480614756144,38.22962922363977,5.697876024623585,-186.59709410912234,80.01475880090149,27.078454587315697,67.29610709595316
Random757
Raw:-142.96522465263422,51.570662139505274,54.12212278607811,61.49480614756145,38.22962922363977,5.697876024623591,-186.5970941091223,80.01475880090149,27.078454587315708,67.29610709595318
EFT:-142.96522465263425,51.57066213950527,54.1221227860781,61.49480614756144,38.22962922363977,5.697876024623585,-186.59709410912234,80.01475880090149,27.078454587315697,67.29610709595316
Random758
Raw:-142.96522465263422,51.57066213950528,54.122122786078116,61.49480614756146,38.22962922363978,5.697876024623599,-186.5970941091223,80.01475880090149,27.078454587315715,67.29610709595318
EFT:-142.96522465263425,51.57066213950527,54.1221227860781,61.49480614756144,38.22962922363977,5.697876024623585,-186.59709410912234,80.01475880090149,27.078454587315697,67.29610709595316
Random759
Raw:-142.96522465263422,51.57066213950528,54.12212278607811,61.494806147561455,38.22962922363977,5.697876024623588,-186.5970941091223,80.01475880090149,27.078454587315704,67.29610709595318
EFT:-142.96522465263425,51.57066213950527,54.1221227860781,61.49480614756144,38.22962922363977,5.697876024623585,-186.59709410912234,80.01475880090149,27.078454587315697,67.29610709595316
Random760
Raw:-142.96522465263425,51.57066213950529,54.122122786078116,61.49480614756146,38.22962922363979,5.697876024623596,-186.59709410912234,80.0147588009015,27.078454587315715,67.29610709595319
EFT:-142.96522465263425,51.57066213950527,54.1221227860781,61.49480614756144,38.22962922363977,5.697876024623585,-186.59709410912234,80.01475880090149,27.078454587315697,67.29610709595316
Random761
Raw:-142.9652246526342,51.570662139505295,54.12212278607813,61.49480614756149,38.2296292236398,5.697876024623618,-186.5970941091223,80.01475880090152,27.07845458731574,67.2961070959532
EFT:-142.96522465263425,51.57066213950527,54.1221227860781,61.49480614756144,38.22962922363977,5.697876024623585,-186.59709410912234,80.01475880090149,27.078454587315697,67.29610709595316
Random762
Raw:-142.96522465263422,51.57066213950528,54.1221227860781,61.49480614756145,38.22962922363978,5.697876024623596,-186.5970941091223,80.01475880090149,27.078454587315708,67.29610709595318
EFT:-142.96522465263425,51.57066213950527,54.1221227860781,61.49480614756144,38.22962922363977,5.697876024623585,-186.59709410912234,80.01475880090149,27.078454587315697,67.29610709595316
Random763
Raw:-142.96522465263425,51.570662139505295,54.122122786078116,61.49480614756147,38.22962922363978,5.697876024623595,-186.59709410912234,80.0147588009015,27.078454587315715,67.29610709595319
EFT:-142.96522465263425,51.57066213950527,54.1221227860781,61.49480614756144,38.22962922363977,5.697876024623585,-186.59709410912234,80.01475880090149,27.078454587315697,67.29610709595316
Random764
Raw:-142.96522465263422,51.570662139505316,54.122122786078144,61.49480614756149,38.229629223639805,5.697876024623616,-186.59709410912234,80.01475880090153,27.078454587315743,67.29610709595322
EFT:-142.96522465263425,51.57066213950527,54.1221227860781,61.49480614756144,38.22962922363977,5.697876024623585,-186.59709410912234,80.01475880090149,27.078454587315697,67.29610709595316
Random765
Raw:-142.96522465263425,51.570662139505295,54.12212278607813,61.49480614756146,38.22962922363978,5.697876024623598,-186.59709410912234,80.01475880090152,27.078454587315722,67.29610709595319
EFT:-142.96522465263425,51.57066213950527,54.1221227860781,61.49480614756144,38.22962922363977,5.697876024623585,-186.59709410912234,80.01475880090149,27.078454587315697,67.29610709595316
Random766
Raw:-142.9652246526342,51.57066213950528,54.12212278607811,61.49480614756145,38.229629223639776,5.697876024623604,-186.59709410912225,80.01475880090148,27.07845458731572,67.29610709595318
EFT:-142.96522465263425,51.57066213950527,54.1221227860781,61.49480614756144,38.22962922363977,5.697876024623585,-186.59709410912234,80.01475880090149,27.078454587315697,67.29610709595316
Random767
Raw:-142.9652246526342,51.570662139505274,54.1221227860781,61.49480614756145,38.229629223639776,5.697876024623599,-186.59709410912225,80.01475880090148,27.07845458731571,67.29610709595318
EFT:-142.96522465263425,51.57066213950527,54.1221227860781,61.49480614756144,38.22962922363977,5.697876024623585,-186.59709410912234,80.01475880090149,27.078454587315697,67.29610709595316
Random768
Raw:-142.96522465263422,51.570662139505274,54.1221227860781,61.49480614756145,38.229629223639776,5.6978760246235876,-186.5970941091223,80.01475880090149,27.0784545873157,67.29610709595316
EFT:-142.96522465263425,51.57066213950527,54.1221227860781,61.49480614756144,38.22962922363977,5.697876024623585,-186.59709410912234,80.01475880090149,27.078454587315697,67.29610709595316
Random769
Raw:-142.96522465263422,51.57066213950528,54.122122786078116,61.49480614756146,38.22962922363979,5.697876024623606,-186.5970941091223,80.0147588009015,27.078454587315722,67.29610709595319
EFT:-142.96522465263425,51.57066213950527,54.1221227860781,61.49480614756144,38.22962922363977,5.697876024623585,-186.59709410912234,80.01475880090149,27.078454587315697,67.29610709595316
Random770
Raw:-142.96522465263416,51.57066213950525,54.12212278607808,61.49480614756142,38.229629223639755,5.697876024623584,-186.59709410912222,80.01475880090145,27.078454587315694,67.29610709595313
EFT:-142.96522465263425,51.57066213950527,54.1221227860781,61.49480614756144,38.22962922363977,5.697876024623585,-186.59709410912234,80.01475880090149,27.078454587315697,67.29610709595316
Random771
Raw:-142.9652246526343,51.5706621395053,54.12212278607813,61.49480614756148,38.22962922363979,5.697876024623589,-186.5970941091224,80.01475880090153,27.078454587315715,67.29610709595319
EFT:-142.96522465263425,51.57066213950527,54.1221227860781,61.49480614756144,38.22962922363977,5.697876024623585,-186.59709410912234,80.01475880090149,27.078454587315697,67.29610709595316
Random772
Raw:-142.9652246526343,51.57066213950531,54.12212278607814,61.494806147561484,38.2296292236398,5.697876024623598,-186.5970941091224,80.01475880090153,27.078454587315722,67.2961070959532
EFT:-142.96522465263425,51.57066213950527,54.1221227860781,61.49480614756144,38.22962922363977,5.697876024623585,-186.59709410912234,80.01475880090149,27.078454587315697,67.29610709595316
Random773
Raw:-142.9652246526342,51.570662139505274,54.1221227860781,61.49480614756145,38.229629223639776,5.6978760246236,-186.59709410912225,80.01475880090148,27.078454587315715,67.29610709595318
EFT:-142.96522465263425,51.57066213950527,54.1221227860781,61.49480614756144,38.22962922363977,5.697876024623585,-186.59709410912234,80.01475880090149,27.078454587315697,67.29610709595316
Random774
Raw:-142.96522465263425,51.570662139505295,54.12212278607812,61.49480614756147,38.22962922363979,5.697876024623605,-186.59709410912234,80.0147588009015,27.07845458731573,67.2961070959532
EFT:-142.96522465263425,51.57066213950527,54.1221227860781,61.49480614756144,38.22962922363977,5.697876024623585,-186.59709410912234,80.01475880090149,27.078454587315697,67.29610709595316
Random775
Raw:-142.96522465263425,51.57066213950529,54.122122786078116,61.49480614756146,38.22962922363979,5.697876024623597,-186.59709410912234,80.0147588009015,27.078454587315715,67.29610709595319
EFT:-142.96522465263425,51.57066213950527,54.1221227860781,61.49480614756144,38.22962922363977,5.697876024623585,-186.59709410912234,80.01475880090149,27.078454587315697,67.29610709595316
Random776
Raw:-142.96522465263422,51.57066213950528,54.122122786078116,61.49480614756146,38.22962922363978,5.697876024623596,-186.5970941091223,80.01475880090149,27.078454587315715,67.29610709595318
EFT:-142.96522465263425,51.57066213950527,54.1221227860781,61.49480614756144,38.22962922363977,5.697876024623585,-186.59709410912234,80.01475880090149,27.078454587315697,67.29610709595316
Random777
Raw:-142.96522465263425,51.57066213950529,54.122122786078116,61.494806147561455,38.22962922363978,5.697876024623592,-186.59709410912234,80.0147588009015,27.078454587315708,67.29610709595319
EFT:-142.96522465263425,51.57066213950527,54.1221227860781,61.49480614756144,38.22962922363977,5.697876024623585,-186.59709410912234,80.01475880090149,27.078454587315697,67.29610709595316
Random778
Raw:-142.96522465263422,51.57066213950527,54.1221227860781,61.49480614756144,38.22962922363977,5.697876024623586,-186.5970941091223,80.01475880090148,27.0784545873157,67.29610709595316
EFT:-142.96522465263425,51.57066213950527,54.1221227860781,61.49480614756144,38.22962922363977,5.697876024623585,-186.59709410912234,80.01475880090149,27.078454587315697,67.29610709595316
Random779
Raw:-142.96522465263425,51.57066213950528,54.1221227860781,61.49480614756144,38.22962922363977,5.697876024623579,-186.59709410912237,80.01475880090149,27.078454587315697,67.29610709595318
EFT:-142.96522465263425,51.57066213950527,54.1221227860781,61.49480614756144,38.22962922363977,5.697876024623585,-186.59709410912234,80.01475880090149,27.078454587315697,67.29610709595316
Random780
Raw:-142.96522465263422,51.570662139505295,54.12212278607812,61.49480614756148,38.2296292236398,5.697876024623615,-186.5970941091223,80.0147588009015,27.078454587315736,67.29610709595319
EFT:-142.96522465263425,51.57066213950527,54.1221227860781,61.49480614756144,38.22962922363977,5.697876024623585,-186.59709410912234,80.01475880090149,27.078454587315697,67.29610709595316
Random781
Raw:-142.96522465263425,51.570662139505295,54.122122786078116,61.49480614756146,38.22962922363978,5.697876024623594,-186.59709410912234,80.0147588009015,27.07845458731572,67.29610709595319
EFT:-142.96522465263425,51.57066213950527,54.1221227860781,61.49480614756144,38.22962922363977,5.697876024623585,-186.59709410912234,80.01475880090149,27.078454587315697,67.29610709595316
Random782
Raw:-142.9652246526342,51.57066213950527,54.122122786078094,61.494806147561434,38.22962922363977,5.697876024623595,-186.59709410912225,80.01475880090148,27.078454587315708,67.29610709595316
EFT:-142.96522465263425,51.57066213950527,54.1221227860781,61.49480614756144,38.22962922363977,5.697876024623585,-186.59709410912234,80.01475880090149,27.078454587315697,67.29610709595316
Random783
Raw:-142.96522465263422,51.570662139505274,54.12212278607811,61.49480614756144,38.229629223639776,5.697876024623589,-186.5970941091223,80.01475880090149,27.078454587315708,67.29610709595316
EFT:-142.96522465263425,51.57066213950527,54.1221227860781,61.49480614756144,38.22962922363977,5.697876024623585,-186.59709410912234,80.01475880090149,27.078454587315697,67.29610709595316
Random784
Raw:-142.96522465263425,51.5706621395053,54.12212278607812,61.49480614756147,38.22962922363978,5.6978760246236,-186.59709410912234,80.0147588009015,27.078454587315722,67.29610709595319
EFT:-142.96522465263425,51.57066213950527,54.1221227860781,61.49480614756144,38.22962922363977,5.697876024623585,-186.59709410912234,80.01475880090149,27.078454587315697,67.29610709595316
Random785
Raw:-142.9652246526343,51.57066213950529,54.12212278607811,61.494806147561455,38.22962922363978,5.697876024623582,-186.5970941091224,80.0147588009015,27.0784545873157,67.29610709595318
EFT:-142.96522465263425,51.57066213950527,54.1221227860781,61.49480614756144,38.22962922363977,5.697876024623585,-186.59709410912234,80.01475880090149,27.078454587315697,67.29610709595316
Random786
Raw:-142.96522465263425,51.570662139505295,54.12212278607812,61.49480614756146,38.22962922363978,5.697876024623595,-186.59709410912234,80.0147588009015,27.07845458731572,67.29610709595319
EFT:-142.96522465263425,51.57066213950527,54.1221227860781,61.49480614756144,38.22962922363977,5.697876024623585,-186.59709410912234,80.01475880090149,27.078454587315697,67.29610709595316
Random787
Raw:-142.9652246526342,51.570662139505274,54.1221227860781,61.49480614756145,38.22962922363977,5.697876024623595,-186.59709410912225,80.01475880090148,27.078454587315708,67.29610709595316
EFT:-142.96522465263425,51.57066213950527,54.1221227860781,61.49480614756144,38.22962922363977,5.697876024623585,-186.59709410912234,80.01475880090149,27.078454587315697,67.29610709595316
Random788
Raw:-142.96522465263425,51.57066213950529,54.12212278607812,61.49480614756146,38.22962922363978,5.697876024623591,-186.59709410912234,80.0147588009015,27.078454587315715,67.29610709595319
EFT:-142.96522465263425,51.57066213950527,54.1221227860781,61.49480614756144,38.22962922363977,5.697876024623585,-186.59709410912234,80.01475880090149,27.078454587315697,67.29610709595316
Random789
Raw:-142.96522465263422,51.57066213950527,54.12212278607811,61.49480614756145,38.22962922363977,5.697876024623585,-186.5970941091223,80.01475880090149,27.078454587315697,67.29610709595316
EFT:-142.96522465263425,51.57066213950527,54.1221227860781,61.49480614756144,38.22962922363977,5.697876024623585,-186.59709410912234,80.01475880090149,27.078454587315697,67.29610709595316
Random790
Raw:-142.96522465263425,51.570662139505295,54.12212278607812,61.49480614756146,38.22962922363978,5.697876024623594,-186.59709410912234,80.0147588009015,27.078454587315715,67.29610709595319
EFT:-142.96522465263425,51.57066213950527,54.1221227860781,61.49480614756144,38.22962922363977,5.697876024623585,-186.59709410912234,80.01475880090149,27.078454587315697,67.29610709595316
Random791
Raw:-142.96522465263422,51.57066213950528,54.122122786078116,61.49480614756146,38.229629223639776,5.697876024623593,-186.5970941091223,80.01475880090149,27.078454587315708,67.29610709595318
EFT:-142.96522465263425,51.57066213950527,54.1221227860781,61.49480614756144,38.22962922363977,5.697876024623585,-186.59709410912234,80.01475880090149,27.078454587315697,67.29610709595316
Random792
Raw:-142.9652246526342,51.57066213950528,54.122122786078116,61.494806147561455,38.22962922363978,5.697876024623609,-186.59709410912225,80.01475880090149,27.078454587315726,67.29610709595318
EFT:-142.96522465263425,51.57066213950527,54.1221227860781,61.49480614756144,38.22962922363977,5.697876024623585,-186.59709410912234,80.01475880090149,27.078454587315697,67.29610709595316
Random793
Raw:-142.96522465263428,51.570662139505295,54.122122786078116,61.49480614756147,38.22962922363978,5.697876024623592,-186.59709410912237,80.01475880090152,27.078454587315715,67.29610709595318
EFT:-142.96522465263425,51.57066213950527,54.1221227860781,61.49480614756144,38.22962922363977,5.697876024623585,-186.59709410912234,80.01475880090149,27.078454587315697,67.29610709595316
Random794
Raw:-142.96522465263422,51.57066213950528,54.122122786078116,61.49480614756146,38.22962922363979,5.697876024623602,-186.5970941091223,80.01475880090149,27.07845458731572,67.29610709595319
EFT:-142.96522465263425,51.57066213950527,54.1221227860781,61.49480614756144,38.22962922363977,5.697876024623585,-186.59709410912234,80.01475880090149,27.078454587315697,67.29610709595316
Random795
Raw:-142.96522465263422,51.57066213950527,54.1221227860781,61.49480614756144,38.22962922363976,5.69787602462358,-186.5970941091223,80.01475880090148,27.078454587315694,67.29610709595316
EFT:-142.96522465263425,51.57066213950527,54.1221227860781,61.49480614756144,38.22962922363977,5.697876024623585,-186.59709410912234,80.01475880090149,27.078454587315697,67.29610709595316
Random796
Raw:-142.96522465263425,51.5706621395053,54.12212278607813,61.494806147561484,38.2296292236398,5.697876024623609,-186.59709410912234,80.01475880090152,27.07845458731573,67.2961070959532
EFT:-142.96522465263425,51.57066213950527,54.1221227860781,61.49480614756144,38.22962922363977,5.697876024623585,-186.59709410912234,80.01475880090149,27.078454587315697,67.29610709595316
Random797
Raw:-142.9652246526343,51.5706621395053,54.12212278607813,61.49480614756148,38.22962922363978,5.697876024623587,-186.59709410912242,80.01475880090153,27.078454587315715,67.29610709595319
EFT:-142.96522465263425,51.57066213950527,54.1221227860781,61.49480614756144,38.22962922363977,5.697876024623585,-186.59709410912234,80.01475880090149,27.078454587315697,67.29610709595316
Random798
Raw:-142.9652246526343,51.57066213950529,54.122122786078116,61.49480614756146,38.22962922363978,5.697876024623584,-186.59709410912237,80.0147588009015,27.078454587315704,67.29610709595318
EFT:-142.96522465263425,51.57066213950527,54.1221227860781,61.49480614756144,38.22962922363977,5.697876024623585,-186.59709410912234,80.01475880090149,27.078454587315697,67.29610709595316
Random799
Raw:-142.9652246526343,51.57066213950528,54.1221227860781,61.49480614756144,38.22962922363977,5.697876024623575,-186.5970941091224,80.0147588009015,27.078454587315694,67.29610709595316
EFT:-142.96522465263425,51.57066213950527,54.1221227860781,61.49480614756144,38.22962922363977,5.697876024623585,-186.59709410912234,80.01475880090149,27.078454587315697,67.29610709595316
Random800
Raw:-142.96522465263422,51.57066213950527,54.122122786078094,61.49480614756144,38.22962922363977,5.697876024623584,-186.59709410912234,80.01475880090148,27.078454587315694,67.29610709595316
EFT:-142.96522465263425,51.57066213950527,54.1221227860781,61.49480614756144,38.22962922363977,5.697876024623585,-186.59709410912234,80.01475880090149,27.078454587315697,67.29610709595316
Random801
Raw:-142.96522465263422,51.57066213950528,54.122122786078116,61.49480614756146,38.22962922363978,5.697876024623601,-186.5970941091223,80.01475880090149,27.078454587315715,67.29610709595319
EFT:-142.96522465263425,51.57066213950527,54.1221227860781,61.49480614756144,38.22962922363977,5.697876024623585,-186.59709410912234,80.01475880090149,27.078454587315697,67.29610709595316
Random802
Raw:-142.96522465263422,51.57066213950528,54.122122786078116,61.494806147561455,38.22962922363978,5.697876024623595,-186.5970941091223,80.01475880090149,27.078454587315715,67.29610709595318
EFT:-142.96522465263425,51.57066213950527,54.1221227860781,61.49480614756144,38.22962922363977,5.697876024623585,-186.59709410912234,80.01475880090149,27.078454587315697,67.29610709595316
Random803
Raw:-142.9652246526343,51.570662139505295,54.122122786078116,61.49480614756147,38.22962922363978,5.697876024623587,-186.59709410912237,80.01475880090152,27.078454587315708,67.29610709595318
EFT:-142.96522465263425,51.57066213950527,54.1221227860781,61.49480614756144,38.22962922363977,5.697876024623585,-186.59709410912234,80.01475880090149,27.078454587315697,67.29610709595316
Random804
Raw:-142.96522465263428,51.5706621395053,54.12212278607813,61.494806147561484,38.22962922363979,5.697876024623601,-186.59709410912237,80.01475880090152,27.078454587315722,67.29610709595319
EFT:-142.96522465263425,51.57066213950527,54.1221227860781,61.49480614756144,38.22962922363977,5.697876024623585,-186.59709410912234,80.01475880090149,27.078454587315697,67.29610709595316
Random805
Raw:-142.96522465263416,51.570662139505274,54.12212278607811,61.494806147561455,38.22962922363977,5.697876024623607,-186.59709410912222,80.01475880090148,27.07845458731572,67.29610709595316
EFT:-142.96522465263425,51.57066213950527,54.1221227860781,61.49480614756144,38.22962922363977,5.697876024623585,-186.59709410912234,80.01475880090149,27.078454587315697,67.29610709595316
Random806
Raw:-142.9652246526343,51.570662139505274,54.1221227860781,61.49480614756144,38.22962922363976,5.697876024623566,-186.5970941091224,80.01475880090149,27.07845458731568,67.29610709595316
EFT:-142.96522465263425,51.57066213950527,54.1221227860781,61.49480614756144,38.22962922363977,5.697876024623585,-186.59709410912234,80.01475880090149,27.078454587315697,67.29610709595316
Random807
Raw:-142.9652246526342,51.57066213950527,54.12212278607811,61.49480614756144,38.22962922363976,5.697876024623589,-186.59709410912225,80.01475880090148,27.0784545873157,67.29610709595316
EFT:-142.96522465263425,51.57066213950527,54.1221227860781,61.49480614756144,38.22962922363977,5.697876024623585,-186.59709410912234,80.01475880090149,27.078454587315697,67.29610709595316
Random808
Raw:-142.96522465263422,51.57066213950528,54.1221227860781,61.49480614756145,38.22962922363978,5.6978760246236,-186.5970941091223,80.01475880090149,27.078454587315715,67.29610709595318
EFT:-142.96522465263425,51.57066213950527,54.1221227860781,61.49480614756144,38.22962922363977,5.697876024623585,-186.59709410912234,80.01475880090149,27.078454587315697,67.29610709595316
Random809
Raw:-142.9652246526343,51.57066213950531,54.12212278607814,61.49480614756149,38.2296292236398,5.697876024623601,-186.5970941091224,80.01475880090153,27.078454587315726,67.2961070959532
EFT:-142.96522465263425,51.57066213950527,54.1221227860781,61.49480614756144,38.22962922363977,5.697876024623585,-186.59709410912234,80.01475880090149,27.078454587315697,67.29610709595316
Random810
Raw:-142.96522465263422,51.57066213950528,54.122122786078116,61.49480614756146,38.22962922363978,5.697876024623596,-186.5970941091223,80.01475880090149,27.078454587315715,67.29610709595318
EFT:-142.96522465263425,51.57066213950527,54.1221227860781,61.49480614756144,38.22962922363977,5.697876024623585,-186.59709410912234,80.01475880090149,27.078454587315697,67.29610709595316
Random811
Raw:-142.96522465263425,51.57066213950528,54.12212278607811,61.49480614756145,38.229629223639776,5.697876024623584,-186.59709410912237,80.0147588009015,27.078454587315704,67.29610709595318
EFT:-142.96522465263425,51.57066213950527,54.1221227860781,61.49480614756144,38.22962922363977,5.697876024623585,-186.59709410912234,80.01475880090149,27.078454587315697,67.29610709595316
Random812
Raw:-142.96522465263425,51.570662139505295,54.12212278607812,61.49480614756146,38.22962922363979,5.697876024623598,-186.59709410912234,80.0147588009015,27.078454587315715,67.29610709595319
EFT:-142.96522465263425,51.57066213950527,54.1221227860781,61.49480614756144,38.22962922363977,5.697876024623585,-186.59709410912234,80.01475880090149,27.078454587315697,67.29610709595316
Random813
Raw:-142.96522465263422,51.570662139505295,54.122122786078116,61.49480614756147,38.2296292236398,5.697876024623612,-186.5970941091223,80.01475880090149,27.078454587315722,67.29610709595319
EFT:-142.96522465263425,51.57066213950527,54.1221227860781,61.49480614756144,38.22962922363977,5.697876024623585,-186.59709410912234,80.01475880090149,27.078454587315697,67.29610709595316
Random814
Raw:-142.96522465263425,51.57066213950529,54.12212278607811,61.494806147561455,38.229629223639776,5.697876024623588,-186.59709410912234,80.0147588009015,27.078454587315708,67.29610709595318
EFT:-142.96522465263425,51.57066213950527,54.1221227860781,61.49480614756144,38.22962922363977,5.697876024623585,-186.59709410912234,80.01475880090149,27.078454587315697,67.29610709595316
Random815
Raw:-142.96522465263422,51.57066213950528,54.12212278607811,61.49480614756146,38.22962922363978,5.697876024623597,-186.5970941091223,80.01475880090149,27.078454587315715,67.29610709595318
EFT:-142.96522465263425,51.57066213950527,54.1221227860781,61.49480614756144,38.22962922363977,5.697876024623585,-186.59709410912234,80.01475880090149,27.078454587315697,67.29610709595316
Random816
Raw:-142.9652246526342,51.57066213950528,54.122122786078116,61.494806147561455,38.229629223639776,5.697876024623605,-186.59709410912225,80.01475880090149,27.078454587315722,67.29610709595318
EFT:-142.96522465263425,51.57066213950527,54.1221227860781,61.49480614756144,38.22962922363977,5.697876024623585,-186.59709410912234,80.01475880090149,27.078454587315697,67.29610709595316
Random817
Raw:-142.9652246526343,51.57066213950528,54.122122786078094,61.49480614756144,38.22962922363977,5.697876024623573,-186.5970941091224,80.01475880090149,27.078454587315687,67.29610709595316
EFT:-142.96522465263425,51.57066213950527,54.1221227860781,61.49480614756144,38.22962922363977,5.697876024623585,-186.59709410912234,80.01475880090149,27.078454587315697,67.29610709595316
Random818
Raw:-142.96522465263422,51.57066213950529,54.122122786078116,61.494806147561455,38.229629223639776,5.697876024623597,-186.5970941091223,80.01475880090149,27.078454587315715,67.29610709595318
EFT:-142.96522465263425,51.57066213950527,54.1221227860781,61.49480614756144,38.22962922363977,5.697876024623585,-186.59709410912234,80.01475880090149,27.078454587315697,67.29610709595316
Random819
Raw:-142.96522465263422,51.570662139505274,54.12212278607811,61.494806147561455,38.229629223639776,5.697876024623592,-186.5970941091223,80.01475880090149,27.078454587315708,67.29610709595318
EFT:-142.96522465263425,51.57066213950527,54.1221227860781,61.49480614756144,38.22962922363977,5.697876024623585,-186.59709410912234,80.01475880090149,27.078454587315697,67.29610709595316
Random820
Raw:-142.96522465263425,51.570662139505295,54.12212278607812,61.49480614756147,38.22962922363979,5.6978760246236,-186.59709410912234,80.0147588009015,27.078454587315722,67.29610709595319
EFT:-142.96522465263425,51.57066213950527,54.1221227860781,61.49480614756144,38.22962922363977,5.697876024623585,-186.59709410912234,80.01475880090149,27.078454587315697,67.29610709595316
Random821
Raw:-142.96522465263428,51.57066213950528,54.12212278607811,61.494806147561455,38.229629223639776,5.6978760246235804,-186.5970941091224,80.0147588009015,27.078454587315697,67.29610709595318
EFT:-142.96522465263425,51.57066213950527,54.1221227860781,61.49480614756144,38.22962922363977,5.697876024623585,-186.59709410912234,80.01475880090149,27.078454587315697,67.29610709595316
Random822
Raw:-142.96522465263428,51.57066213950529,54.122122786078116,61.49480614756146,38.229629223639776,5.697876024623586,-186.59709410912237,80.0147588009015,27.078454587315704,67.29610709595318
EFT:-142.96522465263425,51.57066213950527,54.1221227860781,61.49480614756144,38.22962922363977,5.697876024623585,-186.59709410912234,80.01475880090149,27.078454587315697,67.29610709595316
Random823
Raw:-142.96522465263425,51.570662139505295,54.12212278607812,61.49480614756146,38.22962922363978,5.697876024623595,-186.59709410912234,80.0147588009015,27.078454587315715,67.29610709595319
EFT:-142.96522465263425,51.57066213950527,54.1221227860781,61.49480614756144,38.22962922363977,5.697876024623585,-186.59709410912234,80.01475880090149,27.078454587315697,67.29610709595316
Random824
Raw:-142.96522465263433,51.57066213950528,54.12212278607811,61.494806147561455,38.229629223639776,5.697876024623574,-186.59709410912242,80.01475880090152,27.078454587315694,67.29610709595318
EFT:-142.96522465263425,51.57066213950527,54.1221227860781,61.49480614756144,38.22962922363977,5.697876024623585,-186.59709410912234,80.01475880090149,27.078454587315697,67.29610709595316
Random825
Raw:-142.96522465263428,51.570662139505295,54.12212278607813,61.49480614756148,38.22962922363979,5.697876024623591,-186.59709410912237,80.01475880090152,27.078454587315715,67.29610709595319
EFT:-142.96522465263425,51.57066213950527,54.1221227860781,61.49480614756144,38.22962922363977,5.697876024623585,-186.59709410912234,80.01475880090149,27.078454587315697,67.29610709595316
Random826
Raw:-142.96522465263428,51.570662139505295,54.12212278607813,61.494806147561484,38.22962922363979,5.697876024623597,-186.59709410912237,80.01475880090152,27.078454587315722,67.29610709595319
EFT:-142.96522465263425,51.57066213950527,54.1221227860781,61.49480614756144,38.22962922363977,5.697876024623585,-186.59709410912234,80.01475880090149,27.078454587315697,67.29610709595316
Random827
Raw:-142.96522465263425,51.570662139505295,54.122122786078116,61.49480614756147,38.22962922363979,5.697876024623598,-186.59709410912234,80.0147588009015,27.078454587315722,67.29610709595319
EFT:-142.96522465263425,51.57066213950527,54.1221227860781,61.49480614756144,38.22962922363977,5.697876024623585,-186.59709410912234,80.01475880090149,27.078454587315697,67.29610709595316
Random828
Raw:-142.96522465263425,51.57066213950529,54.122122786078116,61.49480614756146,38.22962922363978,5.697876024623593,-186.59709410912234,80.0147588009015,27.078454587315715,67.29610709595318
EFT:-142.96522465263425,51.57066213950527,54.1221227860781,61.49480614756144,38.22962922363977,5.697876024623585,-186.59709410912234,80.01475880090149,27.078454587315697,67.29610709595316
Random829
Raw:-142.96522465263428,51.570662139505274,54.1221227860781,61.49480614756144,38.229629223639776,5.6978760246235804,-186.59709410912237,80.01475880090149,27.078454587315697,67.29610709595318
EFT:-142.96522465263425,51.57066213950527,54.1221227860781,61.49480614756144,38.22962922363977,5.697876024623585,-186.59709410912234,80.01475880090149,27.078454587315697,67.29610709595316
Random830
Raw:-142.9652246526342,51.570662139505274,54.1221227860781,61.49480614756145,38.229629223639776,5.697876024623601,-186.59709410912225,80.01475880090148,27.07845458731572,67.29610709595318
EFT:-142.96522465263425,51.57066213950527,54.1221227860781,61.49480614756144,38.22962922363977,5.697876024623585,-186.59709410912234,80.01475880090149,27.078454587315697,67.29610709595316
Random831
Raw:-142.96522465263425,51.57066213950529,54.122122786078116,61.494806147561455,38.229629223639776,5.697876024623584,-186.59709410912234,80.0147588009015,27.078454587315708,67.29610709595319
EFT:-142.96522465263425,51.57066213950527,54.1221227860781,61.49480614756144,38.22962922363977,5.697876024623585,-186.59709410912234,80.01475880090149,27.078454587315697,67.29610709595316
Random832
Raw:-142.96522465263425,51.57066213950528,54.122122786078116,61.494806147561455,38.22962922363978,5.6978760246235876,-186.59709410912234,80.0147588009015,27.078454587315708,67.29610709595319
EFT:-142.96522465263425,51.57066213950527,54.1221227860781,61.49480614756144,38.22962922363977,5.697876024623585,-186.59709410912234,80.01475880090149,27.078454587315697,67.29610709595316
Random833
Raw:-142.96522465263425,51.570662139505295,54.12212278607812,61.49480614756146,38.22962922363978,5.6978760246235955,-186.59709410912234,80.0147588009015,27.07845458731572,67.29610709595319
EFT:-142.96522465263425,51.57066213950527,54.1221227860781,61.49480614756144,38.22962922363977,5.697876024623585,-186.59709410912234,80.01475880090149,27.078454587315697,67.29610709595316
Random834
Raw:-142.96522465263425,51.5706621395053,54.12212278607812,61.49480614756148,38.2296292236398,5.697876024623607,-186.59709410912234,80.01475880090152,27.07845458731573,67.29610709595319
EFT:-142.96522465263425,51.57066213950527,54.1221227860781,61.49480614756144,38.22962922363977,5.697876024623585,-186.59709410912234,80.01475880090149,27.078454587315697,67.29610709595316
Random835
Raw:-142.96522465263428,51.57066213950531,54.12212278607813,61.49480614756149,38.229629223639805,5.697876024623607,-186.59709410912237,80.01475880090153,27.07845458731573,67.2961070959532
EFT:-142.96522465263425,51.57066213950527,54.1221227860781,61.49480614756144,38.22962922363977,5.697876024623585,-186.59709410912234,80.01475880090149,27.078454587315697,67.29610709595316
Random836
Raw:-142.96522465263425,51.5706621395053,54.12212278607812,61.49480614756147,38.22962922363979,5.697876024623598,-186.59709410912234,80.0147588009015,27.078454587315726,67.29610709595319
EFT:-142.96522465263425,51.57066213950527,54.1221227860781,61.49480614756144,38.22962922363977,5.697876024623585,-186.59709410912234,80.01475880090149,27.078454587315697,67.29610709595316
Random837
Raw:-142.96522465263422,51.57066213950529,54.122122786078116,61.494806147561455,38.22962922363978,5.697876024623599,-186.5970941091223,80.01475880090149,27.078454587315715,67.29610709595318
EFT:-142.96522465263425,51.57066213950527,54.1221227860781,61.49480614756144,38.22962922363977,5.697876024623585,-186.59709410912234,80.01475880090149,27.078454587315697,67.29610709595316
Random838
Raw:-142.96522465263425,51.570662139505295,54.122122786078116,61.494806147561455,38.22962922363978,5.697876024623591,-186.59709410912234,80.0147588009015,27.07845458731571,67.29610709595319
EFT:-142.96522465263425,51.57066213950527,54.1221227860781,61.49480614756144,38.22962922363977,5.697876024623585,-186.59709410912234,80.01475880090149,27.078454587315697,67.29610709595316
Random839
Raw:-142.96522465263425,51.57066213950526,54.122122786078094,61.494806147561434,38.22962922363976,5.697876024623575,-186.59709410912234,80.01475880090148,27.078454587315687,67.29610709595316
EFT:-142.96522465263425,51.57066213950527,54.1221227860781,61.49480614756144,38.22962922363977,5.697876024623585,-186.59709410912234,80.01475880090149,27.078454587315697,67.29610709595316
Random840
Raw:-142.96522465263422,51.57066213950528,54.122122786078116,61.494806147561455,38.22962922363978,5.6978760246235955,-186.5970941091223,80.01475880090149,27.078454587315715,67.29610709595318
EFT:-142.96522465263425,51.57066213950527,54.1221227860781,61.49480614756144,38.22962922363977,5.697876024623585,-186.59709410912234,80.01475880090149,27.078454587315697,67.29610709595316
Random841
Raw:-142.96522465263422,51.57066213950528,54.12212278607811,61.494806147561455,38.229629223639776,5.697876024623595,-186.5970941091223,80.01475880090149,27.078454587315708,67.29610709595318
EFT:-142.96522465263425,51.57066213950527,54.1221227860781,61.49480614756144,38.22962922363977,5.697876024623585,-186.59709410912234,80.01475880090149,27.078454587315697,67.29610709595316
Random842
Raw:-142.96522465263422,51.57066213950529,54.12212278607812,61.49480614756147,38.22962922363979,5.697876024623605,-186.5970941091223,80.0147588009015,27.078454587315722,67.29610709595319
EFT:-142.96522465263425,51.57066213950527,54.1221227860781,61.49480614756144,38.22962922363977,5.697876024623585,-186.59709410912234,80.01475880090149,27.078454587315697,67.29610709595316
Random843
Raw:-142.9652246526343,51.57066213950529,54.12212278607811,61.494806147561455,38.22962922363978,5.697876024623584,-186.59709410912237,80.0147588009015,27.078454587315708,67.29610709595318
EFT:-142.96522465263425,51.57066213950527,54.1221227860781,61.49480614756144,38.22962922363977,5.697876024623585,-186.59709410912234,80.01475880090149,27.078454587315697,67.29610709595316
Random844
Raw:-142.96522465263425,51.57066213950528,54.1221227860781,61.49480614756145,38.22962922363977,5.697876024623582,-186.59709410912237,80.01475880090149,27.0784545873157,67.29610709595318
EFT:-142.96522465263425,51.57066213950527,54.1221227860781,61.49480614756144,38.22962922363977,5.697876024623585,-186.59709410912234,80.01475880090149,27.078454587315697,67.29610709595316
Random845
Raw:-142.9652246526342,51.57066213950527,54.122122786078094,61.494806147561434,38.22962922363976,5.697876024623586,-186.59709410912225,80.01475880090148,27.0784545873157,67.29610709595316
EFT:-142.96522465263425,51.57066213950527,54.1221227860781,61.49480614756144,38.22962922363977,5.697876024623585,-186.59709410912234,80.01475880090149,27.078454587315697,67.29610709595316
Random846
Raw:-142.96522465263428,51.5706621395053,54.12212278607813,61.49480614756149,38.2296292236398,5.697876024623604,-186.59709410912237,80.01475880090152,27.07845458731573,67.29610709595319
EFT:-142.96522465263425,51.57066213950527,54.1221227860781,61.49480614756144,38.22962922363977,5.697876024623585,-186.59709410912234,80.01475880090149,27.078454587315697,67.29610709595316
Random847
Raw:-142.96522465263428,51.57066213950529,54.12212278607811,61.49480614756146,38.22962922363978,5.697876024623588,-186.59709410912237,80.0147588009015,27.078454587315708,67.29610709595319
EFT:-142.96522465263425,51.57066213950527,54.1221227860781,61.49480614756144,38.22962922363977,5.697876024623585,-186.59709410912234,80.01475880090149,27.078454587315697,67.29610709595316
Random848
Raw:-142.9652246526343,51.57066213950528,54.1221227860781,61.49480614756145,38.22962922363977,5.697876024623572,-186.5970941091224,80.0147588009015,27.078454587315694,67.29610709595316
EFT:-142.96522465263425,51.57066213950527,54.1221227860781,61.49480614756144,38.22962922363977,5.697876024623585,-186.59709410912234,80.01475880090149,27.078454587315697,67.29610709595316
Random849
Raw:-142.96522465263425,51.570662139505295,54.12212278607812,61.49480614756146,38.22962922363979,5.697876024623599,-186.59709410912234,80.0147588009015,27.078454587315722,67.29610709595319
EFT:-142.96522465263425,51.57066213950527,54.1221227860781,61.49480614756144,38.22962922363977,5.697876024623585,-186.59709410912234,80.01475880090149,27.078454587315697,67.29610709595316
Random850
Raw:-142.9652246526342,51.57066213950527,54.122122786078094,61.494806147561434,38.22962922363976,5.697876024623586,-186.59709410912225,80.01475880090148,27.078454587315697,67.29610709595316
EFT:-142.96522465263425,51.57066213950527,54.1221227860781,61.49480614756144,38.22962922363977,5.697876024623585,-186.59709410912234,80.01475880090149,27.078454587315697,67.29610709595316
Random851
Raw:-142.96522465263425,51.570662139505295,54.122122786078116,61.49480614756146,38.2296292236398,5.6978760246236035,-186.59709410912234,80.0147588009015,27.078454587315722,67.2961070959532
EFT:-142.96522465263425,51.57066213950527,54.1221227860781,61.49480614756144,38.22962922363977,5.697876024623585,-186.59709410912234,80.01475880090149,27.078454587315697,67.29610709595316
Random852
Raw:-142.9652246526342,51.57066213950528,54.12212278607811,61.494806147561455,38.22962922363978,5.697876024623607,-186.59709410912225,80.01475880090149,27.078454587315722,67.29610709595318
EFT:-142.96522465263425,51.57066213950527,54.1221227860781,61.49480614756144,38.22962922363977,5.697876024623585,-186.59709410912234,80.01475880090149,27.078454587315697,67.29610709595316
Random853
Raw:-142.9652246526342,51.57066213950527,54.1221227860781,61.49480614756144,38.229629223639755,5.6978760246235876,-186.59709410912225,80.01475880090148,27.0784545873157,67.29610709595316
EFT:-142.96522465263425,51.57066213950527,54.1221227860781,61.49480614756144,38.22962922363977,5.697876024623585,-186.59709410912234,80.01475880090149,27.078454587315697,67.29610709595316
Random854
Raw:-142.96522465263422,51.57066213950529,54.122122786078116,61.49480614756146,38.22962922363979,5.697876024623602,-186.5970941091223,80.0147588009015,27.078454587315722,67.29610709595319
EFT:-142.96522465263425,51.57066213950527,54.1221227860781,61.49480614756144,38.22962922363977,5.697876024623585,-186.59709410912234,80.01475880090149,27.078454587315697,67.29610709595316
Random855
Raw:-142.9652246526343,51.570662139505295,54.12212278607812,61.49480614756146,38.229629223639776,5.697876024623585,-186.5970941091224,80.01475880090152,27.078454587315708,67.29610709595319
EFT:-142.96522465263425,51.57066213950527,54.1221227860781,61.49480614756144,38.22962922363977,5.697876024623585,-186.59709410912234,80.01475880090149,27.078454587315697,67.29610709595316
Random856
Raw:-142.96522465263425,51.57066213950527,54.1221227860781,61.49480614756144,38.22962922363977,5.697876024623584,-186.59709410912234,80.01475880090148,27.0784545873157,67.29610709595316
EFT:-142.96522465263425,51.57066213950527,54.1221227860781,61.49480614756144,38.22962922363977,5.697876024623585,-186.59709410912234,80.01475880090149,27.078454587315697,67.29610709595316
Random857
Raw:-142.96522465263425,51.57066213950527,54.122122786078094,61.494806147561434,38.22962922363976,5.69787602462358,-186.59709410912234,80.01475880090148,27.078454587315694,67.29610709595316
EFT:-142.96522465263425,51.57066213950527,54.1221227860781,61.49480614756144,38.22962922363977,5.697876024623585,-186.59709410912234,80.01475880090149,27.078454587315697,67.29610709595316
Random858
Raw:-142.96522465263428,51.57066213950528,54.1221227860781,61.49480614756145,38.22962922363977,5.697876024623582,-186.59709410912234,80.01475880090149,27.0784545873157,67.29610709595318
EFT:-142.96522465263425,51.57066213950527,54.1221227860781,61.49480614756144,38.22962922363977,5.697876024623585,-186.59709410912234,80.01475880090149,27.078454587315697,67.29610709595316
Random859
Raw:-142.96522465263422,51.570662139505295,54.12212278607813,61.49480614756148,38.2296292236398,5.697876024623611,-186.5970941091223,80.0147588009015,27.078454587315736,67.29610709595319
EFT:-142.96522465263425,51.57066213950527,54.1221227860781,61.49480614756144,38.22962922363977,5.697876024623585,-186.59709410912234,80.01475880090149,27.078454587315697,67.29610709595316
Random860
Raw:-142.96522465263428,51.570662139505295,54.122122786078116,61.49480614756146,38.22962922363978,5.697876024623589,-186.5970941091224,80.01475880090152,27.078454587315715,67.29610709595318
EFT:-142.96522465263425,51.57066213950527,54.1221227860781,61.49480614756144,38.22962922363977,5.697876024623585,-186.59709410912234,80.01475880090149,27.078454587315697,67.29610709595316
Random861
Raw:-142.9652246526342,51.570662139505295,54.12212278607813,61.49480614756148,38.22962922363979,5.69787602462361,-186.5970941091223,80.0147588009015,27.078454587315733,67.29610709595319
EFT:-142.96522465263425,51.57066213950527,54.1221227860781,61.49480614756144,38.22962922363977,5.697876024623585,-186.59709410912234,80.01475880090149,27.078454587315697,67.29610709595316
Random862
Raw:-142.96522465263425,51.570662139505295,54.122122786078116,61.49480614756146,38.22962922363979,5.697876024623597,-186.59709410912234,80.0147588009015,27.07845458731572,67.29610709595319
EFT:-142.96522465263425,51.57066213950527,54.1221227860781,61.49480614756144,38.22962922363977,5.697876024623585,-186.59709410912234,80.01475880090149,27.078454587315697,67.29610709595316
Random863
Raw:-142.96522465263425,51.57066213950529,54.122122786078116,61.494806147561455,38.22962922363978,5.697876024623591,-186.59709410912234,80.0147588009015,27.078454587315715,67.29610709595319
EFT:-142.96522465263425,51.57066213950527,54.1221227860781,61.49480614756144,38.22962922363977,5.697876024623585,-186.59709410912234,80.01475880090149,27.078454587315697,67.29610709595316
Random864
Raw:-142.96522465263428,51.57066213950527,54.12212278607809,61.49480614756143,38.22962922363976,5.69787602462357,-186.59709410912237,80.01475880090148,27.078454587315683,67.29610709595316
EFT:-142.96522465263425,51.57066213950527,54.1221227860781,61.49480614756144,38.22962922363977,5.697876024623585,-186.59709410912234,80.01475880090149,27.078454587315697,67.29610709595316
Random865
Raw:-142.96522465263422,51.570662139505274,54.1221227860781,61.49480614756145,38.22962922363978,5.697876024623591,-186.5970941091223,80.01475880090148,27.078454587315704,67.29610709595318
EFT:-142.96522465263425,51.57066213950527,54.1221227860781,61.49480614756144,38.22962922363977,5.697876024623585,-186.59709410912234,80.01475880090149,27.078454587315697,67.29610709595316
Random866
Raw:-142.9652246526343,51.57066213950529,54.12212278607811,61.494806147561455,38.22962922363978,5.697876024623582,-186.5970941091224,80.0147588009015,27.0784545873157,67.29610709595318
EFT:-142.96522465263425,51.57066213950527,54.1221227860781,61.49480614756144,38.22962922363977,5.697876024623585,-186.59709410912234,80.01475880090149,27.078454587315697,67.29610709595316
Random867
Raw:-142.96522465263428,51.57066213950531,54.122122786078144,61.4948061475615,38.229629223639805,5.697876024623611,-186.59709410912237,80.01475880090153,27.07845458731574,67.2961070959532
EFT:-142.96522465263425,51.57066213950527,54.1221227860781,61.49480614756144,38.22962922363977,5.697876024623585,-186.59709410912234,80.01475880090149,27.078454587315697,67.29610709595316
Random868
Raw:-142.96522465263425,51.57066213950529,54.122122786078116,61.49480614756146,38.22962922363978,5.697876024623594,-186.59709410912234,80.0147588009015,27.078454587315715,67.29610709595319
EFT:-142.96522465263425,51.57066213950527,54.1221227860781,61.49480614756144,38.22962922363977,5.697876024623585,-186.59709410912234,80.01475880090149,27.078454587315697,67.29610709595316
Random869
Raw:-142.96522465263425,51.57066213950527,54.1221227860781,61.49480614756145,38.22962922363977,5.6978760246235876,-186.5970941091223,80.01475880090148,27.0784545873157,67.29610709595318
EFT:-142.96522465263425,51.57066213950527,54.1221227860781,61.49480614756144,38.22962922363977,5.697876024623585,-186.59709410912234,80.01475880090149,27.078454587315697,67.29610709595316
Random870
Raw:-142.96522465263413,51.57066213950528,54.122122786078116,61.49480614756146,38.22962922363978,5.697876024623614,-186.59709410912222,80.01475880090148,27.07845458731573,67.29610709595318
EFT:-142.96522465263425,51.57066213950527,54.1221227860781,61.49480614756144,38.22962922363977,5.697876024623585,-186.59709410912234,80.01475880090149,27.078454587315697,67.29610709595316
Random871
Raw:-142.9652246526342,51.57066213950526,54.122122786078094,61.49480614756143,38.229629223639755,5.697876024623582,-186.59709410912225,80.01475880090146,27.078454587315694,67.29610709595315
EFT:-142.96522465263425,51.57066213950527,54.1221227860781,61.49480614756144,38.22962922363977,5.697876024623585,-186.59709410912234,80.01475880090149,27.078454587315697,67.29610709595316
Random872
Raw:-142.96522465263422,51.57066213950527,54.1221227860781,61.49480614756144,38.22962922363977,5.697876024623583,-186.59709410912234,80.01475880090148,27.0784545873157,67.29610709595316
EFT:-142.96522465263425,51.57066213950527,54.1221227860781,61.49480614756144,38.22962922363977,5.697876024623585,-186.59709410912234,80.01475880090149,27.078454587315697,67.29610709595316
Random873
Raw:-142.96522465263422,51.57066213950528,54.12212278607811,61.49480614756146,38.22962922363978,5.697876024623593,-186.5970941091223,80.01475880090149,27.078454587315708,67.29610709595318
EFT:-142.96522465263425,51.57066213950527,54.1221227860781,61.49480614756144,38.22962922363977,5.697876024623585,-186.59709410912234,80.01475880090149,27.078454587315697,67.29610709595316
Random874
Raw:-142.96522465263422,51.57066213950528,54.12212278607811,61.494806147561455,38.22962922363978,5.697876024623597,-186.5970941091223,80.01475880090149,27.078454587315715,67.29610709595318
EFT:-142.96522465263425,51.57066213950527,54.1221227860781,61.49480614756144,38.22962922363977,5.697876024623585,-186.59709410912234,80.01475880090149,27.078454587315697,67.29610709595316
Random875
Raw:-142.9652246526343,51.570662139505274,54.1221227860781,61.494806147561434,38.22962922363977,5.697876024623568,-186.5970941091224,80.0147588009015,27.078454587315687,67.29610709595316
EFT:-142.96522465263425,51.57066213950527,54.1221227860781,61.49480614756144,38.22962922363977,5.697876024623585,-186.59709410912234,80.01475880090149,27.078454587315697,67.29610709595316
Random876
Raw:-142.9652246526342,51.570662139505274,54.12212278607811,61.49480614756145,38.22962922363977,5.697876024623598,-186.59709410912225,80.01475880090148,27.078454587315715,67.29610709595316
EFT:-142.96522465263425,51.57066213950527,54.1221227860781,61.49480614756144,38.22962922363977,5.697876024623585,-186.59709410912234,80.01475880090149,27.078454587315697,67.29610709595316
Random877
Raw:-142.96522465263425,51.57066213950531,54.12212278607813,61.49480614756149,38.229629223639805,5.697876024623615,-186.59709410912234,80.01475880090152,27.07845458731574,67.29610709595322
EFT:-142.96522465263425,51.57066213950527,54.1221227860781,61.49480614756144,38.22962922363977,5.697876024623585,-186.59709410912234,80.01475880090149,27.078454587315697,67.29610709595316
Random878
Raw:-142.96522465263425,51.57066213950528,54.12212278607811,61.49480614756145,38.22962922363977,5.697876024623583,-186.59709410912234,80.01475880090149,27.0784545873157,67.29610709595318
EFT:-142.96522465263425,51.57066213950527,54.1221227860781,61.49480614756144,38.22962922363977,5.697876024623585,-186.59709410912234,80.01475880090149,27.078454587315697,67.29610709595316
Random879
Raw:-142.96522465263428,51.570662139505295,54.122122786078116,61.49480614756146,38.22962922363978,5.697876024623589,-186.59709410912237,80.0147588009015,27.078454587315708,67.29610709595318
EFT:-142.96522465263425,51.57066213950527,54.1221227860781,61.49480614756144,38.22962922363977,5.697876024623585,-186.59709410912234,80.01475880090149,27.078454587315697,67.29610709595316
Random880
Raw:-142.96522465263425,51.570662139505295,54.12212278607812,61.49480614756146,38.22962922363978,5.697876024623599,-186.59709410912234,80.0147588009015,27.078454587315722,67.29610709595319
EFT:-142.96522465263425,51.57066213950527,54.1221227860781,61.49480614756144,38.22962922363977,5.697876024623585,-186.59709410912234,80.01475880090149,27.078454587315697,67.29610709595316
Random881
Raw:-142.9652246526342,51.57066213950527,54.122122786078094,61.494806147561434,38.22962922363976,5.697876024623586,-186.59709410912225,80.01475880090148,27.0784545873157,67.29610709595316
EFT:-142.96522465263425,51.57066213950527,54.1221227860781,61.49480614756144,38.22962922363977,5.697876024623585,-186.59709410912234,80.01475880090149,27.078454587315697,67.29610709595316
Random882
Raw:-142.96522465263428,51.570662139505295,54.122122786078116,61.49480614756146,38.22962922363978,5.697876024623589,-186.59709410912237,80.0147588009015,27.078454587315708,67.29610709595318
EFT:-142.96522465263425,51.57066213950527,54.1221227860781,61.49480614756144,38.22962922363977,5.697876024623585,-186.59709410912234,80.01475880090149,27.078454587315697,67.29610709595316
Random883
Raw:-142.96522465263425,51.57066213950528,54.122122786078116,61.49480614756145,38.22962922363977,5.697876024623582,-186.59709410912237,80.0147588009015,27.0784545873157,67.29610709595318
EFT:-142.96522465263425,51.57066213950527,54.1221227860781,61.49480614756144,38.22962922363977,5.697876024623585,-186.59709410912234,80.01475880090149,27.078454587315697,67.29610709595316
Random884
Raw:-142.96522465263422,51.57066213950529,54.122122786078116,61.49480614756147,38.2296292236398,5.697876024623613,-186.5970941091223,80.0147588009015,27.07845458731573,67.29610709595319
EFT:-142.96522465263425,51.57066213950527,54.1221227860781,61.49480614756144,38.22962922363977,5.697876024623585,-186.59709410912234,80.01475880090149,27.078454587315697,67.29610709595316
Random885
Raw:-142.9652246526343,51.570662139505295,54.12212278607812,61.49480614756147,38.22962922363979,5.697876024623589,-186.5970941091224,80.01475880090153,27.078454587315715,67.29610709595319
EFT:-142.96522465263425,51.57066213950527,54.1221227860781,61.49480614756144,38.22962922363977,5.697876024623585,-186.59709410912234,80.01475880090149,27.078454587315697,67.29610709595316
Random886
Raw:-142.96522465263428,51.57066213950528,54.1221227860781,61.49480614756144,38.22962922363977,5.6978760246235804,-186.59709410912234,80.01475880090149,27.0784545873157,67.29610709595318
EFT:-142.96522465263425,51.57066213950527,54.1221227860781,61.49480614756144,38.22962922363977,5.697876024623585,-186.59709410912234,80.01475880090149,27.078454587315697,67.29610709595316
Random887
Raw:-142.96522465263422,51.57066213950528,54.122122786078116,61.49480614756146,38.22962922363979,5.6978760246236035,-186.5970941091223,80.01475880090149,27.078454587315722,67.29610709595319
EFT:-142.96522465263425,51.57066213950527,54.1221227860781,61.49480614756144,38.22962922363977,5.697876024623585,-186.59709410912234,80.01475880090149,27.078454587315697,67.29610709595316
Random888
Raw:-142.96522465263428,51.57066213950528,54.1221227860781,61.49480614756145,38.229629223639776,5.697876024623583,-186.59709410912237,80.01475880090149,27.0784545873157,67.29610709595318
EFT:-142.96522465263425,51.57066213950527,54.1221227860781,61.49480614756144,38.22962922363977,5.697876024623585,-186.59709410912234,80.01475880090149,27.078454587315697,67.29610709595316
Random889
Raw:-142.96522465263416,51.570662139505274,54.12212278607811,61.494806147561455,38.229629223639776,5.697876024623612,-186.59709410912222,80.01475880090148,27.078454587315722,67.29610709595318
EFT:-142.96522465263425,51.57066213950527,54.1221227860781,61.49480614756144,38.22962922363977,5.697876024623585,-186.59709410912234,80.01475880090149,27.078454587315697,67.29610709595316
Random890
Raw:-142.96522465263425,51.57066213950531,54.12212278607813,61.494806147561484,38.2296292236398,5.697876024623609,-186.59709410912234,80.01475880090152,27.078454587315736,67.2961070959532
EFT:-142.96522465263425,51.57066213950527,54.1221227860781,61.49480614756144,38.22962922363977,5.697876024623585,-186.59709410912234,80.01475880090149,27.078454587315697,67.29610709595316
Random891
Raw:-142.96522465263433,51.570662139505316,54.122122786078144,61.49480614756149,38.2296292236398,5.697876024623593,-186.59709410912245,80.01475880090155,27.078454587315726,67.2961070959532
EFT:-142.96522465263425,51.57066213950527,54.1221227860781,61.49480614756144,38.22962922363977,5.697876024623585,-186.59709410912234,80.01475880090149,27.078454587315697,67.29610709595316
Random892
Raw:-142.9652246526342,51.570662139505274,54.12212278607811,61.49480614756145,38.22962922363977,5.697876024623596,-186.59709410912225,80.01475880090148,27.078454587315715,67.29610709595316
EFT:-142.96522465263425,51.57066213950527,54.1221227860781,61.49480614756144,38.22962922363977,5.697876024623585,-186.59709410912234,80.01475880090149,27.078454587315697,67.29610709595316
Random893
Raw:-142.96522465263422,51.57066213950528,54.122122786078116,61.494806147561455,38.229629223639776,5.697876024623595,-186.5970941091223,80.01475880090149,27.078454587315715,67.29610709595318
EFT:-142.96522465263425,51.57066213950527,54.1221227860781,61.49480614756144,38.22962922363977,5.697876024623585,-186.59709410912234,80.01475880090149,27.078454587315697,67.29610709595316
Random894
Raw:-142.96522465263422,51.570662139505274,54.1221227860781,61.49480614756145,38.22962922363978,5.6978760246235955,-186.5970941091223,80.01475880090149,27.078454587315708,67.29610709595318
EFT:-142.96522465263425,51.57066213950527,54.1221227860781,61.49480614756144,38.22962922363977,5.697876024623585,-186.59709410912234,80.01475880090149,27.078454587315697,67.29610709595316
Random895
Raw:-142.96522465263428,51.57066213950528,54.12212278607811,61.494806147561455,38.229629223639776,5.6978760246235804,-186.5970941091224,80.0147588009015,27.0784545873157,67.29610709595318
EFT:-142.96522465263425,51.57066213950527,54.1221227860781,61.49480614756144,38.22962922363977,5.697876024623585,-186.59709410912234,80.01475880090149,27.078454587315697,67.29610709595316
Random896
Raw:-142.96522465263428,51.5706621395053,54.12212278607812,61.49480614756148,38.22962922363979,5.6978760246235955,-186.59709410912237,80.01475880090152,27.078454587315722,67.29610709595319
EFT:-142.96522465263425,51.57066213950527,54.1221227860781,61.49480614756144,38.22962922363977,5.697876024623585,-186.59709410912234,80.01475880090149,27.078454587315697,67.29610709595316
Random897
Raw:-142.96522465263422,51.57066213950529,54.122122786078116,61.49480614756147,38.22962922363978,5.697876024623602,-186.5970941091223,80.01475880090149,27.078454587315715,67.29610709595319
EFT:-142.96522465263425,51.57066213950527,54.1221227860781,61.49480614756144,38.22962922363977,5.697876024623585,-186.59709410912234,80.01475880090149,27.078454587315697,67.29610709595316
Random898
Raw:-142.96522465263422,51.570662139505274,54.12212278607811,61.49480614756145,38.229629223639776,5.697876024623591,-186.5970941091223,80.01475880090149,27.078454587315708,67.29610709595316
EFT:-142.96522465263425,51.57066213950527,54.1221227860781,61.49480614756144,38.22962922363977,5.697876024623585,-186.59709410912234,80.01475880090149,27.078454587315697,67.29610709595316
Random899
Raw:-142.96522465263422,51.57066213950528,54.122122786078116,61.49480614756146,38.22962922363978,5.697876024623602,-186.5970941091223,80.01475880090149,27.07845458731572,67.29610709595319
EFT:-142.96522465263425,51.57066213950527,54.1221227860781,61.49480614756144,38.22962922363977,5.697876024623585,-186.59709410912234,80.01475880090149,27.078454587315697,67.29610709595316
Random900
Raw:-142.96522465263425,51.57066213950529,54.12212278607811,61.494806147561455,38.229629223639776,5.697876024623589,-186.59709410912234,80.0147588009015,27.078454587315708,67.29610709595318
EFT:-142.96522465263425,51.57066213950527,54.1221227860781,61.49480614756144,38.22962922363977,5.697876024623585,-186.59709410912234,80.01475880090149,27.078454587315697,67.29610709595316
Random901
Raw:-142.96522465263422,51.57066213950527,54.1221227860781,61.49480614756144,38.22962922363977,5.697876024623581,-186.59709410912234,80.01475880090149,27.078454587315694,67.29610709595316
EFT:-142.96522465263425,51.57066213950527,54.1221227860781,61.49480614756144,38.22962922363977,5.697876024623585,-186.59709410912234,80.01475880090149,27.078454587315697,67.29610709595316
Random902
Raw:-142.96522465263425,51.57066213950529,54.122122786078116,61.494806147561455,38.229629223639776,5.697876024623588,-186.59709410912234,80.0147588009015,27.078454587315708,67.29610709595318
EFT:-142.96522465263425,51.57066213950527,54.1221227860781,61.49480614756144,38.22962922363977,5.697876024623585,-186.59709410912234,80.01475880090149,27.078454587315697,67.29610709595316
Random903
Raw:-142.96522465263422,51.57066213950528,54.122122786078116,61.49480614756146,38.22962922363978,5.697876024623603,-186.5970941091223,80.01475880090149,27.07845458731572,67.29610709595319
EFT:-142.96522465263425,51.57066213950527,54.1221227860781,61.49480614756144,38.22962922363977,5.697876024623585,-186.59709410912234,80.01475880090149,27.078454587315697,67.29610709595316
Random904
Raw:-142.96522465263428,51.57066213950528,54.1221227860781,61.49480614756145,38.22962922363978,5.697876024623588,-186.59709410912234,80.0147588009015,27.078454587315708,67.29610709595319
EFT:-142.96522465263425,51.57066213950527,54.1221227860781,61.49480614756144,38.22962922363977,5.697876024623585,-186.59709410912234,80.01475880090149,27.078454587315697,67.29610709595316
Random905
Raw:-142.96522465263428,51.570662139505295,54.122122786078116,61.49480614756147,38.22962922363979,5.697876024623591,-186.59709410912237,80.01475880090152,27.078454587315715,67.29610709595318
EFT:-142.96522465263425,51.57066213950527,54.1221227860781,61.49480614756144,38.22962922363977,5.697876024623585,-186.59709410912234,80.01475880090149,27.078454587315697,67.29610709595316
Random906
Raw:-142.96522465263422,51.57066213950529,54.12212278607812,61.49480614756147,38.22962922363978,5.697876024623604,-186.5970941091223,80.0147588009015,27.07845458731573,67.29610709595319
EFT:-142.96522465263425,51.57066213950527,54.1221227860781,61.49480614756144,38.22962922363977,5.697876024623585,-186.59709410912234,80.01475880090149,27.078454587315697,67.29610709595316
Random907
Raw:-142.96522465263422,51.57066213950528,54.12212278607811,61.49480614756145,38.229629223639776,5.697876024623589,-186.5970941091223,80.01475880090149,27.078454587315708,67.29610709595318
EFT:-142.96522465263425,51.57066213950527,54.1221227860781,61.49480614756144,38.22962922363977,5.697876024623585,-186.59709410912234,80.01475880090149,27.078454587315697,67.29610709595316
Random908
Raw:-142.9652246526343,51.57066213950531,54.122122786078144,61.4948061475615,38.2296292236398,5.697876024623603,-186.5970941091224,80.01475880090155,27.078454587315736,67.29610709595322
EFT:-142.96522465263425,51.57066213950527,54.1221227860781,61.49480614756144,38.22962922363977,5.697876024623585,-186.59709410912234,80.01475880090149,27.078454587315697,67.29610709595316
Random909
Raw:-142.96522465263422,51.57066213950528,54.12212278607811,61.49480614756146,38.22962922363978,5.697876024623597,-186.5970941091223,80.01475880090149,27.07845458731571,67.29610709595318
EFT:-142.96522465263425,51.57066213950527,54.1221227860781,61.49480614756144,38.22962922363977,5.697876024623585,-186.59709410912234,80.01475880090149,27.078454587315697,67.29610709595316
Random910
Raw:-142.96522465263428,51.57066213950529,54.12212278607811,61.49480614756145,38.22962922363978,5.697876024623588,-186.59709410912234,80.0147588009015,27.078454587315704,67.29610709595318
EFT:-142.96522465263425,51.57066213950527,54.1221227860781,61.49480614756144,38.22962922363977,5.697876024623585,-186.59709410912234,80.01475880090149,27.078454587315697,67.29610709595316
Random911
Raw:-142.96522465263425,51.57066213950528,54.1221227860781,61.49480614756145,38.22962922363978,5.697876024623589,-186.59709410912237,80.01475880090149,27.078454587315708,67.29610709595319
EFT:-142.96522465263425,51.57066213950527,54.1221227860781,61.49480614756144,38.22962922363977,5.697876024623585,-186.59709410912234,80.01475880090149,27.078454587315697,67.29610709595316
Random912
Raw:-142.96522465263422,51.57066213950531,54.12212278607814,61.494806147561484,38.2296292236398,5.697876024623611,-186.59709410912234,80.01475880090152,27.078454587315736,67.2961070959532
EFT:-142.96522465263425,51.57066213950527,54.1221227860781,61.49480614756144,38.22962922363977,5.697876024623585,-186.59709410912234,80.01475880090149,27.078454587315697,67.29610709595316
Random913
Raw:-142.96522465263425,51.57066213950529,54.122122786078116,61.49480614756146,38.22962922363978,5.697876024623592,-186.59709410912234,80.0147588009015,27.078454587315715,67.29610709595319
EFT:-142.96522465263425,51.57066213950527,54.1221227860781,61.49480614756144,38.22962922363977,5.697876024623585,-186.59709410912234,80.01475880090149,27.078454587315697,67.29610709595316
Random914
Raw:-142.96522465263425,51.570662139505295,54.12212278607813,61.49480614756147,38.22962922363978,5.697876024623596,-186.59709410912234,80.0147588009015,27.078454587315722,67.29610709595319
EFT:-142.96522465263425,51.57066213950527,54.1221227860781,61.49480614756144,38.22962922363977,5.697876024623585,-186.59709410912234,80.01475880090149,27.078454587315697,67.29610709595316
Random915
Raw:-142.96522465263422,51.57066213950529,54.12212278607812,61.49480614756148,38.22962922363979,5.697876024623605,-186.5970941091223,80.0147588009015,27.078454587315726,67.29610709595319
EFT:-142.96522465263425,51.57066213950527,54.1221227860781,61.49480614756144,38.22962922363977,5.697876024623585,-186.59709410912234,80.01475880090149,27.078454587315697,67.29610709595316
Random916
Raw:-142.96522465263425,51.570662139505295,54.122122786078116,61.49480614756147,38.22962922363979,5.697876024623596,-186.59709410912234,80.0147588009015,27.078454587315715,67.29610709595319
EFT:-142.96522465263425,51.57066213950527,54.1221227860781,61.49480614756144,38.22962922363977,5.697876024623585,-186.59709410912234,80.01475880090149,27.078454587315697,67.29610709595316
Random917
Raw:-142.96522465263422,51.570662139505295,54.12212278607813,61.494806147561484,38.2296292236398,5.697876024623613,-186.5970941091223,80.0147588009015,27.078454587315736,67.29610709595319
EFT:-142.96522465263425,51.57066213950527,54.1221227860781,61.49480614756144,38.22962922363977,5.697876024623585,-186.59709410912234,80.01475880090149,27.078454587315697,67.29610709595316
Random918
Raw:-142.96522465263428,51.57066213950528,54.12212278607811,61.494806147561455,38.229629223639776,5.697876024623586,-186.59709410912237,80.0147588009015,27.078454587315708,67.29610709595318
EFT:-142.96522465263425,51.57066213950527,54.1221227860781,61.49480614756144,38.22962922363977,5.697876024623585,-186.59709410912234,80.01475880090149,27.078454587315697,67.29610709595316
Random919
Raw:-142.96522465263422,51.570662139505295,54.12212278607812,61.49480614756147,38.22962922363978,5.697876024623605,-186.5970941091223,80.0147588009015,27.07845458731573,67.29610709595319
EFT:-142.96522465263425,51.57066213950527,54.1221227860781,61.49480614756144,38.22962922363977,5.697876024623585,-186.59709410912234,80.01475880090149,27.078454587315697,67.29610709595316
Random920
Raw:-142.96522465263416,51.57066213950527,54.122122786078094,61.494806147561434,38.22962922363977,5.6978760246236,-186.59709410912222,80.01475880090146,27.078454587315708,67.29610709595316
EFT:-142.96522465263425,51.57066213950527,54.1221227860781,61.49480614756144,38.22962922363977,5.697876024623585,-186.59709410912234,80.01475880090149,27.078454587315697,67.29610709595316
Random921
Raw:-142.96522465263425,51.570662139505295,54.122122786078116,61.49480614756146,38.22962922363978,5.697876024623593,-186.59709410912234,80.0147588009015,27.078454587315715,67.29610709595319
EFT:-142.96522465263425,51.57066213950527,54.1221227860781,61.49480614756144,38.22962922363977,5.697876024623585,-186.59709410912234,80.01475880090149,27.078454587315697,67.29610709595316
Random922
Raw:-142.96522465263422,51.57066213950529,54.122122786078116,61.49480614756147,38.22962922363979,5.697876024623605,-186.5970941091223,80.0147588009015,27.078454587315722,67.29610709595319
EFT:-142.96522465263425,51.57066213950527,54.1221227860781,61.49480614756144,38.22962922363977,5.697876024623585,-186.59709410912234,80.01475880090149,27.078454587315697,67.29610709595316
Random923
Raw:-142.96522465263422,51.57066213950528,54.122122786078116,61.49480614756146,38.229629223639776,5.697876024623594,-186.5970941091223,80.0147588009015,27.078454587315715,67.29610709595318
EFT:-142.96522465263425,51.57066213950527,54.1221227860781,61.49480614756144,38.22962922363977,5.697876024623585,-186.59709410912234,80.01475880090149,27.078454587315697,67.29610709595316
Random924
Raw:-142.96522465263425,51.570662139505295,54.122122786078116,61.494806147561455,38.22962922363979,5.6978760246235955,-186.59709410912234,80.0147588009015,27.078454587315715,67.29610709595319
EFT:-142.96522465263425,51.57066213950527,54.1221227860781,61.49480614756144,38.22962922363977,5.697876024623585,-186.59709410912234,80.01475880090149,27.078454587315697,67.29610709595316
Random925
Raw:-142.96522465263422,51.570662139505274,54.1221227860781,61.49480614756145,38.22962922363978,5.697876024623593,-186.5970941091223,80.01475880090149,27.078454587315704,67.29610709595318
EFT:-142.96522465263425,51.57066213950527,54.1221227860781,61.49480614756144,38.22962922363977,5.697876024623585,-186.59709410912234,80.01475880090149,27.078454587315697,67.29610709595316
Random926
Raw:-142.96522465263425,51.57066213950526,54.12212278607809,61.49480614756143,38.22962922363976,5.697876024623573,-186.59709410912234,80.01475880090148,27.078454587315687,67.29610709595315
EFT:-142.96522465263425,51.57066213950527,54.1221227860781,61.49480614756144,38.22962922363977,5.697876024623585,-186.59709410912234,80.01475880090149,27.078454587315697,67.29610709595316
Random927
Raw:-142.9652246526342,51.57066213950528,54.122122786078116,61.49480614756146,38.229629223639776,5.697876024623605,-186.59709410912225,80.01475880090149,27.078454587315722,67.29610709595318
EFT:-142.96522465263425,51.57066213950527,54.1221227860781,61.49480614756144,38.22962922363977,5.697876024623585,-186.59709410912234,80.01475880090149,27.078454587315697,67.29610709595316
Random928
Raw:-142.96522465263425,51.570662139505295,54.12212278607812,61.49480614756147,38.22962922363978,5.6978760246235955,-186.59709410912234,80.0147588009015,27.078454587315715,67.29610709595319
EFT:-142.96522465263425,51.57066213950527,54.1221227860781,61.49480614756144,38.22962922363977,5.697876024623585,-186.59709410912234,80.01475880090149,27.078454587315697,67.29610709595316
Random929
Raw:-142.96522465263428,51.5706621395053,54.12212278607812,61.49480614756148,38.2296292236398,5.697876024623601,-186.59709410912237,80.01475880090152,27.078454587315726,67.29610709595319
EFT:-142.96522465263425,51.57066213950527,54.1221227860781,61.49480614756144,38.22962922363977,5.697876024623585,-186.59709410912234,80.01475880090149,27.078454587315697,67.29610709595316
Random930
Raw:-142.96522465263416,51.57066213950527,54.122122786078094,61.494806147561434,38.22962922363977,5.697876024623597,-186.59709410912222,80.01475880090146,27.078454587315708,67.29610709595315
EFT:-142.96522465263425,51.57066213950527,54.1221227860781,61.49480614756144,38.22962922363977,5.697876024623585,-186.59709410912234,80.01475880090149,27.078454587315697,67.29610709595316
Random931
Raw:-142.96522465263425,51.57066213950528,54.122122786078116,61.494806147561455,38.22962922363977,5.697876024623586,-186.59709410912234,80.0147588009015,27.078454587315708,67.29610709595319
EFT:-142.96522465263425,51.57066213950527,54.1221227860781,61.49480614756144,38.22962922363977,5.697876024623585,-186.59709410912234,80.01475880090149,27.078454587315697,67.29610709595316
Random932
Raw:-142.96522465263425,51.570662139505295,54.12212278607812,61.49480614756147,38.22962922363978,5.697876024623598,-186.59709410912234,80.0147588009015,27.078454587315722,67.29610709595319
EFT:-142.96522465263425,51.57066213950527,54.1221227860781,61.49480614756144,38.22962922363977,5.697876024623585,-186.59709410912234,80.01475880090149,27.078454587315697,67.29610709595316
Random933
Raw:-142.96522465263422,51.57066213950528,54.122122786078116,61.49480614756146,38.22962922363978,5.6978760246236,-186.5970941091223,80.01475880090149,27.078454587315715,67.29610709595318
EFT:-142.96522465263425,51.57066213950527,54.1221227860781,61.49480614756144,38.22962922363977,5.697876024623585,-186.59709410912234,80.01475880090149,27.078454587315697,67.29610709595316
Random934
Raw:-142.96522465263422,51.57066213950528,54.12212278607811,61.494806147561455,38.22962922363977,5.6978760246235876,-186.5970941091223,80.01475880090149,27.078454587315704,67.29610709595318
EFT:-142.96522465263425,51.57066213950527,54.1221227860781,61.49480614756144,38.22962922363977,5.697876024623585,-186.59709410912234,80.01475880090149,27.078454587315697,67.29610709595316
Random935
Raw:-142.96522465263422,51.570662139505274,54.12212278607811,61.49480614756144,38.229629223639776,5.697876024623588,-186.5970941091223,80.01475880090149,27.0784545873157,67.29610709595316
EFT:-142.96522465263425,51.57066213950527,54.1221227860781,61.49480614756144,38.22962922363977,5.697876024623585,-186.59709410912234,80.01475880090149,27.078454587315697,67.29610709595316
Random936
Raw:-142.9652246526342,51.570662139505274,54.12212278607811,61.49480614756145,38.22962922363976,5.697876024623593,-186.59709410912225,80.01475880090148,27.078454587315708,67.29610709595316
EFT:-142.96522465263425,51.57066213950527,54.1221227860781,61.49480614756144,38.22962922363977,5.697876024623585,-186.59709410912234,80.01475880090149,27.078454587315697,67.29610709595316
Random937
Raw:-142.96522465263425,51.57066213950531,54.12212278607813,61.49480614756148,38.22962922363979,5.697876024623605,-186.59709410912234,80.01475880090152,27.078454587315733,67.2961070959532
EFT:-142.96522465263425,51.57066213950527,54.1221227860781,61.49480614756144,38.22962922363977,5.697876024623585,-186.59709410912234,80.01475880090149,27.078454587315697,67.29610709595316
Random938
Raw:-142.96522465263422,51.57066213950528,54.122122786078116,61.49480614756146,38.22962922363978,5.697876024623598,-186.5970941091223,80.01475880090149,27.078454587315715,67.29610709595318
EFT:-142.96522465263425,51.57066213950527,54.1221227860781,61.49480614756144,38.22962922363977,5.697876024623585,-186.59709410912234,80.01475880090149,27.078454587315697,67.29610709595316
Random939
Raw:-142.96522465263425,51.57066213950527,54.122122786078094,61.494806147561434,38.22962922363977,5.697876024623584,-186.5970941091223,80.01475880090148,27.078454587315697,67.29610709595316
EFT:-142.96522465263425,51.57066213950527,54.1221227860781,61.49480614756144,38.22962922363977,5.697876024623585,-186.59709410912234,80.01475880090149,27.078454587315697,67.29610709595316
Random940
Raw:-142.96522465263428,51.57066213950529,54.122122786078116,61.494806147561455,38.22962922363978,5.697876024623586,-186.5970941091224,80.0147588009015,27.078454587315708,67.29610709595318
EFT:-142.96522465263425,51.57066213950527,54.1221227860781,61.49480614756144,38.22962922363977,5.697876024623585,-186.59709410912234,80.01475880090149,27.078454587315697,67.29610709595316
Random941
Raw:-142.96522465263422,51.57066213950528,54.122122786078116,61.49480614756146,38.22962922363978,5.6978760246236035,-186.5970941091223,80.01475880090149,27.078454587315722,67.29610709595319
EFT:-142.96522465263425,51.57066213950527,54.1221227860781,61.49480614756144,38.22962922363977,5.697876024623585,-186.59709410912234,80.01475880090149,27.078454587315697,67.29610709595316
Random942
Raw:-142.96522465263422,51.57066213950528,54.122122786078116,61.494806147561455,38.22962922363978,5.697876024623598,-186.5970941091223,80.01475880090149,27.078454587315715,67.29610709595318
EFT:-142.96522465263425,51.57066213950527,54.1221227860781,61.49480614756144,38.22962922363977,5.697876024623585,-186.59709410912234,80.01475880090149,27.078454587315697,67.29610709595316
Random943
Raw:-142.96522465263422,51.57066213950529,54.122122786078116,61.49480614756146,38.22962922363979,5.697876024623603,-186.5970941091223,80.0147588009015,27.078454587315722,67.29610709595319
EFT:-142.96522465263425,51.57066213950527,54.1221227860781,61.49480614756144,38.22962922363977,5.697876024623585,-186.59709410912234,80.01475880090149,27.078454587315697,67.29610709595316
Random944
Raw:-142.96522465263422,51.57066213950527,54.1221227860781,61.49480614756144,38.22962922363977,5.697876024623584,-186.59709410912234,80.01475880090148,27.078454587315694,67.29610709595316
EFT:-142.96522465263425,51.57066213950527,54.1221227860781,61.49480614756144,38.22962922363977,5.697876024623585,-186.59709410912234,80.01475880090149,27.078454587315697,67.29610709595316
Random945
Raw:-142.9652246526343,51.57066213950529,54.12212278607811,61.494806147561455,38.229629223639776,5.69787602462358,-186.5970941091224,80.0147588009015,27.0784545873157,67.29610709595318
EFT:-142.96522465263425,51.57066213950527,54.1221227860781,61.49480614756144,38.22962922363977,5.697876024623585,-186.59709410912234,80.01475880090149,27.078454587315697,67.29610709595316
Random946
Raw:-142.96522465263436,51.570662139505295,54.12212278607813,61.49480614756146,38.229629223639776,5.697876024623572,-186.59709410912245,80.01475880090153,27.0784545873157,67.29610709595319
EFT:-142.96522465263425,51.57066213950527,54.1221227860781,61.49480614756144,38.22962922363977,5.697876024623585,-186.59709410912234,80.01475880090149,27.078454587315697,67.29610709595316
Random947
Raw:-142.9652246526342,51.570662139505274,54.1221227860781,61.49480614756145,38.22962922363977,5.697876024623599,-186.59709410912225,80.01475880090148,27.078454587315715,67.29610709595316
EFT:-142.96522465263425,51.57066213950527,54.1221227860781,61.49480614756144,38.22962922363977,5.697876024623585,-186.59709410912234,80.01475880090149,27.078454587315697,67.29610709595316
Random948
Raw:-142.96522465263422,51.570662139505295,54.12212278607813,61.49480614756148,38.22962922363979,5.697876024623609,-186.5970941091223,80.0147588009015,27.07845458731573,67.29610709595319
EFT:-142.96522465263425,51.57066213950527,54.1221227860781,61.49480614756144,38.22962922363977,5.697876024623585,-186.59709410912234,80.01475880090149,27.078454587315697,67.29610709595316
Random949
Raw:-142.9652246526343,51.5706621395053,54.12212278607813,61.49480614756148,38.2296292236398,5.69787602462359,-186.5970941091224,80.01475880090153,27.078454587315715,67.2961070959532
EFT:-142.96522465263425,51.57066213950527,54.1221227860781,61.49480614756144,38.22962922363977,5.697876024623585,-186.59709410912234,80.01475880090149,27.078454587315697,67.29610709595316
Random950
Raw:-142.96522465263433,51.570662139505295,54.12212278607812,61.49480614756148,38.22962922363978,5.697876024623586,-186.59709410912242,80.01475880090153,27.078454587315708,67.29610709595319
EFT:-142.96522465263425,51.57066213950527,54.1221227860781,61.49480614756144,38.22962922363977,5.697876024623585,-186.59709410912234,80.01475880090149,27.078454587315697,67.29610709595316
Random951
Raw:-142.9652246526342,51.57066213950528,54.122122786078116,61.494806147561455,38.22962922363978,5.697876024623605,-186.59709410912225,80.01475880090149,27.078454587315722,67.29610709595318
EFT:-142.96522465263425,51.57066213950527,54.1221227860781,61.49480614756144,38.22962922363977,5.697876024623585,-186.59709410912234,80.01475880090149,27.078454587315697,67.29610709595316
Random952
Raw:-142.96522465263422,51.57066213950528,54.122122786078116,61.494806147561455,38.22962922363978,5.697876024623596,-186.5970941091223,80.01475880090149,27.078454587315715,67.29610709595318
EFT:-142.96522465263425,51.57066213950527,54.1221227860781,61.49480614756144,38.22962922363977,5.697876024623585,-186.59709410912234,80.01475880090149,27.078454587315697,67.29610709595316
Random953
Raw:-142.96522465263425,51.570662139505295,54.12212278607813,61.49480614756147,38.22962922363978,5.697876024623599,-186.59709410912234,80.01475880090152,27.07845458731573,67.29610709595319
EFT:-142.96522465263425,51.57066213950527,54.1221227860781,61.49480614756144,38.22962922363977,5.697876024623585,-186.59709410912234,80.01475880090149,27.078454587315697,67.29610709595316
Random954
Raw:-142.96522465263425,51.57066213950532,54.12212278607815,61.49480614756151,38.22962922363981,5.697876024623622,-186.59709410912237,80.01475880090155,27.078454587315754,67.29610709595322
EFT:-142.96522465263425,51.57066213950527,54.1221227860781,61.49480614756144,38.22962922363977,5.697876024623585,-186.59709410912234,80.01475880090149,27.078454587315697,67.29610709595316
Random955
Raw:-142.96522465263428,51.570662139505295,54.122122786078116,61.49480614756147,38.22962922363978,5.69787602462359,-186.5970941091224,80.01475880090152,27.078454587315715,67.29610709595318
EFT:-142.96522465263425,51.57066213950527,54.1221227860781,61.49480614756144,38.22962922363977,5.697876024623585,-186.59709410912234,80.01475880090149,27.078454587315697,67.29610709595316
Random956
Raw:-142.96522465263428,51.570662139505295,54.12212278607812,61.49480614756147,38.22962922363978,5.697876024623588,-186.59709410912237,80.01475880090152,27.078454587315715,67.29610709595319
EFT:-142.96522465263425,51.57066213950527,54.1221227860781,61.49480614756144,38.22962922363977,5.697876024623585,-186.59709410912234,80.01475880090149,27.078454587315697,67.29610709595316
Random957
Raw:-142.96522465263428,51.5706621395053,54.12212278607813,61.494806147561484,38.2296292236398,5.697876024623597,-186.59709410912237,80.01475880090152,27.078454587315722,67.29610709595319
EFT:-142.96522465263425,51.57066213950527,54.1221227860781,61.49480614756144,38.22962922363977,5.697876024623585,-186.59709410912234,80.01475880090149,27.078454587315697,67.29610709595316
Random958
Raw:-142.96522465263425,51.5706621395053,54.12212278607813,61.49480614756148,38.2296292236398,5.697876024623607,-186.59709410912234,80.01475880090152,27.078454587315733,67.2961070959532
EFT:-142.96522465263425,51.57066213950527,54.1221227860781,61.49480614756144,38.22962922363977,5.697876024623585,-186.59709410912234,80.01475880090149,27.078454587315697,67.29610709595316
Random959
Raw:-142.96522465263422,51.57066213950528,54.122122786078116,61.494806147561455,38.229629223639776,5.697876024623594,-186.5970941091223,80.01475880090149,27.078454587315708,67.29610709595318
EFT:-142.96522465263425,51.57066213950527,54.1221227860781,61.49480614756144,38.22962922363977,5.697876024623585,-186.59709410912234,80.01475880090149,27.078454587315697,67.29610709595316
Random960
Raw:-142.96522465263425,51.57066213950529,54.12212278607811,61.494806147561455,38.22962922363979,5.697876024623596,-186.59709410912234,80.0147588009015,27.078454587315715,67.29610709595319
EFT:-142.96522465263425,51.57066213950527,54.1221227860781,61.49480614756144,38.22962922363977,5.697876024623585,-186.59709410912234,80.01475880090149,27.078454587315697,67.29610709595316
Random961
Raw:-142.9652246526343,51.570662139505295,54.12212278607812,61.49480614756147,38.22962922363978,5.6978760246235804,-186.5970941091224,80.01475880090152,27.078454587315704,67.29610709595319
EFT:-142.96522465263425,51.57066213950527,54.1221227860781,61.49480614756144,38.22962922363977,5.697876024623585,-186.59709410912234,80.01475880090149,27.078454587315697,67.29610709595316
Random962
Raw:-142.96522465263425,51.57066213950529,54.122122786078116,61.49480614756146,38.22962922363978,5.697876024623591,-186.59709410912234,80.0147588009015,27.078454587315715,67.29610709595319
EFT:-142.96522465263425,51.57066213950527,54.1221227860781,61.49480614756144,38.22962922363977,5.697876024623585,-186.59709410912234,80.01475880090149,27.078454587315697,67.29610709595316
Random963
Raw:-142.96522465263422,51.57066213950528,54.122122786078116,61.49480614756146,38.22962922363978,5.697876024623601,-186.5970941091223,80.01475880090149,27.078454587315715,67.29610709595318
EFT:-142.96522465263425,51.57066213950527,54.1221227860781,61.49480614756144,38.22962922363977,5.697876024623585,-186.59709410912234,80.01475880090149,27.078454587315697,67.29610709595316
Random964
Raw:-142.96522465263428,51.57066213950531,54.12212278607813,61.494806147561484,38.2296292236398,5.697876024623604,-186.59709410912237,80.01475880090153,27.07845458731573,67.29610709595319
EFT:-142.96522465263425,51.57066213950527,54.1221227860781,61.49480614756144,38.22962922363977,5.697876024623585,-186.59709410912234,80.01475880090149,27.078454587315697,67.29610709595316
Random965
Raw:-142.9652246526342,51.570662139505274,54.12212278607811,61.49480614756144,38.22962922363977,5.697876024623594,-186.59709410912225,80.01475880090148,27.078454587315708,67.29610709595316
EFT:-142.96522465263425,51.57066213950527,54.1221227860781,61.49480614756144,38.22962922363977,5.697876024623585,-186.59709410912234,80.01475880090149,27.078454587315697,67.29610709595316
Random966
Raw:-142.96522465263422,51.57066213950528,54.12212278607811,61.49480614756145,38.22962922363978,5.697876024623594,-186.5970941091223,80.01475880090149,27.078454587315708,67.29610709595318
EFT:-142.96522465263425,51.57066213950527,54.1221227860781,61.49480614756144,38.22962922363977,5.697876024623585,-186.59709410912234,80.01475880090149,27.078454587315697,67.29610709595316
Random967
Raw:-142.9652246526342,51.570662139505274,54.1221227860781,61.49480614756144,38.22962922363977,5.697876024623593,-186.59709410912225,80.01475880090148,27.078454587315708,67.29610709595316
EFT:-142.96522465263425,51.57066213950527,54.1221227860781,61.49480614756144,38.22962922363977,5.697876024623585,-186.59709410912234,80.01475880090149,27.078454587315697,67.29610709595316
Random968
Raw:-142.96522465263413,51.57066213950529,54.12212278607812,61.49480614756147,38.22962922363978,5.697876024623618,-186.59709410912222,80.01475880090149,27.078454587315736,67.29610709595318
EFT:-142.96522465263425,51.57066213950527,54.1221227860781,61.49480614756144,38.22962922363977,5.697876024623585,-186.59709410912234,80.01475880090149,27.078454587315697,67.29610709595316
Random969
Raw:-142.9652246526342,51.57066213950527,54.12212278607809,61.494806147561434,38.22962922363977,5.697876024623591,-186.59709410912225,80.01475880090148,27.0784545873157,67.29610709595316
EFT:-142.96522465263425,51.57066213950527,54.1221227860781,61.49480614756144,38.22962922363977,5.697876024623585,-186.59709410912234,80.01475880090149,27.078454587315697,67.29610709595316
Random970
Raw:-142.9652246526342,51.570662139505274,54.1221227860781,61.49480614756144,38.22962922363977,5.697876024623593,-186.59709410912225,80.01475880090148,27.078454587315708,67.29610709595316
EFT:-142.96522465263425,51.57066213950527,54.1221227860781,61.49480614756144,38.22962922363977,5.697876024623585,-186.59709410912234,80.01475880090149,27.078454587315697,67.29610709595316
Random971
Raw:-142.96522465263413,51.57066213950526,54.12212278607809,61.494806147561434,38.22962922363976,5.697876024623598,-186.5970941091222,80.01475880090145,27.078454587315708,67.29610709595315
EFT:-142.96522465263425,51.57066213950527,54.1221227860781,61.49480614756144,38.22962922363977,5.697876024623585,-186.59709410912234,80.01475880090149,27.078454587315697,67.29610709595316
Random972
Raw:-142.96522465263422,51.570662139505274,54.1221227860781,61.49480614756145,38.229629223639776,5.697876024623588,-186.5970941091223,80.01475880090149,27.0784545873157,67.29610709595318
EFT:-142.96522465263425,51.57066213950527,54.1221227860781,61.49480614756144,38.22962922363977,5.697876024623585,-186.59709410912234,80.01475880090149,27.078454587315697,67.29610709595316
Random973
Raw:-142.96522465263425,51.570662139505295,54.122122786078116,61.49480614756146,38.22962922363979,5.697876024623595,-186.59709410912234,80.0147588009015,27.078454587315715,67.29610709595319
EFT:-142.96522465263425,51.57066213950527,54.1221227860781,61.49480614756144,38.22962922363977,5.697876024623585,-186.59709410912234,80.01475880090149,27.078454587315697,67.29610709595316
Random974
Raw:-142.96522465263425,51.5706621395053,54.12212278607813,61.49480614756147,38.2296292236398,5.697876024623607,-186.59709410912234,80.01475880090152,27.07845458731573,67.2961070959532
EFT:-142.96522465263425,51.57066213950527,54.1221227860781,61.49480614756144,38.22962922363977,5.697876024623585,-186.59709410912234,80.01475880090149,27.078454587315697,67.29610709595316
Random975
Raw:-142.9652246526342,51.57066213950528,54.122122786078116,61.49480614756146,38.22962922363978,5.697876024623609,-186.59709410912225,80.01475880090149,27.07845458731573,67.29610709595318
EFT:-142.96522465263425,51.57066213950527,54.1221227860781,61.49480614756144,38.22962922363977,5.697876024623585,-186.59709410912234,80.01475880090149,27.078454587315697,67.29610709595316
Random976
Raw:-142.96522465263425,51.57066213950528,54.122122786078116,61.494806147561455,38.22962922363977,5.697876024623583,-186.59709410912234,80.0147588009015,27.078454587315704,67.29610709595318
EFT:-142.96522465263425,51.57066213950527,54.1221227860781,61.49480614756144,38.22962922363977,5.697876024623585,-186.59709410912234,80.01475880090149,27.078454587315697,67.29610709595316
Random977
Raw:-142.96522465263425,51.57066213950527,54.122122786078094,61.494806147561434,38.22962922363977,5.6978760246235804,-186.59709410912234,80.01475880090148,27.078454587315687,67.29610709595316
EFT:-142.96522465263425,51.57066213950527,54.1221227860781,61.49480614756144,38.22962922363977,5.697876024623585,-186.59709410912234,80.01475880090149,27.078454587315697,67.29610709595316
Random978
Raw:-142.96522465263425,51.57066213950529,54.122122786078116,61.494806147561455,38.229629223639776,5.697876024623588,-186.59709410912237,80.0147588009015,27.078454587315708,67.29610709595318
EFT:-142.96522465263425,51.57066213950527,54.1221227860781,61.49480614756144,38.22962922363977,5.697876024623585,-186.59709410912234,80.01475880090149,27.078454587315697,67.29610709595316
Random979
Raw:-142.96522465263425,51.570662139505295,54.12212278607812,61.49480614756147,38.22962922363978,5.697876024623598,-186.59709410912234,80.0147588009015,27.078454587315722,67.29610709595319
EFT:-142.96522465263425,51.57066213950527,54.1221227860781,61.49480614756144,38.22962922363977,5.697876024623585,-186.59709410912234,80.01475880090149,27.078454587315697,67.29610709595316
Random980
Raw:-142.96522465263422,51.57066213950527,54.1221227860781,61.494806147561434,38.22962922363976,5.697876024623577,-186.5970941091223,80.01475880090148,27.07845458731569,67.29610709595316
EFT:-142.96522465263425,51.57066213950527,54.1221227860781,61.49480614756144,38.22962922363977,5.697876024623585,-186.59709410912234,80.01475880090149,27.078454587315697,67.29610709595316
Random981
Raw:-142.96522465263422,51.57066213950525,54.12212278607808,61.49480614756141,38.22962922363975,5.697876024623573,-186.59709410912228,80.01475880090146,27.078454587315687,67.29610709595313
EFT:-142.96522465263425,51.57066213950527,54.1221227860781,61.49480614756144,38.22962922363977,5.697876024623585,-186.59709410912234,80.01475880090149,27.078454587315697,67.29610709595316
Random982
Raw:-142.96522465263428,51.57066213950528,54.12212278607811,61.494806147561455,38.229629223639776,5.697876024623586,-186.59709410912234,80.0147588009015,27.078454587315708,67.29610709595318
EFT:-142.96522465263425,51.57066213950527,54.1221227860781,61.49480614756144,38.22962922363977,5.697876024623585,-186.59709410912234,80.01475880090149,27.078454587315697,67.29610709595316
Random983
Raw:-142.96522465263422,51.57066213950529,54.122122786078116,61.49480614756147,38.22962922363978,5.697876024623602,-186.5970941091223,80.0147588009015,27.078454587315715,67.29610709595318
EFT:-142.96522465263425,51.57066213950527,54.1221227860781,61.49480614756144,38.22962922363977,5.697876024623585,-186.59709410912234,80.01475880090149,27.078454587315697,67.29610709595316
Random984
Raw:-142.96522465263425,51.5706621395053,54.12212278607813,61.49480614756147,38.22962922363979,5.6978760246236035,-186.59709410912234,80.01475880090152,27.07845458731573,67.29610709595319
EFT:-142.96522465263425,51.57066213950527,54.1221227860781,61.49480614756144,38.22962922363977,5.697876024623585,-186.59709410912234,80.01475880090149,27.078454587315697,67.29610709595316
Random985
Raw:-142.96522465263425,51.5706621395053,54.12212278607812,61.49480614756147,38.22962922363979,5.697876024623602,-186.59709410912234,80.01475880090152,27.07845458731573,67.29610709595319
EFT:-142.96522465263425,51.57066213950527,54.1221227860781,61.49480614756144,38.22962922363977,5.697876024623585,-186.59709410912234,80.01475880090149,27.078454587315697,67.29610709595316
Random986
Raw:-142.96522465263422,51.570662139505274,54.12212278607811,61.49480614756145,38.229629223639776,5.697876024623593,-186.5970941091223,80.01475880090149,27.078454587315708,67.29610709595318
EFT:-142.96522465263425,51.57066213950527,54.1221227860781,61.49480614756144,38.22962922363977,5.697876024623585,-186.59709410912234,80.01475880090149,27.078454587315697,67.29610709595316
Random987
Raw:-142.96522465263425,51.570662139505295,54.122122786078116,61.49480614756147,38.22962922363978,5.697876024623597,-186.59709410912234,80.0147588009015,27.078454587315722,67.29610709595319
EFT:-142.96522465263425,51.57066213950527,54.1221227860781,61.49480614756144,38.22962922363977,5.697876024623585,-186.59709410912234,80.01475880090149,27.078454587315697,67.29610709595316
Random988
Raw:-142.9652246526342,51.570662139505295,54.12212278607813,61.49480614756149,38.2296292236398,5.697876024623614,-186.5970941091223,80.0147588009015,27.078454587315736,67.29610709595319
EFT:-142.96522465263425,51.57066213950527,54.1221227860781,61.49480614756144,38.22962922363977,5.697876024623585,-186.59709410912234,80.01475880090149,27.078454587315697,67.29610709595316
Random989
Raw:-142.9652246526342,51.57066213950527,54.1221227860781,61.494806147561434,38.22962922363977,5.6978760246235955,-186.59709410912225,80.01475880090148,27.078454587315708,67.29610709595316
EFT:-142.96522465263425,51.57066213950527,54.1221227860781,61.49480614756144,38.22962922363977,5.697876024623585,-186.59709410912234,80.01475880090149,27.078454587315697,67.29610709595316
Random990
Raw:-142.96522465263422,51.57066213950528,54.122122786078116,61.494806147561455,38.229629223639776,5.697876024623594,-186.5970941091223,80.01475880090149,27.078454587315708,67.29610709595318
EFT:-142.96522465263425,51.57066213950527,54.1221227860781,61.49480614756144,38.22962922363977,5.697876024623585,-186.59709410912234,80.01475880090149,27.078454587315697,67.29610709595316
Random991
Raw:-142.9652246526342,51.570662139505274,54.12212278607811,61.49480614756144,38.22962922363977,5.697876024623598,-186.59709410912225,80.01475880090148,27.078454587315715,67.29610709595316
EFT:-142.96522465263425,51.57066213950527,54.1221227860781,61.49480614756144,38.22962922363977,5.697876024623585,-186.59709410912234,80.01475880090149,27.078454587315697,67.29610709595316
Random992
Raw:-142.96522465263422,51.57066213950528,54.12212278607811,61.49480614756146,38.2296292236398,5.697876024623605,-186.5970941091223,80.01475880090149,27.078454587315722,67.29610709595319
EFT:-142.96522465263425,51.57066213950527,54.1221227860781,61.49480614756144,38.22962922363977,5.697876024623585,-186.59709410912234,80.01475880090149,27.078454587315697,67.29610709595316
Random993
Raw:-142.96522465263422,51.57066213950529,54.122122786078116,61.49480614756146,38.22962922363978,5.697876024623597,-186.5970941091223,80.0147588009015,27.07845458731572,67.29610709595318
EFT:-142.96522465263425,51.57066213950527,54.1221227860781,61.49480614756144,38.22962922363977,5.697876024623585,-186.59709410912234,80.01475880090149,27.078454587315697,67.29610709595316
Random994
Raw:-142.96522465263425,51.57066213950527,54.122122786078094,61.494806147561434,38.22962922363977,5.697876024623584,-186.59709410912234,80.01475880090148,27.078454587315694,67.29610709595316
EFT:-142.96522465263425,51.57066213950527,54.1221227860781,61.49480614756144,38.22962922363977,5.697876024623585,-186.59709410912234,80.01475880090149,27.078454587315697,67.29610709595316
Random995
Raw:-142.96522465263428,51.570662139505295,54.12212278607812,61.49480614756146,38.229629223639776,5.697876024623585,-186.59709410912237,80.01475880090152,27.078454587315708,67.29610709595318
EFT:-142.96522465263425,51.57066213950527,54.1221227860781,61.49480614756144,38.22962922363977,5.697876024623585,-186.59709410912234,80.01475880090149,27.078454587315697,67.29610709595316
Random996
Raw:-142.96522465263422,51.57066213950528,54.122122786078116,61.494806147561455,38.22962922363978,5.6978760246235955,-186.5970941091223,80.01475880090149,27.078454587315715,67.29610709595318
EFT:-142.96522465263425,51.57066213950527,54.1221227860781,61.49480614756144,38.22962922363977,5.697876024623585,-186.59709410912234,80.01475880090149,27.078454587315697,67.29610709595316
Random997
Raw:-142.96522465263428,51.570662139505274,54.122122786078094,61.494806147561434,38.229629223639776,5.697876024623584,-186.59709410912234,80.01475880090149,27.078454587315694,67.29610709595318
EFT:-142.96522465263425,51.57066213950527,54.1221227860781,61.49480614756144,38.22962922363977,5.697876024623585,-186.59709410912234,80.01475880090149,27.078454587315697,67.29610709595316
Random998
Raw:-142.96522465263425,51.5706621395053,54.12212278607813,61.49480614756147,38.22962922363979,5.697876024623602,-186.59709410912234,80.01475880090152,27.07845458731573,67.29610709595319
EFT:-142.96522465263425,51.57066213950527,54.1221227860781,61.49480614756144,38.22962922363977,5.697876024623585,-186.59709410912234,80.01475880090149,27.078454587315697,67.29610709595316
Random999
Raw:-142.96522465263422,51.570662139505274,54.12212278607811,61.49480614756145,38.229629223639776,5.697876024623592,-186.5970941091223,80.01475880090149,27.078454587315708,67.29610709595318
EFT:-142.96522465263425,51.57066213950527,54.1221227860781,61.49480614756144,38.22962922363977,5.697876024623585,-186.59709410912234,80.01475880090149,27.078454587315697,67.29610709595316
Random1000
Raw:-142.96522465263425,51.57066213950529,54.122122786078116,61.494806147561455,38.22962922363978,5.697876024623591,-186.59709410912234,80.0147588009015,27.078454587315708,67.29610709595318
EFT:-142.96522465263425,51.57066213950527,54.1221227860781,61.49480614756144,38.22962922363977,5.697876024623585,-186.59709410912234,80.01475880090149,27.078454587315697,67.29610709595316
