Ascend
Raw:10.047588,-12.610942,-1.7807789,-5.001579,-2.843003,-4.2506037,-3.137756,-6.1807556,-4.049808,-0.73317635
EFT:10.047587,-12.610942,-1.7807795,-5.0015793,-2.843005,-4.2506037,-3.1377554,-6.180758,-4.049808,-0.73317826
Descend
Raw:10.047591,-12.610948,-1.7807808,-5.0015826,-2.8430061,-4.2506065,-3.137758,-6.18076,-4.049811,-0.7331783
EFT:10.047587,-12.610942,-1.7807795,-5.0015793,-2.843005,-4.2506037,-3.1377554,-6.180758,-4.049808,-0.73317826
Random1
Raw:10.04759,-12.610942,-1.780777,-5.001576,-2.8430018,-4.250602,-3.1377525,-6.1807556,-4.0498066,-0.7331759
EFT:10.047587,-12.610942,-1.7807795,-5.0015793,-2.843005,-4.250604,-3.1377554,-6.180758,-4.049808,-0.73317826
Random2
Raw:10.047586,-12.610942,-1.7807784,-5.001578,-2.843003,-4.250603,-3.137755,-6.180756,-4.049807,-0.73317635
EFT:10.047587,-12.610942,-1.7807795,-5.0015793,-2.843005,-4.250604,-3.1377554,-6.180758,-4.049808,-0.73317826
Random3
Raw:10.047588,-12.61094,-1.7807782,-5.001578,-2.8430035,-4.250603,-3.1377542,-6.1807575,-4.049807,-0.7331772
EFT:10.047587,-12.610942,-1.7807795,-5.0015793,-2.843005,-4.2506037,-3.1377554,-6.180758,-4.049808,-0.73317826
Random4
Raw:10.047587,-12.610941,-1.7807788,-5.001579,-2.8430054,-4.250603,-3.1377544,-6.1807585,-4.0498075,-0.7331787
EFT:10.047587,-12.610942,-1.7807795,-5.0015793,-2.843005,-4.250604,-3.1377554,-6.180758,-4.049808,-0.73317826
Random5
Raw:10.047589,-12.610944,-1.7807801,-5.0015817,-2.8430068,-4.2506056,-3.1377575,-6.1807594,-4.04981,-0.733179
EFT:10.047587,-12.610942,-1.7807795,-5.0015793,-2.843005,-4.2506037,-3.1377554,-6.180758,-4.049808,-0.73317826
Random6
Raw:10.047589,-12.610947,-1.7807802,-5.0015817,-2.8430054,-4.2506056,-3.1377585,-6.1807575,-4.0498104,-0.733178
EFT:10.047587,-12.610942,-1.7807795,-5.0015793,-2.843005,-4.2506037,-3.1377554,-6.180758,-4.049808,-0.73317826
Random7
Raw:10.047589,-12.610944,-1.7807801,-5.0015817,-2.8430061,-4.2506056,-3.1377575,-6.1807585,-4.04981,-0.7331789
EFT:10.047587,-12.610942,-1.7807795,-5.0015793,-2.843005,-4.2506037,-3.1377554,-6.180758,-4.049808,-0.73317826
Random8
Raw:10.047589,-12.610942,-1.7807784,-5.0015783,-2.843004,-4.250603,-3.137754,-6.180758,-4.0498075,-0.7331776
EFT:10.047587,-12.610942,-1.7807795,-5.0015793,-2.843005,-4.2506037,-3.1377554,-6.180758,-4.049808,-0.73317826
Random9
Raw:10.047588,-12.610943,-1.7807803,-5.0015817,-2.843006,-4.2506056,-3.1377573,-6.1807585,-4.0498095,-0.7331792
EFT:10.047587,-12.610942,-1.7807795,-5.0015793,-2.843005,-4.2506037,-3.1377554,-6.180758,-4.049808,-0.73317826
Random10
Raw:10.047588,-12.610943,-1.7807803,-5.001581,-2.8430066,-4.2506056,-3.1377568,-6.180759,-4.049809,-0.7331799
EFT:10.047587,-12.610942,-1.7807795,-5.0015793,-2.843005,-4.2506037,-3.1377554,-6.180758,-4.049808,-0.73317826
Random11
Raw:10.047589,-12.610943,-1.7807795,-5.001579,-2.8430047,-4.2506037,-3.1377544,-6.1807585,-4.049808,-0.73317873
EFT:10.047587,-12.610942,-1.7807795,-5.0015793,-2.843005,-4.2506037,-3.1377554,-6.180758,-4.049808,-0.73317826
Random12
Raw:10.047588,-12.61094,-1.7807772,-5.001577,-2.8430018,-4.2506022,-3.1377535,-6.180755,-4.049807,-0.73317575
EFT:10.047587,-12.610942,-1.7807795,-5.0015793,-2.843005,-4.2506037,-3.1377554,-6.180758,-4.049808,-0.73317826
Random13
Raw:10.047592,-12.610944,-1.780778,-5.001579,-2.8430033,-4.250604,-3.1377556,-6.180756,-4.0498085,-0.73317635
EFT:10.047587,-12.610942,-1.7807795,-5.0015793,-2.843005,-4.2506037,-3.1377554,-6.180758,-4.049808,-0.73317826
Random14
Raw:10.047591,-12.610945,-1.7807803,-5.001581,-2.8430054,-4.2506056,-3.137757,-6.1807585,-4.04981,-0.7331782
EFT:10.047587,-12.610942,-1.7807795,-5.0015793,-2.843005,-4.250604,-3.1377554,-6.180758,-4.049808,-0.73317826
Random15
Raw:10.047589,-12.610945,-1.7807807,-5.0015817,-2.8430052,-4.2506056,-3.137758,-6.180758,-4.0498095,-0.7331786
EFT:10.047587,-12.610942,-1.7807795,-5.0015793,-2.843005,-4.2506037,-3.1377554,-6.180758,-4.049808,-0.73317826
Random16
Raw:10.047588,-12.610946,-1.7807811,-5.001582,-2.843006,-4.250606,-3.1377587,-6.1807585,-4.0498104,-0.733178
EFT:10.047587,-12.610942,-1.7807795,-5.0015793,-2.843005,-4.250604,-3.1377554,-6.180758,-4.049808,-0.73317826
Random17
Raw:10.047587,-12.610942,-1.7807795,-5.0015798,-2.843006,-4.250604,-3.1377552,-6.1807594,-4.0498075,-0.7331796
EFT:10.047587,-12.610942,-1.7807795,-5.0015793,-2.843005,-4.250604,-3.1377554,-6.180758,-4.049808,-0.73317826
Random18
Raw:10.047587,-12.610937,-1.7807772,-5.0015755,-2.8430028,-4.250601,-3.1377509,-6.1807566,-4.0498047,-0.73317754
EFT:10.047587,-12.610942,-1.7807795,-5.0015793,-2.843005,-4.2506037,-3.1377554,-6.180758,-4.049808,-0.73317826
Random19
Raw:10.047586,-12.610938,-1.7807784,-5.001578,-2.8430047,-4.2506027,-3.1377537,-6.1807575,-4.0498066,-0.73317885
EFT:10.047587,-12.610942,-1.7807795,-5.0015793,-2.843005,-4.2506037,-3.1377554,-6.180758,-4.049808,-0.73317826
Random20
Raw:10.047585,-12.610941,-1.7807807,-5.0015807,-2.8430064,-4.250605,-3.1377573,-6.1807585,-4.0498085,-0.7331799
EFT:10.047587,-12.610942,-1.7807795,-5.0015793,-2.843005,-4.2506037,-3.1377554,-6.180758,-4.049808,-0.73317826
Random21
Raw:10.047588,-12.610945,-1.7807809,-5.0015817,-2.8430066,-4.250606,-3.1377578,-6.1807594,-4.0498095,-0.7331797
EFT:10.047587,-12.610942,-1.7807795,-5.0015793,-2.843005,-4.2506037,-3.1377554,-6.180758,-4.049808,-0.73317826
Random22
Raw:10.047586,-12.610945,-1.7807821,-5.0015826,-2.843007,-4.2506065,-3.1377594,-6.1807594,-4.0498104,-0.73318017
EFT:10.047587,-12.610942,-1.7807795,-5.0015793,-2.843005,-4.250604,-3.1377554,-6.180758,-4.049808,-0.73317826
Random23
Raw:10.047589,-12.610946,-1.7807801,-5.001581,-2.8430064,-4.2506056,-3.1377573,-6.1807594,-4.04981,-0.7331792
EFT:10.047587,-12.610942,-1.7807795,-5.0015793,-2.843005,-4.2506037,-3.1377554,-6.180758,-4.049808,-0.73317826
Random24
Raw:10.047591,-12.610941,-1.7807765,-5.001576,-2.8430004,-4.250602,-3.137753,-6.1807537,-4.049806,-0.73317444
EFT:10.047587,-12.610942,-1.7807795,-5.0015793,-2.843005,-4.2506037,-3.1377554,-6.180758,-4.049808,-0.73317826
Random25
Raw:10.047588,-12.610944,-1.7807813,-5.0015826,-2.8430073,-4.2506065,-3.137758,-6.18076,-4.04981,-0.73318017
EFT:10.047587,-12.610942,-1.7807795,-5.0015793,-2.843005,-4.2506037,-3.1377554,-6.180758,-4.049808,-0.73317826
Random26
Raw:10.047588,-12.610946,-1.7807811,-5.001582,-2.8430061,-4.2506065,-3.1377583,-6.180759,-4.04981,-0.7331785
EFT:10.047587,-12.610942,-1.7807795,-5.0015793,-2.843005,-4.2506037,-3.1377554,-6.180758,-4.049808,-0.73317826
Random27
Raw:10.0475855,-12.610939,-1.7807794,-5.001578,-2.8430052,-4.250603,-3.1377537,-6.1807585,-4.049807,-0.73317945
EFT:10.047587,-12.610942,-1.7807795,-5.0015793,-2.843005,-4.250604,-3.1377554,-6.180758,-4.049808,-0.73317826
Random28
Raw:10.04759,-12.610945,-1.7807803,-5.0015807,-2.8430061,-4.2506046,-3.137756,-6.18076,-4.049809,-0.7331797
EFT:10.047587,-12.610942,-1.7807795,-5.0015793,-2.843005,-4.2506037,-3.1377554,-6.180758,-4.049808,-0.73317826
Random29
Raw:10.04759,-12.610946,-1.7807802,-5.0015807,-2.8430052,-4.2506056,-3.1377573,-6.1807585,-4.0498095,-0.73317826
EFT:10.047587,-12.610942,-1.7807795,-5.0015793,-2.843005,-4.250604,-3.1377554,-6.180758,-4.049808,-0.73317826
Random30
Raw:10.047585,-12.610942,-1.7807817,-5.0015817,-2.8430088,-4.2506056,-3.137758,-6.1807613,-4.049809,-0.73318183
EFT:10.047587,-12.610942,-1.7807795,-5.0015793,-2.843005,-4.250604,-3.1377554,-6.180758,-4.049808,-0.73317826
Random31
Raw:10.04759,-12.610945,-1.7807789,-5.0015793,-2.8430035,-4.2506046,-3.137756,-6.180757,-4.0498085,-0.733177
EFT:10.047587,-12.610942,-1.7807795,-5.0015793,-2.843005,-4.2506037,-3.1377554,-6.180758,-4.049808,-0.73317826
Random32
Raw:10.047586,-12.610943,-1.7807807,-5.0015807,-2.8430057,-4.2506056,-3.137758,-6.1807585,-4.049809,-0.73317873
EFT:10.047587,-12.610942,-1.7807795,-5.0015793,-2.843005,-4.2506037,-3.1377554,-6.180758,-4.049808,-0.73317826
Random33
Raw:10.0475855,-12.610942,-1.7807801,-5.00158,-2.8430052,-4.2506046,-3.137757,-6.1807575,-4.049809,-0.7331782
EFT:10.047587,-12.610942,-1.7807795,-5.0015793,-2.843005,-4.2506037,-3.1377554,-6.180758,-4.049808,-0.73317826
Random34
Raw:10.047587,-12.61094,-1.7807775,-5.0015764,-2.8430028,-4.2506022,-3.1377532,-6.1807556,-4.049806,-0.7331766
EFT:10.047587,-12.610942,-1.7807795,-5.0015793,-2.843005,-4.2506037,-3.1377554,-6.180758,-4.049808,-0.73317826
Random35
Raw:10.047587,-12.610943,-1.7807806,-5.0015807,-2.843005,-4.250605,-3.137758,-6.180757,-4.0498095,-0.7331781
EFT:10.047587,-12.610942,-1.7807795,-5.0015793,-2.843005,-4.2506037,-3.1377554,-6.180758,-4.049808,-0.73317826
Random36
Raw:10.047586,-12.610943,-1.7807822,-5.0015826,-2.8430073,-4.2506065,-3.137758,-6.1807604,-4.0498095,-0.73318064
EFT:10.047587,-12.610942,-1.7807795,-5.0015793,-2.843005,-4.2506037,-3.1377554,-6.180758,-4.049808,-0.73317826
Random37
Raw:10.04759,-12.610942,-1.7807776,-5.001577,-2.8430023,-4.2506022,-3.1377537,-6.1807556,-4.0498075,-0.73317564
EFT:10.047587,-12.610942,-1.7807795,-5.0015793,-2.843005,-4.2506037,-3.1377554,-6.180758,-4.049808,-0.73317826
Random38
Raw:10.047586,-12.610944,-1.7807815,-5.001583,-2.843007,-4.250607,-3.1377594,-6.1807594,-4.0498104,-0.73317945
EFT:10.047587,-12.610942,-1.7807795,-5.0015793,-2.843005,-4.250604,-3.1377554,-6.180758,-4.049808,-0.73317826
Random39
Raw:10.047586,-12.610942,-1.7807813,-5.0015817,-2.843008,-4.2506056,-3.1377575,-6.1807594,-4.049809,-0.7331804
EFT:10.047587,-12.610942,-1.7807795,-5.0015793,-2.843005,-4.2506037,-3.1377554,-6.180758,-4.049808,-0.73317826
Random40
Raw:10.04759,-12.610944,-1.7807782,-5.001578,-2.8430016,-4.250603,-3.1377547,-6.1807556,-4.049808,-0.73317516
EFT:10.047587,-12.610942,-1.7807795,-5.0015793,-2.843005,-4.2506037,-3.1377554,-6.180758,-4.049808,-0.73317826
Random41
Raw:10.047586,-12.610942,-1.7807801,-5.00158,-2.8430052,-4.2506046,-3.1377568,-6.180758,-4.049808,-0.73317826
EFT:10.047587,-12.610942,-1.7807795,-5.0015793,-2.843005,-4.2506037,-3.1377554,-6.180758,-4.049808,-0.73317826
Random42
Raw:10.04759,-12.610948,-1.7807806,-5.0015817,-2.843006,-4.2506056,-3.1377575,-6.1807585,-4.0498104,-0.73317826
EFT:10.047587,-12.610942,-1.7807795,-5.0015793,-2.843005,-4.2506037,-3.1377554,-6.180758,-4.049808,-0.73317826
Random43
Raw:10.04759,-12.610945,-1.7807791,-5.00158,-2.8430042,-4.2506046,-3.1377568,-6.1807575,-4.0498095,-0.7331768
EFT:10.047587,-12.610942,-1.7807795,-5.0015793,-2.843005,-4.2506037,-3.1377554,-6.180758,-4.049808,-0.73317826
Random44
Raw:10.047586,-12.61094,-1.7807791,-5.0015783,-2.8430052,-4.2506027,-3.1377537,-6.1807585,-4.049807,-0.73317933
EFT:10.047587,-12.610942,-1.7807795,-5.0015793,-2.843005,-4.2506037,-3.1377554,-6.180758,-4.049808,-0.73317826
Random45
Raw:10.047586,-12.610942,-1.7807809,-5.0015817,-2.8430078,-4.250606,-3.1377575,-6.18076,-4.049809,-0.73318076
EFT:10.047587,-12.610942,-1.7807795,-5.0015793,-2.843005,-4.2506037,-3.1377554,-6.180758,-4.049808,-0.73317826
Random46
Raw:10.047587,-12.610942,-1.7807796,-5.0015798,-2.8430052,-4.250604,-3.1377552,-6.180758,-4.0498085,-0.733179
EFT:10.047587,-12.610942,-1.7807795,-5.0015793,-2.843005,-4.250604,-3.1377554,-6.180758,-4.049808,-0.73317826
Random47
Raw:10.047588,-12.610946,-1.7807811,-5.001582,-2.8430057,-4.2506065,-3.1377594,-6.1807575,-4.049811,-0.73317826
EFT:10.047587,-12.610942,-1.7807795,-5.0015793,-2.843005,-4.2506037,-3.1377554,-6.180758,-4.049808,-0.73317826
Random48
Raw:10.0475855,-12.61094,-1.7807791,-5.001579,-2.843005,-4.2506037,-3.137755,-6.180758,-4.0498075,-0.7331784
EFT:10.047587,-12.610942,-1.7807795,-5.0015793,-2.843005,-4.2506037,-3.1377554,-6.180758,-4.049808,-0.73317826
Random49
Raw:10.047586,-12.610944,-1.7807814,-5.0015826,-2.843007,-4.2506065,-3.1377594,-6.1807594,-4.0498104,-0.7331797
EFT:10.047587,-12.610942,-1.7807795,-5.0015793,-2.843005,-4.250604,-3.1377554,-6.180758,-4.049808,-0.73317826
Random50
Raw:10.04759,-12.610944,-1.7807794,-5.00158,-2.8430052,-4.2506046,-3.137756,-6.180758,-4.049809,-0.7331785
EFT:10.047587,-12.610942,-1.7807795,-5.0015793,-2.843005,-4.2506037,-3.1377554,-6.180758,-4.049808,-0.73317826
Random51
Raw:10.047586,-12.610941,-1.7807798,-5.001579,-2.8430045,-4.250604,-3.1377559,-6.180757,-4.049808,-0.7331785
EFT:10.047587,-12.610942,-1.7807795,-5.0015793,-2.843005,-4.250604,-3.1377554,-6.180758,-4.049808,-0.73317826
Random52
Raw:10.047589,-12.610943,-1.7807798,-5.00158,-2.8430052,-4.250605,-3.1377568,-6.1807575,-4.049809,-0.73317796
EFT:10.047587,-12.610942,-1.7807795,-5.0015793,-2.843005,-4.2506037,-3.1377554,-6.180758,-4.049808,-0.73317826
Random53
Raw:10.047589,-12.610943,-1.7807794,-5.0015798,-2.8430047,-4.250604,-3.1377556,-6.180758,-4.0498085,-0.7331778
EFT:10.047587,-12.610942,-1.7807795,-5.0015793,-2.843005,-4.2506037,-3.1377554,-6.180758,-4.049808,-0.73317826
Random54
Raw:10.047586,-12.610941,-1.7807784,-5.001578,-2.8430037,-4.250603,-3.137755,-6.1807575,-4.049807,-0.7331772
EFT:10.047587,-12.610942,-1.7807795,-5.0015793,-2.843005,-4.2506037,-3.1377554,-6.180758,-4.049808,-0.73317826
Random55
Raw:10.047589,-12.610943,-1.7807791,-5.0015793,-2.8430047,-4.250604,-3.1377554,-6.180758,-4.049808,-0.7331785
EFT:10.047587,-12.610942,-1.7807795,-5.0015793,-2.843005,-4.2506037,-3.1377554,-6.180758,-4.049808,-0.73317826
Random56
Raw:10.047588,-12.610945,-1.7807791,-5.0015798,-2.8430028,-4.2506056,-3.1377585,-6.1807537,-4.0498095,-0.7331754
EFT:10.047587,-12.610942,-1.7807795,-5.0015793,-2.843005,-4.2506037,-3.1377554,-6.180758,-4.049808,-0.73317826
Random57
Raw:10.047586,-12.610942,-1.7807803,-5.0015807,-2.8430068,-4.2506046,-3.1377563,-6.180759,-4.0498085,-0.73318017
EFT:10.047587,-12.610942,-1.7807795,-5.0015793,-2.843005,-4.2506037,-3.1377554,-6.180758,-4.049808,-0.73317826
Random58
Raw:10.047592,-12.610946,-1.7807779,-5.0015783,-2.843002,-4.250604,-3.1377554,-6.1807556,-4.0498085,-0.73317564
EFT:10.047587,-12.610942,-1.7807795,-5.0015793,-2.843005,-4.2506037,-3.1377554,-6.180758,-4.049808,-0.73317826
Random59
Raw:10.047588,-12.610944,-1.7807797,-5.0015798,-2.8430054,-4.250604,-3.1377552,-6.180759,-4.049808,-0.733179
EFT:10.047587,-12.610942,-1.7807795,-5.0015793,-2.843005,-4.2506037,-3.1377554,-6.180758,-4.049808,-0.73317826
Random60
Raw:10.047587,-12.61094,-1.7807786,-5.001578,-2.8430052,-4.2506027,-3.1377535,-6.180758,-4.049807,-0.73317826
EFT:10.047587,-12.610942,-1.7807795,-5.0015793,-2.843005,-4.2506037,-3.1377554,-6.180758,-4.049808,-0.73317826
Random61
Raw:10.047588,-12.610943,-1.7807794,-5.0015783,-2.8430037,-4.250604,-3.1377556,-6.1807575,-4.049808,-0.7331778
EFT:10.047587,-12.610942,-1.7807795,-5.0015793,-2.843005,-4.2506037,-3.1377554,-6.180758,-4.049808,-0.73317826
Random62
Raw:10.047587,-12.610945,-1.7807817,-5.0015836,-2.843008,-4.250607,-3.1377592,-6.180761,-4.0498104,-0.73318064
EFT:10.047587,-12.610942,-1.7807795,-5.0015793,-2.843005,-4.2506037,-3.1377554,-6.180758,-4.049808,-0.73317826
Random63
Raw:10.047587,-12.610942,-1.7807803,-5.0015817,-2.8430068,-4.250605,-3.1377583,-6.1807585,-4.0498095,-0.7331792
EFT:10.047587,-12.610942,-1.7807795,-5.0015793,-2.843005,-4.2506037,-3.1377554,-6.180758,-4.049808,-0.73317826
Random64
Raw:10.047589,-12.610943,-1.7807789,-5.0015793,-2.8430047,-4.250604,-3.1377552,-6.180758,-4.049808,-0.733178
EFT:10.047587,-12.610942,-1.7807795,-5.0015793,-2.843005,-4.2506037,-3.1377554,-6.180758,-4.049808,-0.73317826
Random65
Raw:10.047589,-12.610948,-1.7807813,-5.0015826,-2.8430064,-4.250607,-3.137759,-6.1807594,-4.0498104,-0.73317826
EFT:10.047587,-12.610942,-1.7807795,-5.0015793,-2.843005,-4.250604,-3.1377554,-6.180758,-4.049808,-0.73317826
Random66
Raw:10.047591,-12.610949,-1.7807803,-5.0015826,-2.8430057,-4.2506065,-3.1377592,-6.1807585,-4.049811,-0.73317754
EFT:10.047587,-12.610942,-1.7807795,-5.0015793,-2.843005,-4.2506037,-3.1377554,-6.180758,-4.049808,-0.73317826
Random67
Raw:10.047586,-12.610946,-1.7807827,-5.001585,-2.8430097,-4.2506084,-3.1377609,-6.1807613,-4.049812,-0.7331816
EFT:10.047587,-12.610942,-1.7807795,-5.0015793,-2.843005,-4.2506037,-3.1377554,-6.180758,-4.049808,-0.73317826
Random68
Raw:10.047589,-12.610944,-1.7807803,-5.0015807,-2.8430057,-4.250605,-3.1377556,-6.1807594,-4.0498085,-0.73317933
EFT:10.047587,-12.610942,-1.7807795,-5.0015793,-2.843005,-4.2506037,-3.1377554,-6.180758,-4.049808,-0.73317826
Random69
Raw:10.047587,-12.61094,-1.7807784,-5.001578,-2.843004,-4.2506027,-3.1377544,-6.180757,-4.049807,-0.7331778
EFT:10.047587,-12.610942,-1.7807795,-5.0015793,-2.843005,-4.2506037,-3.1377554,-6.180758,-4.049808,-0.73317826
Random70
Raw:10.047588,-12.610942,-1.7807794,-5.0015793,-2.8430052,-4.2506037,-3.1377547,-6.1807585,-4.049808,-0.7331785
EFT:10.047587,-12.610942,-1.7807795,-5.0015793,-2.843005,-4.2506037,-3.1377554,-6.180758,-4.049808,-0.73317826
Random71
Raw:10.047589,-12.610943,-1.7807794,-5.0015807,-2.8430066,-4.250605,-3.137756,-6.180759,-4.049809,-0.7331792
EFT:10.047587,-12.610942,-1.7807795,-5.0015793,-2.843005,-4.250604,-3.1377554,-6.180758,-4.049808,-0.73317826
Random72
Raw:10.047588,-12.610945,-1.780781,-5.001581,-2.843006,-4.2506056,-3.1377583,-6.1807585,-4.0498095,-0.733179
EFT:10.047587,-12.610942,-1.7807795,-5.0015793,-2.843005,-4.2506037,-3.1377554,-6.180758,-4.049808,-0.73317826
Random73
Raw:10.047586,-12.610942,-1.7807801,-5.0015798,-2.8430052,-4.2506046,-3.1377563,-6.1807575,-4.049808,-0.73317844
EFT:10.047587,-12.610942,-1.7807795,-5.0015793,-2.843005,-4.250604,-3.1377554,-6.180758,-4.049808,-0.73317826
Random74
Raw:10.047586,-12.610943,-1.780781,-5.001581,-2.8430076,-4.2506056,-3.1377566,-6.180762,-4.049809,-0.7331809
EFT:10.047587,-12.610942,-1.7807795,-5.0015793,-2.843005,-4.2506037,-3.1377554,-6.180758,-4.049808,-0.73317826
Random75
Raw:10.047589,-12.610944,-1.7807796,-5.00158,-2.8430047,-4.250605,-3.1377566,-6.1807575,-4.049809,-0.73317754
EFT:10.047587,-12.610942,-1.7807795,-5.0015793,-2.843005,-4.2506037,-3.1377554,-6.180758,-4.049808,-0.73317826
Random76
Raw:10.047588,-12.610945,-1.7807798,-5.00158,-2.8430037,-4.250605,-3.1377578,-6.180757,-4.0498095,-0.73317695
EFT:10.047587,-12.610942,-1.7807795,-5.0015793,-2.843005,-4.2506037,-3.1377554,-6.180758,-4.049808,-0.73317826
Random77
Raw:10.047589,-12.610944,-1.7807802,-5.001581,-2.8430061,-4.250605,-3.1377568,-6.180759,-4.0498095,-0.7331792
EFT:10.047587,-12.610942,-1.7807795,-5.0015793,-2.843005,-4.2506037,-3.1377554,-6.180758,-4.049808,-0.73317826
Random78
Raw:10.047588,-12.610945,-1.7807808,-5.001582,-2.8430061,-4.250606,-3.1377587,-6.1807585,-4.0498104,-0.7331786
EFT:10.047587,-12.610942,-1.7807795,-5.0015793,-2.843005,-4.2506037,-3.1377554,-6.180758,-4.049808,-0.73317826
Random79
Raw:10.047588,-12.610944,-1.7807798,-5.0015807,-2.8430061,-4.250605,-3.1377568,-6.1807585,-4.049809,-0.73317933
EFT:10.047587,-12.610942,-1.7807795,-5.0015793,-2.843005,-4.2506037,-3.1377554,-6.180758,-4.049808,-0.73317826
Random80
Raw:10.047587,-12.610943,-1.7807803,-5.0015798,-2.8430054,-4.2506046,-3.1377559,-6.1807585,-4.0498085,-0.7331785
EFT:10.047587,-12.610942,-1.7807795,-5.0015793,-2.843005,-4.2506037,-3.1377554,-6.180758,-4.049808,-0.73317826
Random81
Raw:10.047585,-12.610942,-1.780782,-5.001583,-2.84301,-4.2506065,-3.1377583,-6.180762,-4.0498095,-0.7331829
EFT:10.047587,-12.610942,-1.7807795,-5.0015793,-2.843005,-4.2506037,-3.1377554,-6.180758,-4.049808,-0.73317826
Random82
Raw:10.047587,-12.61094,-1.7807788,-5.001577,-2.8430035,-4.2506022,-3.1377532,-6.180758,-4.0498066,-0.7331779
EFT:10.047587,-12.610942,-1.7807795,-5.0015793,-2.843005,-4.2506037,-3.1377554,-6.180758,-4.049808,-0.73317826
Random83
Raw:10.047592,-12.610947,-1.7807796,-5.001581,-2.8430042,-4.250605,-3.1377575,-6.1807575,-4.049811,-0.7331763
EFT:10.047587,-12.610942,-1.7807795,-5.0015793,-2.843005,-4.2506037,-3.1377554,-6.180758,-4.049808,-0.73317826
Random84
Raw:10.047588,-12.610939,-1.7807779,-5.001576,-2.8430023,-4.250602,-3.1377523,-6.180756,-4.049806,-0.7331766
EFT:10.047587,-12.610942,-1.7807795,-5.0015793,-2.843005,-4.2506037,-3.1377554,-6.180758,-4.049808,-0.73317826
Random85
Raw:10.047588,-12.610942,-1.7807784,-5.001579,-2.8430037,-4.250603,-3.1377547,-6.1807566,-4.0498075,-0.7331773
EFT:10.047587,-12.610942,-1.7807795,-5.0015793,-2.843005,-4.2506037,-3.1377554,-6.180758,-4.049808,-0.73317826
Random86
Raw:10.047587,-12.610943,-1.7807801,-5.0015807,-2.843006,-4.2506046,-3.137757,-6.1807585,-4.0498085,-0.733179
EFT:10.047587,-12.610942,-1.7807795,-5.0015793,-2.843005,-4.2506037,-3.1377554,-6.180758,-4.049808,-0.73317826
Random87
Raw:10.047588,-12.610946,-1.7807808,-5.001582,-2.8430064,-4.250606,-3.1377587,-6.1807585,-4.0498104,-0.733179
EFT:10.047587,-12.610942,-1.7807795,-5.0015793,-2.843005,-4.2506037,-3.1377554,-6.180758,-4.049808,-0.73317826
Random88
Raw:10.047589,-12.610944,-1.7807791,-5.001578,-2.843002,-4.250603,-3.1377547,-6.1807566,-4.0498075,-0.73317635
EFT:10.047587,-12.610942,-1.7807795,-5.0015793,-2.843005,-4.2506037,-3.1377554,-6.180758,-4.049808,-0.73317826
Random89
Raw:10.047587,-12.610944,-1.780782,-5.0015836,-2.8430088,-4.250607,-3.1377592,-6.1807613,-4.049811,-0.7331811
EFT:10.047587,-12.610942,-1.7807795,-5.0015793,-2.843005,-4.2506037,-3.1377554,-6.180758,-4.049808,-0.73317826
Random90
Raw:10.047588,-12.610942,-1.7807786,-5.001579,-2.8430042,-4.250603,-3.137754,-6.1807585,-4.0498075,-0.73317826
EFT:10.047587,-12.610942,-1.7807795,-5.0015793,-2.843005,-4.2506037,-3.1377554,-6.180758,-4.049808,-0.73317826
Random91
Raw:10.047586,-12.610943,-1.7807813,-5.001582,-2.843008,-4.250606,-3.1377583,-6.180759,-4.0498095,-0.73318017
EFT:10.047587,-12.610942,-1.7807795,-5.0015793,-2.843005,-4.2506037,-3.1377554,-6.180758,-4.049808,-0.73317826
Random92
Raw:10.04759,-12.610946,-1.780781,-5.001582,-2.843007,-4.2506065,-3.1377575,-6.180761,-4.0498104,-0.7331799
EFT:10.047587,-12.610942,-1.7807795,-5.0015793,-2.843005,-4.2506037,-3.1377554,-6.180758,-4.049808,-0.73317826
Random93
Raw:10.04759,-12.610946,-1.7807789,-5.0015793,-2.8430035,-4.250604,-3.1377563,-6.1807566,-4.049809,-0.7331768
EFT:10.047587,-12.610942,-1.7807795,-5.0015793,-2.843005,-4.2506037,-3.1377554,-6.180758,-4.049808,-0.73317826
Random94
Raw:10.047589,-12.610946,-1.7807811,-5.001583,-2.8430078,-4.2506065,-3.1377585,-6.180761,-4.049811,-0.7331801
EFT:10.047587,-12.610942,-1.7807795,-5.0015793,-2.843005,-4.2506037,-3.1377554,-6.180758,-4.049808,-0.73317826
Random95
Raw:10.047589,-12.610944,-1.78078,-5.00158,-2.8430052,-4.250605,-3.1377566,-6.180758,-4.0498085,-0.7331785
EFT:10.047587,-12.610942,-1.7807795,-5.0015793,-2.843005,-4.2506037,-3.1377554,-6.180758,-4.049808,-0.73317826
Random96
Raw:10.047589,-12.610944,-1.7807786,-5.0015783,-2.8430023,-4.2506037,-3.1377556,-6.180756,-4.049808,-0.733176
EFT:10.047587,-12.610942,-1.7807795,-5.0015793,-2.843005,-4.2506037,-3.1377554,-6.180758,-4.049808,-0.73317826
Random97
Raw:10.047586,-12.610943,-1.7807806,-5.00158,-2.8430057,-4.2506046,-3.1377563,-6.1807585,-4.0498085,-0.73317873
EFT:10.047587,-12.610942,-1.7807795,-5.0015793,-2.843005,-4.2506037,-3.1377554,-6.180758,-4.049808,-0.73317826
Random98
Raw:10.047586,-12.610944,-1.7807808,-5.0015817,-2.8430066,-4.2506056,-3.137758,-6.180759,-4.049809,-0.73317945
EFT:10.047587,-12.610942,-1.7807795,-5.0015793,-2.843005,-4.2506037,-3.1377554,-6.180758,-4.049808,-0.73317826
Random99
Raw:10.047587,-12.610942,-1.7807792,-5.001579,-2.843004,-4.2506037,-3.1377554,-6.180757,-4.049808,-0.7331778
EFT:10.047587,-12.610942,-1.7807795,-5.0015793,-2.843005,-4.2506037,-3.1377554,-6.180758,-4.049808,-0.73317826
Random100
Raw:10.04759,-12.610944,-1.7807784,-5.0015793,-2.8430033,-4.250604,-3.1377554,-6.1807575,-4.049808,-0.73317754
EFT:10.047587,-12.610942,-1.7807795,-5.0015793,-2.843005,-4.2506037,-3.1377554,-6.180758,-4.049808,-0.73317826
Random101
Raw:10.047587,-12.610943,-1.7807803,-5.001581,-2.843007,-4.250605,-3.1377566,-6.1807594,-4.049809,-0.73318017
EFT:10.047587,-12.610942,-1.7807795,-5.0015793,-2.843005,-4.2506037,-3.1377554,-6.180758,-4.049808,-0.73317826
Random102
Raw:10.047588,-12.610945,-1.7807806,-5.001581,-2.8430061,-4.250606,-3.137757,-6.180759,-4.0498095,-0.73317945
EFT:10.047587,-12.610942,-1.7807795,-5.0015793,-2.843005,-4.250604,-3.1377554,-6.180758,-4.049808,-0.73317826
Random103
Raw:10.047588,-12.610943,-1.7807801,-5.0015807,-2.8430068,-4.2506056,-3.137757,-6.1807594,-4.049809,-0.7331796
EFT:10.047587,-12.610942,-1.7807795,-5.0015793,-2.843005,-4.250604,-3.1377554,-6.180758,-4.049808,-0.73317826
Random104
Raw:10.047588,-12.610941,-1.7807784,-5.0015783,-2.8430033,-4.250603,-3.1377542,-6.1807566,-4.0498075,-0.7331767
EFT:10.047587,-12.610942,-1.7807795,-5.0015793,-2.843005,-4.2506037,-3.1377554,-6.180758,-4.049808,-0.73317826
Random105
Raw:10.0475855,-12.610941,-1.7807803,-5.0015798,-2.8430066,-4.250604,-3.1377563,-6.18076,-4.049808,-0.7331804
EFT:10.047587,-12.610942,-1.7807795,-5.0015793,-2.843005,-4.2506037,-3.1377554,-6.180758,-4.049808,-0.73317826
Random106
Raw:10.047593,-12.610947,-1.7807786,-5.0015793,-2.8430023,-4.250604,-3.1377559,-6.180757,-4.049809,-0.7331759
EFT:10.047587,-12.610942,-1.7807795,-5.0015793,-2.843005,-4.250604,-3.1377554,-6.180758,-4.049808,-0.73317826
Random107
Raw:10.047588,-12.610945,-1.7807814,-5.0015826,-2.8430066,-4.2506065,-3.137759,-6.1807585,-4.0498104,-0.73317957
EFT:10.047587,-12.610942,-1.7807795,-5.0015793,-2.843005,-4.2506037,-3.1377554,-6.180758,-4.049808,-0.73317826
Random108
Raw:10.047588,-12.610943,-1.780779,-5.0015793,-2.8430042,-4.250604,-3.1377552,-6.1807575,-4.0498085,-0.7331778
EFT:10.047587,-12.610942,-1.7807795,-5.0015793,-2.843005,-4.2506037,-3.1377554,-6.180758,-4.049808,-0.73317826
Random109
Raw:10.047588,-12.610943,-1.78078,-5.0015807,-2.8430061,-4.250605,-3.1377568,-6.180759,-4.0498085,-0.7331793
EFT:10.047587,-12.610942,-1.7807795,-5.0015793,-2.843005,-4.2506037,-3.1377554,-6.180758,-4.049808,-0.73317826
Random110
Raw:10.047588,-12.610943,-1.7807808,-5.001582,-2.8430076,-4.250606,-3.1377568,-6.180762,-4.04981,-0.7331809
EFT:10.047587,-12.610942,-1.7807795,-5.0015793,-2.843005,-4.2506037,-3.1377554,-6.180758,-4.049808,-0.73317826
Random111
Raw:10.047588,-12.61094,-1.7807779,-5.001577,-2.843004,-4.250602,-3.137753,-6.180757,-4.0498066,-0.7331773
EFT:10.047587,-12.610942,-1.7807795,-5.0015793,-2.843005,-4.2506037,-3.1377554,-6.180758,-4.049808,-0.73317826
Random112
Raw:10.04759,-12.610945,-1.7807801,-5.0015807,-2.8430052,-4.250605,-3.1377573,-6.1807575,-4.0498095,-0.73317814
EFT:10.047587,-12.610942,-1.7807795,-5.0015793,-2.843005,-4.2506037,-3.1377554,-6.180758,-4.049808,-0.73317826
Random113
Raw:10.047588,-12.610942,-1.7807792,-5.001579,-2.8430042,-4.250603,-3.1377552,-6.1807575,-4.0498075,-0.7331783
EFT:10.047587,-12.610942,-1.7807795,-5.0015793,-2.843005,-4.2506037,-3.1377554,-6.180758,-4.049808,-0.73317826
Random114
Raw:10.047586,-12.610941,-1.7807792,-5.001579,-2.8430047,-4.2506037,-3.1377552,-6.1807575,-4.0498075,-0.73317826
EFT:10.047587,-12.610942,-1.7807795,-5.0015793,-2.843005,-4.250604,-3.1377554,-6.180758,-4.049808,-0.73317826
Random115
Raw:10.047588,-12.610942,-1.7807791,-5.001579,-2.8430045,-4.250604,-3.1377556,-6.1807575,-4.0498085,-0.73317754
EFT:10.047587,-12.610942,-1.7807795,-5.0015793,-2.843005,-4.2506037,-3.1377554,-6.180758,-4.049808,-0.73317826
Random116
Raw:10.04759,-12.610945,-1.7807796,-5.00158,-2.8430037,-4.2506046,-3.1377566,-6.1807575,-4.0498095,-0.7331773
EFT:10.047587,-12.610942,-1.7807795,-5.0015793,-2.843005,-4.2506037,-3.1377554,-6.180758,-4.049808,-0.73317826
Random117
Raw:10.04759,-12.610947,-1.7807796,-5.00158,-2.8430037,-4.250605,-3.137757,-6.1807575,-4.04981,-0.7331766
EFT:10.047587,-12.610942,-1.7807795,-5.0015793,-2.843005,-4.2506037,-3.1377554,-6.180758,-4.049808,-0.73317826
Random118
Raw:10.0475855,-12.610942,-1.7807791,-5.001578,-2.8430045,-4.250603,-3.1377542,-6.1807585,-4.0498075,-0.7331785
EFT:10.047587,-12.610942,-1.7807795,-5.0015793,-2.843005,-4.2506037,-3.1377554,-6.180758,-4.049808,-0.73317826
Random119
Raw:10.047588,-12.610942,-1.7807794,-5.0015798,-2.8430054,-4.250604,-3.137755,-6.1807585,-4.049808,-0.7331789
EFT:10.047587,-12.610942,-1.7807795,-5.0015793,-2.843005,-4.2506037,-3.1377554,-6.180758,-4.049808,-0.73317826
Random120
Raw:10.0475855,-12.610939,-1.7807794,-5.001578,-2.8430042,-4.2506027,-3.1377544,-6.180757,-4.049807,-0.7331785
EFT:10.047587,-12.610942,-1.7807795,-5.0015793,-2.843005,-4.250604,-3.1377554,-6.180758,-4.049808,-0.73317826
Random121
Raw:10.047588,-12.610943,-1.7807802,-5.0015807,-2.8430054,-4.2506056,-3.1377573,-6.1807585,-4.049809,-0.733179
EFT:10.047587,-12.610942,-1.7807795,-5.0015793,-2.843005,-4.250604,-3.1377554,-6.180758,-4.049808,-0.73317826
Random122
Raw:10.04759,-12.610948,-1.7807817,-5.0015836,-2.8430064,-4.250607,-3.1377594,-6.18076,-4.049812,-0.73317873
EFT:10.047587,-12.610942,-1.7807795,-5.0015793,-2.843005,-4.2506037,-3.1377554,-6.180758,-4.049808,-0.73317826
Random123
Raw:10.047588,-12.61094,-1.7807786,-5.001578,-2.843004,-4.2506027,-3.1377535,-6.180759,-4.049807,-0.7331784
EFT:10.047587,-12.610942,-1.7807795,-5.0015793,-2.843005,-4.2506037,-3.1377554,-6.180758,-4.049808,-0.73317826
Random124
Raw:10.047589,-12.610943,-1.7807789,-5.0015793,-2.843005,-4.250604,-3.1377552,-6.180758,-4.049808,-0.73317826
EFT:10.047587,-12.610942,-1.7807795,-5.0015793,-2.843005,-4.2506037,-3.1377554,-6.180758,-4.049808,-0.73317826
Random125
Raw:10.04759,-12.610944,-1.7807797,-5.00158,-2.8430057,-4.250605,-3.1377559,-6.1807585,-4.049809,-0.733179
EFT:10.047587,-12.610942,-1.7807795,-5.0015793,-2.843005,-4.2506037,-3.1377554,-6.180758,-4.049808,-0.73317826
Random126
Raw:10.047588,-12.610942,-1.7807797,-5.0015798,-2.8430057,-4.250604,-3.1377547,-6.1807585,-4.049808,-0.7331794
EFT:10.047587,-12.610942,-1.7807795,-5.0015793,-2.843005,-4.2506037,-3.1377554,-6.180758,-4.049808,-0.73317826
Random127
Raw:10.0475855,-12.610942,-1.7807811,-5.0015817,-2.843007,-4.2506056,-3.1377583,-6.1807594,-4.049809,-0.73318064
EFT:10.047587,-12.610942,-1.7807795,-5.0015793,-2.843005,-4.2506037,-3.1377554,-6.180758,-4.049808,-0.73317826
Random128
Raw:10.047589,-12.610945,-1.780781,-5.0015826,-2.8430073,-4.250606,-3.1377573,-6.1807613,-4.04981,-0.7331803
EFT:10.047587,-12.610942,-1.7807795,-5.0015793,-2.843005,-4.2506037,-3.1377554,-6.180758,-4.049808,-0.73317826
Random129
Raw:10.047589,-12.610944,-1.7807791,-5.001579,-2.8430035,-4.250604,-3.137756,-6.180756,-4.049808,-0.7331766
EFT:10.047587,-12.610942,-1.7807795,-5.0015793,-2.843005,-4.250604,-3.1377554,-6.180758,-4.049808,-0.73317826
Random130
Raw:10.047587,-12.610941,-1.7807794,-5.001578,-2.8430042,-4.2506037,-3.137755,-6.1807575,-4.049807,-0.7331777
EFT:10.047587,-12.610942,-1.7807795,-5.0015793,-2.843005,-4.2506037,-3.1377554,-6.180758,-4.049808,-0.73317826
Random131
Raw:10.0475855,-12.610941,-1.7807803,-5.0015798,-2.8430057,-4.250604,-3.1377556,-6.180759,-4.049808,-0.7331792
EFT:10.047587,-12.610942,-1.7807795,-5.0015793,-2.843005,-4.2506037,-3.1377554,-6.180758,-4.049808,-0.73317826
Random132
Raw:10.047589,-12.610943,-1.7807791,-5.001579,-2.8430035,-4.250603,-3.1377547,-6.1807575,-4.0498075,-0.73317707
EFT:10.047587,-12.610942,-1.7807795,-5.0015793,-2.843005,-4.2506037,-3.1377554,-6.180758,-4.049808,-0.73317826
Random133
Raw:10.047585,-12.610942,-1.780781,-5.0015817,-2.8430066,-4.250605,-3.1377578,-6.1807594,-4.049809,-0.7331804
EFT:10.047587,-12.610942,-1.7807795,-5.0015793,-2.843005,-4.2506037,-3.1377554,-6.180758,-4.049808,-0.73317826
Random134
Raw:10.04759,-12.610944,-1.7807784,-5.001578,-2.843003,-4.250603,-3.1377547,-6.180757,-4.049808,-0.7331766
EFT:10.047587,-12.610942,-1.7807795,-5.0015793,-2.843005,-4.2506037,-3.1377554,-6.180758,-4.049808,-0.73317826
Random135
Raw:10.047583,-12.610937,-1.7807803,-5.0015798,-2.8430061,-4.250604,-3.1377559,-6.1807575,-4.049807,-0.73318
EFT:10.047587,-12.610942,-1.7807795,-5.0015793,-2.843005,-4.2506037,-3.1377554,-6.180758,-4.049808,-0.73317826
Random136
Raw:10.0475855,-12.61094,-1.7807802,-5.0015807,-2.843007,-4.2506046,-3.1377563,-6.180759,-4.0498085,-0.73318017
EFT:10.047587,-12.610942,-1.7807795,-5.0015793,-2.843005,-4.2506037,-3.1377554,-6.180758,-4.049808,-0.73317826
Random137
Raw:10.047587,-12.610943,-1.7807808,-5.0015817,-2.843006,-4.250606,-3.1377575,-6.1807585,-4.0498095,-0.7331785
EFT:10.047587,-12.610942,-1.7807795,-5.0015793,-2.843005,-4.2506037,-3.1377554,-6.180758,-4.049808,-0.73317826
Random138
Raw:10.047589,-12.610943,-1.7807798,-5.001581,-2.8430061,-4.2506046,-3.1377566,-6.180759,-4.049809,-0.73317903
EFT:10.047587,-12.610942,-1.7807795,-5.0015793,-2.843005,-4.2506037,-3.1377554,-6.180758,-4.049808,-0.73317826
Random139
Raw:10.047588,-12.610944,-1.7807804,-5.001581,-2.843006,-4.2506056,-3.1377573,-6.1807585,-4.049809,-0.733179
EFT:10.047587,-12.610942,-1.7807795,-5.0015793,-2.843005,-4.250604,-3.1377554,-6.180758,-4.049808,-0.73317826
Random140
Raw:10.047586,-12.610942,-1.7807794,-5.0015793,-2.8430042,-4.250604,-3.137756,-6.1807575,-4.049808,-0.73317796
EFT:10.047587,-12.610942,-1.7807795,-5.0015793,-2.843005,-4.2506037,-3.1377554,-6.180758,-4.049808,-0.73317826
Random141
Raw:10.047589,-12.610943,-1.7807789,-5.0015793,-2.8430033,-4.2506037,-3.1377563,-6.1807556,-4.0498085,-0.73317635
EFT:10.047587,-12.610942,-1.7807795,-5.0015793,-2.843005,-4.250604,-3.1377554,-6.180758,-4.049808,-0.73317826
Random142
Raw:10.047585,-12.610943,-1.7807808,-5.0015807,-2.8430066,-4.250604,-3.1377568,-6.1807585,-4.0498085,-0.7331801
EFT:10.047587,-12.610942,-1.7807795,-5.0015793,-2.843005,-4.2506037,-3.1377554,-6.180758,-4.049808,-0.73317826
Random143
Raw:10.04759,-12.610945,-1.7807796,-5.0015807,-2.8430052,-4.250605,-3.1377566,-6.1807585,-4.049809,-0.73317826
EFT:10.047587,-12.610942,-1.7807795,-5.0015793,-2.843005,-4.2506037,-3.1377554,-6.180758,-4.049808,-0.73317826
Random144
Raw:10.047588,-12.610944,-1.7807791,-5.0015793,-2.843003,-4.250604,-3.1377566,-6.1807556,-4.049809,-0.73317635
EFT:10.047587,-12.610942,-1.7807795,-5.0015793,-2.843005,-4.2506037,-3.1377554,-6.180758,-4.049808,-0.73317826
Random145
Raw:10.047586,-12.610942,-1.7807806,-5.0015807,-2.8430076,-4.250605,-3.1377563,-6.1807604,-4.0498085,-0.73318064
EFT:10.047587,-12.610942,-1.7807795,-5.0015793,-2.843005,-4.2506037,-3.1377554,-6.180758,-4.049808,-0.73317826
Random146
Raw:10.047585,-12.610938,-1.7807789,-5.0015774,-2.843005,-4.2506027,-3.1377537,-6.1807575,-4.0498066,-0.733179
EFT:10.047587,-12.610942,-1.7807795,-5.0015793,-2.843005,-4.2506037,-3.1377554,-6.180758,-4.049808,-0.73317826
Random147
Raw:10.04759,-12.610948,-1.780781,-5.001582,-2.8430061,-4.250607,-3.1377597,-6.180759,-4.0498114,-0.73317814
EFT:10.047587,-12.610942,-1.7807795,-5.0015793,-2.843005,-4.2506037,-3.1377554,-6.180758,-4.049808,-0.73317826
Random148
Raw:10.047588,-12.610942,-1.7807798,-5.0015798,-2.843006,-4.250604,-3.1377554,-6.180759,-4.049808,-0.733179
EFT:10.047587,-12.610942,-1.7807795,-5.0015793,-2.843005,-4.2506037,-3.1377554,-6.180758,-4.049808,-0.73317826
Random149
Raw:10.0475855,-12.610942,-1.7807801,-5.0015798,-2.843006,-4.2506037,-3.1377556,-6.180759,-4.049808,-0.73317945
EFT:10.047587,-12.610942,-1.7807795,-5.0015793,-2.843005,-4.2506037,-3.1377554,-6.180758,-4.049808,-0.73317826
Random150
Raw:10.047587,-12.610943,-1.7807806,-5.00158,-2.843006,-4.250605,-3.1377566,-6.1807585,-4.0498085,-0.7331792
EFT:10.047587,-12.610942,-1.7807795,-5.0015793,-2.843005,-4.2506037,-3.1377554,-6.180758,-4.049808,-0.73317826
Random151
Raw:10.047587,-12.610944,-1.780781,-5.001582,-2.8430066,-4.250606,-3.137758,-6.180759,-4.04981,-0.73317957
EFT:10.047587,-12.610942,-1.7807795,-5.0015793,-2.843005,-4.2506037,-3.1377554,-6.180758,-4.049808,-0.73317826
Random152
Raw:10.0475855,-12.61094,-1.7807803,-5.0015807,-2.8430068,-4.2506046,-3.1377563,-6.1807585,-4.049808,-0.73318017
EFT:10.047587,-12.610942,-1.7807795,-5.0015793,-2.843005,-4.2506037,-3.1377554,-6.180758,-4.049808,-0.73317826
Random153
Raw:10.04759,-12.610946,-1.7807803,-5.0015817,-2.8430061,-4.2506056,-3.1377575,-6.1807585,-4.04981,-0.73317873
EFT:10.047587,-12.610942,-1.7807795,-5.0015793,-2.843005,-4.2506037,-3.1377554,-6.180758,-4.049808,-0.73317826
Random154
Raw:10.04759,-12.610944,-1.7807789,-5.001579,-2.843004,-4.2506037,-3.1377547,-6.1807575,-4.049808,-0.7331773
EFT:10.047587,-12.610942,-1.7807795,-5.0015793,-2.843005,-4.2506037,-3.1377554,-6.180758,-4.049808,-0.73317826
Random155
Raw:10.047589,-12.610942,-1.7807786,-5.0015783,-2.8430037,-4.2506037,-3.1377556,-6.1807566,-4.049808,-0.7331766
EFT:10.047587,-12.610942,-1.7807795,-5.0015793,-2.843005,-4.2506037,-3.1377554,-6.180758,-4.049808,-0.73317826
Random156
Raw:10.047589,-12.610945,-1.7807807,-5.0015817,-2.8430064,-4.250606,-3.1377573,-6.1807604,-4.04981,-0.7331796
EFT:10.047587,-12.610942,-1.7807795,-5.0015793,-2.843005,-4.2506037,-3.1377554,-6.180758,-4.049808,-0.73317826
Random157
Raw:10.047587,-12.610945,-1.7807811,-5.0015826,-2.8430066,-4.2506065,-3.137759,-6.180759,-4.0498104,-0.7331795
EFT:10.047587,-12.610942,-1.7807795,-5.0015793,-2.843005,-4.250604,-3.1377554,-6.180758,-4.049808,-0.73317826
Random158
Raw:10.047589,-12.610945,-1.7807806,-5.0015826,-2.8430068,-4.2506065,-3.1377583,-6.1807594,-4.04981,-0.733179
EFT:10.047587,-12.610942,-1.7807795,-5.0015793,-2.843005,-4.2506037,-3.1377554,-6.180758,-4.049808,-0.73317826
Random159
Raw:10.047588,-12.610943,-1.7807796,-5.0015793,-2.8430037,-4.250604,-3.1377556,-6.1807575,-4.049808,-0.73317766
EFT:10.047587,-12.610942,-1.7807795,-5.0015793,-2.843005,-4.2506037,-3.1377554,-6.180758,-4.049808,-0.73317826
Random160
Raw:10.047586,-12.610939,-1.7807791,-5.001579,-2.8430057,-4.2506037,-3.1377544,-6.1807585,-4.049807,-0.73317945
EFT:10.047587,-12.610942,-1.7807795,-5.0015793,-2.843005,-4.2506037,-3.1377554,-6.180758,-4.049808,-0.73317826
Random161
Raw:10.047587,-12.610943,-1.7807794,-5.001579,-2.843004,-4.2506037,-3.1377554,-6.1807575,-4.049808,-0.73317754
EFT:10.047587,-12.610942,-1.7807795,-5.0015793,-2.843005,-4.2506037,-3.1377554,-6.180758,-4.049808,-0.73317826
Random162
Raw:10.047586,-12.610948,-1.7807832,-5.0015855,-2.8430097,-4.2506084,-3.1377609,-6.1807623,-4.0498123,-0.73318136
EFT:10.047587,-12.610942,-1.7807795,-5.0015793,-2.843005,-4.2506037,-3.1377554,-6.180758,-4.049808,-0.73317826
Random163
Raw:10.047589,-12.610947,-1.780781,-5.001582,-2.843006,-4.2506065,-3.137758,-6.18076,-4.0498104,-0.7331792
EFT:10.047587,-12.610942,-1.7807795,-5.0015793,-2.843005,-4.2506037,-3.1377554,-6.180758,-4.049808,-0.73317826
Random164
Raw:10.047587,-12.610944,-1.7807817,-5.001582,-2.8430078,-4.250606,-3.137758,-6.18076,-4.0498095,-0.73318064
EFT:10.047587,-12.610942,-1.7807795,-5.0015793,-2.843005,-4.2506037,-3.1377554,-6.180758,-4.049808,-0.73317826
Random165
Raw:10.04759,-12.610945,-1.7807789,-5.001579,-2.8430035,-4.250604,-3.1377556,-6.1807575,-4.0498085,-0.7331775
EFT:10.047587,-12.610942,-1.7807795,-5.0015793,-2.843005,-4.2506037,-3.1377554,-6.180758,-4.049808,-0.73317826
Random166
Raw:10.047588,-12.610942,-1.7807785,-5.001578,-2.8430018,-4.250603,-3.1377554,-6.180755,-4.049808,-0.73317564
EFT:10.047587,-12.610942,-1.7807795,-5.0015793,-2.843005,-4.2506037,-3.1377554,-6.180758,-4.049808,-0.73317826
Random167
Raw:10.04759,-12.610943,-1.7807785,-5.001579,-2.8430033,-4.2506037,-3.137755,-6.180757,-4.0498075,-0.7331773
EFT:10.047587,-12.610942,-1.7807795,-5.0015793,-2.843005,-4.2506037,-3.1377554,-6.180758,-4.049808,-0.73317826
Random168
Raw:10.047586,-12.610941,-1.7807791,-5.001579,-2.843004,-4.250603,-3.1377552,-6.180757,-4.0498075,-0.73317754
EFT:10.047587,-12.610942,-1.7807795,-5.0015793,-2.843005,-4.2506037,-3.1377554,-6.180758,-4.049808,-0.73317826
Random169
Raw:10.047589,-12.610948,-1.7807817,-5.0015836,-2.8430073,-4.2506075,-3.1377594,-6.1807604,-4.0498114,-0.7331792
EFT:10.047587,-12.610942,-1.7807795,-5.0015793,-2.843005,-4.2506037,-3.1377554,-6.180758,-4.049808,-0.73317826
Random170
Raw:10.047585,-12.610941,-1.7807811,-5.0015807,-2.8430083,-4.250605,-3.137756,-6.1807613,-4.0498085,-0.7331816
EFT:10.047587,-12.610942,-1.7807795,-5.0015793,-2.843005,-4.2506037,-3.1377554,-6.180758,-4.049808,-0.73317826
Random171
Raw:10.047588,-12.610945,-1.7807802,-5.0015807,-2.843006,-4.250605,-3.137756,-6.1807594,-4.049809,-0.73317915
EFT:10.047587,-12.610942,-1.7807795,-5.0015793,-2.843005,-4.2506037,-3.1377554,-6.180758,-4.049808,-0.73317826
Random172
Raw:10.047586,-12.610942,-1.7807796,-5.0015783,-2.8430028,-4.2506037,-3.1377563,-6.1807556,-4.0498075,-0.73317635
EFT:10.047587,-12.610942,-1.7807795,-5.0015793,-2.843005,-4.2506037,-3.1377554,-6.180758,-4.049808,-0.73317826
Random173
Raw:10.047586,-12.610946,-1.7807825,-5.0015836,-2.8430088,-4.250607,-3.1377594,-6.1807613,-4.049811,-0.7331811
EFT:10.047587,-12.610942,-1.7807795,-5.0015793,-2.843005,-4.2506037,-3.1377554,-6.180758,-4.049808,-0.73317826
Random174
Raw:10.047588,-12.610941,-1.7807784,-5.001578,-2.843005,-4.2506027,-3.137753,-6.180759,-4.049807,-0.7331785
EFT:10.047587,-12.610942,-1.7807795,-5.0015793,-2.843005,-4.2506037,-3.1377554,-6.180758,-4.049808,-0.73317826
Random175
Raw:10.047587,-12.610944,-1.7807817,-5.0015826,-2.8430085,-4.2506065,-3.1377578,-6.1807613,-4.0498104,-0.7331811
EFT:10.047587,-12.610942,-1.7807795,-5.0015793,-2.843005,-4.250604,-3.1377554,-6.180758,-4.049808,-0.73317826
Random176
Raw:10.047591,-12.610948,-1.7807813,-5.0015826,-2.8430052,-4.2506065,-3.1377585,-6.1807594,-4.0498114,-0.73317784
EFT:10.047587,-12.610942,-1.7807795,-5.0015793,-2.843005,-4.2506037,-3.1377554,-6.180758,-4.049808,-0.73317826
Random177
Raw:10.047587,-12.610943,-1.780781,-5.001582,-2.8430076,-4.250606,-3.137758,-6.18076,-4.04981,-0.73318
EFT:10.047587,-12.610942,-1.7807795,-5.0015793,-2.843005,-4.2506037,-3.1377554,-6.180758,-4.049808,-0.73317826
Random178
Raw:10.047586,-12.61094,-1.7807803,-5.0015807,-2.8430078,-4.2506046,-3.1377552,-6.1807623,-4.049808,-0.7331816
EFT:10.047587,-12.610942,-1.7807795,-5.0015793,-2.843005,-4.250604,-3.1377554,-6.180758,-4.049808,-0.73317826
Random179
Raw:10.047588,-12.610941,-1.7807794,-5.00158,-2.8430064,-4.250604,-3.1377559,-6.1807585,-4.049808,-0.73317915
EFT:10.047587,-12.610942,-1.7807795,-5.0015793,-2.843005,-4.2506037,-3.1377554,-6.180758,-4.049808,-0.73317826
Random180
Raw:10.0475855,-12.610941,-1.7807802,-5.0015798,-2.8430057,-4.2506046,-3.1377563,-6.1807575,-4.049808,-0.73317873
EFT:10.047587,-12.610942,-1.7807795,-5.0015793,-2.843005,-4.2506037,-3.1377554,-6.180758,-4.049808,-0.73317826
Random181
Raw:10.047588,-12.610943,-1.7807798,-5.0015798,-2.8430054,-4.2506046,-3.137756,-6.180758,-4.049809,-0.7331786
EFT:10.047587,-12.610942,-1.7807795,-5.0015793,-2.843005,-4.2506037,-3.1377554,-6.180758,-4.049808,-0.73317826
Random182
Raw:10.047586,-12.610943,-1.7807798,-5.0015798,-2.8430047,-4.250605,-3.137757,-6.1807575,-4.049809,-0.733178
EFT:10.047587,-12.610942,-1.7807795,-5.0015793,-2.843005,-4.250604,-3.1377554,-6.180758,-4.049808,-0.73317826
Random183
Raw:10.047587,-12.610943,-1.7807808,-5.0015817,-2.8430068,-4.250605,-3.137757,-6.1807585,-4.0498085,-0.7331796
EFT:10.047587,-12.610942,-1.7807795,-5.0015793,-2.843005,-4.2506037,-3.1377554,-6.180758,-4.049808,-0.73317826
Random184
Raw:10.047589,-12.610946,-1.7807808,-5.001582,-2.8430061,-4.2506065,-3.1377583,-6.1807594,-4.04981,-0.73317915
EFT:10.047587,-12.610942,-1.7807795,-5.0015793,-2.843005,-4.2506037,-3.1377554,-6.180758,-4.049808,-0.73317826
Random185
Raw:10.047589,-12.610944,-1.7807801,-5.001581,-2.8430064,-4.2506056,-3.1377568,-6.18076,-4.0498095,-0.73317945
EFT:10.047587,-12.610942,-1.7807795,-5.0015793,-2.843005,-4.2506037,-3.1377554,-6.180758,-4.049808,-0.73317826
Random186
Raw:10.047589,-12.610945,-1.7807802,-5.0015807,-2.8430052,-4.250605,-3.1377566,-6.1807585,-4.0498095,-0.73317826
EFT:10.047587,-12.610942,-1.7807795,-5.0015793,-2.843005,-4.2506037,-3.1377554,-6.180758,-4.049808,-0.73317826
Random187
Raw:10.047587,-12.610944,-1.7807804,-5.0015817,-2.8430064,-4.2506056,-3.1377578,-6.1807585,-4.0498095,-0.73317873
EFT:10.047587,-12.610942,-1.7807795,-5.0015793,-2.843005,-4.2506037,-3.1377554,-6.180758,-4.049808,-0.73317826
Random188
Raw:10.047589,-12.610946,-1.7807808,-5.0015836,-2.8430085,-4.2506075,-3.1377594,-6.1807604,-4.049811,-0.7331805
EFT:10.047587,-12.610942,-1.7807795,-5.0015793,-2.843005,-4.2506037,-3.1377554,-6.180758,-4.049808,-0.73317826
Random189
Raw:10.047588,-12.610944,-1.78078,-5.0015807,-2.843006,-4.250605,-3.1377568,-6.180759,-4.049809,-0.7331792
EFT:10.047587,-12.610942,-1.7807795,-5.0015793,-2.843005,-4.2506037,-3.1377554,-6.180758,-4.049808,-0.73317826
Random190
Raw:10.047591,-12.610946,-1.7807797,-5.0015807,-2.8430064,-4.2506056,-3.1377566,-6.18076,-4.04981,-0.73317873
EFT:10.047587,-12.610942,-1.7807795,-5.0015793,-2.843005,-4.2506037,-3.1377554,-6.180758,-4.049808,-0.73317826
Random191
Raw:10.047588,-12.61094,-1.7807776,-5.0015764,-2.8430026,-4.250602,-3.1377528,-6.1807566,-4.049806,-0.73317707
EFT:10.047587,-12.610942,-1.7807795,-5.0015793,-2.843005,-4.2506037,-3.1377554,-6.180758,-4.049808,-0.73317826
Random192
Raw:10.047588,-12.610945,-1.7807808,-5.0015817,-2.8430064,-4.2506056,-3.1377573,-6.1807604,-4.04981,-0.7331799
EFT:10.047587,-12.610942,-1.7807795,-5.0015793,-2.843005,-4.2506037,-3.1377554,-6.180758,-4.049808,-0.73317826
Random193
Raw:10.04759,-12.610944,-1.7807794,-5.00158,-2.8430035,-4.2506046,-3.1377568,-6.1807566,-4.0498085,-0.7331768
EFT:10.047587,-12.610942,-1.7807795,-5.0015793,-2.843005,-4.2506037,-3.1377554,-6.180758,-4.049808,-0.73317826
Random194
Raw:10.047588,-12.610943,-1.7807792,-5.0015798,-2.8430054,-4.250604,-3.137755,-6.1807585,-4.049808,-0.73317873
EFT:10.047587,-12.610942,-1.7807795,-5.0015793,-2.843005,-4.2506037,-3.1377554,-6.180758,-4.049808,-0.73317826
Random195
Raw:10.047586,-12.610945,-1.7807823,-5.0015836,-2.8430088,-4.250607,-3.1377597,-6.1807613,-4.049811,-0.73318076
EFT:10.047587,-12.610942,-1.7807795,-5.0015793,-2.843005,-4.2506037,-3.1377554,-6.180758,-4.049808,-0.73317826
Random196
Raw:10.047589,-12.610949,-1.7807822,-5.001584,-2.8430066,-4.250608,-3.1377609,-6.180759,-4.0498114,-0.73317873
EFT:10.047587,-12.610942,-1.7807795,-5.0015793,-2.843005,-4.2506037,-3.1377554,-6.180758,-4.049808,-0.73317826
Random197
Raw:10.047588,-12.610945,-1.7807808,-5.001582,-2.843006,-4.250606,-3.1377585,-6.1807585,-4.0498104,-0.73317873
EFT:10.047587,-12.610942,-1.7807795,-5.0015793,-2.843005,-4.2506037,-3.1377554,-6.180758,-4.049808,-0.73317826
Random198
Raw:10.047588,-12.610943,-1.780779,-5.001579,-2.8430037,-4.2506037,-3.1377556,-6.1807566,-4.049808,-0.7331766
EFT:10.047587,-12.610942,-1.7807795,-5.0015793,-2.843005,-4.2506037,-3.1377554,-6.180758,-4.049808,-0.73317826
Random199
Raw:10.047591,-12.610945,-1.7807789,-5.0015793,-2.8430035,-4.250604,-3.1377556,-6.1807575,-4.049809,-0.73317695
EFT:10.047587,-12.610942,-1.7807795,-5.0015793,-2.843005,-4.2506037,-3.1377554,-6.180758,-4.049808,-0.73317826
Random200
Raw:10.0475855,-12.61094,-1.7807803,-5.0015798,-2.843006,-4.2506046,-3.137756,-6.1807585,-4.049808,-0.73317957
EFT:10.047587,-12.610942,-1.7807795,-5.0015793,-2.843005,-4.250604,-3.1377554,-6.180758,-4.049808,-0.73317826
Random201
Raw:10.047586,-12.61094,-1.7807794,-5.001579,-2.8430052,-4.250603,-3.1377547,-6.180758,-4.0498075,-0.7331792
EFT:10.047587,-12.610942,-1.7807795,-5.0015793,-2.843005,-4.2506037,-3.1377554,-6.180758,-4.049808,-0.73317826
Random202
Raw:10.04759,-12.610945,-1.7807803,-5.0015807,-2.843005,-4.2506056,-3.1377575,-6.1807585,-4.04981,-0.73317796
EFT:10.047587,-12.610942,-1.7807795,-5.0015793,-2.843005,-4.2506037,-3.1377554,-6.180758,-4.049808,-0.73317826
Random203
Raw:10.0475855,-12.610943,-1.7807813,-5.001582,-2.8430073,-4.2506065,-3.137759,-6.1807585,-4.0498095,-0.73318017
EFT:10.047587,-12.610942,-1.7807795,-5.0015793,-2.843005,-4.2506037,-3.1377554,-6.180758,-4.049808,-0.73317826
Random204
Raw:10.047591,-12.610944,-1.7807783,-5.0015774,-2.8430014,-4.250603,-3.1377542,-6.1807556,-4.049808,-0.7331754
EFT:10.047587,-12.610942,-1.7807795,-5.0015793,-2.843005,-4.2506037,-3.1377554,-6.180758,-4.049808,-0.73317826
Random205
Raw:10.047589,-12.610943,-1.7807798,-5.00158,-2.843005,-4.250605,-3.1377566,-6.1807575,-4.049809,-0.733178
EFT:10.047587,-12.610942,-1.7807795,-5.0015793,-2.843005,-4.250604,-3.1377554,-6.180758,-4.049808,-0.73317826
Random206
Raw:10.047586,-12.610943,-1.7807807,-5.0015817,-2.8430073,-4.2506056,-3.1377578,-6.180759,-4.049809,-0.73318017
EFT:10.047587,-12.610942,-1.7807795,-5.0015793,-2.843005,-4.2506037,-3.1377554,-6.180758,-4.049808,-0.73317826
Random207
Raw:10.047588,-12.610942,-1.7807796,-5.0015798,-2.8430057,-4.2506046,-3.1377563,-6.1807585,-4.049808,-0.7331787
EFT:10.047587,-12.610942,-1.7807795,-5.0015793,-2.843005,-4.2506037,-3.1377554,-6.180758,-4.049808,-0.73317826
Random208
Raw:10.0475855,-12.610942,-1.7807806,-5.0015807,-2.843006,-4.250605,-3.1377575,-6.180758,-4.0498085,-0.7331787
EFT:10.047587,-12.610942,-1.7807795,-5.0015793,-2.843005,-4.2506037,-3.1377554,-6.180758,-4.049808,-0.73317826
Random209
Raw:10.047587,-12.610945,-1.7807819,-5.0015826,-2.8430076,-4.2506065,-3.1377585,-6.1807594,-4.04981,-0.73318017
EFT:10.047587,-12.610942,-1.7807795,-5.0015793,-2.843005,-4.250604,-3.1377554,-6.180758,-4.049808,-0.73317826
Random210
Raw:10.047586,-12.610942,-1.7807801,-5.00158,-2.8430061,-4.2506046,-3.1377568,-6.1807585,-4.049808,-0.7331792
EFT:10.047587,-12.610942,-1.7807795,-5.0015793,-2.843005,-4.2506037,-3.1377554,-6.180758,-4.049808,-0.73317826
Random211
Raw:10.047588,-12.610944,-1.7807796,-5.0015798,-2.8430052,-4.2506046,-3.1377552,-6.1807594,-4.0498085,-0.73317903
EFT:10.047587,-12.610942,-1.7807795,-5.0015793,-2.843005,-4.250604,-3.1377554,-6.180758,-4.049808,-0.73317826
Random212
Raw:10.04759,-12.610946,-1.78078,-5.0015807,-2.8430047,-4.250605,-3.1377566,-6.180758,-4.0498095,-0.73317754
EFT:10.047587,-12.610942,-1.7807795,-5.0015793,-2.843005,-4.2506037,-3.1377554,-6.180758,-4.049808,-0.73317826
Random213
Raw:10.04759,-12.610947,-1.7807803,-5.0015817,-2.843005,-4.250606,-3.1377585,-6.1807575,-4.04981,-0.7331778
EFT:10.047587,-12.610942,-1.7807795,-5.0015793,-2.843005,-4.2506037,-3.1377554,-6.180758,-4.049808,-0.73317826
Random214
Raw:10.047589,-12.610946,-1.7807808,-5.001581,-2.8430061,-4.2506056,-3.1377573,-6.1807594,-4.0498095,-0.733179
EFT:10.047587,-12.610942,-1.7807795,-5.0015793,-2.843005,-4.250604,-3.1377554,-6.180758,-4.049808,-0.73317826
Random215
Raw:10.047588,-12.610947,-1.7807817,-5.001583,-2.8430066,-4.250607,-3.13776,-6.180759,-4.049811,-0.7331787
EFT:10.047587,-12.610942,-1.7807795,-5.0015793,-2.843005,-4.250604,-3.1377554,-6.180758,-4.049808,-0.73317826
Random216
Raw:10.047587,-12.610942,-1.7807796,-5.0015798,-2.843005,-4.2506046,-3.1377563,-6.1807575,-4.0498085,-0.7331785
EFT:10.047587,-12.610942,-1.7807795,-5.0015793,-2.843005,-4.2506037,-3.1377554,-6.180758,-4.049808,-0.73317826
Random217
Raw:10.04759,-12.610942,-1.7807788,-5.0015793,-2.843005,-4.250604,-3.1377547,-6.180758,-4.049808,-0.7331779
EFT:10.047587,-12.610942,-1.7807795,-5.0015793,-2.843005,-4.2506037,-3.1377554,-6.180758,-4.049808,-0.73317826
Random218
Raw:10.047591,-12.610946,-1.7807794,-5.0015798,-2.8430037,-4.2506046,-3.1377566,-6.1807575,-4.0498095,-0.733177
EFT:10.047587,-12.610942,-1.7807795,-5.0015793,-2.843005,-4.2506037,-3.1377554,-6.180758,-4.049808,-0.73317826
Random219
Raw:10.047589,-12.610946,-1.7807808,-5.001581,-2.843005,-4.2506056,-3.1377575,-6.180759,-4.04981,-0.73317826
EFT:10.047587,-12.610942,-1.7807795,-5.0015793,-2.843005,-4.2506037,-3.1377554,-6.180758,-4.049808,-0.73317826
Random220
Raw:10.047588,-12.610941,-1.7807791,-5.001579,-2.8430054,-4.250603,-3.1377542,-6.180759,-4.0498075,-0.733179
EFT:10.047587,-12.610942,-1.7807795,-5.0015793,-2.843005,-4.250604,-3.1377554,-6.180758,-4.049808,-0.73317826
Random221
Raw:10.0475855,-12.610944,-1.7807816,-5.0015826,-2.8430076,-4.2506065,-3.1377585,-6.18076,-4.0498095,-0.73318064
EFT:10.047587,-12.610942,-1.7807795,-5.0015793,-2.843005,-4.2506037,-3.1377554,-6.180758,-4.049808,-0.73317826
Random222
Raw:10.047589,-12.610945,-1.7807808,-5.0015817,-2.8430052,-4.250606,-3.1377587,-6.180758,-4.0498104,-0.7331778
EFT:10.047587,-12.610942,-1.7807795,-5.0015793,-2.843005,-4.2506037,-3.1377554,-6.180758,-4.049808,-0.73317826
Random223
Raw:10.047592,-12.610945,-1.7807782,-5.001579,-2.8430033,-4.2506037,-3.1377544,-6.1807575,-4.0498085,-0.73317647
EFT:10.047587,-12.610942,-1.7807795,-5.0015793,-2.843005,-4.2506037,-3.1377554,-6.180758,-4.049808,-0.73317826
Random224
Raw:10.04759,-12.610946,-1.7807791,-5.0015807,-2.843004,-4.250605,-3.1377575,-6.1807566,-4.0498095,-0.73317707
EFT:10.047587,-12.610942,-1.7807795,-5.0015793,-2.843005,-4.2506037,-3.1377554,-6.180758,-4.049808,-0.73317826
Random225
Raw:10.047586,-12.610942,-1.7807798,-5.00158,-2.843006,-4.2506046,-3.1377566,-6.180758,-4.0498085,-0.733179
EFT:10.047587,-12.610942,-1.7807795,-5.0015793,-2.843005,-4.2506037,-3.1377554,-6.180758,-4.049808,-0.73317826
Random226
Raw:10.047589,-12.610943,-1.7807802,-5.001581,-2.8430057,-4.2506056,-3.137757,-6.180758,-4.049809,-0.7331787
EFT:10.047587,-12.610942,-1.7807795,-5.0015793,-2.843005,-4.2506037,-3.1377554,-6.180758,-4.049808,-0.73317826
Random227
Raw:10.047588,-12.610943,-1.7807794,-5.0015798,-2.8430054,-4.250604,-3.1377554,-6.1807585,-4.0498085,-0.73317873
EFT:10.047587,-12.610942,-1.7807795,-5.0015793,-2.843005,-4.2506037,-3.1377554,-6.180758,-4.049808,-0.73317826
Random228
Raw:10.047588,-12.610945,-1.7807808,-5.001581,-2.8430061,-4.250606,-3.137757,-6.1807594,-4.04981,-0.7331792
EFT:10.047587,-12.610942,-1.7807795,-5.0015793,-2.843005,-4.2506037,-3.1377554,-6.180758,-4.049808,-0.73317826
Random229
Raw:10.047588,-12.610945,-1.7807798,-5.0015807,-2.8430047,-4.250605,-3.1377575,-6.1807575,-4.0498095,-0.7331774
EFT:10.047587,-12.610942,-1.7807795,-5.0015793,-2.843005,-4.250604,-3.1377554,-6.180758,-4.049808,-0.73317826
Random230
Raw:10.0475855,-12.61094,-1.7807794,-5.001578,-2.843005,-4.250603,-3.1377542,-6.1807585,-4.049807,-0.7331791
EFT:10.047587,-12.610942,-1.7807795,-5.0015793,-2.843005,-4.2506037,-3.1377554,-6.180758,-4.049808,-0.73317826
Random231
Raw:10.047588,-12.610945,-1.7807801,-5.001581,-2.8430066,-4.2506056,-3.1377573,-6.18076,-4.0498095,-0.73317945
EFT:10.047587,-12.610942,-1.7807795,-5.0015793,-2.843005,-4.2506037,-3.1377554,-6.180758,-4.049808,-0.73317826
Random232
Raw:10.047588,-12.610943,-1.7807796,-5.0015798,-2.843005,-4.250604,-3.1377556,-6.180758,-4.0498085,-0.733178
EFT:10.047587,-12.610942,-1.7807795,-5.0015793,-2.843005,-4.250604,-3.1377554,-6.180758,-4.049808,-0.73317826
Random233
Raw:10.047585,-12.610939,-1.7807794,-5.0015783,-2.8430045,-4.2506027,-3.1377547,-6.1807575,-4.049807,-0.73317873
EFT:10.047587,-12.610942,-1.7807795,-5.0015793,-2.843005,-4.2506037,-3.1377554,-6.180758,-4.049808,-0.73317826
Random234
Raw:10.047587,-12.610949,-1.7807835,-5.001586,-2.843009,-4.2506094,-3.1377633,-6.1807604,-4.0498133,-0.73318017
EFT:10.047587,-12.610942,-1.7807795,-5.0015793,-2.843005,-4.2506037,-3.1377554,-6.180758,-4.049808,-0.73317826
Random235
Raw:10.04759,-12.610948,-1.7807819,-5.0015836,-2.843007,-4.2506075,-3.1377602,-6.180761,-4.0498114,-0.73317873
EFT:10.047587,-12.610942,-1.7807795,-5.0015793,-2.843005,-4.2506037,-3.1377554,-6.180758,-4.049808,-0.73317826
Random236
Raw:10.047589,-12.610944,-1.7807801,-5.0015807,-2.8430057,-4.250605,-3.1377566,-6.180759,-4.0498095,-0.73317856
EFT:10.047587,-12.610942,-1.7807795,-5.0015793,-2.843005,-4.2506037,-3.1377554,-6.180758,-4.049808,-0.73317826
Random237
Raw:10.047587,-12.610944,-1.7807815,-5.001582,-2.8430083,-4.250606,-3.1377575,-6.1807613,-4.04981,-0.73318064
EFT:10.047587,-12.610942,-1.7807795,-5.0015793,-2.843005,-4.2506037,-3.1377554,-6.180758,-4.049808,-0.73317826
Random238
Raw:10.047588,-12.610943,-1.7807792,-5.0015793,-2.8430045,-4.250604,-3.1377554,-6.180758,-4.049808,-0.73317856
EFT:10.047587,-12.610942,-1.7807795,-5.0015793,-2.843005,-4.2506037,-3.1377554,-6.180758,-4.049808,-0.73317826
Random239
Raw:10.04759,-12.610949,-1.7807815,-5.001584,-2.8430066,-4.250608,-3.1377604,-6.1807594,-4.0498114,-0.7331785
EFT:10.047587,-12.610942,-1.7807795,-5.0015793,-2.843005,-4.2506037,-3.1377554,-6.180758,-4.049808,-0.73317826
Random240
Raw:10.04759,-12.610944,-1.7807786,-5.001579,-2.843004,-4.2506037,-3.137755,-6.1807575,-4.0498085,-0.73317695
EFT:10.047587,-12.610942,-1.7807795,-5.0015793,-2.843005,-4.2506037,-3.1377554,-6.180758,-4.049808,-0.73317826
Random241
Raw:10.047589,-12.610946,-1.7807808,-5.0015817,-2.8430052,-4.250606,-3.1377583,-6.1807585,-4.04981,-0.733178
EFT:10.047587,-12.610942,-1.7807795,-5.0015793,-2.843005,-4.2506037,-3.1377554,-6.180758,-4.049808,-0.73317826
Random242
Raw:10.047588,-12.610943,-1.7807792,-5.00158,-2.8430061,-4.250604,-3.1377552,-6.1807594,-4.049808,-0.7331795
EFT:10.047587,-12.610942,-1.7807795,-5.0015793,-2.843005,-4.2506037,-3.1377554,-6.180758,-4.049808,-0.73317826
Random243
Raw:10.047588,-12.610943,-1.7807801,-5.001581,-2.8430061,-4.2506056,-3.1377578,-6.180759,-4.0498095,-0.7331792
EFT:10.047587,-12.610942,-1.7807795,-5.0015793,-2.843005,-4.2506037,-3.1377554,-6.180758,-4.049808,-0.73317826
Random244
Raw:10.04759,-12.610947,-1.7807801,-5.0015817,-2.8430042,-4.2506056,-3.137758,-6.1807575,-4.0498104,-0.7331768
EFT:10.047587,-12.610942,-1.7807795,-5.0015793,-2.843005,-4.2506037,-3.1377554,-6.180758,-4.049808,-0.73317826
Random245
Raw:10.047588,-12.610943,-1.7807803,-5.001581,-2.843007,-4.2506056,-3.137757,-6.1807594,-4.049809,-0.7331797
EFT:10.047587,-12.610942,-1.7807795,-5.0015793,-2.843005,-4.2506037,-3.1377554,-6.180758,-4.049808,-0.73317826
Random246
Raw:10.047587,-12.610947,-1.7807817,-5.001584,-2.8430076,-4.2506084,-3.1377609,-6.180759,-4.049812,-0.7331791
EFT:10.047587,-12.610942,-1.7807795,-5.0015793,-2.843005,-4.2506037,-3.1377554,-6.180758,-4.049808,-0.73317826
Random247
Raw:10.04759,-12.610945,-1.7807798,-5.00158,-2.8430047,-4.250605,-3.1377568,-6.180758,-4.0498095,-0.73317754
EFT:10.047587,-12.610942,-1.7807795,-5.0015793,-2.843005,-4.2506037,-3.1377554,-6.180758,-4.049808,-0.73317826
Random248
Raw:10.047585,-12.61094,-1.7807801,-5.0015798,-2.8430057,-4.2506037,-3.137756,-6.180758,-4.049808,-0.73317873
EFT:10.047587,-12.610942,-1.7807795,-5.0015793,-2.843005,-4.2506037,-3.1377554,-6.180758,-4.049808,-0.73317826
Random249
Raw:10.047588,-12.610945,-1.7807808,-5.0015817,-2.8430064,-4.250606,-3.137758,-6.1807594,-4.04981,-0.733179
EFT:10.047587,-12.610942,-1.7807795,-5.0015793,-2.843005,-4.2506037,-3.1377554,-6.180758,-4.049808,-0.73317826
Random250
Raw:10.047587,-12.610939,-1.780778,-5.0015764,-2.843003,-4.2506022,-3.1377528,-6.180757,-4.049806,-0.7331773
EFT:10.047587,-12.610942,-1.7807795,-5.0015793,-2.843005,-4.2506037,-3.1377554,-6.180758,-4.049808,-0.73317826
Random251
Raw:10.047586,-12.610946,-1.780782,-5.0015836,-2.8430085,-4.2506075,-3.1377597,-6.1807604,-4.049811,-0.7331805
EFT:10.047587,-12.610942,-1.7807795,-5.0015793,-2.843005,-4.2506037,-3.1377554,-6.180758,-4.049808,-0.73317826
Random252
Raw:10.047587,-12.610939,-1.780779,-5.0015783,-2.8430054,-4.250603,-3.1377537,-6.180759,-4.049807,-0.7331792
EFT:10.047587,-12.610942,-1.7807795,-5.0015793,-2.843005,-4.2506037,-3.1377554,-6.180758,-4.049808,-0.73317826
Random253
Raw:10.04759,-12.610945,-1.7807789,-5.001579,-2.8430033,-4.2506046,-3.137756,-6.1807566,-4.049809,-0.7331767
EFT:10.047587,-12.610942,-1.7807795,-5.0015793,-2.843005,-4.2506037,-3.1377554,-6.180758,-4.049808,-0.73317826
Random254
Raw:10.0475855,-12.610939,-1.7807791,-5.001579,-2.843005,-4.2506037,-3.137755,-6.180757,-4.049807,-0.73317826
EFT:10.047587,-12.610942,-1.7807795,-5.0015793,-2.843005,-4.250604,-3.1377554,-6.180758,-4.049808,-0.73317826
Random255
Raw:10.047589,-12.610944,-1.7807792,-5.00158,-2.843005,-4.2506046,-3.137756,-6.180758,-4.0498085,-0.73317766
EFT:10.047587,-12.610942,-1.7807795,-5.0015793,-2.843005,-4.2506037,-3.1377554,-6.180758,-4.049808,-0.73317826
Random256
Raw:10.047589,-12.610948,-1.7807821,-5.0015845,-2.843007,-4.250608,-3.1377616,-6.1807604,-4.0498123,-0.7331785
EFT:10.047587,-12.610942,-1.7807795,-5.0015793,-2.843005,-4.2506037,-3.1377554,-6.180758,-4.049808,-0.73317826
Random257
Raw:10.047588,-12.610943,-1.7807803,-5.00158,-2.8430054,-4.250605,-3.1377566,-6.1807585,-4.049809,-0.73317873
EFT:10.047587,-12.610942,-1.7807795,-5.0015793,-2.843005,-4.2506037,-3.1377554,-6.180758,-4.049808,-0.73317826
Random258
Raw:10.047587,-12.610944,-1.7807802,-5.0015793,-2.8430033,-4.250605,-3.137757,-6.1807566,-4.049809,-0.7331768
EFT:10.047587,-12.610942,-1.7807795,-5.0015793,-2.843005,-4.2506037,-3.1377554,-6.180758,-4.049808,-0.73317826
Random259
Raw:10.047586,-12.610942,-1.780781,-5.0015807,-2.843006,-4.250605,-3.1377583,-6.1807575,-4.0498085,-0.733179
EFT:10.047587,-12.610942,-1.7807795,-5.0015793,-2.843005,-4.2506037,-3.1377554,-6.180758,-4.049808,-0.73317826
Random260
Raw:10.04759,-12.610944,-1.7807791,-5.001579,-2.843004,-4.250604,-3.1377556,-6.1807575,-4.0498085,-0.7331774
EFT:10.047587,-12.610942,-1.7807795,-5.0015793,-2.843005,-4.2506037,-3.1377554,-6.180758,-4.049808,-0.73317826
Random261
Raw:10.04759,-12.610946,-1.7807801,-5.001581,-2.8430052,-4.250605,-3.1377573,-6.1807585,-4.04981,-0.73317796
EFT:10.047587,-12.610942,-1.7807795,-5.0015793,-2.843005,-4.2506037,-3.1377554,-6.180758,-4.049808,-0.73317826
Random262
Raw:10.047588,-12.610948,-1.7807825,-5.0015845,-2.843009,-4.250608,-3.1377606,-6.1807613,-4.049812,-0.73318076
EFT:10.047587,-12.610942,-1.7807795,-5.0015793,-2.843005,-4.2506037,-3.1377554,-6.180758,-4.049808,-0.73317826
Random263
Raw:10.047586,-12.610941,-1.7807794,-5.001579,-2.8430052,-4.250603,-3.1377537,-6.1807594,-4.049807,-0.7331792
EFT:10.047587,-12.610942,-1.7807795,-5.0015793,-2.843005,-4.2506037,-3.1377554,-6.180758,-4.049808,-0.73317826
Random264
Raw:10.047588,-12.610943,-1.7807807,-5.0015817,-2.8430066,-4.2506056,-3.1377575,-6.1807594,-4.0498095,-0.7331797
EFT:10.047587,-12.610942,-1.7807795,-5.0015793,-2.843005,-4.250604,-3.1377554,-6.180758,-4.049808,-0.73317826
Random265
Raw:10.047588,-12.610947,-1.7807819,-5.001583,-2.8430066,-4.250607,-3.13776,-6.1807594,-4.049811,-0.7331792
EFT:10.047587,-12.610942,-1.7807795,-5.0015793,-2.843005,-4.2506037,-3.1377554,-6.180758,-4.049808,-0.73317826
Random266
Raw:10.047588,-12.610944,-1.7807802,-5.001581,-2.8430064,-4.2506046,-3.1377563,-6.1807594,-4.0498085,-0.7331803
EFT:10.047587,-12.610942,-1.7807795,-5.0015793,-2.843005,-4.2506037,-3.1377554,-6.180758,-4.049808,-0.73317826
Random267
Raw:10.047588,-12.61094,-1.7807779,-5.001578,-2.8430052,-4.2506022,-3.1377523,-6.1807585,-4.049806,-0.7331785
EFT:10.047587,-12.610942,-1.7807795,-5.0015793,-2.843005,-4.2506037,-3.1377554,-6.180758,-4.049808,-0.73317826
Random268
Raw:10.047586,-12.610946,-1.780782,-5.001583,-2.8430066,-4.250607,-3.137761,-6.1807585,-4.049811,-0.73317885
EFT:10.047587,-12.610942,-1.7807795,-5.0015793,-2.843005,-4.250604,-3.1377554,-6.180758,-4.049808,-0.73317826
Random269
Raw:10.047586,-12.610942,-1.7807803,-5.0015798,-2.8430042,-4.2506046,-3.1377573,-6.1807566,-4.049809,-0.7331776
EFT:10.047587,-12.610942,-1.7807795,-5.0015793,-2.843005,-4.2506037,-3.1377554,-6.180758,-4.049808,-0.73317826
Random270
Raw:10.047588,-12.610941,-1.7807786,-5.001578,-2.843004,-4.250603,-3.1377542,-6.1807575,-4.0498075,-0.733178
EFT:10.047587,-12.610942,-1.7807795,-5.0015793,-2.843005,-4.2506037,-3.1377554,-6.180758,-4.049808,-0.73317826
Random271
Raw:10.047585,-12.610938,-1.7807795,-5.0015793,-2.843006,-4.2506037,-3.137755,-6.1807585,-4.049807,-0.7331797
EFT:10.047587,-12.610942,-1.7807795,-5.0015793,-2.843005,-4.250604,-3.1377554,-6.180758,-4.049808,-0.73317826
Random272
Raw:10.047588,-12.610944,-1.7807803,-5.0015807,-2.8430061,-4.250605,-3.1377566,-6.18076,-4.0498095,-0.7331794
EFT:10.047587,-12.610942,-1.7807795,-5.0015793,-2.843005,-4.250604,-3.1377554,-6.180758,-4.049808,-0.73317826
Random273
Raw:10.047588,-12.610945,-1.7807809,-5.0015817,-2.8430061,-4.2506056,-3.1377578,-6.180759,-4.04981,-0.73317915
EFT:10.047587,-12.610942,-1.7807795,-5.0015793,-2.843005,-4.2506037,-3.1377554,-6.180758,-4.049808,-0.73317826
Random274
Raw:10.047589,-12.610943,-1.7807792,-5.0015798,-2.843005,-4.250604,-3.1377556,-6.1807575,-4.0498085,-0.7331781
EFT:10.047587,-12.610942,-1.7807795,-5.0015793,-2.843005,-4.2506037,-3.1377554,-6.180758,-4.049808,-0.73317826
Random275
Raw:10.04759,-12.610948,-1.7807806,-5.0015826,-2.8430061,-4.250607,-3.1377592,-6.18076,-4.049811,-0.733178
EFT:10.047587,-12.610942,-1.7807795,-5.0015793,-2.843005,-4.2506037,-3.1377554,-6.180758,-4.049808,-0.73317826
Random276
Raw:10.047591,-12.610945,-1.7807782,-5.001579,-2.8430023,-4.2506037,-3.1377554,-6.180756,-4.0498085,-0.73317575
EFT:10.047587,-12.610942,-1.7807795,-5.0015793,-2.843005,-4.2506037,-3.1377554,-6.180758,-4.049808,-0.73317826
Random277
Raw:10.047587,-12.610944,-1.7807802,-5.001581,-2.8430064,-4.2506056,-3.1377578,-6.1807585,-4.0498095,-0.7331794
EFT:10.047587,-12.610942,-1.7807795,-5.0015793,-2.843005,-4.2506037,-3.1377554,-6.180758,-4.049808,-0.73317826
Random278
Raw:10.047594,-12.610947,-1.7807789,-5.0015807,-2.8430047,-4.250605,-3.1377559,-6.1807585,-4.04981,-0.7331773
EFT:10.047587,-12.610942,-1.7807795,-5.0015793,-2.843005,-4.2506037,-3.1377554,-6.180758,-4.049808,-0.73317826
Random279
Raw:10.047587,-12.61094,-1.7807784,-5.001578,-2.8430042,-4.2506027,-3.1377537,-6.1807575,-4.0498075,-0.73317826
EFT:10.047587,-12.610942,-1.7807795,-5.0015793,-2.843005,-4.2506037,-3.1377554,-6.180758,-4.049808,-0.73317826
Random280
Raw:10.047591,-12.610943,-1.7807777,-5.001578,-2.8430018,-4.2506037,-3.1377556,-6.180754,-4.049808,-0.73317486
EFT:10.047587,-12.610942,-1.7807795,-5.0015793,-2.843005,-4.2506037,-3.1377554,-6.180758,-4.049808,-0.73317826
Random281
Raw:10.047586,-12.610942,-1.78078,-5.0015798,-2.8430066,-4.2506046,-3.137756,-6.1807594,-4.0498085,-0.7331799
EFT:10.047587,-12.610942,-1.7807795,-5.0015793,-2.843005,-4.2506037,-3.1377554,-6.180758,-4.049808,-0.73317826
Random282
Raw:10.047586,-12.610941,-1.7807806,-5.0015807,-2.8430066,-4.2506046,-3.137756,-6.1807604,-4.049808,-0.7331804
EFT:10.047587,-12.610942,-1.7807795,-5.0015793,-2.843005,-4.2506037,-3.1377554,-6.180758,-4.049808,-0.73317826
Random283
Raw:10.047588,-12.610943,-1.7807789,-5.001579,-2.8430047,-4.2506037,-3.1377542,-6.1807585,-4.049808,-0.73317826
EFT:10.047587,-12.610942,-1.7807795,-5.0015793,-2.843005,-4.2506037,-3.1377554,-6.180758,-4.049808,-0.73317826
Random284
Raw:10.047589,-12.610945,-1.7807795,-5.0015798,-2.8430045,-4.250605,-3.1377563,-6.1807575,-4.049809,-0.7331773
EFT:10.047587,-12.610942,-1.7807795,-5.0015793,-2.843005,-4.2506037,-3.1377554,-6.180758,-4.049808,-0.73317826
Random285
Raw:10.047589,-12.610944,-1.7807782,-5.0015783,-2.843003,-4.2506037,-3.137755,-6.1807566,-4.049808,-0.73317635
EFT:10.047587,-12.610942,-1.7807795,-5.0015793,-2.843005,-4.2506037,-3.1377554,-6.180758,-4.049808,-0.73317826
Random286
Raw:10.04759,-12.610946,-1.7807804,-5.0015807,-2.8430047,-4.2506056,-3.1377573,-6.1807585,-4.0498095,-0.73317826
EFT:10.047587,-12.610942,-1.7807795,-5.0015793,-2.843005,-4.2506037,-3.1377554,-6.180758,-4.049808,-0.73317826
Random287
Raw:10.047589,-12.610946,-1.7807806,-5.0015817,-2.8430054,-4.2506056,-3.137758,-6.1807585,-4.04981,-0.7331785
EFT:10.047587,-12.610942,-1.7807795,-5.0015793,-2.843005,-4.2506037,-3.1377554,-6.180758,-4.049808,-0.73317826
Random288
Raw:10.047587,-12.610944,-1.7807801,-5.00158,-2.8430057,-4.250605,-3.1377566,-6.1807585,-4.0498085,-0.73317873
EFT:10.047587,-12.610942,-1.7807795,-5.0015793,-2.843005,-4.2506037,-3.1377554,-6.180758,-4.049808,-0.73317826
Random289
Raw:10.047589,-12.610943,-1.7807792,-5.0015793,-2.8430047,-4.250604,-3.1377559,-6.180758,-4.0498085,-0.73317754
EFT:10.047587,-12.610942,-1.7807795,-5.0015793,-2.843005,-4.2506037,-3.1377554,-6.180758,-4.049808,-0.73317826
Random290
Raw:10.047587,-12.610944,-1.7807806,-5.001581,-2.8430073,-4.250605,-3.1377566,-6.1807604,-4.0498085,-0.7331809
EFT:10.047587,-12.610942,-1.7807795,-5.0015793,-2.843005,-4.2506037,-3.1377554,-6.180758,-4.049808,-0.73317826
Random291
Raw:10.047586,-12.610943,-1.7807803,-5.0015807,-2.843006,-4.2506056,-3.137758,-6.180758,-4.049809,-0.73317844
EFT:10.047587,-12.610942,-1.7807795,-5.0015793,-2.843005,-4.250604,-3.1377554,-6.180758,-4.049808,-0.73317826
Random292
Raw:10.047591,-12.610949,-1.7807804,-5.001582,-2.8430042,-4.2506065,-3.1377597,-6.1807566,-4.0498114,-0.73317635
EFT:10.047587,-12.610942,-1.7807795,-5.0015793,-2.843005,-4.2506037,-3.1377554,-6.180758,-4.049808,-0.73317826
Random293
Raw:10.047586,-12.610942,-1.7807801,-5.0015798,-2.843006,-4.2506046,-3.1377556,-6.1807585,-4.049808,-0.733179
EFT:10.047587,-12.610942,-1.7807795,-5.0015793,-2.843005,-4.2506037,-3.1377554,-6.180758,-4.049808,-0.73317826
Random294
Raw:10.047589,-12.610944,-1.7807789,-5.001579,-2.8430033,-4.250604,-3.1377563,-6.180756,-4.0498085,-0.7331761
EFT:10.047587,-12.610942,-1.7807795,-5.0015793,-2.843005,-4.2506037,-3.1377554,-6.180758,-4.049808,-0.73317826
Random295
Raw:10.04759,-12.610946,-1.7807801,-5.0015817,-2.8430066,-4.250606,-3.1377578,-6.1807585,-4.04981,-0.733179
EFT:10.047587,-12.610942,-1.7807795,-5.0015793,-2.843005,-4.2506037,-3.1377554,-6.180758,-4.049808,-0.73317826
Random296
Raw:10.047586,-12.610943,-1.7807806,-5.0015807,-2.8430064,-4.250605,-3.1377568,-6.180759,-4.049809,-0.7331792
EFT:10.047587,-12.610942,-1.7807795,-5.0015793,-2.843005,-4.2506037,-3.1377554,-6.180758,-4.049808,-0.73317826
Random297
Raw:10.0475855,-12.610941,-1.7807803,-5.0015793,-2.8430054,-4.250604,-3.1377559,-6.1807585,-4.049808,-0.7331789
EFT:10.047587,-12.610942,-1.7807795,-5.0015793,-2.843005,-4.2506037,-3.1377554,-6.180758,-4.049808,-0.73317826
Random298
Raw:10.04759,-12.610948,-1.7807803,-5.001581,-2.8430047,-4.250606,-3.137758,-6.1807585,-4.04981,-0.73317754
EFT:10.047587,-12.610942,-1.7807795,-5.0015793,-2.843005,-4.2506037,-3.1377554,-6.180758,-4.049808,-0.73317826
Random299
Raw:10.047588,-12.610945,-1.7807802,-5.0015807,-2.8430064,-4.250605,-3.1377566,-6.1807594,-4.049809,-0.73317945
EFT:10.047587,-12.610942,-1.7807795,-5.0015793,-2.843005,-4.250604,-3.1377554,-6.180758,-4.049808,-0.73317826
Random300
Raw:10.047589,-12.610946,-1.7807808,-5.0015817,-2.8430061,-4.250606,-3.137758,-6.1807594,-4.04981,-0.7331785
EFT:10.047587,-12.610942,-1.7807795,-5.0015793,-2.843005,-4.250604,-3.1377554,-6.180758,-4.049808,-0.73317826
