Original
-8.547702595453305,4.100961972909292,-11.683351987462675,-11.523632369045776,18.35577506090142,-4.518510334679224,-7.493834775406073,-0.42802790064733554,0.8393816028335981,3.8167205118352734
Ascend
-8.547702595453302,4.100961972909292,-11.68335198746267,-11.52363236904577,18.35577506090142,-4.518510334679224,-7.493834775406074,-0.4280279006473321,0.8393816028335992,3.816720511835277
Descend
-8.5477025954533,4.1009619729092925,-11.68335198746267,-11.523632369045773,18.355775060901415,-4.518510334679225,-7.493834775406073,-0.42802790064733154,0.8393816028335997,3.816720511835276
Random1
Raw:-8.5477025954533,4.100961972909291,-11.683351987462675,-11.523632369045773,18.355775060901422,-4.5185103346792275,-7.493834775406077,-0.42802790064733387,0.8393816028336014,3.816720511835279
EFT:-8.547702595453302,4.1009619729092925,-11.683351987462672,-11.523632369045773,18.35577506090142,-4.518510334679224,-7.493834775406073,-0.42802790064733304,0.8393816028335981,3.8167205118352756
Random2
Raw:-8.547702595453302,4.1009619729092925,-11.683351987462679,-11.523632369045771,18.355775060901415,-4.518510334679223,-7.493834775406076,-0.4280279006473342,0.8393816028336012,3.8167205118352805
EFT:-8.547702595453302,4.1009619729092925,-11.683351987462672,-11.523632369045773,18.35577506090142,-4.518510334679224,-7.493834775406074,-0.4280279006473326,0.8393816028335981,3.8167205118352756
Random3
Raw:-8.547702595453304,4.100961972909294,-11.68335198746267,-11.523632369045776,18.35577506090142,-4.518510334679226,-7.493834775406071,-0.42802790064733154,0.8393816028335974,3.8167205118352743
EFT:-8.547702595453302,4.1009619729092925,-11.683351987462672,-11.523632369045773,18.35577506090142,-4.518510334679224,-7.493834775406074,-0.42802790064733265,0.8393816028335981,3.8167205118352756
Random4
Raw:-8.5477025954533,4.100961972909291,-11.683351987462673,-11.523632369045774,18.35577506090142,-4.518510334679224,-7.493834775406074,-0.4280279006473281,0.8393816028335963,3.8167205118352805
EFT:-8.547702595453302,4.1009619729092925,-11.683351987462672,-11.523632369045773,18.35577506090142,-4.518510334679224,-7.493834775406073,-0.428027900647333,0.8393816028335982,3.8167205118352756
Random5
Raw:-8.547702595453304,4.100961972909292,-11.683351987462679,-11.523632369045773,18.355775060901426,-4.518510334679223,-7.493834775406073,-0.4280279006473361,0.8393816028335996,3.8167205118352734
EFT:-8.547702595453302,4.1009619729092925,-11.683351987462672,-11.523632369045773,18.35577506090142,-4.518510334679224,-7.493834775406074,-0.4280279006473327,0.8393816028335981,3.8167205118352756
Random6
Raw:-8.547702595453302,4.100961972909291,-11.683351987462673,-11.523632369045773,18.355775060901422,-4.518510334679224,-7.493834775406076,-0.42802790064733465,0.8393816028336003,3.8167205118352765
EFT:-8.547702595453302,4.1009619729092925,-11.683351987462672,-11.523632369045773,18.35577506090142,-4.518510334679224,-7.493834775406073,-0.42802790064733315,0.8393816028335983,3.8167205118352756
Random7
Raw:-8.547702595453302,4.100961972909295,-11.683351987462673,-11.523632369045773,18.35577506090142,-4.518510334679226,-7.493834775406075,-0.4280279006473299,0.8393816028335974,3.816720511835275
EFT:-8.547702595453302,4.1009619729092925,-11.683351987462672,-11.523632369045773,18.35577506090142,-4.518510334679224,-7.493834775406073,-0.4280279006473332,0.8393816028335983,3.8167205118352756
Random8
Raw:-8.547702595453298,4.100961972909293,-11.683351987462668,-11.523632369045776,18.355775060901408,-4.518510334679225,-7.493834775406076,-0.428027900647327,0.8393816028335952,3.816720511835282
EFT:-8.547702595453302,4.100961972909292,-11.683351987462672,-11.523632369045773,18.35577506090142,-4.518510334679225,-7.493834775406073,-0.4280279006473332,0.8393816028335982,3.8167205118352756
Random9
Raw:-8.547702595453304,4.100961972909291,-11.683351987462673,-11.523632369045771,18.35577506090142,-4.518510334679223,-7.493834775406076,-0.428027900647333,0.8393816028335988,3.816720511835279
EFT:-8.547702595453302,4.1009619729092925,-11.683351987462672,-11.523632369045773,18.35577506090142,-4.518510334679224,-7.493834775406073,-0.428027900647333,0.8393816028335982,3.8167205118352756
Random10
Raw:-8.547702595453304,4.100961972909291,-11.683351987462675,-11.523632369045774,18.355775060901422,-4.518510334679223,-7.493834775406071,-0.428027900647333,0.8393816028335999,3.8167205118352765
EFT:-8.547702595453302,4.1009619729092925,-11.683351987462672,-11.523632369045773,18.35577506090142,-4.518510334679224,-7.493834775406074,-0.4280279006473326,0.8393816028335981,3.8167205118352756
Random11
Raw:-8.547702595453295,4.100961972909291,-11.683351987462673,-11.523632369045774,18.355775060901415,-4.518510334679224,-7.4938347754060715,-0.42802790064733076,0.8393816028335999,3.81672051183528
EFT:-8.547702595453302,4.1009619729092925,-11.683351987462673,-11.523632369045773,18.35577506090142,-4.518510334679224,-7.493834775406073,-0.4280279006473333,0.8393816028335983,3.816720511835275
Random12
Raw:-8.547702595453304,4.100961972909292,-11.683351987462673,-11.523632369045776,18.35577506090142,-4.518510334679225,-7.493834775406073,-0.42802790064733287,0.8393816028335984,3.8167205118352734
EFT:-8.547702595453302,4.1009619729092925,-11.683351987462672,-11.523632369045773,18.35577506090142,-4.518510334679224,-7.493834775406074,-0.428027900647333,0.8393816028335982,3.8167205118352756
Random13
Raw:-8.547702595453304,4.100961972909292,-11.683351987462679,-11.523632369045774,18.35577506090142,-4.5185103346792195,-7.493834775406078,-0.4280279006473344,0.8393816028335992,3.8167205118352774
EFT:-8.547702595453302,4.1009619729092925,-11.683351987462672,-11.523632369045773,18.35577506090142,-4.518510334679224,-7.493834775406073,-0.4280279006473327,0.8393816028335982,3.8167205118352756
Random14
Raw:-8.5477025954533,4.1009619729092925,-11.683351987462672,-11.523632369045778,18.35577506090142,-4.518510334679226,-7.493834775406074,-0.42802790064733065,0.8393816028335985,3.81672051183528
EFT:-8.547702595453302,4.1009619729092925,-11.683351987462672,-11.523632369045773,18.35577506090142,-4.518510334679224,-7.493834775406074,-0.42802790064733265,0.8393816028335981,3.8167205118352756
Random15
Raw:-8.547702595453304,4.100961972909296,-11.683351987462673,-11.52363236904578,18.355775060901415,-4.518510334679224,-7.493834775406075,-0.4280279006473324,0.839381602833599,3.816720511835278
EFT:-8.547702595453302,4.1009619729092925,-11.683351987462673,-11.523632369045773,18.35577506090142,-4.518510334679224,-7.493834775406074,-0.4280279006473329,0.8393816028335982,3.8167205118352756
Random16
Raw:-8.547702595453302,4.100961972909293,-11.683351987462672,-11.523632369045771,18.35577506090142,-4.518510334679224,-7.493834775406081,-0.4280279006473314,0.8393816028335978,3.81672051183528
EFT:-8.547702595453302,4.1009619729092925,-11.683351987462672,-11.523632369045773,18.35577506090142,-4.518510334679224,-7.493834775406073,-0.42802790064733326,0.8393816028335983,3.8167205118352756
Random17
Raw:-8.547702595453302,4.100961972909293,-11.68335198746267,-11.523632369045773,18.35577506090142,-4.51851033467923,-7.493834775406076,-0.4280279006473311,0.8393816028335981,3.816720511835278
EFT:-8.547702595453302,4.100961972909292,-11.683351987462672,-11.523632369045773,18.35577506090142,-4.518510334679225,-7.493834775406073,-0.42802790064733315,0.8393816028335982,3.8167205118352756
Random18
Raw:-8.547702595453304,4.100961972909293,-11.683351987462673,-11.523632369045783,18.35577506090142,-4.518510334679225,-7.493834775406076,-0.42802790064733,0.8393816028335983,3.8167205118352783
EFT:-8.547702595453302,4.1009619729092925,-11.683351987462673,-11.523632369045773,18.35577506090142,-4.518510334679224,-7.493834775406073,-0.4280279006473334,0.8393816028335982,3.8167205118352756
Random19
Raw:-8.547702595453302,4.100961972909294,-11.683351987462673,-11.523632369045778,18.35577506090143,-4.518510334679224,-7.4938347754060715,-0.4280279006473373,0.8393816028336014,3.8167205118352756
EFT:-8.547702595453302,4.1009619729092925,-11.683351987462672,-11.523632369045773,18.35577506090142,-4.518510334679224,-7.493834775406073,-0.4280279006473331,0.8393816028335982,3.8167205118352756
Random20
Raw:-8.5477025954533,4.100961972909292,-11.683351987462673,-11.523632369045776,18.355775060901415,-4.518510334679225,-7.493834775406072,-0.4280279006473321,0.8393816028335996,3.8167205118352787
EFT:-8.547702595453302,4.1009619729092925,-11.683351987462672,-11.523632369045773,18.35577506090142,-4.518510334679224,-7.493834775406074,-0.42802790064733287,0.8393816028335982,3.8167205118352756
Random21
Raw:-8.547702595453302,4.10096197290929,-11.683351987462672,-11.523632369045773,18.35577506090142,-4.518510334679226,-7.4938347754060795,-0.4280279006473303,0.8393816028335974,3.8167205118352827
EFT:-8.547702595453302,4.1009619729092925,-11.683351987462672,-11.523632369045773,18.35577506090142,-4.518510334679224,-7.493834775406073,-0.4280279006473331,0.8393816028335983,3.8167205118352756
Random22
Raw:-8.547702595453302,4.100961972909292,-11.683351987462675,-11.523632369045778,18.35577506090142,-4.518510334679224,-7.49383477540607,-0.42802790064733387,0.8393816028335985,3.8167205118352734
EFT:-8.547702595453302,4.1009619729092925,-11.683351987462672,-11.523632369045773,18.35577506090142,-4.518510334679224,-7.493834775406074,-0.42802790064733276,0.8393816028335981,3.8167205118352756
Random23
Raw:-8.547702595453297,4.100961972909293,-11.68335198746267,-11.523632369045776,18.35577506090141,-4.518510334679228,-7.493834775406074,-0.4280279006473281,0.8393816028335962,3.816720511835278
EFT:-8.547702595453302,4.1009619729092925,-11.683351987462672,-11.523632369045773,18.35577506090142,-4.518510334679224,-7.493834775406074,-0.42802790064733276,0.8393816028335981,3.8167205118352756
Random24
Raw:-8.547702595453297,4.100961972909292,-11.68335198746267,-11.523632369045776,18.355775060901426,-4.518510334679224,-7.493834775406075,-0.4280279006473311,0.8393816028335994,3.8167205118352765
EFT:-8.547702595453302,4.1009619729092925,-11.683351987462673,-11.523632369045773,18.35577506090142,-4.518510334679224,-7.493834775406073,-0.42802790064733326,0.8393816028335983,3.816720511835275
Random25
Raw:-8.547702595453298,4.100961972909294,-11.683351987462666,-11.523632369045778,18.35577506090142,-4.518510334679232,-7.493834775406073,-0.42802790064733254,0.8393816028335961,3.816720511835274
EFT:-8.547702595453302,4.1009619729092925,-11.683351987462672,-11.523632369045773,18.35577506090142,-4.518510334679224,-7.493834775406073,-0.42802790064733326,0.8393816028335982,3.8167205118352756
Random26
Raw:-8.5477025954533,4.100961972909297,-11.683351987462675,-11.523632369045778,18.355775060901422,-4.518510334679232,-7.493834775406074,-0.4280279006473343,0.8393816028336,3.8167205118352756
EFT:-8.547702595453302,4.1009619729092925,-11.683351987462672,-11.523632369045773,18.35577506090142,-4.518510334679224,-7.493834775406074,-0.42802790064733265,0.8393816028335981,3.8167205118352756
Random27
Raw:-8.547702595453302,4.100961972909295,-11.683351987462673,-11.52363236904578,18.35577506090142,-4.518510334679226,-7.493834775406072,-0.4280279006473341,0.8393816028335981,3.816720511835275
EFT:-8.547702595453302,4.1009619729092925,-11.683351987462672,-11.523632369045773,18.35577506090142,-4.518510334679224,-7.493834775406073,-0.4280279006473327,0.8393816028335982,3.8167205118352756
Random28
Raw:-8.5477025954533,4.10096197290929,-11.683351987462675,-11.523632369045773,18.355775060901415,-4.518510334679225,-7.493834775406073,-0.4280279006473309,0.8393816028335988,3.816720511835277
EFT:-8.547702595453302,4.1009619729092925,-11.683351987462672,-11.523632369045773,18.35577506090142,-4.518510334679224,-7.493834775406073,-0.4280279006473327,0.8393816028335982,3.8167205118352756
Random29
Raw:-8.5477025954533,4.100961972909292,-11.683351987462672,-11.523632369045776,18.355775060901422,-4.518510334679224,-7.493834775406073,-0.4280279006473309,0.8393816028336004,3.8167205118352765
EFT:-8.547702595453302,4.1009619729092925,-11.683351987462672,-11.523632369045773,18.35577506090142,-4.518510334679224,-7.493834775406074,-0.428027900647333,0.8393816028335982,3.8167205118352756
Random30
Raw:-8.547702595453305,4.100961972909292,-11.683351987462673,-11.523632369045774,18.355775060901426,-4.5185103346792275,-7.493834775406078,-0.42802790064733387,0.8393816028335962,3.81672051183528
EFT:-8.547702595453302,4.1009619729092925,-11.683351987462672,-11.523632369045773,18.35577506090142,-4.518510334679224,-7.493834775406073,-0.42802790064733326,0.8393816028335983,3.8167205118352756
Random31
Raw:-8.547702595453304,4.1009619729092925,-11.683351987462673,-11.523632369045774,18.355775060901422,-4.518510334679223,-7.493834775406076,-0.42802790064733387,0.839381602833599,3.8167205118352787
EFT:-8.547702595453302,4.1009619729092925,-11.683351987462673,-11.523632369045773,18.35577506090142,-4.518510334679224,-7.493834775406073,-0.42802790064733354,0.8393816028335983,3.8167205118352756
Random32
Raw:-8.547702595453297,4.1009619729092925,-11.68335198746267,-11.523632369045778,18.355775060901422,-4.518510334679226,-7.493834775406071,-0.4280279006473323,0.8393816028335985,3.8167205118352734
EFT:-8.547702595453302,4.1009619729092925,-11.683351987462672,-11.523632369045773,18.35577506090142,-4.518510334679224,-7.493834775406074,-0.42802790064733276,0.8393816028335981,3.8167205118352756
Random33
Raw:-8.5477025954533,4.100961972909293,-11.683351987462672,-11.523632369045774,18.35577506090142,-4.518510334679226,-7.493834775406075,-0.4280279006473293,0.8393816028336005,3.816720511835276
EFT:-8.547702595453302,4.1009619729092925,-11.683351987462672,-11.523632369045773,18.35577506090142,-4.518510334679224,-7.493834775406073,-0.42802790064733287,0.8393816028335981,3.8167205118352756
Random34
Raw:-8.547702595453302,4.100961972909294,-11.683351987462675,-11.523632369045774,18.355775060901422,-4.518510334679222,-7.4938347754060715,-0.42802790064733565,0.8393816028335985,3.816720511835272
EFT:-8.547702595453302,4.1009619729092925,-11.683351987462673,-11.523632369045773,18.35577506090142,-4.518510334679224,-7.493834775406073,-0.4280279006473334,0.8393816028335983,3.8167205118352756
Random35
Raw:-8.547702595453304,4.100961972909293,-11.683351987462673,-11.523632369045776,18.35577506090143,-4.518510334679222,-7.493834775406071,-0.4280279006473353,0.8393816028336006,3.8167205118352734
EFT:-8.547702595453302,4.1009619729092925,-11.683351987462673,-11.523632369045773,18.35577506090142,-4.518510334679224,-7.493834775406073,-0.42802790064733326,0.8393816028335983,3.816720511835275
Random36
Raw:-8.547702595453298,4.100961972909295,-11.683351987462677,-11.523632369045771,18.35577506090142,-4.518510334679224,-7.493834775406076,-0.42802790064733276,0.8393816028335983,3.8167205118352805
EFT:-8.547702595453302,4.1009619729092925,-11.683351987462673,-11.523632369045773,18.35577506090142,-4.518510334679224,-7.493834775406074,-0.42802790064733287,0.8393816028335982,3.8167205118352756
Random37
Raw:-8.547702595453302,4.100961972909293,-11.683351987462673,-11.523632369045773,18.35577506090142,-4.518510334679223,-7.493834775406074,-0.42802790064733,0.8393816028335979,3.8167205118352796
EFT:-8.547702595453302,4.1009619729092925,-11.683351987462672,-11.523632369045773,18.35577506090142,-4.518510334679224,-7.493834775406074,-0.4280279006473331,0.8393816028335981,3.8167205118352756
Random38
Raw:-8.547702595453304,4.100961972909291,-11.683351987462675,-11.523632369045773,18.355775060901426,-4.518510334679222,-7.493834775406073,-0.42802790064733043,0.8393816028335985,3.816720511835278
EFT:-8.547702595453302,4.1009619729092925,-11.683351987462672,-11.523632369045773,18.35577506090142,-4.518510334679224,-7.493834775406073,-0.428027900647333,0.8393816028335982,3.8167205118352756
Random39
Raw:-8.547702595453302,4.100961972909293,-11.683351987462677,-11.523632369045773,18.355775060901422,-4.518510334679226,-7.493834775406072,-0.428027900647334,0.8393816028335993,3.8167205118352765
EFT:-8.547702595453302,4.1009619729092925,-11.683351987462673,-11.523632369045773,18.35577506090142,-4.518510334679224,-7.493834775406074,-0.4280279006473328,0.8393816028335982,3.8167205118352756
Random40
Raw:-8.547702595453298,4.100961972909297,-11.683351987462672,-11.523632369045778,18.355775060901422,-4.518510334679233,-7.493834775406079,-0.4280279006473323,0.8393816028335963,3.8167205118352783
EFT:-8.547702595453302,4.1009619729092925,-11.683351987462673,-11.523632369045773,18.35577506090142,-4.518510334679224,-7.493834775406073,-0.4280279006473335,0.8393816028335983,3.8167205118352756
Random41
Raw:-8.5477025954533,4.10096197290929,-11.683351987462672,-11.523632369045773,18.355775060901422,-4.5185103346792275,-7.493834775406078,-0.42802790064733154,0.839381602833597,3.8167205118352783
EFT:-8.547702595453302,4.1009619729092925,-11.683351987462672,-11.523632369045773,18.35577506090142,-4.518510334679224,-7.493834775406074,-0.42802790064733287,0.8393816028335982,3.8167205118352756
Random42
Raw:-8.547702595453304,4.100961972909294,-11.683351987462672,-11.523632369045771,18.355775060901422,-4.518510334679225,-7.493834775406073,-0.4280279006473312,0.8393816028335968,3.816720511835277
EFT:-8.547702595453302,4.1009619729092925,-11.683351987462673,-11.523632369045773,18.35577506090142,-4.518510334679224,-7.493834775406073,-0.42802790064733337,0.8393816028335982,3.8167205118352756
Random43
Raw:-8.547702595453302,4.100961972909295,-11.683351987462673,-11.523632369045776,18.355775060901415,-4.518510334679225,-7.4938347754060795,-0.4280279006473321,0.8393816028335965,3.8167205118352796
EFT:-8.547702595453302,4.100961972909292,-11.683351987462672,-11.523632369045773,18.35577506090142,-4.518510334679225,-7.493834775406073,-0.42802790064733315,0.8393816028335982,3.8167205118352756
Random44
Raw:-8.547702595453302,4.100961972909291,-11.683351987462673,-11.523632369045776,18.35577506090142,-4.5185103346792275,-7.493834775406077,-0.4280279006473323,0.8393816028335989,3.816720511835281
EFT:-8.547702595453302,4.1009619729092925,-11.683351987462672,-11.523632369045773,18.35577506090142,-4.518510334679224,-7.493834775406074,-0.42802790064733265,0.8393816028335981,3.8167205118352756
Random45
Raw:-8.547702595453297,4.100961972909289,-11.683351987462672,-11.523632369045773,18.355775060901415,-4.518510334679226,-7.4938347754060715,-0.428027900647334,0.8393816028335997,3.816720511835277
EFT:-8.547702595453302,4.1009619729092925,-11.683351987462672,-11.523632369045773,18.35577506090142,-4.518510334679224,-7.493834775406073,-0.4280279006473331,0.8393816028335983,3.8167205118352756
Random46
Raw:-8.547702595453304,4.100961972909287,-11.683351987462673,-11.523632369045771,18.355775060901415,-4.51851033467922,-7.493834775406069,-0.42802790064733365,0.8393816028335989,3.816720511835277
EFT:-8.547702595453302,4.1009619729092925,-11.683351987462672,-11.523632369045773,18.35577506090142,-4.518510334679225,-7.493834775406073,-0.42802790064733315,0.8393816028335982,3.8167205118352756
Random47
Raw:-8.547702595453302,4.100961972909291,-11.683351987462672,-11.523632369045778,18.35577506090142,-4.518510334679223,-7.4938347754060715,-0.4280279006473343,0.8393816028335985,3.8167205118352747
EFT:-8.547702595453302,4.1009619729092925,-11.683351987462672,-11.523632369045773,18.35577506090142,-4.518510334679224,-7.493834775406073,-0.42802790064733276,0.8393816028335982,3.8167205118352756
Random48
Raw:-8.547702595453302,4.100961972909294,-11.683351987462673,-11.52363236904578,18.355775060901422,-4.518510334679223,-7.493834775406074,-0.4280279006473362,0.8393816028335988,3.8167205118352734
EFT:-8.547702595453302,4.1009619729092925,-11.683351987462673,-11.523632369045773,18.35577506090142,-4.518510334679224,-7.493834775406074,-0.42802790064733287,0.8393816028335982,3.8167205118352756
Random49
Raw:-8.547702595453297,4.100961972909294,-11.683351987462673,-11.523632369045773,18.355775060901415,-4.5185103346792275,-7.493834775406078,-0.42802790064732876,0.8393816028335985,3.816720511835281
EFT:-8.547702595453302,4.1009619729092925,-11.683351987462672,-11.523632369045773,18.35577506090142,-4.518510334679224,-7.493834775406073,-0.42802790064733276,0.8393816028335982,3.8167205118352756
Random50
Raw:-8.547702595453302,4.100961972909295,-11.683351987462673,-11.523632369045774,18.35577506090142,-4.518510334679221,-7.493834775406071,-0.42802790064733276,0.8393816028336001,3.8167205118352743
EFT:-8.547702595453302,4.1009619729092925,-11.683351987462672,-11.523632369045773,18.35577506090142,-4.518510334679224,-7.493834775406074,-0.42802790064733276,0.8393816028335981,3.8167205118352756
Random51
Raw:-8.5477025954533,4.100961972909289,-11.683351987462675,-11.523632369045773,18.355775060901415,-4.518510334679225,-7.493834775406077,-0.4280279006473324,0.8393816028336004,3.816720511835283
EFT:-8.547702595453302,4.1009619729092925,-11.683351987462672,-11.523632369045773,18.35577506090142,-4.518510334679224,-7.493834775406073,-0.42802790064733276,0.8393816028335982,3.8167205118352756
Random52
Raw:-8.547702595453297,4.100961972909293,-11.683351987462673,-11.523632369045773,18.35577506090142,-4.5185103346792275,-7.4938347754060795,-0.4280279006473281,0.8393816028335992,3.8167205118352805
EFT:-8.547702595453302,4.1009619729092925,-11.683351987462672,-11.523632369045773,18.35577506090142,-4.518510334679224,-7.493834775406073,-0.42802790064733326,0.8393816028335982,3.8167205118352756
Random53
Raw:-8.547702595453305,4.1009619729092925,-11.683351987462672,-11.523632369045774,18.355775060901415,-4.518510334679222,-7.493834775406073,-0.4280279006473344,0.8393816028336015,3.8167205118352787
EFT:-8.547702595453302,4.1009619729092925,-11.683351987462673,-11.523632369045773,18.35577506090142,-4.518510334679224,-7.493834775406073,-0.4280279006473334,0.8393816028335983,3.8167205118352756
Random54
Raw:-8.547702595453304,4.1009619729092925,-11.683351987462672,-11.523632369045776,18.355775060901422,-4.518510334679228,-7.493834775406079,-0.42802790064733176,0.8393816028335956,3.8167205118352787
EFT:-8.547702595453302,4.1009619729092925,-11.683351987462672,-11.523632369045773,18.35577506090142,-4.518510334679224,-7.493834775406073,-0.4280279006473327,0.8393816028335982,3.8167205118352756
Random55
Raw:-8.5477025954533,4.100961972909293,-11.68335198746267,-11.523632369045774,18.355775060901415,-4.518510334679227,-7.493834775406074,-0.4280279006473299,0.8393816028335996,3.816720511835281
EFT:-8.547702595453302,4.1009619729092925,-11.683351987462672,-11.523632369045773,18.35577506090142,-4.518510334679224,-7.493834775406074,-0.42802790064733265,0.8393816028335981,3.8167205118352756
Random56
Raw:-8.547702595453304,4.100961972909294,-11.683351987462673,-11.523632369045776,18.35577506090142,-4.518510334679227,-7.493834775406077,-0.4280279006473302,0.8393816028335979,3.8167205118352796
EFT:-8.547702595453302,4.1009619729092925,-11.683351987462673,-11.523632369045773,18.35577506090142,-4.518510334679224,-7.493834775406073,-0.4280279006473333,0.8393816028335983,3.816720511835275
Random57
Raw:-8.5477025954533,4.1009619729092925,-11.683351987462672,-11.523632369045773,18.35577506090142,-4.518510334679227,-7.493834775406076,-0.4280279006473312,0.8393816028336003,3.816720511835282
EFT:-8.547702595453302,4.1009619729092925,-11.683351987462673,-11.523632369045773,18.35577506090142,-4.518510334679224,-7.493834775406074,-0.42802790064733287,0.8393816028335982,3.8167205118352756
Random58
Raw:-8.5477025954533,4.100961972909292,-11.683351987462677,-11.523632369045776,18.355775060901415,-4.518510334679225,-7.493834775406073,-0.42802790064733653,0.8393816028336015,3.816720511835277
EFT:-8.547702595453302,4.1009619729092925,-11.683351987462672,-11.523632369045773,18.35577506090142,-4.518510334679224,-7.493834775406073,-0.4280279006473327,0.8393816028335982,3.8167205118352756
Random59
Raw:-8.547702595453302,4.100961972909294,-11.683351987462672,-11.523632369045773,18.355775060901422,-4.518510334679226,-7.4938347754060715,-0.4280279006473333,0.8393816028335996,3.816720511835276
EFT:-8.547702595453302,4.1009619729092925,-11.683351987462673,-11.523632369045773,18.35577506090142,-4.518510334679224,-7.493834775406073,-0.4280279006473335,0.8393816028335983,3.8167205118352756
Random60
Raw:-8.5477025954533,4.1009619729092925,-11.683351987462672,-11.523632369045774,18.355775060901415,-4.518510334679224,-7.493834775406073,-0.428027900647331,0.8393816028335978,3.8167205118352783
EFT:-8.547702595453302,4.1009619729092925,-11.683351987462672,-11.523632369045773,18.35577506090142,-4.518510334679224,-7.493834775406073,-0.4280279006473327,0.8393816028335982,3.8167205118352756
Random61
Raw:-8.547702595453304,4.1009619729092925,-11.683351987462672,-11.523632369045776,18.35577506090142,-4.518510334679227,-7.493834775406077,-0.4280279006473343,0.8393816028335976,3.816720511835277
EFT:-8.547702595453302,4.1009619729092925,-11.683351987462672,-11.523632369045773,18.35577506090142,-4.518510334679225,-7.493834775406073,-0.42802790064733326,0.8393816028335982,3.8167205118352756
Random62
Raw:-8.547702595453298,4.10096197290929,-11.683351987462673,-11.523632369045773,18.35577506090142,-4.518510334679225,-7.493834775406073,-0.42802790064733187,0.8393816028335978,3.8167205118352783
EFT:-8.547702595453302,4.1009619729092925,-11.683351987462672,-11.523632369045773,18.35577506090142,-4.518510334679224,-7.493834775406074,-0.4280279006473326,0.8393816028335981,3.8167205118352756
Random63
Raw:-8.547702595453302,4.100961972909291,-11.683351987462668,-11.523632369045776,18.35577506090142,-4.518510334679225,-7.493834775406072,-0.428027900647331,0.8393816028335995,3.8167205118352774
EFT:-8.547702595453302,4.1009619729092925,-11.683351987462672,-11.523632369045773,18.35577506090142,-4.518510334679224,-7.493834775406073,-0.42802790064733276,0.8393816028335982,3.8167205118352756
Random64
Raw:-8.547702595453304,4.100961972909292,-11.68335198746267,-11.523632369045774,18.355775060901422,-4.518510334679225,-7.49383477540607,-0.4280279006473351,0.8393816028335993,3.816720511835272
EFT:-8.547702595453302,4.1009619729092925,-11.683351987462672,-11.523632369045773,18.35577506090142,-4.518510334679224,-7.493834775406073,-0.4280279006473331,0.8393816028335983,3.8167205118352756
Random65
Raw:-8.547702595453302,4.100961972909298,-11.683351987462666,-11.523632369045776,18.355775060901415,-4.518510334679229,-7.493834775406072,-0.4280279006473314,0.8393816028335973,3.8167205118352743
EFT:-8.547702595453302,4.1009619729092925,-11.683351987462672,-11.523632369045773,18.35577506090142,-4.518510334679224,-7.493834775406073,-0.428027900647333,0.8393816028335982,3.8167205118352756
Random66
Raw:-8.5477025954533,4.100961972909292,-11.68335198746267,-11.523632369045773,18.355775060901422,-4.518510334679227,-7.493834775406074,-0.42802790064733265,0.8393816028335965,3.816720511835276
EFT:-8.547702595453302,4.1009619729092925,-11.683351987462672,-11.523632369045773,18.35577506090142,-4.518510334679224,-7.493834775406074,-0.4280279006473327,0.8393816028335981,3.8167205118352756
Random67
Raw:-8.5477025954533,4.100961972909292,-11.683351987462677,-11.523632369045773,18.355775060901415,-4.518510334679224,-7.493834775406075,-0.4280279006473299,0.8393816028335997,3.8167205118352823
EFT:-8.547702595453302,4.1009619729092925,-11.683351987462673,-11.523632369045773,18.35577506090142,-4.518510334679224,-7.493834775406073,-0.4280279006473334,0.8393816028335983,3.8167205118352756
Random68
Raw:-8.547702595453304,4.100961972909294,-11.683351987462672,-11.523632369045773,18.355775060901422,-4.518510334679222,-7.493834775406075,-0.42802790064733387,0.8393816028335982,3.8167205118352783
EFT:-8.547702595453302,4.1009619729092925,-11.683351987462673,-11.523632369045773,18.35577506090142,-4.518510334679224,-7.493834775406073,-0.4280279006473333,0.8393816028335984,3.816720511835275
Random69
Raw:-8.5477025954533,4.100961972909293,-11.68335198746267,-11.523632369045778,18.35577506090142,-4.518510334679224,-7.493834775406071,-0.4280279006473334,0.8393816028335963,3.816720511835274
EFT:-8.547702595453302,4.1009619729092925,-11.683351987462672,-11.523632369045773,18.35577506090142,-4.518510334679224,-7.493834775406073,-0.42802790064733276,0.8393816028335982,3.8167205118352756
Random70
Raw:-8.5477025954533,4.100961972909293,-11.683351987462673,-11.523632369045776,18.355775060901426,-4.518510334679226,-7.493834775406073,-0.4280279006473354,0.8393816028336032,3.8167205118352756
EFT:-8.547702595453302,4.1009619729092925,-11.683351987462672,-11.523632369045773,18.35577506090142,-4.518510334679224,-7.493834775406074,-0.42802790064733276,0.8393816028335981,3.8167205118352756
Random71
Raw:-8.5477025954533,4.100961972909295,-11.683351987462673,-11.523632369045778,18.35577506090142,-4.518510334679229,-7.493834775406072,-0.4280279006473323,0.8393816028335985,3.8167205118352734
EFT:-8.547702595453302,4.1009619729092925,-11.683351987462672,-11.523632369045773,18.35577506090142,-4.518510334679224,-7.493834775406073,-0.42802790064733304,0.8393816028335981,3.8167205118352756
Random72
Raw:-8.547702595453297,4.100961972909292,-11.683351987462668,-11.523632369045773,18.35577506090142,-4.518510334679227,-7.493834775406076,-0.42802790064732676,0.8393816028335968,3.8167205118352836
EFT:-8.547702595453302,4.1009619729092925,-11.683351987462672,-11.523632369045773,18.35577506090142,-4.518510334679224,-7.493834775406073,-0.4280279006473331,0.8393816028335982,3.8167205118352756
Random73
Raw:-8.5477025954533,4.100961972909293,-11.683351987462672,-11.52363236904578,18.35577506090143,-4.518510334679224,-7.493834775406069,-0.428027900647333,0.8393816028335983,3.816720511835272
EFT:-8.547702595453302,4.1009619729092925,-11.683351987462673,-11.523632369045773,18.35577506090142,-4.518510334679224,-7.493834775406073,-0.42802790064733337,0.8393816028335983,3.816720511835275
Random74
Raw:-8.547702595453302,4.1009619729092925,-11.683351987462673,-11.523632369045778,18.355775060901422,-4.518510334679226,-7.493834775406076,-0.42802790064733287,0.8393816028335999,3.816720511835276
EFT:-8.547702595453302,4.1009619729092925,-11.683351987462672,-11.523632369045773,18.35577506090142,-4.518510334679224,-7.493834775406073,-0.42802790064733315,0.8393816028335983,3.8167205118352756
Random75
Raw:-8.547702595453302,4.100961972909295,-11.683351987462673,-11.52363236904578,18.355775060901426,-4.518510334679227,-7.493834775406074,-0.42802790064732854,0.839381602833597,3.816720511835277
EFT:-8.547702595453302,4.1009619729092925,-11.683351987462672,-11.523632369045773,18.35577506090142,-4.518510334679224,-7.493834775406074,-0.4280279006473329,0.8393816028335982,3.8167205118352756
Random76
Raw:-8.547702595453298,4.100961972909294,-11.683351987462673,-11.52363236904578,18.35577506090142,-4.518510334679227,-7.493834775406075,-0.42802790064732965,0.8393816028335982,3.816720511835279
EFT:-8.547702595453302,4.1009619729092925,-11.683351987462673,-11.523632369045773,18.35577506090142,-4.518510334679224,-7.493834775406073,-0.4280279006473335,0.8393816028335983,3.8167205118352756
Random77
Raw:-8.5477025954533,4.100961972909294,-11.68335198746267,-11.523632369045774,18.355775060901422,-4.518510334679224,-7.493834775406077,-0.4280279006473301,0.8393816028335974,3.8167205118352747
EFT:-8.547702595453302,4.1009619729092925,-11.683351987462672,-11.523632369045773,18.35577506090142,-4.518510334679224,-7.493834775406074,-0.4280279006473327,0.8393816028335981,3.8167205118352756
Random78
Raw:-8.5477025954533,4.100961972909294,-11.683351987462672,-11.523632369045782,18.355775060901422,-4.5185103346792275,-7.493834775406072,-0.4280279006473333,0.8393816028335988,3.816720511835277
EFT:-8.547702595453302,4.1009619729092925,-11.683351987462672,-11.523632369045773,18.35577506090142,-4.518510334679224,-7.493834775406073,-0.42802790064733276,0.8393816028335982,3.8167205118352756
Random79
Raw:-8.5477025954533,4.100961972909294,-11.683351987462672,-11.523632369045776,18.35577506090143,-4.518510334679226,-7.493834775406076,-0.42802790064733187,0.839381602833599,3.8167205118352756
EFT:-8.547702595453302,4.1009619729092925,-11.683351987462672,-11.523632369045773,18.35577506090142,-4.518510334679224,-7.493834775406073,-0.4280279006473327,0.8393816028335982,3.8167205118352756
Random80
Raw:-8.547702595453302,4.10096197290929,-11.683351987462673,-11.523632369045778,18.355775060901415,-4.518510334679226,-7.493834775406077,-0.42802790064732976,0.8393816028335984,3.8167205118352805
EFT:-8.547702595453302,4.1009619729092925,-11.683351987462673,-11.523632369045773,18.35577506090142,-4.518510334679224,-7.493834775406073,-0.42802790064733337,0.8393816028335983,3.816720511835275
Random81
Raw:-8.5477025954533,4.100961972909291,-11.683351987462675,-11.523632369045771,18.355775060901415,-4.518510334679222,-7.493834775406074,-0.4280279006473333,0.8393816028336,3.816720511835278
EFT:-8.547702595453302,4.1009619729092925,-11.683351987462672,-11.523632369045773,18.35577506090142,-4.518510334679224,-7.493834775406073,-0.42802790064733276,0.8393816028335982,3.8167205118352756
Random82
Raw:-8.547702595453302,4.10096197290929,-11.683351987462668,-11.523632369045771,18.355775060901415,-4.518510334679225,-7.493834775406071,-0.4280279006473324,0.839381602833598,3.816720511835277
EFT:-8.547702595453302,4.1009619729092925,-11.683351987462672,-11.523632369045773,18.35577506090142,-4.518510334679224,-7.493834775406073,-0.42802790064733287,0.8393816028335982,3.8167205118352756
Random83
Raw:-8.547702595453304,4.100961972909292,-11.683351987462672,-11.523632369045771,18.355775060901415,-4.518510334679227,-7.493834775406077,-0.4280279006473311,0.8393816028335965,3.8167205118352783
EFT:-8.547702595453302,4.1009619729092925,-11.683351987462672,-11.523632369045773,18.35577506090142,-4.518510334679224,-7.493834775406074,-0.4280279006473326,0.8393816028335981,3.8167205118352756
Random84
Raw:-8.547702595453298,4.100961972909297,-11.68335198746267,-11.523632369045776,18.35577506090142,-4.518510334679228,-7.493834775406078,-0.42802790064733276,0.8393816028335986,3.8167205118352743
EFT:-8.547702595453302,4.1009619729092925,-11.683351987462672,-11.523632369045773,18.35577506090142,-4.518510334679224,-7.493834775406074,-0.42802790064733315,0.8393816028335981,3.8167205118352756
Random85
Raw:-8.547702595453304,4.100961972909292,-11.683351987462675,-11.52363236904578,18.355775060901415,-4.518510334679223,-7.493834775406072,-0.42802790064733265,0.8393816028336,3.8167205118352743
EFT:-8.547702595453302,4.1009619729092925,-11.683351987462672,-11.523632369045773,18.35577506090142,-4.518510334679224,-7.493834775406074,-0.42802790064733315,0.8393816028335981,3.8167205118352756
Random86
Raw:-8.547702595453302,4.100961972909289,-11.68335198746267,-11.52363236904577,18.355775060901415,-4.518510334679224,-7.493834775406074,-0.428027900647331,0.8393816028335996,3.8167205118352787
EFT:-8.547702595453302,4.1009619729092925,-11.683351987462672,-11.523632369045773,18.35577506090142,-4.518510334679224,-7.493834775406074,-0.4280279006473327,0.8393816028335981,3.8167205118352756
Random87
Raw:-8.5477025954533,4.100961972909294,-11.683351987462672,-11.523632369045773,18.35577506090141,-4.518510334679227,-7.4938347754060795,-0.4280279006473272,0.8393816028336003,3.8167205118352854
EFT:-8.547702595453302,4.1009619729092925,-11.683351987462673,-11.523632369045773,18.35577506090142,-4.518510334679224,-7.493834775406074,-0.4280279006473328,0.8393816028335982,3.8167205118352756
Random88
Raw:-8.547702595453302,4.100961972909289,-11.68335198746267,-11.523632369045773,18.35577506090142,-4.518510334679222,-7.4938347754060715,-0.428027900647333,0.8393816028335973,3.8167205118352765
EFT:-8.547702595453302,4.1009619729092925,-11.683351987462673,-11.523632369045773,18.35577506090142,-4.518510334679224,-7.493834775406073,-0.42802790064733337,0.8393816028335984,3.816720511835275
Random89
Raw:-8.547702595453304,4.100961972909298,-11.683351987462675,-11.523632369045776,18.355775060901426,-4.518510334679227,-7.493834775406074,-0.42802790064733287,0.8393816028336007,3.8167205118352774
EFT:-8.547702595453302,4.1009619729092925,-11.683351987462673,-11.523632369045773,18.35577506090142,-4.518510334679224,-7.493834775406073,-0.4280279006473333,0.8393816028335984,3.816720511835275
Random90
Raw:-8.547702595453304,4.100961972909291,-11.683351987462673,-11.523632369045774,18.355775060901422,-4.518510334679226,-7.493834775406077,-0.42802790064733476,0.8393816028335996,3.816720511835278
EFT:-8.547702595453302,4.1009619729092925,-11.683351987462672,-11.523632369045773,18.35577506090142,-4.518510334679224,-7.493834775406074,-0.42802790064733276,0.8393816028335981,3.8167205118352756
Random91
Raw:-8.547702595453302,4.100961972909295,-11.683351987462675,-11.523632369045773,18.35577506090142,-4.518510334679226,-7.493834775406083,-0.428027900647331,0.8393816028335988,3.8167205118352814
EFT:-8.547702595453302,4.1009619729092925,-11.683351987462673,-11.523632369045773,18.35577506090142,-4.518510334679224,-7.493834775406073,-0.42802790064733337,0.8393816028335984,3.8167205118352756
Random92
Raw:-8.547702595453305,4.10096197290929,-11.683351987462679,-11.523632369045774,18.355775060901426,-4.518510334679222,-7.493834775406072,-0.42802790064733587,0.8393816028336035,3.8167205118352716
EFT:-8.547702595453302,4.1009619729092925,-11.683351987462672,-11.523632369045773,18.35577506090142,-4.518510334679224,-7.493834775406074,-0.42802790064733276,0.8393816028335981,3.8167205118352756
Random93
Raw:-8.5477025954533,4.100961972909296,-11.683351987462673,-11.52363236904578,18.35577506090142,-4.518510334679226,-7.493834775406074,-0.428027900647333,0.8393816028335969,3.8167205118352734
EFT:-8.547702595453302,4.1009619729092925,-11.683351987462672,-11.523632369045773,18.35577506090142,-4.518510334679224,-7.493834775406073,-0.4280279006473329,0.8393816028335982,3.8167205118352756
Random94
Raw:-8.547702595453304,4.10096197290929,-11.683351987462673,-11.523632369045774,18.35577506090142,-4.518510334679219,-7.4938347754060715,-0.4280279006473354,0.8393816028335995,3.8167205118352747
EFT:-8.547702595453302,4.1009619729092925,-11.683351987462672,-11.523632369045773,18.35577506090142,-4.518510334679224,-7.493834775406074,-0.42802790064733276,0.8393816028335981,3.8167205118352756
Random95
Raw:-8.547702595453304,4.100961972909293,-11.683351987462675,-11.523632369045776,18.355775060901422,-4.518510334679228,-7.493834775406079,-0.42802790064733065,0.8393816028335985,3.8167205118352783
EFT:-8.547702595453302,4.1009619729092925,-11.683351987462673,-11.523632369045773,18.35577506090142,-4.518510334679224,-7.493834775406074,-0.4280279006473328,0.8393816028335982,3.8167205118352756
Random96
Raw:-8.5477025954533,4.1009619729092925,-11.683351987462672,-11.523632369045774,18.35577506090142,-4.518510334679228,-7.493834775406076,-0.42802790064733265,0.8393816028335968,3.8167205118352787
EFT:-8.547702595453302,4.1009619729092925,-11.683351987462672,-11.523632369045773,18.35577506090142,-4.518510334679224,-7.493834775406073,-0.428027900647333,0.8393816028335981,3.8167205118352756
Random97
Raw:-8.5477025954533,4.100961972909296,-11.683351987462672,-11.523632369045778,18.35577506090143,-4.518510334679228,-7.493834775406072,-0.42802790064733076,0.8393816028335971,3.8167205118352783
EFT:-8.547702595453302,4.1009619729092925,-11.683351987462672,-11.523632369045773,18.35577506090142,-4.518510334679224,-7.493834775406074,-0.42802790064733276,0.839381602833598,3.8167205118352756
Random98
Raw:-8.547702595453304,4.1009619729092925,-11.683351987462673,-11.523632369045776,18.35577506090142,-4.518510334679223,-7.493834775406076,-0.4280279006473344,0.8393816028335975,3.8167205118352774
EFT:-8.547702595453302,4.1009619729092925,-11.683351987462672,-11.523632369045773,18.35577506090142,-4.518510334679224,-7.493834775406073,-0.42802790064733287,0.8393816028335981,3.8167205118352756
Random99
Raw:-8.547702595453304,4.100961972909293,-11.683351987462673,-11.523632369045773,18.35577506090142,-4.518510334679227,-7.493834775406076,-0.428027900647334,0.839381602833597,3.816720511835275
EFT:-8.547702595453302,4.100961972909292,-11.683351987462672,-11.523632369045773,18.35577506090142,-4.518510334679225,-7.493834775406073,-0.42802790064733315,0.8393816028335982,3.8167205118352756
Random100
Raw:-8.547702595453304,4.100961972909296,-11.683351987462673,-11.523632369045782,18.35577506090142,-4.5185103346792275,-7.493834775406076,-0.42802790064733254,0.8393816028335978,3.816720511835276
EFT:-8.547702595453302,4.1009619729092925,-11.683351987462672,-11.523632369045773,18.35577506090142,-4.518510334679225,-7.493834775406073,-0.42802790064733326,0.8393816028335982,3.8167205118352756
Random101
Raw:-8.547702595453302,4.1009619729092925,-11.683351987462666,-11.523632369045773,18.355775060901415,-4.518510334679226,-7.493834775406075,-0.4280279006473314,0.839381602833596,3.8167205118352787
EFT:-8.547702595453302,4.1009619729092925,-11.683351987462672,-11.523632369045773,18.35577506090142,-4.518510334679224,-7.493834775406073,-0.42802790064733326,0.8393816028335983,3.8167205118352756
Random102
Raw:-8.547702595453298,4.100961972909296,-11.683351987462673,-11.52363236904578,18.355775060901415,-4.518510334679226,-7.493834775406072,-0.42802790064733065,0.8393816028335963,3.8167205118352774
EFT:-8.547702595453302,4.1009619729092925,-11.683351987462672,-11.523632369045773,18.35577506090142,-4.518510334679224,-7.493834775406074,-0.4280279006473326,0.8393816028335981,3.8167205118352756
Random103
Raw:-8.547702595453302,4.100961972909295,-11.683351987462673,-11.523632369045778,18.355775060901426,-4.518510334679226,-7.493834775406072,-0.4280279006473313,0.8393816028335963,3.8167205118352747
EFT:-8.547702595453302,4.1009619729092925,-11.683351987462672,-11.523632369045773,18.35577506090142,-4.518510334679224,-7.493834775406073,-0.42802790064733315,0.8393816028335982,3.8167205118352756
Random104
Raw:-8.547702595453304,4.100961972909293,-11.683351987462668,-11.523632369045776,18.355775060901422,-4.518510334679222,-7.493834775406069,-0.4280279006473372,0.8393816028336004,3.8167205118352725
EFT:-8.547702595453302,4.1009619729092925,-11.683351987462672,-11.523632369045773,18.35577506090142,-4.518510334679224,-7.493834775406073,-0.42802790064733304,0.8393816028335982,3.8167205118352756
Random105
Raw:-8.5477025954533,4.100961972909296,-11.683351987462668,-11.52363236904578,18.355775060901426,-4.518510334679229,-7.493834775406077,-0.4280279006473301,0.8393816028335994,3.816720511835276
EFT:-8.547702595453302,4.1009619729092925,-11.683351987462672,-11.523632369045773,18.35577506090142,-4.518510334679224,-7.493834775406073,-0.4280279006473327,0.8393816028335982,3.8167205118352756
Random106
Raw:-8.5477025954533,4.100961972909291,-11.683351987462677,-11.523632369045776,18.355775060901426,-4.518510334679223,-7.493834775406074,-0.42802790064733387,0.8393816028335993,3.816720511835276
EFT:-8.547702595453302,4.1009619729092925,-11.683351987462672,-11.523632369045773,18.35577506090142,-4.518510334679224,-7.493834775406073,-0.428027900647333,0.8393816028335982,3.8167205118352756
Random107
Raw:-8.5477025954533,4.100961972909294,-11.68335198746267,-11.523632369045774,18.35577506090142,-4.518510334679225,-7.493834775406077,-0.42802790064733165,0.8393816028335979,3.8167205118352805
EFT:-8.547702595453302,4.1009619729092925,-11.683351987462672,-11.523632369045773,18.35577506090142,-4.518510334679224,-7.493834775406074,-0.42802790064733315,0.8393816028335981,3.8167205118352756
Random108
Raw:-8.547702595453302,4.100961972909295,-11.683351987462673,-11.523632369045776,18.355775060901422,-4.518510334679228,-7.4938347754060795,-0.428027900647332,0.8393816028335993,3.8167205118352805
EFT:-8.547702595453302,4.1009619729092925,-11.683351987462672,-11.523632369045773,18.35577506090142,-4.518510334679224,-7.493834775406073,-0.4280279006473334,0.8393816028335983,3.8167205118352756
Random109
Raw:-8.547702595453302,4.100961972909291,-11.683351987462675,-11.523632369045771,18.35577506090142,-4.518510334679221,-7.493834775406069,-0.4280279006473341,0.8393816028335985,3.8167205118352774
EFT:-8.547702595453302,4.1009619729092925,-11.683351987462672,-11.523632369045773,18.35577506090142,-4.518510334679224,-7.493834775406074,-0.42802790064733287,0.8393816028335982,3.8167205118352756
Random110
Raw:-8.5477025954533,4.10096197290929,-11.683351987462673,-11.523632369045773,18.355775060901426,-4.518510334679226,-7.4938347754060795,-0.4280279006473314,0.839381602833595,3.816720511835276
EFT:-8.547702595453302,4.1009619729092925,-11.683351987462672,-11.523632369045773,18.35577506090142,-4.518510334679224,-7.493834775406074,-0.42802790064733287,0.839381602833598,3.8167205118352756
Random111
Raw:-8.547702595453298,4.100961972909291,-11.683351987462673,-11.523632369045771,18.35577506090142,-4.5185103346792275,-7.493834775406078,-0.42802790064733176,0.8393816028336001,3.8167205118352827
EFT:-8.547702595453302,4.100961972909292,-11.683351987462672,-11.523632369045773,18.35577506090142,-4.518510334679224,-7.493834775406073,-0.42802790064733304,0.8393816028335981,3.8167205118352756
Random112
Raw:-8.547702595453304,4.100961972909293,-11.683351987462672,-11.52363236904578,18.35577506090142,-4.518510334679225,-7.493834775406076,-0.4280279006473341,0.8393816028336011,3.8167205118352783
EFT:-8.547702595453302,4.1009619729092925,-11.683351987462673,-11.523632369045773,18.35577506090142,-4.518510334679224,-7.493834775406073,-0.4280279006473333,0.8393816028335984,3.816720511835275
Random113
Raw:-8.547702595453302,4.100961972909292,-11.683351987462672,-11.523632369045771,18.355775060901415,-4.518510334679225,-7.493834775406077,-0.42802790064733076,0.839381602833596,3.816720511835281
EFT:-8.547702595453302,4.1009619729092925,-11.683351987462672,-11.523632369045773,18.35577506090142,-4.518510334679224,-7.493834775406074,-0.4280279006473331,0.8393816028335981,3.8167205118352756
Random114
Raw:-8.547702595453298,4.100961972909298,-11.683351987462672,-11.523632369045783,18.35577506090142,-4.5185103346792275,-7.493834775406075,-0.42802790064732954,0.8393816028335983,3.8167205118352756
EFT:-8.547702595453302,4.1009619729092925,-11.683351987462673,-11.523632369045773,18.35577506090142,-4.518510334679224,-7.493834775406073,-0.4280279006473333,0.8393816028335984,3.8167205118352756
Random115
Raw:-8.5477025954533,4.1009619729092925,-11.683351987462673,-11.523632369045774,18.35577506090142,-4.518510334679227,-7.493834775406071,-0.42802790064733265,0.8393816028336002,3.816720511835275
EFT:-8.547702595453302,4.1009619729092925,-11.683351987462672,-11.523632369045773,18.35577506090142,-4.518510334679224,-7.493834775406073,-0.42802790064733326,0.8393816028335982,3.8167205118352756
Random116
Raw:-8.547702595453302,4.100961972909293,-11.683351987462672,-11.523632369045778,18.355775060901415,-4.518510334679225,-7.493834775406073,-0.42802790064733043,0.8393816028336001,3.816720511835278
EFT:-8.547702595453302,4.1009619729092925,-11.683351987462672,-11.523632369045773,18.35577506090142,-4.518510334679225,-7.493834775406073,-0.4280279006473333,0.8393816028335982,3.8167205118352756
Random117
Raw:-8.547702595453304,4.100961972909291,-11.683351987462677,-11.523632369045776,18.35577506090142,-4.518510334679224,-7.493834775406072,-0.428027900647334,0.8393816028336021,3.8167205118352796
EFT:-8.547702595453302,4.1009619729092925,-11.683351987462672,-11.523632369045773,18.35577506090142,-4.518510334679225,-7.493834775406073,-0.4280279006473331,0.8393816028335982,3.8167205118352756
Random118
Raw:-8.5477025954533,4.100961972909294,-11.683351987462675,-11.523632369045782,18.355775060901415,-4.518510334679226,-7.493834775406073,-0.4280279006473334,0.8393816028335991,3.8167205118352734
EFT:-8.547702595453302,4.1009619729092925,-11.683351987462672,-11.523632369045773,18.35577506090142,-4.518510334679225,-7.493834775406073,-0.42802790064733326,0.8393816028335982,3.8167205118352756
Random119
Raw:-8.547702595453298,4.1009619729092925,-11.683351987462675,-11.523632369045776,18.355775060901422,-4.518510334679223,-7.493834775406076,-0.42802790064732954,0.8393816028335976,3.8167205118352814
EFT:-8.547702595453302,4.1009619729092925,-11.683351987462672,-11.523632369045773,18.35577506090142,-4.518510334679224,-7.493834775406074,-0.4280279006473329,0.8393816028335982,3.8167205118352756
Random120
Raw:-8.5477025954533,4.1009619729092925,-11.683351987462673,-11.523632369045776,18.355775060901426,-4.518510334679225,-7.493834775406077,-0.42802790064733054,0.8393816028335981,3.8167205118352787
EFT:-8.547702595453302,4.1009619729092925,-11.683351987462672,-11.523632369045773,18.35577506090142,-4.518510334679224,-7.493834775406073,-0.4280279006473331,0.8393816028335982,3.8167205118352756
Random121
Raw:-8.547702595453304,4.100961972909293,-11.683351987462675,-11.523632369045773,18.35577506090142,-4.518510334679226,-7.493834775406074,-0.428027900647333,0.8393816028335973,3.8167205118352747
EFT:-8.547702595453302,4.1009619729092925,-11.683351987462672,-11.523632369045773,18.35577506090142,-4.518510334679224,-7.493834775406073,-0.42802790064733326,0.8393816028335982,3.8167205118352756
Random122
Raw:-8.5477025954533,4.10096197290929,-11.683351987462675,-11.523632369045773,18.355775060901415,-4.5185103346792275,-7.493834775406077,-0.42802790064733487,0.8393816028336003,3.8167205118352774
EFT:-8.547702595453302,4.1009619729092925,-11.683351987462672,-11.523632369045773,18.35577506090142,-4.518510334679224,-7.493834775406074,-0.42802790064733265,0.8393816028335981,3.8167205118352756
Random123
Raw:-8.547702595453307,4.10096197290929,-11.68335198746267,-11.523632369045774,18.35577506090142,-4.518510334679226,-7.493834775406075,-0.42802790064733387,0.8393816028335972,3.816720511835275
EFT:-8.547702595453302,4.1009619729092925,-11.683351987462672,-11.523632369045773,18.35577506090142,-4.518510334679224,-7.493834775406074,-0.4280279006473329,0.8393816028335982,3.8167205118352756
Random124
Raw:-8.547702595453302,4.100961972909296,-11.683351987462673,-11.523632369045778,18.355775060901426,-4.5185103346792275,-7.493834775406074,-0.428027900647335,0.8393816028336,3.8167205118352725
EFT:-8.547702595453302,4.1009619729092925,-11.683351987462673,-11.523632369045773,18.35577506090142,-4.518510334679224,-7.493834775406074,-0.42802790064733287,0.8393816028335982,3.8167205118352756
Random125
Raw:-8.547702595453304,4.100961972909294,-11.683351987462677,-11.523632369045767,18.35577506090142,-4.518510334679219,-7.493834775406072,-0.42802790064733254,0.8393816028335989,3.816720511835276
EFT:-8.547702595453302,4.1009619729092925,-11.683351987462672,-11.523632369045773,18.35577506090142,-4.518510334679224,-7.493834775406074,-0.42802790064733287,0.8393816028335982,3.8167205118352756
Random126
Raw:-8.547702595453302,4.100961972909292,-11.683351987462672,-11.523632369045773,18.355775060901426,-4.518510334679226,-7.493834775406071,-0.42802790064733254,0.8393816028335976,3.8167205118352743
EFT:-8.547702595453302,4.1009619729092925,-11.683351987462672,-11.523632369045773,18.35577506090142,-4.518510334679224,-7.493834775406074,-0.428027900647333,0.8393816028335981,3.8167205118352756
Random127
Raw:-8.547702595453302,4.10096197290929,-11.68335198746267,-11.523632369045771,18.35577506090142,-4.51851033467922,-7.493834775406069,-0.42802790064733387,0.839381602833598,3.8167205118352743
EFT:-8.547702595453302,4.1009619729092925,-11.683351987462673,-11.523632369045773,18.35577506090142,-4.518510334679224,-7.493834775406073,-0.4280279006473333,0.8393816028335984,3.8167205118352756
Random128
Raw:-8.547702595453297,4.100961972909294,-11.683351987462673,-11.523632369045774,18.355775060901415,-4.518510334679224,-7.4938347754060715,-0.4280279006473334,0.839381602833601,3.816720511835276
EFT:-8.547702595453302,4.1009619729092925,-11.683351987462672,-11.523632369045773,18.35577506090142,-4.518510334679224,-7.493834775406073,-0.428027900647333,0.8393816028335982,3.8167205118352756
Random129
Raw:-8.547702595453302,4.100961972909296,-11.683351987462675,-11.523632369045776,18.355775060901422,-4.518510334679226,-7.493834775406072,-0.42802790064733276,0.8393816028336032,3.8167205118352765
EFT:-8.547702595453302,4.1009619729092925,-11.683351987462672,-11.523632369045773,18.35577506090142,-4.518510334679224,-7.493834775406074,-0.42802790064733287,0.839381602833598,3.8167205118352756
Random130
Raw:-8.547702595453302,4.100961972909287,-11.683351987462673,-11.52363236904577,18.355775060901426,-4.518510334679223,-7.493834775406072,-0.4280279006473371,0.8393816028336025,3.816720511835277
EFT:-8.547702595453302,4.1009619729092925,-11.683351987462672,-11.523632369045773,18.35577506090142,-4.518510334679225,-7.493834775406073,-0.42802790064733315,0.8393816028335983,3.8167205118352756
Random131
Raw:-8.547702595453298,4.100961972909293,-11.68335198746267,-11.523632369045774,18.35577506090142,-4.518510334679223,-7.493834775406076,-0.42802790064732854,0.839381602833599,3.8167205118352787
EFT:-8.547702595453302,4.1009619729092925,-11.683351987462672,-11.523632369045773,18.35577506090142,-4.518510334679224,-7.493834775406073,-0.4280279006473327,0.8393816028335982,3.8167205118352756
Random132
Raw:-8.547702595453302,4.100961972909292,-11.683351987462666,-11.523632369045771,18.355775060901415,-4.518510334679223,-7.4938347754060715,-0.42802790064733176,0.8393816028335981,3.816720511835278
EFT:-8.547702595453302,4.1009619729092925,-11.683351987462672,-11.523632369045773,18.35577506090142,-4.518510334679224,-7.493834775406073,-0.4280279006473328,0.8393816028335982,3.8167205118352756
Random133
Raw:-8.547702595453298,4.100961972909292,-11.683351987462675,-11.523632369045778,18.355775060901422,-4.51851033467923,-7.493834775406077,-0.4280279006473342,0.8393816028336016,3.816720511835276
EFT:-8.547702595453302,4.1009619729092925,-11.683351987462672,-11.523632369045773,18.35577506090142,-4.518510334679224,-7.493834775406074,-0.428027900647333,0.8393816028335982,3.8167205118352756
Random134
Raw:-8.547702595453305,4.100961972909293,-11.683351987462673,-11.523632369045776,18.355775060901422,-4.518510334679227,-7.493834775406075,-0.4280279006473352,0.8393816028335994,3.8167205118352783
EFT:-8.547702595453302,4.1009619729092925,-11.683351987462672,-11.523632369045773,18.35577506090142,-4.518510334679224,-7.493834775406074,-0.42802790064733287,0.839381602833598,3.8167205118352756
Random135
Raw:-8.547702595453302,4.1009619729092925,-11.683351987462673,-11.523632369045776,18.355775060901426,-4.518510334679223,-7.493834775406073,-0.42802790064733254,0.8393816028336013,3.816720511835275
EFT:-8.547702595453302,4.100961972909292,-11.683351987462672,-11.523632369045773,18.35577506090142,-4.518510334679225,-7.493834775406073,-0.42802790064733315,0.8393816028335982,3.8167205118352756
Random136
Raw:-8.5477025954533,4.100961972909294,-11.683351987462672,-11.52363236904578,18.355775060901426,-4.518510334679226,-7.493834775406073,-0.4280279006473302,0.8393816028335975,3.8167205118352743
EFT:-8.547702595453302,4.1009619729092925,-11.683351987462673,-11.523632369045773,18.35577506090142,-4.518510334679224,-7.493834775406073,-0.4280279006473333,0.8393816028335984,3.8167205118352756
Random137
Raw:-8.5477025954533,4.100961972909293,-11.683351987462677,-11.523632369045774,18.355775060901422,-4.518510334679225,-7.4938347754060795,-0.42802790064732954,0.839381602833597,3.8167205118352787
EFT:-8.547702595453302,4.1009619729092925,-11.683351987462672,-11.523632369045773,18.35577506090142,-4.518510334679224,-7.493834775406074,-0.42802790064733315,0.8393816028335981,3.8167205118352756
Random138
Raw:-8.547702595453302,4.1009619729092925,-11.683351987462675,-11.523632369045776,18.355775060901422,-4.518510334679227,-7.493834775406075,-0.42802790064733487,0.8393816028336002,3.8167205118352783
EFT:-8.547702595453302,4.1009619729092925,-11.683351987462672,-11.523632369045773,18.35577506090142,-4.518510334679224,-7.493834775406073,-0.42802790064733276,0.8393816028335982,3.8167205118352756
Random139
Raw:-8.547702595453297,4.100961972909297,-11.683351987462675,-11.523632369045778,18.35577506090142,-4.518510334679232,-7.4938347754060795,-0.4280279006473301,0.839381602833598,3.8167205118352823
EFT:-8.547702595453302,4.1009619729092925,-11.683351987462672,-11.523632369045773,18.35577506090142,-4.518510334679224,-7.493834775406073,-0.42802790064733276,0.8393816028335982,3.8167205118352756
Random140
Raw:-8.5477025954533,4.10096197290929,-11.683351987462673,-11.523632369045778,18.35577506090142,-4.518510334679226,-7.4938347754060715,-0.4280279006473312,0.8393816028335996,3.816720511835279
EFT:-8.547702595453302,4.100961972909292,-11.683351987462672,-11.523632369045773,18.35577506090142,-4.518510334679225,-7.493834775406073,-0.42802790064733315,0.8393816028335982,3.8167205118352756
Random141
Raw:-8.5477025954533,4.1009619729092925,-11.683351987462672,-11.523632369045773,18.35577506090142,-4.518510334679226,-7.493834775406071,-0.4280279006473344,0.8393816028336006,3.816720511835275
EFT:-8.547702595453302,4.1009619729092925,-11.683351987462672,-11.523632369045773,18.35577506090142,-4.518510334679224,-7.493834775406074,-0.4280279006473326,0.8393816028335981,3.8167205118352756
Random142
Raw:-8.547702595453298,4.100961972909292,-11.683351987462673,-11.523632369045773,18.355775060901415,-4.518510334679226,-7.493834775406078,-0.42802790064733043,0.839381602833602,3.8167205118352814
EFT:-8.547702595453302,4.1009619729092925,-11.683351987462672,-11.523632369045773,18.35577506090142,-4.518510334679225,-7.493834775406073,-0.42802790064733326,0.8393816028335982,3.8167205118352756
Random143
Raw:-8.547702595453304,4.100961972909293,-11.683351987462675,-11.523632369045773,18.35577506090142,-4.518510334679227,-7.493834775406078,-0.42802790064733054,0.839381602833597,3.8167205118352783
EFT:-8.547702595453302,4.1009619729092925,-11.683351987462672,-11.523632369045773,18.35577506090142,-4.518510334679224,-7.493834775406073,-0.4280279006473332,0.8393816028335983,3.8167205118352756
Random144
Raw:-8.547702595453297,4.100961972909296,-11.683351987462673,-11.523632369045782,18.35577506090143,-4.518510334679225,-7.493834775406073,-0.42802790064732876,0.839381602833597,3.8167205118352765
EFT:-8.547702595453302,4.1009619729092925,-11.683351987462672,-11.523632369045773,18.35577506090142,-4.518510334679224,-7.493834775406073,-0.428027900647333,0.8393816028335982,3.8167205118352756
Random145
Raw:-8.5477025954533,4.100961972909294,-11.683351987462672,-11.523632369045778,18.355775060901422,-4.518510334679228,-7.493834775406078,-0.4280279006473281,0.8393816028335968,3.8167205118352783
EFT:-8.547702595453302,4.1009619729092925,-11.683351987462673,-11.523632369045773,18.35577506090142,-4.518510334679224,-7.493834775406074,-0.42802790064733287,0.8393816028335982,3.8167205118352756
Random146
Raw:-8.5477025954533,4.100961972909293,-11.683351987462673,-11.523632369045776,18.35577506090142,-4.518510334679225,-7.493834775406075,-0.42802790064732865,0.8393816028335963,3.8167205118352774
EFT:-8.547702595453302,4.1009619729092925,-11.683351987462672,-11.523632369045773,18.35577506090142,-4.518510334679224,-7.493834775406074,-0.4280279006473328,0.8393816028335981,3.8167205118352756
Random147
Raw:-8.5477025954533,4.100961972909292,-11.683351987462672,-11.523632369045774,18.35577506090142,-4.518510334679224,-7.493834775406076,-0.4280279006473344,0.8393816028336,3.8167205118352783
EFT:-8.547702595453302,4.1009619729092925,-11.683351987462672,-11.523632369045773,18.35577506090142,-4.518510334679224,-7.493834775406073,-0.4280279006473332,0.8393816028335983,3.816720511835275
Random148
Raw:-8.547702595453298,4.1009619729092925,-11.683351987462672,-11.523632369045776,18.35577506090142,-4.518510334679225,-7.493834775406075,-0.428027900647333,0.8393816028335985,3.816720511835276
EFT:-8.547702595453302,4.1009619729092925,-11.683351987462672,-11.523632369045773,18.35577506090142,-4.518510334679224,-7.493834775406073,-0.42802790064733326,0.8393816028335982,3.8167205118352756
Random149
Raw:-8.547702595453298,4.1009619729092925,-11.68335198746267,-11.523632369045773,18.355775060901422,-4.518510334679229,-7.493834775406074,-0.4280279006473293,0.8393816028335968,3.816720511835279
EFT:-8.547702595453302,4.1009619729092925,-11.683351987462673,-11.523632369045773,18.35577506090142,-4.518510334679224,-7.493834775406073,-0.4280279006473334,0.8393816028335984,3.816720511835275
Random150
Raw:-8.547702595453298,4.100961972909297,-11.68335198746267,-11.523632369045778,18.355775060901422,-4.518510334679224,-7.493834775406072,-0.42802790064733043,0.8393816028336005,3.8167205118352743
EFT:-8.547702595453302,4.1009619729092925,-11.683351987462672,-11.523632369045773,18.35577506090142,-4.518510334679224,-7.493834775406073,-0.4280279006473332,0.8393816028335983,3.8167205118352756
Random151
Raw:-8.547702595453302,4.100961972909287,-11.683351987462675,-11.523632369045771,18.355775060901415,-4.518510334679223,-7.493834775406075,-0.4280279006473321,0.8393816028336005,3.816720511835283
EFT:-8.547702595453302,4.1009619729092925,-11.683351987462672,-11.523632369045773,18.35577506090142,-4.518510334679224,-7.493834775406073,-0.42802790064733276,0.8393816028335982,3.8167205118352756
Random152
Raw:-8.547702595453302,4.100961972909293,-11.683351987462673,-11.523632369045774,18.355775060901422,-4.518510334679226,-7.493834775406078,-0.4280279006473332,0.8393816028335984,3.816720511835277
EFT:-8.547702595453302,4.1009619729092925,-11.683351987462672,-11.523632369045773,18.35577506090142,-4.518510334679225,-7.493834775406073,-0.42802790064733315,0.8393816028335983,3.8167205118352756
Random153
Raw:-8.547702595453297,4.100961972909292,-11.683351987462675,-11.523632369045776,18.35577506090142,-4.518510334679223,-7.493834775406073,-0.4280279006473312,0.8393816028335994,3.816720511835279
EFT:-8.547702595453302,4.1009619729092925,-11.683351987462672,-11.523632369045773,18.35577506090142,-4.518510334679224,-7.493834775406073,-0.4280279006473331,0.8393816028335983,3.8167205118352756
Random154
Raw:-8.547702595453304,4.100961972909293,-11.68335198746267,-11.523632369045773,18.35577506090142,-4.518510334679225,-7.493834775406073,-0.42802790064733,0.8393816028335956,3.816720511835277
EFT:-8.547702595453302,4.1009619729092925,-11.683351987462672,-11.523632369045773,18.35577506090142,-4.518510334679224,-7.493834775406074,-0.4280279006473327,0.8393816028335981,3.8167205118352756
Random155
Raw:-8.547702595453302,4.1009619729092925,-11.683351987462673,-11.52363236904578,18.355775060901415,-4.518510334679223,-7.493834775406072,-0.4280279006473321,0.8393816028335975,3.8167205118352783
EFT:-8.547702595453302,4.1009619729092925,-11.683351987462672,-11.523632369045773,18.35577506090142,-4.518510334679224,-7.493834775406074,-0.42802790064733276,0.8393816028335981,3.8167205118352756
Random156
Raw:-8.547702595453304,4.100961972909295,-11.68335198746267,-11.523632369045774,18.35577506090142,-4.5185103346792275,-7.493834775406078,-0.4280279006473303,0.8393816028335975,3.8167205118352787
EFT:-8.547702595453302,4.1009619729092925,-11.683351987462672,-11.523632369045773,18.35577506090142,-4.518510334679224,-7.493834775406073,-0.42802790064733315,0.8393816028335982,3.8167205118352756
Random157
Raw:-8.5477025954533,4.100961972909293,-11.683351987462673,-11.523632369045776,18.355775060901422,-4.518510334679226,-7.493834775406079,-0.42802790064733065,0.8393816028335968,3.8167205118352805
EFT:-8.547702595453302,4.1009619729092925,-11.683351987462672,-11.523632369045773,18.35577506090142,-4.518510334679224,-7.493834775406073,-0.42802790064733315,0.8393816028335982,3.8167205118352756
Random158
Raw:-8.547702595453302,4.100961972909294,-11.683351987462673,-11.52363236904578,18.35577506090142,-4.5185103346792275,-7.493834775406072,-0.42802790064733287,0.8393816028335965,3.8167205118352774
EFT:-8.547702595453302,4.1009619729092925,-11.683351987462672,-11.523632369045773,18.35577506090142,-4.518510334679224,-7.493834775406073,-0.42802790064733326,0.8393816028335982,3.8167205118352756
Random159
Raw:-8.5477025954533,4.100961972909296,-11.683351987462677,-11.523632369045782,18.355775060901415,-4.518510334679227,-7.493834775406074,-0.42802790064733154,0.8393816028336017,3.8167205118352787
EFT:-8.547702595453302,4.1009619729092925,-11.683351987462672,-11.523632369045773,18.35577506090142,-4.518510334679224,-7.493834775406074,-0.4280279006473327,0.8393816028335981,3.8167205118352756
Random160
Raw:-8.5477025954533,4.100961972909293,-11.683351987462673,-11.523632369045774,18.355775060901408,-4.5185103346792275,-7.493834775406074,-0.42802790064733187,0.8393816028335995,3.816720511835279
EFT:-8.547702595453302,4.1009619729092925,-11.683351987462672,-11.523632369045773,18.35577506090142,-4.518510334679224,-7.493834775406074,-0.42802790064733287,0.8393816028335982,3.8167205118352756
Random161
Raw:-8.547702595453302,4.100961972909293,-11.683351987462668,-11.52363236904578,18.355775060901426,-4.5185103346792275,-7.493834775406076,-0.4280279006473301,0.8393816028335973,3.816720511835278
EFT:-8.547702595453302,4.1009619729092925,-11.683351987462672,-11.523632369045773,18.35577506090142,-4.518510334679224,-7.493834775406074,-0.42802790064733315,0.8393816028335981,3.8167205118352756
Random162
Raw:-8.547702595453305,4.100961972909297,-11.683351987462677,-11.523632369045773,18.355775060901422,-4.518510334679222,-7.493834775406072,-0.42802790064733176,0.8393816028335993,3.816720511835275
EFT:-8.547702595453302,4.1009619729092925,-11.683351987462672,-11.523632369045773,18.35577506090142,-4.518510334679224,-7.493834775406073,-0.4280279006473328,0.8393816028335982,3.8167205118352756
Random163
Raw:-8.547702595453302,4.100961972909292,-11.683351987462673,-11.523632369045773,18.35577506090142,-4.518510334679223,-7.493834775406075,-0.42802790064733076,0.8393816028335971,3.8167205118352787
EFT:-8.547702595453302,4.1009619729092925,-11.683351987462672,-11.523632369045773,18.35577506090142,-4.518510334679224,-7.493834775406074,-0.42802790064733315,0.8393816028335981,3.8167205118352756
Random164
Raw:-8.547702595453302,4.100961972909293,-11.683351987462677,-11.523632369045774,18.355775060901415,-4.518510334679222,-7.493834775406074,-0.42802790064733387,0.8393816028335972,3.816720511835276
EFT:-8.547702595453302,4.1009619729092925,-11.683351987462672,-11.523632369045773,18.35577506090142,-4.518510334679225,-7.493834775406073,-0.4280279006473333,0.8393816028335982,3.8167205118352756
Random165
Raw:-8.547702595453297,4.100961972909294,-11.68335198746267,-11.523632369045776,18.35577506090142,-4.518510334679227,-7.493834775406076,-0.428027900647329,0.8393816028335969,3.8167205118352787
EFT:-8.547702595453302,4.1009619729092925,-11.683351987462672,-11.523632369045773,18.35577506090142,-4.518510334679224,-7.493834775406074,-0.42802790064733287,0.8393816028335982,3.8167205118352756
Random166
Raw:-8.5477025954533,4.100961972909289,-11.68335198746267,-11.523632369045774,18.35577506090142,-4.518510334679225,-7.493834775406073,-0.4280279006473342,0.8393816028336003,3.816720511835278
EFT:-8.547702595453302,4.1009619729092925,-11.683351987462672,-11.523632369045773,18.35577506090142,-4.518510334679224,-7.493834775406074,-0.428027900647333,0.8393816028335981,3.8167205118352756
Random167
Raw:-8.5477025954533,4.100961972909296,-11.683351987462672,-11.523632369045776,18.355775060901426,-4.518510334679228,-7.493834775406079,-0.4280279006473301,0.8393816028335996,3.8167205118352765
EFT:-8.547702595453302,4.1009619729092925,-11.683351987462672,-11.523632369045773,18.35577506090142,-4.518510334679224,-7.493834775406074,-0.42802790064733276,0.839381602833598,3.8167205118352756
Random168
Raw:-8.5477025954533,4.100961972909291,-11.683351987462666,-11.52363236904577,18.355775060901422,-4.518510334679227,-7.493834775406074,-0.42802790064733276,0.8393816028335993,3.816720511835276
EFT:-8.547702595453302,4.1009619729092925,-11.683351987462672,-11.523632369045773,18.35577506090142,-4.518510334679225,-7.493834775406073,-0.4280279006473331,0.8393816028335982,3.8167205118352756
Random169
Raw:-8.5477025954533,4.100961972909295,-11.683351987462673,-11.523632369045778,18.355775060901422,-4.518510334679228,-7.493834775406074,-0.4280279006473323,0.8393816028335981,3.8167205118352725
EFT:-8.547702595453302,4.1009619729092925,-11.683351987462672,-11.523632369045773,18.35577506090142,-4.518510334679224,-7.493834775406074,-0.42802790064733276,0.8393816028335981,3.8167205118352756
Random170
Raw:-8.547702595453298,4.100961972909294,-11.683351987462672,-11.523632369045778,18.355775060901422,-4.5185103346792275,-7.493834775406076,-0.42802790064733154,0.8393816028335982,3.8167205118352783
EFT:-8.547702595453302,4.1009619729092925,-11.683351987462673,-11.523632369045773,18.35577506090142,-4.518510334679224,-7.493834775406073,-0.42802790064733337,0.8393816028335982,3.8167205118352756
Random171
Raw:-8.547702595453304,4.10096197290929,-11.683351987462679,-11.523632369045773,18.355775060901426,-4.518510334679224,-7.493834775406076,-0.4280279006473322,0.8393816028335997,3.8167205118352783
EFT:-8.547702595453302,4.1009619729092925,-11.683351987462672,-11.523632369045773,18.35577506090142,-4.518510334679224,-7.493834775406074,-0.42802790064733287,0.8393816028335982,3.8167205118352756
Random172
Raw:-8.5477025954533,4.100961972909295,-11.68335198746267,-11.52363236904578,18.355775060901426,-4.518510334679228,-7.493834775406073,-0.428027900647331,0.8393816028335983,3.816720511835276
EFT:-8.547702595453302,4.1009619729092925,-11.683351987462672,-11.523632369045773,18.35577506090142,-4.518510334679224,-7.493834775406073,-0.4280279006473327,0.8393816028335982,3.8167205118352756
Random173
Raw:-8.547702595453307,4.100961972909293,-11.683351987462675,-11.523632369045774,18.35577506090142,-4.518510334679225,-7.493834775406078,-0.42802790064733254,0.8393816028335985,3.816720511835279
EFT:-8.547702595453302,4.1009619729092925,-11.683351987462672,-11.523632369045773,18.35577506090142,-4.518510334679224,-7.493834775406073,-0.42802790064733287,0.8393816028335981,3.8167205118352756
Random174
Raw:-8.5477025954533,4.100961972909289,-11.683351987462673,-11.523632369045774,18.35577506090142,-4.518510334679221,-7.493834775406078,-0.42802790064733165,0.8393816028336005,3.8167205118352827
EFT:-8.547702595453302,4.1009619729092925,-11.683351987462673,-11.523632369045773,18.35577506090142,-4.518510334679224,-7.493834775406073,-0.42802790064733354,0.8393816028335983,3.8167205118352756
Random175
Raw:-8.547702595453304,4.100961972909294,-11.683351987462675,-11.523632369045776,18.355775060901422,-4.5185103346792275,-7.493834775406077,-0.42802790064733276,0.8393816028335995,3.8167205118352787
EFT:-8.547702595453302,4.1009619729092925,-11.683351987462673,-11.523632369045773,18.35577506090142,-4.518510334679224,-7.493834775406074,-0.42802790064733287,0.8393816028335982,3.8167205118352756
Random176
Raw:-8.547702595453302,4.100961972909293,-11.68335198746267,-11.523632369045776,18.35577506090142,-4.518510334679223,-7.4938347754060715,-0.4280279006473311,0.8393816028335966,3.8167205118352756
EFT:-8.547702595453302,4.1009619729092925,-11.683351987462672,-11.523632369045773,18.35577506090142,-4.518510334679224,-7.493834775406074,-0.4280279006473329,0.8393816028335982,3.8167205118352756
Random177
Raw:-8.547702595453304,4.100961972909297,-11.683351987462677,-11.523632369045783,18.355775060901426,-4.518510334679227,-7.493834775406077,-0.4280279006473323,0.8393816028335956,3.816720511835275
EFT:-8.547702595453302,4.1009619729092925,-11.683351987462672,-11.523632369045773,18.35577506090142,-4.518510334679224,-7.493834775406073,-0.4280279006473332,0.8393816028335983,3.8167205118352756
Random178
Raw:-8.5477025954533,4.100961972909293,-11.683351987462672,-11.523632369045774,18.355775060901422,-4.5185103346792275,-7.493834775406071,-0.42802790064732976,0.8393816028335972,3.8167205118352765
EFT:-8.547702595453302,4.1009619729092925,-11.683351987462672,-11.523632369045773,18.35577506090142,-4.518510334679224,-7.493834775406074,-0.42802790064733287,0.839381602833598,3.8167205118352756
Random179
Raw:-8.5477025954533,4.100961972909294,-11.683351987462675,-11.523632369045778,18.355775060901426,-4.518510334679224,-7.493834775406076,-0.42802790064733065,0.8393816028336,3.816720511835279
EFT:-8.547702595453302,4.1009619729092925,-11.683351987462672,-11.523632369045773,18.35577506090142,-4.518510334679224,-7.493834775406074,-0.428027900647333,0.8393816028335982,3.8167205118352756
Random180
Raw:-8.547702595453304,4.100961972909298,-11.683351987462679,-11.523632369045782,18.355775060901422,-4.518510334679228,-7.493834775406076,-0.4280279006473321,0.8393816028335997,3.81672051183528
EFT:-8.547702595453302,4.1009619729092925,-11.683351987462672,-11.523632369045773,18.35577506090142,-4.518510334679224,-7.493834775406073,-0.4280279006473332,0.8393816028335983,3.8167205118352756
Random181
Raw:-8.547702595453302,4.100961972909291,-11.683351987462673,-11.523632369045771,18.355775060901415,-4.518510334679224,-7.493834775406074,-0.428027900647331,0.8393816028335963,3.816720511835278
EFT:-8.547702595453302,4.1009619729092925,-11.683351987462672,-11.523632369045773,18.35577506090142,-4.518510334679224,-7.493834775406074,-0.42802790064733265,0.8393816028335981,3.8167205118352756
Random182
Raw:-8.547702595453302,4.100961972909291,-11.683351987462675,-11.523632369045771,18.355775060901415,-4.518510334679224,-7.493834775406076,-0.4280279006473341,0.8393816028336005,3.816720511835279
EFT:-8.547702595453302,4.1009619729092925,-11.683351987462673,-11.523632369045773,18.35577506090142,-4.518510334679224,-7.493834775406074,-0.4280279006473328,0.8393816028335982,3.8167205118352756
Random183
Raw:-8.547702595453304,4.100961972909294,-11.683351987462677,-11.523632369045774,18.355775060901426,-4.518510334679232,-7.493834775406079,-0.42802790064733376,0.8393816028335995,3.816720511835279
EFT:-8.547702595453302,4.1009619729092925,-11.683351987462672,-11.523632369045773,18.35577506090142,-4.518510334679224,-7.493834775406073,-0.42802790064733276,0.8393816028335982,3.8167205118352756
Random184
Raw:-8.5477025954533,4.100961972909297,-11.683351987462673,-11.52363236904578,18.355775060901415,-4.5185103346792275,-7.493834775406079,-0.4280279006473299,0.8393816028336002,3.816720511835279
EFT:-8.547702595453302,4.1009619729092925,-11.683351987462672,-11.523632369045773,18.35577506090142,-4.518510334679224,-7.493834775406074,-0.42802790064733276,0.839381602833598,3.8167205118352756
Random185
Raw:-8.547702595453304,4.1009619729092925,-11.683351987462673,-11.523632369045774,18.35577506090142,-4.518510334679223,-7.49383477540607,-0.4280279006473354,0.8393816028336,3.8167205118352707
EFT:-8.547702595453302,4.100961972909292,-11.683351987462672,-11.523632369045773,18.35577506090142,-4.518510334679224,-7.493834775406073,-0.42802790064733304,0.8393816028335981,3.8167205118352756
Random186
Raw:-8.5477025954533,4.100961972909296,-11.683351987462675,-11.523632369045773,18.355775060901426,-4.51851033467923,-7.493834775406079,-0.428027900647331,0.8393816028335956,3.8167205118352796
EFT:-8.547702595453302,4.1009619729092925,-11.683351987462672,-11.523632369045773,18.35577506090142,-4.518510334679224,-7.493834775406073,-0.42802790064733276,0.8393816028335982,3.8167205118352756
Random187
Raw:-8.5477025954533,4.100961972909295,-11.68335198746267,-11.523632369045774,18.35577506090142,-4.5185103346792275,-7.493834775406074,-0.42802790064733165,0.8393816028335992,3.816720511835275
EFT:-8.547702595453302,4.1009619729092925,-11.683351987462672,-11.523632369045773,18.35577506090142,-4.518510334679224,-7.493834775406073,-0.4280279006473331,0.8393816028335982,3.8167205118352756
Random188
Raw:-8.5477025954533,4.1009619729092925,-11.683351987462672,-11.523632369045774,18.355775060901422,-4.518510334679227,-7.493834775406078,-0.42802790064732954,0.8393816028335968,3.8167205118352787
EFT:-8.547702595453302,4.1009619729092925,-11.683351987462672,-11.523632369045773,18.35577506090142,-4.518510334679224,-7.493834775406073,-0.42802790064733276,0.8393816028335982,3.8167205118352756
Random189
Raw:-8.5477025954533,4.100961972909293,-11.683351987462672,-11.523632369045773,18.35577506090141,-4.518510334679224,-7.493834775406076,-0.4280279006473289,0.8393816028335975,3.81672051183528
EFT:-8.547702595453302,4.1009619729092925,-11.683351987462672,-11.523632369045773,18.35577506090142,-4.518510334679224,-7.493834775406073,-0.4280279006473331,0.8393816028335982,3.8167205118352756
Random190
Raw:-8.547702595453298,4.100961972909294,-11.683351987462672,-11.523632369045778,18.35577506090142,-4.5185103346792275,-7.4938347754060715,-0.42802790064733376,0.8393816028335974,3.8167205118352743
EFT:-8.547702595453302,4.1009619729092925,-11.683351987462672,-11.523632369045773,18.35577506090142,-4.518510334679224,-7.493834775406073,-0.42802790064733315,0.8393816028335983,3.8167205118352756
Random191
Raw:-8.547702595453298,4.100961972909297,-11.683351987462673,-11.523632369045778,18.35577506090142,-4.51851033467923,-7.493834775406076,-0.4280279006473352,0.8393816028335993,3.8167205118352765
EFT:-8.547702595453302,4.1009619729092925,-11.683351987462672,-11.523632369045773,18.35577506090142,-4.518510334679225,-7.493834775406073,-0.42802790064733315,0.8393816028335983,3.8167205118352756
Random192
Raw:-8.547702595453302,4.1009619729092925,-11.683351987462672,-11.523632369045776,18.35577506090142,-4.518510334679226,-7.493834775406076,-0.4280279006473311,0.8393816028335974,3.8167205118352765
EFT:-8.547702595453302,4.1009619729092925,-11.683351987462672,-11.523632369045773,18.35577506090142,-4.518510334679224,-7.493834775406073,-0.428027900647333,0.8393816028335981,3.8167205118352756
Random193
Raw:-8.547702595453302,4.100961972909291,-11.683351987462672,-11.523632369045773,18.35577506090142,-4.518510334679223,-7.493834775406071,-0.4280279006473334,0.8393816028335999,3.816720511835274
EFT:-8.547702595453302,4.1009619729092925,-11.683351987462672,-11.523632369045773,18.35577506090142,-4.518510334679224,-7.493834775406073,-0.4280279006473332,0.8393816028335983,3.8167205118352756
Random194
Raw:-8.547702595453302,4.100961972909292,-11.683351987462668,-11.523632369045773,18.355775060901422,-4.518510334679224,-7.493834775406072,-0.4280279006473323,0.8393816028336003,3.816720511835276
EFT:-8.547702595453302,4.1009619729092925,-11.683351987462672,-11.523632369045773,18.35577506090142,-4.518510334679224,-7.493834775406073,-0.4280279006473332,0.8393816028335982,3.8167205118352756
Random195
Raw:-8.547702595453304,4.100961972909288,-11.683351987462675,-11.523632369045767,18.35577506090141,-4.518510334679222,-7.493834775406073,-0.42802790064733187,0.8393816028335988,3.8167205118352783
EFT:-8.547702595453302,4.1009619729092925,-11.683351987462673,-11.523632369045773,18.35577506090142,-4.518510334679224,-7.493834775406074,-0.42802790064733287,0.8393816028335982,3.8167205118352756
Random196
Raw:-8.547702595453298,4.100961972909292,-11.683351987462675,-11.523632369045773,18.35577506090142,-4.518510334679226,-7.493834775406074,-0.4280279006473314,0.8393816028335989,3.8167205118352814
EFT:-8.547702595453302,4.1009619729092925,-11.683351987462672,-11.523632369045773,18.35577506090142,-4.518510334679224,-7.493834775406073,-0.4280279006473332,0.8393816028335983,3.8167205118352756
Random197
Raw:-8.547702595453298,4.10096197290929,-11.683351987462673,-11.523632369045773,18.355775060901415,-4.518510334679225,-7.493834775406074,-0.42802790064733376,0.8393816028335988,3.816720511835275
EFT:-8.547702595453302,4.1009619729092925,-11.683351987462672,-11.523632369045773,18.35577506090142,-4.518510334679224,-7.493834775406073,-0.42802790064733326,0.8393816028335983,3.8167205118352756
Random198
Raw:-8.547702595453302,4.100961972909291,-11.68335198746267,-11.523632369045771,18.355775060901422,-4.518510334679223,-7.493834775406073,-0.42802790064733176,0.8393816028335981,3.8167205118352787
EFT:-8.547702595453302,4.1009619729092925,-11.683351987462672,-11.523632369045773,18.35577506090142,-4.518510334679224,-7.493834775406074,-0.42802790064733276,0.8393816028335981,3.8167205118352756
Random199
Raw:-8.547702595453298,4.100961972909293,-11.683351987462675,-11.523632369045776,18.355775060901422,-4.5185103346792275,-7.493834775406077,-0.42802790064732976,0.8393816028336012,3.8167205118352787
EFT:-8.547702595453302,4.1009619729092925,-11.683351987462672,-11.523632369045773,18.35577506090142,-4.518510334679224,-7.493834775406073,-0.42802790064733276,0.8393816028335982,3.8167205118352756
Random200
Raw:-8.547702595453298,4.100961972909293,-11.683351987462672,-11.523632369045782,18.35577506090142,-4.518510334679226,-7.493834775406073,-0.4280279006473299,0.8393816028335972,3.8167205118352765
EFT:-8.547702595453302,4.1009619729092925,-11.683351987462672,-11.523632369045773,18.35577506090142,-4.518510334679224,-7.493834775406073,-0.428027900647333,0.8393816028335982,3.8167205118352756
Random201
Raw:-8.547702595453298,4.100961972909288,-11.683351987462672,-11.523632369045767,18.35577506090142,-4.518510334679222,-7.49383477540607,-0.42802790064733276,0.8393816028336001,3.816720511835278
EFT:-8.547702595453302,4.1009619729092925,-11.683351987462672,-11.523632369045773,18.35577506090142,-4.518510334679224,-7.493834775406074,-0.42802790064733276,0.8393816028335981,3.8167205118352756
Random202
Raw:-8.5477025954533,4.10096197290929,-11.68335198746267,-11.523632369045767,18.35577506090141,-4.518510334679227,-7.493834775406076,-0.42802790064733043,0.8393816028335976,3.8167205118352805
EFT:-8.547702595453302,4.1009619729092925,-11.683351987462672,-11.523632369045773,18.35577506090142,-4.518510334679224,-7.493834775406073,-0.42802790064733276,0.8393816028335982,3.8167205118352756
Random203
Raw:-8.547702595453298,4.100961972909293,-11.683351987462672,-11.52363236904578,18.355775060901426,-4.518510334679228,-7.493834775406076,-0.4280279006473331,0.8393816028336001,3.816720511835277
EFT:-8.547702595453302,4.1009619729092925,-11.683351987462672,-11.523632369045773,18.35577506090142,-4.518510334679224,-7.493834775406074,-0.42802790064733265,0.8393816028335981,3.8167205118352756
Random204
Raw:-8.547702595453302,4.100961972909295,-11.683351987462675,-11.523632369045776,18.355775060901415,-4.5185103346792275,-7.493834775406076,-0.4280279006473314,0.8393816028336002,3.816720511835282
EFT:-8.547702595453302,4.1009619729092925,-11.683351987462672,-11.523632369045773,18.35577506090142,-4.518510334679224,-7.493834775406074,-0.42802790064733265,0.8393816028335981,3.8167205118352756
Random205
Raw:-8.547702595453295,4.100961972909291,-11.68335198746267,-11.52363236904577,18.355775060901415,-4.518510334679225,-7.493834775406074,-0.42802790064733376,0.8393816028336017,3.816720511835281
EFT:-8.547702595453302,4.1009619729092925,-11.683351987462673,-11.523632369045773,18.35577506090142,-4.518510334679224,-7.493834775406073,-0.4280279006473333,0.8393816028335984,3.8167205118352756
Random206
Raw:-8.547702595453302,4.100961972909295,-11.683351987462675,-11.523632369045771,18.355775060901422,-4.5185103346792275,-7.493834775406073,-0.42802790064733465,0.8393816028336002,3.816720511835276
EFT:-8.547702595453302,4.1009619729092925,-11.683351987462672,-11.523632369045773,18.35577506090142,-4.518510334679224,-7.493834775406074,-0.4280279006473327,0.8393816028335981,3.8167205118352756
Random207
Raw:-8.547702595453305,4.100961972909292,-11.683351987462673,-11.523632369045771,18.355775060901415,-4.518510334679224,-7.493834775406074,-0.428027900647332,0.8393816028336005,3.816720511835276
EFT:-8.547702595453302,4.1009619729092925,-11.683351987462672,-11.523632369045773,18.35577506090142,-4.518510334679225,-7.493834775406073,-0.4280279006473333,0.8393816028335982,3.8167205118352756
Random208
Raw:-8.547702595453304,4.100961972909291,-11.683351987462673,-11.523632369045773,18.35577506090142,-4.51851033467922,-7.493834775406074,-0.42802790064733476,0.8393816028335993,3.816720511835277
EFT:-8.547702595453302,4.1009619729092925,-11.683351987462672,-11.523632369045773,18.35577506090142,-4.518510334679224,-7.493834775406073,-0.4280279006473331,0.8393816028335983,3.8167205118352756
Random209
Raw:-8.5477025954533,4.100961972909297,-11.68335198746267,-11.523632369045782,18.35577506090143,-4.518510334679229,-7.493834775406076,-0.4280279006473314,0.8393816028335996,3.816720511835277
EFT:-8.547702595453302,4.1009619729092925,-11.683351987462672,-11.523632369045773,18.35577506090142,-4.518510334679224,-7.493834775406074,-0.42802790064733276,0.8393816028335981,3.8167205118352756
Random210
Raw:-8.547702595453302,4.100961972909291,-11.683351987462677,-11.523632369045774,18.35577506090143,-4.518510334679222,-7.493834775406072,-0.42802790064733365,0.8393816028335988,3.8167205118352743
EFT:-8.547702595453302,4.1009619729092925,-11.683351987462672,-11.523632369045773,18.35577506090142,-4.518510334679224,-7.493834775406073,-0.4280279006473331,0.8393816028335982,3.8167205118352756
Random211
Raw:-8.547702595453302,4.100961972909296,-11.683351987462677,-11.523632369045782,18.355775060901422,-4.518510334679222,-7.4938347754060715,-0.4280279006473334,0.8393816028335999,3.816720511835273
EFT:-8.547702595453302,4.1009619729092925,-11.683351987462672,-11.523632369045773,18.35577506090142,-4.518510334679224,-7.493834775406073,-0.4280279006473331,0.8393816028335983,3.8167205118352756
Random212
Raw:-8.547702595453304,4.10096197290929,-11.683351987462675,-11.52363236904577,18.355775060901415,-4.518510334679222,-7.493834775406076,-0.42802790064733365,0.8393816028335994,3.8167205118352805
EFT:-8.547702595453302,4.100961972909292,-11.683351987462672,-11.523632369045773,18.35577506090142,-4.518510334679225,-7.493834775406073,-0.42802790064733315,0.8393816028335982,3.8167205118352756
Random213
Raw:-8.5477025954533,4.1009619729092925,-11.683351987462673,-11.523632369045774,18.35577506090142,-4.518510334679226,-7.493834775406074,-0.4280279006473343,0.8393816028335996,3.8167205118352756
EFT:-8.547702595453302,4.1009619729092925,-11.683351987462672,-11.523632369045773,18.35577506090142,-4.518510334679224,-7.493834775406073,-0.4280279006473333,0.8393816028335983,3.8167205118352756
Random214
Raw:-8.5477025954533,4.100961972909292,-11.683351987462673,-11.523632369045774,18.35577506090142,-4.518510334679225,-7.493834775406076,-0.42802790064733043,0.839381602833602,3.816720511835277
EFT:-8.547702595453302,4.1009619729092925,-11.683351987462672,-11.523632369045773,18.35577506090142,-4.518510334679224,-7.493834775406074,-0.42802790064733276,0.8393816028335981,3.8167205118352756
Random215
Raw:-8.5477025954533,4.100961972909292,-11.683351987462672,-11.523632369045771,18.35577506090142,-4.518510334679223,-7.493834775406074,-0.42802790064732765,0.8393816028335966,3.8167205118352805
EFT:-8.547702595453302,4.1009619729092925,-11.683351987462672,-11.523632369045773,18.35577506090142,-4.518510334679224,-7.493834775406074,-0.42802790064733276,0.8393816028335981,3.8167205118352756
Random216
Raw:-8.5477025954533,4.1009619729092925,-11.683351987462673,-11.523632369045776,18.355775060901415,-4.518510334679226,-7.493834775406074,-0.4280279006473291,0.8393816028336012,3.816720511835278
EFT:-8.547702595453302,4.100961972909292,-11.683351987462672,-11.523632369045773,18.35577506090142,-4.518510334679225,-7.493834775406073,-0.42802790064733315,0.8393816028335982,3.8167205118352756
Random217
Raw:-8.547702595453302,4.100961972909293,-11.683351987462677,-11.523632369045776,18.35577506090142,-4.518510334679227,-7.4938347754060715,-0.4280279006473312,0.8393816028335992,3.8167205118352734
EFT:-8.547702595453302,4.1009619729092925,-11.683351987462672,-11.523632369045773,18.35577506090142,-4.518510334679224,-7.493834775406074,-0.42802790064733276,0.8393816028335981,3.8167205118352756
Random218
Raw:-8.547702595453297,4.1009619729092925,-11.683351987462672,-11.523632369045774,18.35577506090142,-4.518510334679222,-7.493834775406073,-0.4280279006473341,0.8393816028335995,3.816720511835274
EFT:-8.547702595453302,4.1009619729092925,-11.683351987462672,-11.523632369045773,18.35577506090142,-4.518510334679224,-7.493834775406073,-0.428027900647333,0.8393816028335982,3.8167205118352756
Random219
Raw:-8.547702595453302,4.100961972909291,-11.683351987462673,-11.523632369045774,18.35577506090142,-4.518510334679224,-7.493834775406079,-0.4280279006473321,0.8393816028335978,3.81672051183528
EFT:-8.547702595453302,4.1009619729092925,-11.683351987462672,-11.523632369045773,18.35577506090142,-4.518510334679224,-7.493834775406073,-0.42802790064733276,0.8393816028335982,3.8167205118352756
Random220
Raw:-8.547702595453298,4.100961972909294,-11.683351987462677,-11.523632369045774,18.355775060901422,-4.518510334679224,-7.493834775406075,-0.4280279006473309,0.8393816028335985,3.816720511835278
EFT:-8.547702595453302,4.1009619729092925,-11.683351987462672,-11.523632369045773,18.35577506090142,-4.518510334679224,-7.493834775406074,-0.4280279006473329,0.8393816028335982,3.8167205118352756
Random221
Raw:-8.547702595453297,4.100961972909292,-11.683351987462668,-11.523632369045773,18.355775060901415,-4.518510334679226,-7.493834775406074,-0.4280279006473311,0.8393816028335961,3.8167205118352814
EFT:-8.547702595453302,4.1009619729092925,-11.683351987462672,-11.523632369045773,18.35577506090142,-4.518510334679224,-7.493834775406074,-0.4280279006473328,0.8393816028335981,3.8167205118352756
Random222
Raw:-8.5477025954533,4.100961972909293,-11.68335198746267,-11.523632369045773,18.355775060901422,-4.518510334679226,-7.493834775406078,-0.4280279006473292,0.8393816028335978,3.816720511835281
EFT:-8.547702595453302,4.1009619729092925,-11.683351987462672,-11.523632369045773,18.35577506090142,-4.518510334679224,-7.493834775406073,-0.42802790064733276,0.8393816028335982,3.8167205118352756
Random223
Raw:-8.5477025954533,4.100961972909292,-11.683351987462672,-11.523632369045771,18.35577506090141,-4.5185103346792275,-7.493834775406077,-0.42802790064733454,0.8393816028335985,3.816720511835278
EFT:-8.547702595453302,4.1009619729092925,-11.683351987462672,-11.523632369045773,18.35577506090142,-4.518510334679224,-7.493834775406073,-0.42802790064733315,0.8393816028335982,3.8167205118352756
Random224
Raw:-8.547702595453302,4.100961972909291,-11.68335198746267,-11.523632369045778,18.355775060901415,-4.5185103346792195,-7.4938347754060715,-0.42802790064733043,0.8393816028335962,3.8167205118352756
EFT:-8.547702595453302,4.1009619729092925,-11.683351987462672,-11.523632369045773,18.35577506090142,-4.518510334679225,-7.493834775406073,-0.42802790064733315,0.8393816028335983,3.8167205118352756
Random225
Raw:-8.547702595453302,4.100961972909294,-11.683351987462672,-11.523632369045776,18.355775060901426,-4.518510334679228,-7.493834775406074,-0.4280279006473269,0.8393816028335959,3.8167205118352783
EFT:-8.547702595453302,4.1009619729092925,-11.683351987462672,-11.523632369045773,18.35577506090142,-4.518510334679224,-7.493834775406074,-0.4280279006473331,0.8393816028335981,3.8167205118352756
Random226
Raw:-8.547702595453302,4.1009619729092925,-11.683351987462679,-11.523632369045773,18.355775060901422,-4.518510334679222,-7.493834775406075,-0.428027900647335,0.839381602833599,3.8167205118352774
EFT:-8.547702595453302,4.1009619729092925,-11.683351987462672,-11.523632369045773,18.35577506090142,-4.518510334679224,-7.493834775406073,-0.42802790064733276,0.8393816028335982,3.8167205118352756
Random227
Raw:-8.547702595453302,4.1009619729092925,-11.683351987462673,-11.523632369045776,18.35577506090142,-4.518510334679224,-7.493834775406076,-0.42802790064733,0.8393816028335964,3.816720511835277
EFT:-8.547702595453302,4.1009619729092925,-11.683351987462672,-11.523632369045773,18.35577506090142,-4.518510334679224,-7.493834775406074,-0.42802790064733276,0.8393816028335981,3.8167205118352756
Random228
Raw:-8.547702595453297,4.10096197290929,-11.683351987462677,-11.523632369045774,18.355775060901408,-4.518510334679223,-7.493834775406072,-0.4280279006473341,0.8393816028335996,3.816720511835276
EFT:-8.547702595453302,4.1009619729092925,-11.683351987462672,-11.523632369045773,18.35577506090142,-4.518510334679224,-7.493834775406074,-0.42802790064733276,0.8393816028335981,3.8167205118352756
Random229
Raw:-8.547702595453295,4.100961972909293,-11.68335198746267,-11.52363236904578,18.355775060901415,-4.5185103346792275,-7.493834775406073,-0.42802790064732965,0.8393816028335961,3.816720511835277
EFT:-8.547702595453302,4.1009619729092925,-11.683351987462672,-11.523632369045773,18.35577506090142,-4.518510334679224,-7.493834775406074,-0.428027900647333,0.8393816028335981,3.8167205118352756
Random230
Raw:-8.5477025954533,4.100961972909294,-11.683351987462675,-11.52363236904578,18.355775060901422,-4.518510334679227,-7.493834775406074,-0.4280279006473321,0.8393816028335986,3.816720511835276
EFT:-8.547702595453302,4.1009619729092925,-11.683351987462673,-11.523632369045773,18.35577506090142,-4.518510334679224,-7.493834775406074,-0.4280279006473328,0.8393816028335982,3.8167205118352756
Random231
Raw:-8.547702595453297,4.1009619729092925,-11.683351987462672,-11.523632369045776,18.35577506090142,-4.518510334679228,-7.493834775406077,-0.42802790064733187,0.8393816028336023,3.816720511835278
EFT:-8.547702595453302,4.1009619729092925,-11.683351987462672,-11.523632369045773,18.35577506090142,-4.518510334679224,-7.493834775406074,-0.4280279006473327,0.8393816028335981,3.8167205118352756
Random232
Raw:-8.547702595453298,4.100961972909292,-11.683351987462672,-11.523632369045774,18.35577506090142,-4.518510334679226,-7.49383477540608,-0.4280279006473283,0.839381602833598,3.8167205118352814
EFT:-8.547702595453302,4.1009619729092925,-11.683351987462672,-11.523632369045773,18.35577506090142,-4.518510334679224,-7.493834775406074,-0.4280279006473327,0.8393816028335981,3.8167205118352756
Random233
Raw:-8.547702595453298,4.10096197290929,-11.68335198746267,-11.523632369045771,18.355775060901422,-4.518510334679231,-7.493834775406077,-0.42802790064732943,0.8393816028335976,3.8167205118352796
EFT:-8.547702595453302,4.1009619729092925,-11.683351987462672,-11.523632369045773,18.35577506090142,-4.518510334679224,-7.493834775406073,-0.4280279006473331,0.8393816028335983,3.8167205118352756
Random234
Raw:-8.547702595453302,4.100961972909293,-11.68335198746267,-11.523632369045773,18.35577506090142,-4.518510334679227,-7.493834775406075,-0.4280279006473309,0.8393816028336001,3.8167205118352796
EFT:-8.547702595453302,4.1009619729092925,-11.683351987462672,-11.523632369045773,18.35577506090142,-4.518510334679224,-7.493834775406073,-0.4280279006473331,0.8393816028335982,3.8167205118352756
Random235
Raw:-8.547702595453298,4.100961972909296,-11.683351987462675,-11.523632369045778,18.355775060901426,-4.518510334679227,-7.493834775406078,-0.4280279006473272,0.8393816028335972,3.8167205118352823
EFT:-8.547702595453302,4.1009619729092925,-11.683351987462672,-11.523632369045773,18.35577506090142,-4.518510334679224,-7.493834775406074,-0.4280279006473329,0.8393816028335982,3.8167205118352756
Random236
Raw:-8.547702595453302,4.100961972909292,-11.68335198746267,-11.523632369045778,18.355775060901422,-4.518510334679221,-7.493834775406076,-0.42802790064733076,0.8393816028335963,3.816720511835278
EFT:-8.547702595453302,4.1009619729092925,-11.683351987462672,-11.523632369045773,18.35577506090142,-4.518510334679224,-7.493834775406073,-0.42802790064733276,0.8393816028335982,3.8167205118352756
Random237
Raw:-8.547702595453302,4.100961972909294,-11.683351987462672,-11.523632369045782,18.35577506090142,-4.518510334679226,-7.493834775406075,-0.4280279006473279,0.8393816028335958,3.816720511835277
EFT:-8.547702595453302,4.1009619729092925,-11.683351987462673,-11.523632369045773,18.35577506090142,-4.518510334679224,-7.493834775406074,-0.4280279006473328,0.8393816028335982,3.8167205118352756
Random238
Raw:-8.5477025954533,4.100961972909294,-11.683351987462672,-11.523632369045776,18.35577506090142,-4.5185103346792275,-7.493834775406078,-0.42802790064733065,0.8393816028335959,3.8167205118352796
EFT:-8.547702595453302,4.1009619729092925,-11.683351987462672,-11.523632369045773,18.35577506090142,-4.518510334679224,-7.493834775406073,-0.4280279006473328,0.8393816028335982,3.8167205118352756
Random239
Raw:-8.547702595453302,4.100961972909288,-11.683351987462675,-11.523632369045773,18.35577506090142,-4.518510334679224,-7.493834775406076,-0.42802790064733365,0.8393816028336006,3.8167205118352796
EFT:-8.547702595453302,4.1009619729092925,-11.683351987462672,-11.523632369045773,18.35577506090142,-4.518510334679224,-7.493834775406073,-0.4280279006473331,0.8393816028335982,3.8167205118352756
Random240
Raw:-8.5477025954533,4.100961972909297,-11.683351987462672,-11.523632369045776,18.355775060901422,-4.518510334679225,-7.493834775406075,-0.4280279006473312,0.8393816028335992,3.8167205118352787
EFT:-8.547702595453302,4.1009619729092925,-11.683351987462672,-11.523632369045773,18.35577506090142,-4.518510334679224,-7.493834775406073,-0.4280279006473327,0.8393816028335982,3.8167205118352756
Random241
Raw:-8.547702595453304,4.100961972909296,-11.683351987462673,-11.523632369045778,18.355775060901426,-4.518510334679226,-7.493834775406074,-0.4280279006473314,0.8393816028335997,3.816720511835278
EFT:-8.547702595453302,4.1009619729092925,-11.683351987462672,-11.523632369045773,18.35577506090142,-4.518510334679224,-7.493834775406074,-0.42802790064733265,0.8393816028335981,3.8167205118352756
Random242
Raw:-8.5477025954533,4.100961972909291,-11.683351987462673,-11.523632369045773,18.355775060901415,-4.518510334679224,-7.4938347754060795,-0.4280279006473324,0.8393816028335979,3.8167205118352823
EFT:-8.547702595453302,4.1009619729092925,-11.683351987462672,-11.523632369045773,18.35577506090142,-4.518510334679224,-7.493834775406073,-0.42802790064733276,0.8393816028335982,3.8167205118352756
Random243
Raw:-8.5477025954533,4.1009619729092925,-11.68335198746267,-11.523632369045771,18.355775060901426,-4.518510334679226,-7.4938347754060795,-0.4280279006473293,0.839381602833597,3.8167205118352827
EFT:-8.547702595453302,4.1009619729092925,-11.683351987462672,-11.523632369045773,18.35577506090142,-4.518510334679224,-7.493834775406074,-0.428027900647333,0.8393816028335982,3.8167205118352756
Random244
Raw:-8.547702595453298,4.100961972909293,-11.683351987462672,-11.523632369045774,18.35577506090142,-4.518510334679227,-7.493834775406071,-0.4280279006473302,0.8393816028335973,3.8167205118352743
EFT:-8.547702595453302,4.1009619729092925,-11.683351987462672,-11.523632369045773,18.35577506090142,-4.518510334679224,-7.493834775406073,-0.42802790064733304,0.8393816028335982,3.8167205118352756
Random245
Raw:-8.5477025954533,4.100961972909295,-11.68335198746267,-11.523632369045776,18.35577506090142,-4.5185103346792275,-7.493834775406076,-0.428027900647331,0.8393816028335989,3.816720511835278
EFT:-8.547702595453302,4.1009619729092925,-11.683351987462672,-11.523632369045773,18.35577506090142,-4.518510334679224,-7.493834775406073,-0.42802790064733287,0.8393816028335981,3.8167205118352756
Random246
Raw:-8.547702595453302,4.100961972909291,-11.683351987462677,-11.523632369045773,18.355775060901415,-4.518510334679226,-7.493834775406077,-0.42802790064733165,0.8393816028335979,3.816720511835282
EFT:-8.547702595453302,4.1009619729092925,-11.683351987462672,-11.523632369045773,18.35577506090142,-4.518510334679224,-7.493834775406073,-0.42802790064733304,0.8393816028335981,3.8167205118352756
Random247
Raw:-8.5477025954533,4.100961972909296,-11.68335198746267,-11.523632369045773,18.35577506090141,-4.518510334679225,-7.493834775406073,-0.4280279006473333,0.8393816028335988,3.81672051183528
EFT:-8.547702595453302,4.1009619729092925,-11.683351987462672,-11.523632369045773,18.35577506090142,-4.518510334679224,-7.493834775406074,-0.42802790064733287,0.8393816028335982,3.8167205118352756
Random248
Raw:-8.547702595453302,4.100961972909297,-11.683351987462673,-11.523632369045778,18.355775060901426,-4.518510334679227,-7.493834775406076,-0.42802790064733454,0.8393816028335989,3.816720511835277
EFT:-8.547702595453302,4.1009619729092925,-11.683351987462672,-11.523632369045773,18.35577506090142,-4.518510334679224,-7.493834775406073,-0.42802790064733276,0.8393816028335982,3.8167205118352756
Random249
Raw:-8.547702595453302,4.100961972909292,-11.683351987462673,-11.523632369045767,18.35577506090141,-4.518510334679227,-7.493834775406075,-0.42802790064733165,0.8393816028335941,3.8167205118352787
EFT:-8.547702595453302,4.1009619729092925,-11.683351987462672,-11.523632369045773,18.35577506090142,-4.518510334679224,-7.493834775406073,-0.4280279006473327,0.8393816028335982,3.8167205118352756
Random250
Raw:-8.547702595453304,4.100961972909297,-11.683351987462672,-11.523632369045782,18.355775060901422,-4.518510334679227,-7.4938347754060715,-0.4280279006473313,0.8393816028335979,3.8167205118352765
EFT:-8.547702595453302,4.1009619729092925,-11.683351987462672,-11.523632369045773,18.35577506090142,-4.518510334679224,-7.493834775406073,-0.4280279006473327,0.8393816028335982,3.8167205118352756
Random251
Raw:-8.5477025954533,4.100961972909295,-11.683351987462673,-11.523632369045774,18.35577506090142,-4.518510334679227,-7.493834775406075,-0.4280279006473352,0.8393816028336002,3.8167205118352734
EFT:-8.547702595453302,4.1009619729092925,-11.683351987462673,-11.523632369045773,18.35577506090142,-4.518510334679224,-7.493834775406073,-0.42802790064733337,0.8393816028335983,3.816720511835275
Random252
Raw:-8.547702595453302,4.100961972909293,-11.683351987462672,-11.523632369045771,18.35577506090142,-4.5185103346792275,-7.4938347754060795,-0.42802790064733043,0.8393816028335989,3.81672051183528
EFT:-8.547702595453302,4.1009619729092925,-11.683351987462672,-11.523632369045773,18.35577506090142,-4.518510334679224,-7.493834775406074,-0.42802790064733287,0.8393816028335981,3.8167205118352756
Random253
Raw:-8.547702595453302,4.100961972909292,-11.683351987462673,-11.523632369045773,18.355775060901415,-4.518510334679226,-7.493834775406074,-0.42802790064733254,0.8393816028335986,3.8167205118352756
EFT:-8.547702595453302,4.1009619729092925,-11.683351987462672,-11.523632369045773,18.35577506090142,-4.518510334679225,-7.493834775406073,-0.4280279006473331,0.8393816028335983,3.8167205118352756
Random254
Raw:-8.547702595453298,4.100961972909291,-11.683351987462672,-11.523632369045773,18.355775060901422,-4.518510334679227,-7.493834775406074,-0.42802790064733176,0.839381602833599,3.816720511835276
EFT:-8.547702595453302,4.1009619729092925,-11.683351987462672,-11.523632369045773,18.35577506090142,-4.518510334679224,-7.493834775406074,-0.4280279006473328,0.8393816028335981,3.8167205118352756
Random255
Raw:-8.547702595453302,4.100961972909292,-11.683351987462672,-11.523632369045776,18.35577506090142,-4.5185103346792275,-7.493834775406077,-0.42802790064733165,0.839381602833597,3.8167205118352805
EFT:-8.547702595453302,4.1009619729092925,-11.683351987462672,-11.523632369045773,18.35577506090142,-4.518510334679224,-7.493834775406073,-0.42802790064733287,0.8393816028335981,3.8167205118352756
Random256
Raw:-8.5477025954533,4.100961972909292,-11.683351987462673,-11.523632369045771,18.355775060901422,-4.51851033467922,-7.493834775406069,-0.4280279006473322,0.8393816028335979,3.8167205118352765
EFT:-8.547702595453302,4.1009619729092925,-11.683351987462672,-11.523632369045773,18.35577506090142,-4.518510334679224,-7.493834775406073,-0.428027900647333,0.8393816028335982,3.8167205118352756
Random257
Raw:-8.547702595453295,4.100961972909295,-11.68335198746267,-11.523632369045774,18.35577506090142,-4.51851033467923,-7.493834775406079,-0.4280279006473281,0.8393816028335984,3.816720511835279
EFT:-8.547702595453302,4.1009619729092925,-11.683351987462673,-11.523632369045773,18.35577506090142,-4.518510334679224,-7.493834775406073,-0.4280279006473335,0.8393816028335983,3.8167205118352756
Random258
Raw:-8.547702595453302,4.100961972909293,-11.68335198746267,-11.523632369045778,18.355775060901422,-4.518510334679227,-7.4938347754060715,-0.4280279006473353,0.8393816028335996,3.816720511835273
EFT:-8.547702595453302,4.100961972909292,-11.683351987462672,-11.523632369045773,18.35577506090142,-4.518510334679224,-7.493834775406073,-0.42802790064733304,0.8393816028335981,3.8167205118352756
Random259
Raw:-8.5477025954533,4.1009619729092925,-11.683351987462677,-11.523632369045774,18.35577506090142,-4.518510334679227,-7.493834775406077,-0.4280279006473323,0.8393816028335995,3.81672051183528
EFT:-8.547702595453302,4.1009619729092925,-11.683351987462672,-11.523632369045773,18.35577506090142,-4.518510334679224,-7.493834775406074,-0.4280279006473327,0.8393816028335981,3.8167205118352756
Random260
Raw:-8.547702595453302,4.100961972909293,-11.683351987462677,-11.523632369045776,18.355775060901422,-4.518510334679225,-7.493834775406073,-0.4280279006473332,0.8393816028335974,3.816720511835275
EFT:-8.547702595453302,4.1009619729092925,-11.683351987462672,-11.523632369045773,18.35577506090142,-4.518510334679225,-7.493834775406073,-0.42802790064733326,0.8393816028335982,3.8167205118352756
Random261
Raw:-8.547702595453302,4.100961972909292,-11.683351987462673,-11.523632369045773,18.355775060901422,-4.518510334679225,-7.493834775406079,-0.4280279006473301,0.8393816028335991,3.816720511835279
EFT:-8.547702595453302,4.1009619729092925,-11.683351987462672,-11.523632369045773,18.35577506090142,-4.518510334679224,-7.493834775406074,-0.4280279006473331,0.8393816028335981,3.8167205118352756
Random262
Raw:-8.547702595453302,4.100961972909297,-11.68335198746267,-11.52363236904578,18.355775060901415,-4.5185103346792275,-7.493834775406076,-0.42802790064732854,0.8393816028335959,3.8167205118352743
EFT:-8.547702595453302,4.100961972909292,-11.683351987462672,-11.523632369045773,18.35577506090142,-4.518510334679224,-7.493834775406073,-0.4280279006473331,0.8393816028335981,3.8167205118352756
Random263
Raw:-8.5477025954533,4.1009619729092925,-11.683351987462673,-11.52363236904578,18.355775060901415,-4.518510334679224,-7.493834775406075,-0.42802790064733076,0.8393816028335979,3.8167205118352756
EFT:-8.547702595453302,4.1009619729092925,-11.683351987462673,-11.523632369045773,18.35577506090142,-4.518510334679224,-7.493834775406073,-0.4280279006473335,0.8393816028335983,3.8167205118352756
Random264
Raw:-8.547702595453298,4.100961972909292,-11.683351987462673,-11.523632369045773,18.355775060901415,-4.518510334679225,-7.493834775406077,-0.42802790064732876,0.839381602833599,3.8167205118352805
EFT:-8.547702595453302,4.1009619729092925,-11.683351987462672,-11.523632369045773,18.35577506090142,-4.518510334679224,-7.493834775406073,-0.4280279006473327,0.8393816028335982,3.8167205118352756
Random265
Raw:-8.5477025954533,4.100961972909294,-11.683351987462673,-11.523632369045776,18.355775060901422,-4.5185103346792275,-7.493834775406076,-0.4280279006473309,0.8393816028335981,3.8167205118352805
EFT:-8.547702595453302,4.1009619729092925,-11.683351987462672,-11.523632369045773,18.35577506090142,-4.518510334679224,-7.493834775406074,-0.42802790064733265,0.8393816028335981,3.8167205118352756
Random266
Raw:-8.547702595453297,4.100961972909292,-11.683351987462675,-11.523632369045778,18.35577506090142,-4.518510334679226,-7.4938347754060715,-0.42802790064732943,0.8393816028335984,3.8167205118352743
EFT:-8.547702595453302,4.1009619729092925,-11.683351987462672,-11.523632369045773,18.35577506090142,-4.518510334679224,-7.493834775406073,-0.4280279006473327,0.8393816028335982,3.8167205118352756
Random267
Raw:-8.5477025954533,4.100961972909288,-11.683351987462672,-11.523632369045776,18.355775060901415,-4.518510334679225,-7.4938347754060795,-0.42802790064732965,0.8393816028335985,3.8167205118352836
EFT:-8.547702595453302,4.1009619729092925,-11.683351987462672,-11.523632369045773,18.35577506090142,-4.518510334679224,-7.493834775406073,-0.428027900647333,0.8393816028335982,3.8167205118352756
Random268
Raw:-8.547702595453302,4.100961972909292,-11.683351987462672,-11.523632369045773,18.355775060901415,-4.518510334679226,-7.493834775406076,-0.42802790064733354,0.8393816028335994,3.8167205118352787
EFT:-8.547702595453302,4.1009619729092925,-11.683351987462672,-11.523632369045773,18.35577506090142,-4.518510334679224,-7.493834775406074,-0.42802790064733265,0.8393816028335981,3.8167205118352756
Random269
Raw:-8.547702595453302,4.100961972909291,-11.683351987462675,-11.523632369045771,18.355775060901415,-4.518510334679225,-7.4938347754060795,-0.4280279006473314,0.8393816028335981,3.8167205118352827
EFT:-8.547702595453302,4.1009619729092925,-11.683351987462672,-11.523632369045773,18.35577506090142,-4.518510334679224,-7.493834775406074,-0.4280279006473327,0.8393816028335981,3.8167205118352756
Random270
Raw:-8.547702595453298,4.100961972909291,-11.683351987462673,-11.52363236904578,18.35577506090142,-4.518510334679227,-7.493834775406075,-0.42802790064732854,0.8393816028335974,3.816720511835277
EFT:-8.547702595453302,4.1009619729092925,-11.683351987462672,-11.523632369045773,18.35577506090142,-4.518510334679224,-7.493834775406073,-0.4280279006473332,0.8393816028335982,3.8167205118352756
Random271
Raw:-8.5477025954533,4.100961972909296,-11.683351987462672,-11.52363236904578,18.355775060901426,-4.518510334679226,-7.493834775406075,-0.4280279006473303,0.839381602833595,3.816720511835278
EFT:-8.547702595453302,4.1009619729092925,-11.683351987462672,-11.523632369045773,18.35577506090142,-4.518510334679224,-7.493834775406074,-0.42802790064733265,0.8393816028335981,3.8167205118352756
Random272
Raw:-8.547702595453302,4.1009619729092925,-11.683351987462675,-11.523632369045776,18.35577506090142,-4.518510334679227,-7.493834775406075,-0.4280279006473321,0.8393816028335994,3.8167205118352805
EFT:-8.547702595453302,4.1009619729092925,-11.683351987462672,-11.523632369045773,18.35577506090142,-4.518510334679224,-7.493834775406074,-0.428027900647333,0.8393816028335981,3.8167205118352756
Random273
Raw:-8.547702595453302,4.100961972909292,-11.683351987462673,-11.523632369045774,18.355775060901415,-4.518510334679225,-7.493834775406076,-0.4280279006473299,0.8393816028335993,3.816720511835282
EFT:-8.547702595453302,4.1009619729092925,-11.683351987462672,-11.523632369045773,18.35577506090142,-4.518510334679225,-7.493834775406073,-0.4280279006473331,0.8393816028335983,3.8167205118352756
Random274
Raw:-8.5477025954533,4.100961972909293,-11.683351987462673,-11.52363236904578,18.355775060901422,-4.518510334679227,-7.493834775406078,-0.428027900647329,0.8393816028335988,3.8167205118352783
EFT:-8.547702595453302,4.1009619729092925,-11.683351987462672,-11.523632369045773,18.35577506090142,-4.518510334679224,-7.493834775406073,-0.42802790064733276,0.8393816028335982,3.8167205118352756
Random275
Raw:-8.547702595453304,4.100961972909292,-11.683351987462677,-11.523632369045774,18.35577506090142,-4.518510334679221,-7.493834775406079,-0.4280279006473311,0.8393816028335975,3.816720511835283
EFT:-8.547702595453302,4.1009619729092925,-11.683351987462672,-11.523632369045773,18.35577506090142,-4.518510334679224,-7.493834775406074,-0.42802790064733276,0.839381602833598,3.8167205118352756
Random276
Raw:-8.547702595453302,4.100961972909293,-11.68335198746267,-11.523632369045776,18.355775060901422,-4.518510334679225,-7.493834775406076,-0.4280279006473331,0.8393816028336002,3.8167205118352783
EFT:-8.547702595453302,4.1009619729092925,-11.683351987462673,-11.523632369045773,18.35577506090142,-4.518510334679224,-7.493834775406074,-0.4280279006473328,0.8393816028335982,3.8167205118352756
Random277
Raw:-8.5477025954533,4.100961972909291,-11.683351987462672,-11.52363236904577,18.35577506090141,-4.518510334679225,-7.493834775406072,-0.42802790064733465,0.8393816028335983,3.816720511835277
EFT:-8.547702595453302,4.1009619729092925,-11.683351987462672,-11.523632369045773,18.35577506090142,-4.518510334679224,-7.493834775406074,-0.4280279006473329,0.8393816028335982,3.8167205118352756
Random278
Raw:-8.547702595453298,4.1009619729092925,-11.683351987462672,-11.523632369045778,18.35577506090142,-4.5185103346792275,-7.493834775406077,-0.42802790064732976,0.839381602833604,3.8167205118352814
EFT:-8.547702595453302,4.1009619729092925,-11.683351987462673,-11.523632369045773,18.35577506090142,-4.518510334679224,-7.493834775406073,-0.4280279006473333,0.8393816028335984,3.816720511835275
Random279
Raw:-8.547702595453304,4.1009619729092925,-11.683351987462672,-11.523632369045774,18.35577506090142,-4.5185103346792275,-7.493834775406078,-0.4280279006473323,0.8393816028335981,3.8167205118352774
EFT:-8.547702595453302,4.1009619729092925,-11.683351987462672,-11.523632369045773,18.35577506090142,-4.518510334679224,-7.493834775406074,-0.4280279006473327,0.8393816028335981,3.8167205118352756
Random280
Raw:-8.5477025954533,4.100961972909296,-11.68335198746267,-11.523632369045774,18.35577506090142,-4.518510334679224,-7.493834775406074,-0.4280279006473309,0.8393816028336005,3.816720511835281
EFT:-8.547702595453302,4.1009619729092925,-11.683351987462672,-11.523632369045773,18.35577506090142,-4.518510334679224,-7.493834775406074,-0.42802790064733265,0.8393816028335981,3.8167205118352756
Random281
Raw:-8.547702595453304,4.100961972909292,-11.683351987462675,-11.523632369045776,18.355775060901422,-4.518510334679227,-7.493834775406074,-0.4280279006473303,0.8393816028335984,3.816720511835275
EFT:-8.547702595453302,4.1009619729092925,-11.683351987462672,-11.523632369045773,18.35577506090142,-4.518510334679224,-7.493834775406074,-0.42802790064733287,0.8393816028335982,3.8167205118352756
Random282
Raw:-8.5477025954533,4.100961972909295,-11.683351987462673,-11.523632369045778,18.355775060901422,-4.518510334679225,-7.49383477540607,-0.42802790064732965,0.8393816028335969,3.8167205118352734
EFT:-8.547702595453302,4.1009619729092925,-11.683351987462672,-11.523632369045773,18.35577506090142,-4.518510334679224,-7.493834775406073,-0.4280279006473327,0.8393816028335982,3.8167205118352756
Random283
Raw:-8.5477025954533,4.100961972909292,-11.68335198746267,-11.523632369045773,18.35577506090142,-4.518510334679226,-7.493834775406069,-0.4280279006473334,0.8393816028335989,3.8167205118352716
EFT:-8.547702595453302,4.1009619729092925,-11.683351987462672,-11.523632369045773,18.35577506090142,-4.518510334679224,-7.493834775406073,-0.42802790064733304,0.8393816028335981,3.8167205118352756
Random284
Raw:-8.547702595453295,4.100961972909292,-11.683351987462672,-11.523632369045774,18.355775060901415,-4.5185103346792275,-7.493834775406078,-0.4280279006473292,0.8393816028335999,3.81672051183528
EFT:-8.547702595453302,4.1009619729092925,-11.683351987462673,-11.523632369045773,18.35577506090142,-4.518510334679224,-7.493834775406073,-0.42802790064733337,0.8393816028335983,3.816720511835275
Random285
Raw:-8.5477025954533,4.100961972909294,-11.683351987462672,-11.523632369045776,18.355775060901422,-4.518510334679225,-7.49383477540607,-0.42802790064733387,0.839381602833597,3.8167205118352743
EFT:-8.547702595453302,4.1009619729092925,-11.683351987462672,-11.523632369045773,18.35577506090142,-4.518510334679224,-7.493834775406073,-0.42802790064733287,0.8393816028335981,3.8167205118352756
Random286
Raw:-8.5477025954533,4.100961972909293,-11.683351987462675,-11.523632369045776,18.35577506090142,-4.518510334679228,-7.493834775406079,-0.4280279006473312,0.8393816028335996,3.816720511835279
EFT:-8.547702595453302,4.1009619729092925,-11.683351987462672,-11.523632369045773,18.35577506090142,-4.518510334679224,-7.493834775406073,-0.4280279006473328,0.8393816028335982,3.8167205118352756
Random287
Raw:-8.547702595453304,4.1009619729092925,-11.683351987462675,-11.52363236904578,18.355775060901426,-4.518510334679223,-7.4938347754060715,-0.42802790064733587,0.8393816028336001,3.816720511835274
EFT:-8.547702595453302,4.1009619729092925,-11.683351987462672,-11.523632369045773,18.35577506090142,-4.518510334679224,-7.493834775406074,-0.42802790064733265,0.8393816028335981,3.8167205118352756
Random288
Raw:-8.5477025954533,4.100961972909292,-11.683351987462672,-11.52363236904577,18.355775060901415,-4.518510334679226,-7.493834775406077,-0.428027900647333,0.8393816028335984,3.8167205118352814
EFT:-8.547702595453302,4.1009619729092925,-11.683351987462672,-11.523632369045773,18.35577506090142,-4.518510334679224,-7.493834775406073,-0.4280279006473332,0.8393816028335983,3.8167205118352756
Random289
Raw:-8.547702595453302,4.1009619729092925,-11.683351987462673,-11.523632369045773,18.35577506090142,-4.518510334679227,-7.493834775406075,-0.42802790064733276,0.8393816028336001,3.8167205118352783
EFT:-8.547702595453302,4.1009619729092925,-11.683351987462672,-11.523632369045773,18.35577506090142,-4.518510334679224,-7.493834775406073,-0.4280279006473327,0.8393816028335982,3.8167205118352756
Random290
Raw:-8.547702595453304,4.100961972909293,-11.683351987462672,-11.523632369045773,18.35577506090142,-4.518510334679226,-7.493834775406075,-0.42802790064733165,0.8393816028335971,3.816720511835275
EFT:-8.547702595453302,4.1009619729092925,-11.683351987462672,-11.523632369045773,18.35577506090142,-4.518510334679224,-7.493834775406074,-0.4280279006473326,0.8393816028335981,3.8167205118352756
Random291
Raw:-8.547702595453298,4.100961972909294,-11.68335198746267,-11.523632369045774,18.35577506090141,-4.518510334679227,-7.4938347754060795,-0.42802790064732665,0.839381602833595,3.8167205118352823
EFT:-8.547702595453302,4.1009619729092925,-11.683351987462672,-11.523632369045773,18.35577506090142,-4.518510334679224,-7.493834775406073,-0.42802790064733287,0.8393816028335981,3.8167205118352756
Random292
Raw:-8.547702595453293,4.100961972909294,-11.683351987462665,-11.523632369045776,18.35577506090142,-4.518510334679229,-7.493834775406077,-0.4280279006473301,0.8393816028336002,3.8167205118352756
EFT:-8.547702595453302,4.1009619729092925,-11.683351987462672,-11.523632369045773,18.35577506090142,-4.518510334679225,-7.493834775406073,-0.4280279006473331,0.8393816028335982,3.8167205118352756
Random293
Raw:-8.547702595453298,4.100961972909294,-11.683351987462677,-11.52363236904578,18.35577506090142,-4.518510334679226,-7.493834775406074,-0.42802790064732965,0.8393816028336003,3.816720511835282
EFT:-8.547702595453302,4.1009619729092925,-11.683351987462672,-11.523632369045773,18.35577506090142,-4.518510334679224,-7.493834775406074,-0.42802790064733265,0.8393816028335981,3.8167205118352756
Random294
Raw:-8.5477025954533,4.100961972909295,-11.683351987462672,-11.52363236904578,18.355775060901426,-4.5185103346792275,-7.493834775406074,-0.428027900647331,0.8393816028335963,3.8167205118352783
EFT:-8.547702595453302,4.100961972909292,-11.683351987462672,-11.523632369045773,18.35577506090142,-4.518510334679225,-7.493834775406073,-0.42802790064733315,0.8393816028335982,3.8167205118352756
Random295
Raw:-8.547702595453302,4.100961972909289,-11.683351987462675,-11.523632369045776,18.35577506090142,-4.518510334679224,-7.493834775406074,-0.42802790064733376,0.8393816028335988,3.816720511835278
EFT:-8.547702595453302,4.1009619729092925,-11.683351987462672,-11.523632369045773,18.35577506090142,-4.518510334679224,-7.493834775406074,-0.42802790064733265,0.8393816028335981,3.8167205118352756
Random296
Raw:-8.5477025954533,4.1009619729092925,-11.683351987462677,-11.523632369045778,18.355775060901426,-4.518510334679226,-7.493834775406072,-0.4280279006473344,0.8393816028335993,3.816720511835278
EFT:-8.547702595453302,4.1009619729092925,-11.683351987462673,-11.523632369045773,18.35577506090142,-4.518510334679224,-7.493834775406073,-0.42802790064733337,0.8393816028335982,3.8167205118352756
Random297
Raw:-8.547702595453298,4.100961972909291,-11.683351987462668,-11.52363236904577,18.355775060901415,-4.518510334679226,-7.493834775406072,-0.42802790064733287,0.8393816028335996,3.8167205118352734
EFT:-8.547702595453302,4.1009619729092925,-11.683351987462672,-11.523632369045773,18.35577506090142,-4.518510334679224,-7.493834775406074,-0.42802790064733287,0.8393816028335982,3.8167205118352756
Random298
Raw:-8.547702595453302,4.1009619729093,-11.683351987462673,-11.523632369045776,18.35577506090142,-4.5185103346792275,-7.493834775406077,-0.4280279006473299,0.8393816028335985,3.8167205118352796
EFT:-8.547702595453302,4.1009619729092925,-11.683351987462673,-11.523632369045773,18.35577506090142,-4.518510334679224,-7.493834775406073,-0.4280279006473334,0.8393816028335984,3.816720511835275
Random299
Raw:-8.547702595453304,4.100961972909294,-11.683351987462675,-11.523632369045771,18.35577506090142,-4.518510334679225,-7.493834775406075,-0.428027900647335,0.8393816028336005,3.816720511835277
EFT:-8.547702595453302,4.1009619729092925,-11.683351987462672,-11.523632369045773,18.35577506090142,-4.518510334679224,-7.493834775406074,-0.42802790064733276,0.839381602833598,3.8167205118352756
Random300
Raw:-8.547702595453302,4.100961972909293,-11.683351987462675,-11.523632369045776,18.35577506090142,-4.518510334679225,-7.493834775406076,-0.4280279006473312,0.8393816028335985,3.816720511835279
EFT:-8.547702595453302,4.1009619729092925,-11.683351987462673,-11.523632369045773,18.35577506090142,-4.518510334679224,-7.493834775406074,-0.42802790064733287,0.8393816028335982,3.8167205118352756
Random301
Raw:-8.547702595453302,4.10096197290929,-11.683351987462673,-11.523632369045778,18.35577506090142,-4.518510334679221,-7.493834775406078,-0.428027900647332,0.839381602833598,3.8167205118352765
EFT:-8.547702595453302,4.1009619729092925,-11.683351987462672,-11.523632369045773,18.35577506090142,-4.518510334679224,-7.493834775406074,-0.42802790064733276,0.8393816028335981,3.8167205118352756
Random302
Raw:-8.547702595453298,4.100961972909295,-11.68335198746267,-11.523632369045774,18.355775060901422,-4.518510334679228,-7.493834775406081,-0.42802790064732765,0.8393816028335971,3.8167205118352836
EFT:-8.547702595453302,4.1009619729092925,-11.683351987462672,-11.523632369045773,18.35577506090142,-4.518510334679224,-7.493834775406074,-0.42802790064733265,0.8393816028335981,3.8167205118352756
Random303
Raw:-8.547702595453302,4.100961972909295,-11.683351987462673,-11.52363236904578,18.355775060901426,-4.518510334679226,-7.493834775406072,-0.42802790064732943,0.8393816028335969,3.8167205118352747
EFT:-8.547702595453302,4.1009619729092925,-11.683351987462672,-11.523632369045773,18.35577506090142,-4.518510334679224,-7.493834775406074,-0.4280279006473327,0.8393816028335981,3.8167205118352756
Random304
Raw:-8.5477025954533,4.10096197290929,-11.683351987462673,-11.523632369045773,18.355775060901415,-4.518510334679224,-7.493834775406078,-0.4280279006473341,0.8393816028336007,3.81672051183528
EFT:-8.547702595453302,4.1009619729092925,-11.683351987462672,-11.523632369045773,18.35577506090142,-4.518510334679224,-7.493834775406073,-0.4280279006473331,0.8393816028335982,3.8167205118352756
Random305
Raw:-8.5477025954533,4.100961972909292,-11.683351987462673,-11.523632369045774,18.355775060901426,-4.518510334679226,-7.493834775406072,-0.4280279006473303,0.8393816028335991,3.8167205118352787
EFT:-8.547702595453302,4.1009619729092925,-11.683351987462672,-11.523632369045773,18.35577506090142,-4.518510334679225,-7.493834775406073,-0.4280279006473333,0.8393816028335982,3.8167205118352756
Random306
Raw:-8.547702595453305,4.100961972909293,-11.68335198746267,-11.52363236904578,18.355775060901422,-4.518510334679225,-7.493834775406073,-0.42802790064733287,0.8393816028335986,3.8167205118352814
EFT:-8.547702595453302,4.1009619729092925,-11.683351987462672,-11.523632369045773,18.35577506090142,-4.518510334679224,-7.493834775406073,-0.42802790064733287,0.8393816028335981,3.8167205118352756
Random307
Raw:-8.547702595453298,4.100961972909293,-11.683351987462668,-11.523632369045773,18.35577506090141,-4.518510334679223,-7.493834775406069,-0.42802790064733065,0.8393816028335959,3.8167205118352765
EFT:-8.547702595453302,4.1009619729092925,-11.683351987462672,-11.523632369045773,18.35577506090142,-4.518510334679224,-7.493834775406074,-0.4280279006473326,0.8393816028335981,3.8167205118352756
Random308
Raw:-8.547702595453304,4.100961972909295,-11.683351987462673,-11.523632369045774,18.355775060901422,-4.518510334679229,-7.493834775406075,-0.42802790064733476,0.8393816028335983,3.816720511835275
EFT:-8.547702595453302,4.1009619729092925,-11.683351987462673,-11.523632369045773,18.35577506090142,-4.518510334679224,-7.493834775406074,-0.42802790064733287,0.8393816028335982,3.8167205118352756
Random309
Raw:-8.547702595453307,4.100961972909294,-11.683351987462675,-11.523632369045778,18.355775060901422,-4.518510334679223,-7.493834775406071,-0.4280279006473324,0.8393816028335952,3.816720511835274
EFT:-8.547702595453302,4.1009619729092925,-11.683351987462672,-11.523632369045773,18.35577506090142,-4.518510334679224,-7.493834775406074,-0.42802790064733276,0.8393816028335981,3.8167205118352756
Random310
Raw:-8.547702595453298,4.100961972909292,-11.68335198746267,-11.523632369045773,18.35577506090141,-4.518510334679227,-7.493834775406078,-0.4280279006473289,0.8393816028335955,3.8167205118352823
EFT:-8.547702595453302,4.1009619729092925,-11.683351987462672,-11.523632369045773,18.35577506090142,-4.518510334679224,-7.493834775406073,-0.4280279006473327,0.8393816028335982,3.8167205118352756
Random311
Raw:-8.547702595453302,4.100961972909294,-11.683351987462677,-11.523632369045776,18.35577506090143,-4.518510334679228,-7.493834775406073,-0.4280279006473324,0.8393816028335982,3.816720511835277
EFT:-8.547702595453302,4.1009619729092925,-11.683351987462673,-11.523632369045773,18.35577506090142,-4.518510334679224,-7.493834775406073,-0.42802790064733337,0.8393816028335983,3.8167205118352756
Random312
Raw:-8.547702595453302,4.100961972909292,-11.683351987462668,-11.523632369045774,18.35577506090141,-4.518510334679223,-7.493834775406078,-0.4280279006473283,0.839381602833597,3.816720511835278
EFT:-8.547702595453302,4.1009619729092925,-11.683351987462672,-11.523632369045773,18.35577506090142,-4.518510334679224,-7.493834775406074,-0.4280279006473328,0.8393816028335981,3.8167205118352756
Random313
Raw:-8.547702595453304,4.100961972909294,-11.683351987462673,-11.523632369045776,18.355775060901422,-4.518510334679225,-7.493834775406075,-0.42802790064733187,0.8393816028335989,3.8167205118352756
EFT:-8.547702595453302,4.1009619729092925,-11.683351987462673,-11.523632369045773,18.35577506090142,-4.518510334679224,-7.493834775406073,-0.4280279006473335,0.8393816028335984,3.816720511835275
Random314
Raw:-8.5477025954533,4.100961972909295,-11.683351987462668,-11.523632369045776,18.35577506090142,-4.518510334679228,-7.49383477540608,-0.428027900647329,0.8393816028335959,3.8167205118352783
EFT:-8.547702595453302,4.1009619729092925,-11.683351987462673,-11.523632369045773,18.35577506090142,-4.518510334679224,-7.493834775406073,-0.42802790064733337,0.8393816028335984,3.816720511835275
Random315
Raw:-8.547702595453305,4.100961972909294,-11.683351987462677,-11.52363236904578,18.35577506090143,-4.518510334679223,-7.493834775406075,-0.42802790064733587,0.8393816028335996,3.8167205118352725
EFT:-8.547702595453302,4.1009619729092925,-11.683351987462672,-11.523632369045773,18.35577506090142,-4.518510334679224,-7.493834775406074,-0.42802790064733265,0.8393816028335981,3.8167205118352756
Random316
Raw:-8.5477025954533,4.100961972909292,-11.683351987462673,-11.523632369045776,18.355775060901422,-4.5185103346792275,-7.49383477540608,-0.42802790064732743,0.8393816028335979,3.816720511835281
EFT:-8.547702595453302,4.1009619729092925,-11.683351987462672,-11.523632369045773,18.35577506090142,-4.518510334679224,-7.493834775406073,-0.4280279006473332,0.8393816028335983,3.816720511835275
Random317
Raw:-8.547702595453297,4.100961972909296,-11.683351987462668,-11.52363236904578,18.355775060901426,-4.518510334679232,-7.493834775406075,-0.4280279006473289,0.8393816028335961,3.8167205118352747
EFT:-8.547702595453302,4.1009619729092925,-11.683351987462672,-11.523632369045773,18.35577506090142,-4.518510334679224,-7.493834775406073,-0.42802790064733276,0.8393816028335982,3.8167205118352756
Random318
Raw:-8.547702595453302,4.100961972909295,-11.683351987462672,-11.523632369045774,18.355775060901415,-4.518510334679231,-7.493834775406077,-0.42802790064732976,0.8393816028336,3.816720511835283
EFT:-8.547702595453302,4.1009619729092925,-11.683351987462672,-11.523632369045773,18.35577506090142,-4.518510334679224,-7.493834775406073,-0.4280279006473332,0.8393816028335983,3.816720511835275
Random319
Raw:-8.547702595453304,4.100961972909296,-11.683351987462673,-11.523632369045774,18.355775060901422,-4.518510334679224,-7.493834775406074,-0.42802790064733154,0.8393816028335984,3.8167205118352796
EFT:-8.547702595453302,4.1009619729092925,-11.683351987462672,-11.523632369045773,18.35577506090142,-4.518510334679224,-7.493834775406073,-0.42802790064733326,0.8393816028335983,3.8167205118352756
Random320
Raw:-8.547702595453302,4.100961972909298,-11.683351987462675,-11.523632369045778,18.35577506090142,-4.518510334679224,-7.49383477540607,-0.4280279006473354,0.8393816028336011,3.816720511835271
EFT:-8.547702595453302,4.1009619729092925,-11.683351987462672,-11.523632369045773,18.35577506090142,-4.518510334679224,-7.493834775406073,-0.4280279006473332,0.8393816028335982,3.8167205118352756
Random321
Raw:-8.547702595453304,4.100961972909293,-11.683351987462672,-11.523632369045776,18.35577506090142,-4.518510334679227,-7.493834775406072,-0.42802790064733076,0.8393816028335952,3.816720511835275
EFT:-8.547702595453302,4.1009619729092925,-11.683351987462672,-11.523632369045773,18.35577506090142,-4.518510334679224,-7.493834775406074,-0.42802790064733287,0.8393816028335982,3.8167205118352756
Random322
Raw:-8.547702595453305,4.1009619729092925,-11.683351987462673,-11.523632369045778,18.35577506090142,-4.518510334679224,-7.493834775406078,-0.428027900647334,0.8393816028335985,3.8167205118352774
EFT:-8.547702595453302,4.1009619729092925,-11.683351987462672,-11.523632369045773,18.35577506090142,-4.518510334679224,-7.493834775406074,-0.42802790064733276,0.8393816028335981,3.8167205118352756
Random323
Raw:-8.5477025954533,4.100961972909295,-11.683351987462673,-11.523632369045771,18.35577506090143,-4.518510334679225,-7.493834775406073,-0.4280279006473302,0.8393816028335984,3.816720511835274
EFT:-8.547702595453302,4.1009619729092925,-11.683351987462672,-11.523632369045773,18.35577506090142,-4.518510334679224,-7.493834775406073,-0.4280279006473332,0.8393816028335983,3.8167205118352756
Random324
Raw:-8.547702595453293,4.100961972909294,-11.683351987462668,-11.523632369045778,18.355775060901415,-4.518510334679225,-7.493834775406071,-0.428027900647329,0.8393816028335975,3.8167205118352756
EFT:-8.547702595453302,4.1009619729092925,-11.683351987462672,-11.523632369045773,18.35577506090142,-4.518510334679224,-7.493834775406074,-0.4280279006473326,0.8393816028335981,3.8167205118352756
Random325
Raw:-8.5477025954533,4.1009619729092925,-11.683351987462673,-11.523632369045782,18.35577506090142,-4.518510334679224,-7.4938347754060715,-0.42802790064733165,0.8393816028335996,3.816720511835272
EFT:-8.547702595453302,4.1009619729092925,-11.683351987462672,-11.523632369045773,18.35577506090142,-4.518510334679224,-7.493834775406074,-0.42802790064733315,0.8393816028335981,3.8167205118352756
Random326
Raw:-8.5477025954533,4.100961972909292,-11.68335198746267,-11.523632369045774,18.355775060901408,-4.518510334679222,-7.493834775406074,-0.42802790064733065,0.8393816028335969,3.8167205118352734
EFT:-8.547702595453302,4.1009619729092925,-11.683351987462672,-11.523632369045773,18.35577506090142,-4.518510334679224,-7.493834775406073,-0.42802790064733315,0.8393816028335983,3.8167205118352756
Random327
Raw:-8.5477025954533,4.100961972909292,-11.68335198746267,-11.523632369045771,18.35577506090142,-4.518510334679221,-7.493834775406072,-0.42802790064732954,0.8393816028335978,3.8167205118352774
EFT:-8.547702595453302,4.1009619729092925,-11.683351987462673,-11.523632369045773,18.35577506090142,-4.518510334679224,-7.493834775406074,-0.4280279006473328,0.8393816028335982,3.8167205118352756
Random328
Raw:-8.547702595453297,4.1009619729092925,-11.683351987462672,-11.523632369045776,18.355775060901422,-4.518510334679226,-7.493834775406071,-0.4280279006473302,0.8393816028335974,3.8167205118352765
EFT:-8.547702595453302,4.1009619729092925,-11.683351987462672,-11.523632369045773,18.35577506090142,-4.518510334679224,-7.493834775406073,-0.4280279006473332,0.8393816028335983,3.8167205118352756
Random329
Raw:-8.547702595453298,4.100961972909296,-11.683351987462673,-11.523632369045776,18.35577506090142,-4.518510334679229,-7.493834775406075,-0.4280279006473303,0.8393816028335999,3.816720511835279
EFT:-8.547702595453302,4.1009619729092925,-11.683351987462673,-11.523632369045773,18.35577506090142,-4.518510334679224,-7.493834775406074,-0.4280279006473328,0.8393816028335982,3.8167205118352756
Random330
Raw:-8.547702595453304,4.100961972909294,-11.683351987462673,-11.523632369045776,18.355775060901415,-4.518510334679223,-7.493834775406076,-0.42802790064733365,0.8393816028336007,3.816720511835278
EFT:-8.547702595453302,4.1009619729092925,-11.683351987462673,-11.523632369045773,18.35577506090142,-4.518510334679224,-7.493834775406073,-0.4280279006473333,0.8393816028335983,3.816720511835275
Random331
Raw:-8.547702595453302,4.10096197290929,-11.683351987462672,-11.523632369045773,18.35577506090142,-4.518510334679221,-7.493834775406072,-0.4280279006473352,0.8393816028336015,3.816720511835275
EFT:-8.547702595453302,4.1009619729092925,-11.683351987462672,-11.523632369045773,18.35577506090142,-4.518510334679225,-7.493834775406073,-0.42802790064733326,0.8393816028335982,3.8167205118352756
Random332
Raw:-8.547702595453304,4.100961972909297,-11.683351987462673,-11.523632369045778,18.355775060901422,-4.518510334679227,-7.493834775406073,-0.42802790064732965,0.8393816028335975,3.816720511835276
EFT:-8.547702595453302,4.1009619729092925,-11.683351987462673,-11.523632369045773,18.35577506090142,-4.518510334679224,-7.493834775406073,-0.4280279006473333,0.8393816028335983,3.816720511835275
Random333
Raw:-8.5477025954533,4.100961972909293,-11.683351987462672,-11.523632369045774,18.35577506090142,-4.518510334679224,-7.493834775406078,-0.4280279006473321,0.8393816028335999,3.816720511835279
EFT:-8.547702595453302,4.1009619729092925,-11.683351987462672,-11.523632369045773,18.35577506090142,-4.518510334679225,-7.493834775406073,-0.42802790064733326,0.8393816028335982,3.8167205118352756
Random334
Raw:-8.547702595453304,4.10096197290929,-11.683351987462672,-11.523632369045774,18.355775060901415,-4.518510334679223,-7.493834775406074,-0.42802790064733254,0.8393816028335979,3.8167205118352796
EFT:-8.547702595453302,4.1009619729092925,-11.683351987462672,-11.523632369045773,18.35577506090142,-4.518510334679225,-7.493834775406073,-0.4280279006473331,0.8393816028335983,3.8167205118352756
Random335
Raw:-8.547702595453297,4.100961972909294,-11.683351987462675,-11.523632369045776,18.355775060901426,-4.518510334679228,-7.493834775406074,-0.428027900647333,0.8393816028335999,3.816720511835279
EFT:-8.547702595453302,4.1009619729092925,-11.683351987462672,-11.523632369045773,18.35577506090142,-4.518510334679224,-7.493834775406073,-0.42802790064733276,0.8393816028335982,3.8167205118352756
Random336
Raw:-8.5477025954533,4.100961972909288,-11.683351987462673,-11.523632369045773,18.35577506090142,-4.51851033467922,-7.493834775406076,-0.42802790064733165,0.8393816028336005,3.8167205118352774
EFT:-8.547702595453302,4.1009619729092925,-11.683351987462673,-11.523632369045773,18.35577506090142,-4.518510334679224,-7.493834775406074,-0.42802790064733287,0.8393816028335982,3.8167205118352756
Random337
Raw:-8.547702595453302,4.100961972909292,-11.68335198746267,-11.523632369045774,18.355775060901422,-4.518510334679225,-7.493834775406076,-0.4280279006473312,0.839381602833597,3.816720511835278
EFT:-8.547702595453302,4.1009619729092925,-11.683351987462672,-11.523632369045773,18.35577506090142,-4.518510334679224,-7.493834775406074,-0.4280279006473327,0.8393816028335981,3.8167205118352756
Random338
Raw:-8.547702595453304,4.100961972909292,-11.683351987462672,-11.52363236904578,18.35577506090142,-4.518510334679227,-7.493834775406075,-0.428027900647331,0.8393816028335976,3.816720511835279
EFT:-8.547702595453302,4.1009619729092925,-11.683351987462672,-11.523632369045773,18.35577506090142,-4.518510334679224,-7.493834775406073,-0.4280279006473333,0.8393816028335983,3.8167205118352756
Random339
Raw:-8.547702595453307,4.100961972909291,-11.683351987462672,-11.523632369045771,18.355775060901415,-4.518510334679222,-7.493834775406077,-0.4280279006473334,0.8393816028335968,3.8167205118352774
EFT:-8.547702595453302,4.1009619729092925,-11.683351987462672,-11.523632369045773,18.35577506090142,-4.518510334679224,-7.493834775406074,-0.428027900647333,0.8393816028335982,3.8167205118352756
Random340
Raw:-8.5477025954533,4.100961972909292,-11.683351987462673,-11.523632369045774,18.355775060901422,-4.518510334679222,-7.493834775406071,-0.428027900647334,0.8393816028335956,3.816720511835272
EFT:-8.547702595453302,4.1009619729092925,-11.683351987462672,-11.523632369045773,18.35577506090142,-4.518510334679224,-7.493834775406074,-0.428027900647333,0.8393816028335982,3.8167205118352756
Random341
Raw:-8.547702595453298,4.100961972909293,-11.683351987462672,-11.523632369045771,18.35577506090142,-4.518510334679229,-7.493834775406078,-0.42802790064733054,0.8393816028335986,3.816720511835277
EFT:-8.547702595453302,4.1009619729092925,-11.683351987462672,-11.523632369045773,18.35577506090142,-4.518510334679224,-7.493834775406073,-0.42802790064733276,0.8393816028335982,3.8167205118352756
Random342
Raw:-8.547702595453298,4.100961972909295,-11.683351987462666,-11.523632369045773,18.35577506090141,-4.518510334679228,-7.493834775406073,-0.4280279006473312,0.8393816028335985,3.816720511835276
EFT:-8.547702595453302,4.1009619729092925,-11.683351987462672,-11.523632369045773,18.35577506090142,-4.518510334679224,-7.493834775406074,-0.42802790064733276,0.8393816028335981,3.8167205118352756
Random343
Raw:-8.5477025954533,4.100961972909296,-11.683351987462673,-11.523632369045778,18.35577506090141,-4.518510334679223,-7.493834775406073,-0.4280279006473301,0.8393816028335974,3.8167205118352774
EFT:-8.547702595453302,4.1009619729092925,-11.683351987462672,-11.523632369045773,18.35577506090142,-4.518510334679224,-7.493834775406073,-0.4280279006473332,0.8393816028335983,3.816720511835275
Random344
Raw:-8.547702595453302,4.1009619729092925,-11.683351987462673,-11.52363236904578,18.355775060901422,-4.518510334679226,-7.493834775406078,-0.42802790064733,0.8393816028335979,3.8167205118352805
EFT:-8.547702595453302,4.1009619729092925,-11.683351987462672,-11.523632369045773,18.35577506090142,-4.518510334679224,-7.493834775406074,-0.4280279006473328,0.8393816028335981,3.8167205118352756
Random345
Raw:-8.547702595453305,4.100961972909294,-11.683351987462673,-11.523632369045778,18.35577506090142,-4.518510334679228,-7.493834775406075,-0.4280279006473324,0.8393816028336016,3.816720511835275
EFT:-8.547702595453302,4.1009619729092925,-11.683351987462673,-11.523632369045773,18.35577506090142,-4.518510334679224,-7.493834775406074,-0.4280279006473328,0.8393816028335982,3.8167205118352756
Random346
Raw:-8.547702595453302,4.100961972909296,-11.683351987462675,-11.523632369045782,18.35577506090142,-4.518510334679226,-7.4938347754060715,-0.4280279006473314,0.8393816028335981,3.8167205118352787
EFT:-8.547702595453302,4.1009619729092925,-11.683351987462672,-11.523632369045773,18.35577506090142,-4.518510334679224,-7.493834775406073,-0.4280279006473332,0.8393816028335983,3.8167205118352756
Random347
Raw:-8.547702595453305,4.100961972909292,-11.683351987462675,-11.523632369045774,18.355775060901422,-4.5185103346792275,-7.493834775406077,-0.4280279006473341,0.8393816028335992,3.81672051183528
EFT:-8.547702595453302,4.1009619729092925,-11.683351987462672,-11.523632369045773,18.35577506090142,-4.518510334679224,-7.493834775406073,-0.4280279006473331,0.8393816028335982,3.8167205118352756
Random348
Raw:-8.547702595453304,4.1009619729092925,-11.68335198746267,-11.523632369045776,18.355775060901422,-4.518510334679229,-7.493834775406079,-0.4280279006473313,0.8393816028335982,3.8167205118352796
EFT:-8.547702595453302,4.1009619729092925,-11.683351987462673,-11.523632369045773,18.35577506090142,-4.518510334679224,-7.493834775406073,-0.4280279006473333,0.8393816028335984,3.8167205118352756
Random349
Raw:-8.547702595453298,4.100961972909293,-11.68335198746267,-11.523632369045776,18.355775060901422,-4.518510334679225,-7.493834775406071,-0.42802790064732976,0.8393816028335966,3.816720511835276
EFT:-8.547702595453302,4.100961972909292,-11.683351987462672,-11.523632369045773,18.35577506090142,-4.518510334679224,-7.493834775406073,-0.42802790064733304,0.8393816028335981,3.8167205118352756
Random350
Raw:-8.547702595453298,4.1009619729092925,-11.683351987462672,-11.523632369045778,18.355775060901426,-4.518510334679228,-7.493834775406075,-0.42802790064732943,0.8393816028335975,3.816720511835281
EFT:-8.547702595453302,4.100961972909292,-11.683351987462672,-11.523632369045773,18.35577506090142,-4.518510334679225,-7.493834775406073,-0.42802790064733315,0.8393816028335982,3.8167205118352756
Random351
Raw:-8.547702595453304,4.100961972909293,-11.683351987462672,-11.523632369045774,18.355775060901422,-4.518510334679226,-7.493834775406077,-0.4280279006473333,0.8393816028335958,3.816720511835278
EFT:-8.547702595453302,4.1009619729092925,-11.683351987462672,-11.523632369045773,18.35577506090142,-4.518510334679224,-7.493834775406073,-0.4280279006473332,0.8393816028335982,3.8167205118352756
Random352
Raw:-8.547702595453307,4.100961972909292,-11.683351987462675,-11.523632369045776,18.355775060901422,-4.518510334679223,-7.493834775406077,-0.42802790064733154,0.8393816028335982,3.8167205118352805
EFT:-8.547702595453302,4.1009619729092925,-11.683351987462672,-11.523632369045773,18.35577506090142,-4.518510334679224,-7.493834775406073,-0.42802790064733287,0.8393816028335981,3.8167205118352756
Random353
Raw:-8.547702595453304,4.1009619729092925,-11.683351987462675,-11.523632369045773,18.35577506090142,-4.518510334679224,-7.493834775406074,-0.4280279006473344,0.8393816028336003,3.8167205118352796
EFT:-8.547702595453302,4.1009619729092925,-11.683351987462672,-11.523632369045773,18.35577506090142,-4.518510334679224,-7.493834775406073,-0.4280279006473327,0.8393816028335982,3.8167205118352756
Random354
Raw:-8.5477025954533,4.100961972909291,-11.68335198746267,-11.523632369045773,18.355775060901415,-4.518510334679224,-7.493834775406066,-0.42802790064733565,0.8393816028336007,3.8167205118352734
EFT:-8.547702595453302,4.100961972909292,-11.683351987462672,-11.523632369045773,18.35577506090142,-4.518510334679225,-7.493834775406073,-0.42802790064733315,0.8393816028335982,3.8167205118352756
Random355
Raw:-8.547702595453297,4.10096197290929,-11.68335198746267,-11.523632369045767,18.35577506090141,-4.518510334679225,-7.493834775406075,-0.4280279006473311,0.8393816028335993,3.81672051183528
EFT:-8.547702595453302,4.1009619729092925,-11.683351987462673,-11.523632369045773,18.35577506090142,-4.518510334679224,-7.493834775406073,-0.4280279006473334,0.8393816028335984,3.816720511835275
Random356
Raw:-8.5477025954533,4.100961972909294,-11.68335198746267,-11.523632369045773,18.35577506090141,-4.518510334679227,-7.4938347754060715,-0.42802790064733043,0.8393816028335962,3.816720511835273
EFT:-8.547702595453302,4.1009619729092925,-11.683351987462672,-11.523632369045773,18.35577506090142,-4.518510334679224,-7.493834775406073,-0.4280279006473331,0.8393816028335982,3.8167205118352756
Random357
Raw:-8.5477025954533,4.100961972909294,-11.683351987462673,-11.523632369045776,18.355775060901426,-4.518510334679231,-7.493834775406078,-0.42802790064732965,0.8393816028335979,3.816720511835279
EFT:-8.547702595453302,4.1009619729092925,-11.683351987462672,-11.523632369045773,18.35577506090142,-4.518510334679224,-7.493834775406073,-0.42802790064733315,0.8393816028335982,3.8167205118352756
Random358
Raw:-8.547702595453298,4.100961972909294,-11.683351987462675,-11.523632369045774,18.355775060901415,-4.518510334679223,-7.493834775406072,-0.42802790064733487,0.8393816028335994,3.816720511835273
EFT:-8.547702595453302,4.1009619729092925,-11.683351987462672,-11.523632369045773,18.35577506090142,-4.518510334679224,-7.493834775406074,-0.42802790064733276,0.8393816028335981,3.8167205118352756
Random359
Raw:-8.5477025954533,4.100961972909293,-11.683351987462673,-11.523632369045773,18.35577506090142,-4.5185103346792275,-7.493834775406077,-0.4280279006473332,0.8393816028336025,3.816720511835278
EFT:-8.547702595453302,4.1009619729092925,-11.683351987462672,-11.523632369045773,18.35577506090142,-4.518510334679224,-7.493834775406074,-0.42802790064733276,0.8393816028335981,3.8167205118352756
Random360
Raw:-8.547702595453298,4.100961972909295,-11.683351987462668,-11.523632369045771,18.355775060901415,-4.518510334679224,-7.493834775406073,-0.4280279006473311,0.8393816028336011,3.8167205118352787
EFT:-8.547702595453302,4.1009619729092925,-11.683351987462672,-11.523632369045773,18.35577506090142,-4.518510334679224,-7.493834775406074,-0.428027900647333,0.8393816028335981,3.8167205118352756
Random361
Raw:-8.5477025954533,4.100961972909292,-11.683351987462672,-11.52363236904577,18.355775060901415,-4.518510334679225,-7.493834775406077,-0.4280279006473322,0.8393816028335974,3.8167205118352756
EFT:-8.547702595453302,4.1009619729092925,-11.683351987462672,-11.523632369045773,18.35577506090142,-4.518510334679225,-7.493834775406073,-0.4280279006473331,0.8393816028335983,3.8167205118352756
Random362
Raw:-8.547702595453305,4.100961972909293,-11.683351987462672,-11.52363236904578,18.355775060901426,-4.5185103346792195,-7.493834775406073,-0.4280279006473354,0.8393816028335974,3.816720511835272
EFT:-8.547702595453302,4.1009619729092925,-11.683351987462672,-11.523632369045773,18.35577506090142,-4.518510334679224,-7.493834775406074,-0.42802790064733276,0.8393816028335981,3.8167205118352756
Random363
Raw:-8.547702595453305,4.100961972909289,-11.683351987462675,-11.523632369045776,18.355775060901415,-4.518510334679222,-7.493834775406078,-0.4280279006473324,0.8393816028335974,3.8167205118352783
EFT:-8.547702595453302,4.1009619729092925,-11.683351987462673,-11.523632369045773,18.35577506090142,-4.518510334679224,-7.493834775406073,-0.42802790064733337,0.8393816028335983,3.8167205118352756
Random364
Raw:-8.547702595453302,4.100961972909294,-11.683351987462679,-11.523632369045774,18.35577506090141,-4.518510334679227,-7.493834775406073,-0.4280279006473321,0.8393816028336014,3.816720511835277
EFT:-8.547702595453302,4.1009619729092925,-11.683351987462672,-11.523632369045773,18.35577506090142,-4.518510334679224,-7.493834775406073,-0.4280279006473328,0.8393816028335982,3.8167205118352756
Random365
Raw:-8.547702595453304,4.100961972909293,-11.683351987462677,-11.523632369045778,18.355775060901422,-4.518510334679225,-7.493834775406075,-0.4280279006473354,0.8393816028336005,3.8167205118352783
EFT:-8.547702595453302,4.1009619729092925,-11.683351987462672,-11.523632369045773,18.35577506090142,-4.518510334679224,-7.493834775406074,-0.4280279006473332,0.8393816028335981,3.8167205118352756
Random366
Raw:-8.5477025954533,4.100961972909292,-11.683351987462677,-11.523632369045776,18.355775060901422,-4.518510334679227,-7.493834775406074,-0.42802790064733476,0.8393816028335983,3.8167205118352765
EFT:-8.547702595453302,4.1009619729092925,-11.683351987462672,-11.523632369045773,18.35577506090142,-4.518510334679224,-7.493834775406073,-0.4280279006473327,0.8393816028335982,3.8167205118352756
Random367
Raw:-8.547702595453297,4.100961972909293,-11.68335198746267,-11.523632369045774,18.35577506090142,-4.518510334679231,-7.493834775406077,-0.4280279006473299,0.8393816028335978,3.816720511835278
EFT:-8.547702595453302,4.1009619729092925,-11.683351987462672,-11.523632369045773,18.35577506090142,-4.518510334679224,-7.493834775406073,-0.4280279006473331,0.8393816028335983,3.8167205118352756
Random368
Raw:-8.5477025954533,4.100961972909295,-11.683351987462673,-11.523632369045776,18.35577506090142,-4.518510334679229,-7.493834775406071,-0.42802790064733287,0.8393816028335992,3.8167205118352716
EFT:-8.547702595453302,4.1009619729092925,-11.683351987462672,-11.523632369045773,18.35577506090142,-4.518510334679224,-7.493834775406073,-0.42802790064733276,0.8393816028335982,3.8167205118352756
Random369
Raw:-8.547702595453302,4.10096197290929,-11.68335198746267,-11.523632369045776,18.355775060901422,-4.518510334679227,-7.493834775406075,-0.4280279006473352,0.8393816028335958,3.816720511835276
EFT:-8.547702595453302,4.1009619729092925,-11.683351987462672,-11.523632369045773,18.35577506090142,-4.518510334679224,-7.493834775406074,-0.428027900647333,0.8393816028335981,3.8167205118352756
Random370
Raw:-8.547702595453302,4.100961972909292,-11.683351987462672,-11.523632369045771,18.355775060901415,-4.518510334679223,-7.493834775406076,-0.4280279006473332,0.8393816028335985,3.816720511835276
EFT:-8.547702595453302,4.1009619729092925,-11.683351987462672,-11.523632369045773,18.35577506090142,-4.518510334679224,-7.493834775406074,-0.42802790064733276,0.8393816028335981,3.8167205118352756
Random371
Raw:-8.547702595453302,4.100961972909295,-11.683351987462673,-11.52363236904578,18.35577506090143,-4.518510334679229,-7.4938347754060795,-0.42802790064733254,0.8393816028335961,3.816720511835278
EFT:-8.547702595453302,4.1009619729092925,-11.683351987462672,-11.523632369045773,18.35577506090142,-4.518510334679224,-7.493834775406074,-0.42802790064733276,0.8393816028335981,3.8167205118352756
Random372
Raw:-8.5477025954533,4.100961972909291,-11.683351987462672,-11.523632369045774,18.35577506090142,-4.518510334679227,-7.493834775406079,-0.4280279006473322,0.8393816028336004,3.816720511835283
EFT:-8.547702595453302,4.1009619729092925,-11.683351987462672,-11.523632369045773,18.35577506090142,-4.518510334679225,-7.493834775406073,-0.4280279006473331,0.8393816028335983,3.8167205118352756
Random373
Raw:-8.547702595453304,4.100961972909293,-11.683351987462673,-11.523632369045782,18.355775060901415,-4.518510334679226,-7.493834775406076,-0.42802790064733165,0.8393816028335974,3.816720511835276
EFT:-8.547702595453302,4.1009619729092925,-11.683351987462672,-11.523632369045773,18.35577506090142,-4.518510334679224,-7.493834775406073,-0.4280279006473332,0.8393816028335983,3.8167205118352756
Random374
Raw:-8.547702595453297,4.100961972909289,-11.68335198746267,-11.523632369045771,18.355775060901415,-4.518510334679226,-7.493834775406078,-0.42802790064732943,0.8393816028335971,3.816720511835283
EFT:-8.547702595453302,4.100961972909292,-11.683351987462672,-11.523632369045773,18.35577506090142,-4.518510334679225,-7.493834775406073,-0.42802790064733315,0.8393816028335982,3.8167205118352756
Random375
Raw:-8.547702595453297,4.100961972909292,-11.68335198746267,-11.523632369045776,18.355775060901415,-4.5185103346792275,-7.4938347754060715,-0.4280279006473313,0.8393816028335992,3.816720511835275
EFT:-8.547702595453302,4.1009619729092925,-11.683351987462672,-11.523632369045773,18.35577506090142,-4.518510334679224,-7.493834775406074,-0.4280279006473327,0.8393816028335981,3.8167205118352756
Random376
Raw:-8.547702595453302,4.100961972909293,-11.683351987462672,-11.523632369045774,18.355775060901422,-4.5185103346792275,-7.493834775406079,-0.4280279006473334,0.8393816028336009,3.8167205118352774
EFT:-8.547702595453302,4.1009619729092925,-11.683351987462673,-11.523632369045773,18.35577506090142,-4.518510334679224,-7.493834775406074,-0.4280279006473328,0.8393816028335982,3.8167205118352756
Random377
Raw:-8.547702595453298,4.100961972909295,-11.683351987462666,-11.523632369045782,18.35577506090142,-4.518510334679226,-7.493834775406072,-0.42802790064732965,0.8393816028335961,3.816720511835278
EFT:-8.547702595453302,4.1009619729092925,-11.683351987462672,-11.523632369045773,18.35577506090142,-4.518510334679224,-7.493834775406073,-0.4280279006473331,0.8393816028335982,3.8167205118352756
Random378
Raw:-8.547702595453298,4.1009619729092925,-11.683351987462673,-11.523632369045776,18.355775060901415,-4.518510334679225,-7.493834775406074,-0.42802790064733076,0.8393816028335984,3.816720511835277
EFT:-8.547702595453302,4.1009619729092925,-11.683351987462673,-11.523632369045773,18.35577506090142,-4.518510334679224,-7.493834775406073,-0.42802790064733354,0.8393816028335983,3.8167205118352756
Random379
Raw:-8.547702595453302,4.10096197290929,-11.683351987462672,-11.523632369045778,18.355775060901426,-4.5185103346792275,-7.493834775406073,-0.428027900647333,0.8393816028335981,3.816720511835276
EFT:-8.547702595453302,4.1009619729092925,-11.683351987462672,-11.523632369045773,18.35577506090142,-4.518510334679224,-7.493834775406074,-0.42802790064733287,0.839381602833598,3.8167205118352756
Random380
Raw:-8.547702595453297,4.100961972909295,-11.68335198746267,-11.523632369045774,18.355775060901415,-4.518510334679226,-7.493834775406076,-0.4280279006473289,0.8393816028335954,3.8167205118352814
EFT:-8.547702595453302,4.1009619729092925,-11.683351987462672,-11.523632369045773,18.35577506090142,-4.518510334679224,-7.493834775406073,-0.4280279006473331,0.8393816028335982,3.8167205118352756
Random381
Raw:-8.547702595453307,4.100961972909294,-11.683351987462677,-11.523632369045778,18.355775060901422,-4.518510334679224,-7.493834775406077,-0.4280279006473323,0.8393816028335984,3.8167205118352756
EFT:-8.547702595453302,4.1009619729092925,-11.683351987462672,-11.523632369045773,18.35577506090142,-4.518510334679224,-7.493834775406073,-0.428027900647333,0.8393816028335982,3.8167205118352756
Random382
Raw:-8.5477025954533,4.10096197290929,-11.683351987462672,-11.523632369045774,18.35577506090142,-4.518510334679226,-7.4938347754060715,-0.4280279006473334,0.8393816028335994,3.8167205118352774
EFT:-8.547702595453302,4.1009619729092925,-11.683351987462672,-11.523632369045773,18.35577506090142,-4.518510334679224,-7.493834775406074,-0.42802790064733287,0.839381602833598,3.8167205118352756
Random383
Raw:-8.5477025954533,4.100961972909295,-11.683351987462673,-11.523632369045778,18.35577506090142,-4.5185103346792275,-7.493834775406078,-0.42802790064733,0.8393816028335986,3.8167205118352765
EFT:-8.547702595453302,4.1009619729092925,-11.683351987462672,-11.523632369045773,18.35577506090142,-4.518510334679225,-7.493834775406073,-0.42802790064733326,0.8393816028335982,3.8167205118352756
Random384
Raw:-8.5477025954533,4.1009619729092925,-11.683351987462672,-11.523632369045771,18.35577506090141,-4.518510334679225,-7.49383477540607,-0.42802790064732965,0.8393816028336027,3.816720511835282
EFT:-8.547702595453302,4.1009619729092925,-11.683351987462672,-11.523632369045773,18.35577506090142,-4.518510334679224,-7.493834775406074,-0.42802790064733265,0.8393816028335981,3.8167205118352756
Random385
Raw:-8.547702595453302,4.100961972909297,-11.683351987462673,-11.523632369045776,18.355775060901415,-4.518510334679225,-7.493834775406076,-0.428027900647329,0.8393816028335973,3.816720511835276
EFT:-8.547702595453302,4.1009619729092925,-11.683351987462673,-11.523632369045773,18.35577506090142,-4.518510334679224,-7.493834775406074,-0.42802790064733287,0.8393816028335982,3.8167205118352756
Random386
Raw:-8.547702595453297,4.100961972909294,-11.68335198746267,-11.52363236904578,18.355775060901415,-4.518510334679226,-7.493834775406071,-0.4280279006473334,0.8393816028336021,3.8167205118352716
EFT:-8.547702595453302,4.1009619729092925,-11.683351987462672,-11.523632369045773,18.35577506090142,-4.518510334679224,-7.493834775406074,-0.42802790064733287,0.8393816028335982,3.8167205118352756
Random387
Raw:-8.5477025954533,4.100961972909294,-11.683351987462675,-11.52363236904578,18.35577506090142,-4.518510334679227,-7.493834775406079,-0.42802790064732843,0.8393816028335978,3.816720511835279
EFT:-8.547702595453302,4.1009619729092925,-11.683351987462672,-11.523632369045773,18.35577506090142,-4.518510334679224,-7.493834775406074,-0.42802790064733276,0.8393816028335981,3.8167205118352756
Random388
Raw:-8.547702595453304,4.100961972909294,-11.683351987462675,-11.523632369045778,18.35577506090142,-4.518510334679223,-7.493834775406073,-0.42802790064733354,0.8393816028336026,3.8167205118352747
EFT:-8.547702595453302,4.1009619729092925,-11.683351987462673,-11.523632369045773,18.35577506090142,-4.518510334679224,-7.493834775406073,-0.4280279006473334,0.8393816028335984,3.816720511835275
Random389
Raw:-8.5477025954533,4.100961972909293,-11.683351987462673,-11.523632369045771,18.35577506090142,-4.518510334679226,-7.493834775406075,-0.428027900647333,0.8393816028336,3.8167205118352743
EFT:-8.547702595453302,4.1009619729092925,-11.683351987462672,-11.523632369045773,18.35577506090142,-4.518510334679224,-7.493834775406073,-0.42802790064733337,0.8393816028335983,3.8167205118352756
Random390
Raw:-8.5477025954533,4.100961972909292,-11.68335198746267,-11.52363236904577,18.355775060901415,-4.518510334679226,-7.4938347754060715,-0.4280279006473293,0.8393816028335995,3.8167205118352756
EFT:-8.547702595453302,4.1009619729092925,-11.683351987462672,-11.523632369045773,18.35577506090142,-4.518510334679224,-7.493834775406074,-0.42802790064733276,0.8393816028335981,3.8167205118352756
Random391
Raw:-8.5477025954533,4.100961972909292,-11.683351987462675,-11.523632369045773,18.35577506090141,-4.518510334679224,-7.493834775406078,-0.42802790064732854,0.8393816028335974,3.816720511835283
EFT:-8.547702595453302,4.1009619729092925,-11.683351987462672,-11.523632369045773,18.35577506090142,-4.518510334679224,-7.493834775406074,-0.42802790064733265,0.8393816028335981,3.8167205118352756
Random392
Raw:-8.547702595453298,4.100961972909292,-11.683351987462668,-11.523632369045773,18.355775060901422,-4.518510334679225,-7.493834775406074,-0.4280279006473312,0.8393816028336011,3.816720511835277
EFT:-8.547702595453302,4.1009619729092925,-11.683351987462672,-11.523632369045773,18.35577506090142,-4.518510334679224,-7.493834775406073,-0.4280279006473331,0.8393816028335982,3.8167205118352756
Random393
Raw:-8.547702595453304,4.100961972909296,-11.683351987462673,-11.523632369045773,18.355775060901422,-4.518510334679226,-7.493834775406075,-0.42802790064733565,0.8393816028335972,3.8167205118352747
EFT:-8.547702595453302,4.1009619729092925,-11.683351987462672,-11.523632369045773,18.35577506090142,-4.518510334679224,-7.493834775406073,-0.42802790064733337,0.8393816028335983,3.8167205118352756
Random394
Raw:-8.547702595453302,4.100961972909295,-11.683351987462679,-11.523632369045776,18.355775060901426,-4.518510334679226,-7.493834775406074,-0.42802790064733265,0.8393816028336047,3.816720511835276
EFT:-8.547702595453302,4.1009619729092925,-11.683351987462672,-11.523632369045773,18.35577506090142,-4.518510334679225,-7.493834775406073,-0.42802790064733315,0.8393816028335983,3.8167205118352756
Random395
Raw:-8.5477025954533,4.100961972909292,-11.683351987462673,-11.523632369045774,18.35577506090142,-4.518510334679226,-7.493834775406074,-0.42802790064732876,0.8393816028335999,3.816720511835281
EFT:-8.547702595453302,4.1009619729092925,-11.683351987462672,-11.523632369045773,18.35577506090142,-4.518510334679224,-7.493834775406073,-0.4280279006473331,0.8393816028335983,3.8167205118352756
Random396
Raw:-8.5477025954533,4.10096197290929,-11.68335198746267,-11.523632369045771,18.35577506090142,-4.518510334679224,-7.493834775406069,-0.4280279006473332,0.8393816028335992,3.8167205118352743
EFT:-8.547702595453302,4.1009619729092925,-11.683351987462672,-11.523632369045773,18.35577506090142,-4.518510334679224,-7.493834775406074,-0.42802790064733276,0.8393816028335981,3.8167205118352756
Random397
Raw:-8.5477025954533,4.100961972909292,-11.683351987462672,-11.523632369045776,18.355775060901415,-4.518510334679221,-7.493834775406071,-0.42802790064733043,0.8393816028335968,3.8167205118352747
EFT:-8.547702595453302,4.1009619729092925,-11.683351987462672,-11.523632369045773,18.35577506090142,-4.518510334679224,-7.493834775406074,-0.42802790064733276,0.839381602833598,3.8167205118352756
Random398
Raw:-8.547702595453298,4.100961972909292,-11.683351987462673,-11.52363236904578,18.35577506090142,-4.518510334679229,-7.493834775406074,-0.42802790064733387,0.8393816028335975,3.816720511835276
EFT:-8.547702595453302,4.1009619729092925,-11.683351987462672,-11.523632369045773,18.35577506090142,-4.518510334679224,-7.493834775406074,-0.42802790064733265,0.8393816028335981,3.8167205118352756
Random399
Raw:-8.547702595453302,4.100961972909291,-11.683351987462675,-11.523632369045771,18.355775060901422,-4.518510334679223,-7.493834775406075,-0.428027900647333,0.8393816028335999,3.8167205118352805
EFT:-8.547702595453302,4.1009619729092925,-11.683351987462672,-11.523632369045773,18.35577506090142,-4.518510334679224,-7.493834775406073,-0.4280279006473331,0.8393816028335982,3.8167205118352756
Random400
Raw:-8.5477025954533,4.10096197290929,-11.68335198746267,-11.523632369045776,18.35577506090142,-4.518510334679225,-7.493834775406078,-0.42802790064733465,0.8393816028336001,3.816720511835277
EFT:-8.547702595453302,4.1009619729092925,-11.683351987462672,-11.523632369045773,18.35577506090142,-4.518510334679224,-7.493834775406074,-0.42802790064733265,0.8393816028335981,3.8167205118352756
Random401
Raw:-8.547702595453297,4.100961972909292,-11.683351987462673,-11.523632369045783,18.355775060901415,-4.518510334679226,-7.493834775406068,-0.4280279006473301,0.8393816028336004,3.8167205118352756
EFT:-8.547702595453302,4.1009619729092925,-11.683351987462673,-11.523632369045773,18.35577506090142,-4.518510334679224,-7.493834775406073,-0.4280279006473333,0.8393816028335983,3.816720511835275
Random402
Raw:-8.547702595453298,4.100961972909289,-11.683351987462673,-11.523632369045774,18.355775060901422,-4.518510334679222,-7.493834775406077,-0.4280279006473279,0.8393816028335985,3.8167205118352823
EFT:-8.547702595453302,4.1009619729092925,-11.683351987462672,-11.523632369045773,18.35577506090142,-4.518510334679224,-7.493834775406073,-0.4280279006473332,0.8393816028335983,3.816720511835275
Random403
Raw:-8.547702595453305,4.100961972909294,-11.683351987462673,-11.52363236904578,18.355775060901422,-4.518510334679226,-7.49383477540608,-0.4280279006473283,0.8393816028335938,3.81672051183528
EFT:-8.547702595453302,4.1009619729092925,-11.683351987462672,-11.523632369045773,18.35577506090142,-4.518510334679224,-7.493834775406073,-0.4280279006473327,0.8393816028335982,3.8167205118352756
Random404
Raw:-8.547702595453298,4.100961972909295,-11.683351987462666,-11.523632369045773,18.35577506090142,-4.5185103346792275,-7.493834775406079,-0.42802790064732876,0.8393816028335963,3.81672051183528
EFT:-8.547702595453302,4.1009619729092925,-11.683351987462673,-11.523632369045773,18.35577506090142,-4.518510334679224,-7.493834775406074,-0.42802790064733287,0.8393816028335982,3.8167205118352756
Random405
Raw:-8.547702595453302,4.100961972909293,-11.683351987462675,-11.523632369045774,18.355775060901415,-4.518510334679224,-7.493834775406072,-0.42802790064733476,0.8393816028336016,3.816720511835276
EFT:-8.547702595453302,4.1009619729092925,-11.683351987462673,-11.523632369045773,18.35577506090142,-4.518510334679224,-7.493834775406073,-0.4280279006473333,0.8393816028335982,3.8167205118352756
Random406
Raw:-8.547702595453302,4.100961972909295,-11.683351987462673,-11.523632369045774,18.35577506090142,-4.518510334679227,-7.493834775406079,-0.42802790064732976,0.839381602833598,3.8167205118352814
EFT:-8.547702595453302,4.1009619729092925,-11.683351987462672,-11.523632369045773,18.35577506090142,-4.518510334679224,-7.493834775406074,-0.4280279006473327,0.8393816028335981,3.8167205118352756
Random407
Raw:-8.5477025954533,4.100961972909288,-11.683351987462675,-11.523632369045767,18.355775060901415,-4.518510334679225,-7.493834775406074,-0.4280279006473303,0.8393816028335996,3.8167205118352783
EFT:-8.547702595453302,4.1009619729092925,-11.683351987462672,-11.523632369045773,18.35577506090142,-4.518510334679224,-7.493834775406074,-0.4280279006473329,0.8393816028335982,3.8167205118352756
Random408
Raw:-8.547702595453304,4.1009619729092925,-11.683351987462675,-11.523632369045773,18.35577506090142,-4.518510334679222,-7.493834775406075,-0.42802790064733676,0.8393816028335999,3.816720511835278
EFT:-8.547702595453302,4.1009619729092925,-11.683351987462673,-11.523632369045773,18.35577506090142,-4.518510334679224,-7.493834775406073,-0.4280279006473335,0.8393816028335984,3.816720511835275
Random409
Raw:-8.547702595453297,4.100961972909298,-11.68335198746267,-11.52363236904578,18.35577506090142,-4.518510334679227,-7.493834775406076,-0.4280279006473299,0.8393816028335975,3.8167205118352787
EFT:-8.547702595453302,4.1009619729092925,-11.683351987462672,-11.523632369045773,18.35577506090142,-4.518510334679224,-7.493834775406073,-0.4280279006473332,0.8393816028335982,3.8167205118352756
Random410
Raw:-8.547702595453297,4.10096197290929,-11.68335198746267,-11.52363236904577,18.35577506090141,-4.518510334679227,-7.493834775406076,-0.42802790064732976,0.8393816028336022,3.8167205118352796
EFT:-8.547702595453302,4.1009619729092925,-11.683351987462672,-11.523632369045773,18.35577506090142,-4.518510334679224,-7.493834775406073,-0.4280279006473327,0.8393816028335982,3.8167205118352756
Random411
Raw:-8.5477025954533,4.10096197290929,-11.683351987462672,-11.523632369045764,18.355775060901415,-4.518510334679227,-7.493834775406074,-0.42802790064733154,0.8393816028336002,3.8167205118352796
EFT:-8.547702595453302,4.1009619729092925,-11.683351987462673,-11.523632369045773,18.35577506090142,-4.518510334679224,-7.493834775406073,-0.42802790064733337,0.8393816028335982,3.8167205118352756
Random412
Raw:-8.5477025954533,4.100961972909293,-11.683351987462673,-11.523632369045773,18.355775060901415,-4.518510334679227,-7.493834775406074,-0.42802790064733376,0.8393816028336004,3.8167205118352774
EFT:-8.547702595453302,4.1009619729092925,-11.683351987462672,-11.523632369045773,18.35577506090142,-4.518510334679224,-7.493834775406074,-0.4280279006473327,0.8393816028335981,3.8167205118352756
Random413
Raw:-8.547702595453304,4.10096197290929,-11.683351987462677,-11.523632369045778,18.355775060901422,-4.518510334679221,-7.493834775406072,-0.42802790064733465,0.839381602833601,3.816720511835277
EFT:-8.547702595453302,4.1009619729092925,-11.683351987462672,-11.523632369045773,18.35577506090142,-4.518510334679224,-7.493834775406074,-0.4280279006473326,0.8393816028335981,3.8167205118352756
Random414
Raw:-8.547702595453302,4.100961972909293,-11.683351987462675,-11.523632369045778,18.355775060901422,-4.518510334679229,-7.4938347754060715,-0.42802790064733276,0.8393816028335988,3.816720511835275
EFT:-8.547702595453302,4.1009619729092925,-11.683351987462673,-11.523632369045773,18.35577506090142,-4.518510334679224,-7.493834775406074,-0.4280279006473328,0.8393816028335982,3.8167205118352756
Random415
Raw:-8.547702595453302,4.100961972909292,-11.683351987462668,-11.523632369045773,18.355775060901415,-4.518510334679224,-7.493834775406072,-0.42802790064733065,0.8393816028336003,3.8167205118352747
EFT:-8.547702595453302,4.1009619729092925,-11.683351987462672,-11.523632369045773,18.35577506090142,-4.518510334679224,-7.493834775406073,-0.4280279006473332,0.8393816028335982,3.8167205118352756
Random416
Raw:-8.547702595453302,4.1009619729092925,-11.683351987462679,-11.52363236904578,18.35577506090142,-4.518510334679223,-7.493834775406076,-0.4280279006473321,0.8393816028335983,3.8167205118352783
EFT:-8.547702595453302,4.1009619729092925,-11.683351987462672,-11.523632369045773,18.35577506090142,-4.518510334679224,-7.493834775406073,-0.42802790064733315,0.8393816028335982,3.8167205118352756
Random417
Raw:-8.547702595453304,4.100961972909289,-11.683351987462672,-11.523632369045774,18.355775060901415,-4.518510334679224,-7.493834775406073,-0.42802790064733387,0.839381602833601,3.816720511835278
EFT:-8.547702595453302,4.1009619729092925,-11.683351987462672,-11.523632369045773,18.35577506090142,-4.518510334679224,-7.493834775406073,-0.42802790064733304,0.8393816028335982,3.8167205118352756
Random418
Raw:-8.547702595453298,4.100961972909292,-11.683351987462673,-11.523632369045774,18.355775060901415,-4.518510334679226,-7.493834775406077,-0.4280279006473334,0.8393816028336021,3.8167205118352783
EFT:-8.547702595453302,4.1009619729092925,-11.683351987462672,-11.523632369045773,18.35577506090142,-4.518510334679224,-7.493834775406074,-0.42802790064733287,0.8393816028335981,3.8167205118352756
Random419
Raw:-8.547702595453304,4.100961972909295,-11.683351987462675,-11.523632369045778,18.355775060901422,-4.5185103346792275,-7.493834775406075,-0.42802790064733165,0.8393816028336011,3.8167205118352814
EFT:-8.547702595453302,4.1009619729092925,-11.683351987462672,-11.523632369045773,18.35577506090142,-4.518510334679225,-7.493834775406073,-0.4280279006473331,0.8393816028335983,3.8167205118352756
Random420
Raw:-8.5477025954533,4.100961972909296,-11.683351987462675,-11.523632369045774,18.35577506090142,-4.518510334679228,-7.493834775406078,-0.42802790064733187,0.8393816028335993,3.8167205118352787
EFT:-8.547702595453302,4.1009619729092925,-11.683351987462673,-11.523632369045773,18.35577506090142,-4.518510334679224,-7.493834775406073,-0.4280279006473335,0.8393816028335983,3.8167205118352756
Random421
Raw:-8.5477025954533,4.10096197290929,-11.683351987462673,-11.523632369045774,18.355775060901422,-4.518510334679224,-7.493834775406077,-0.4280279006473312,0.839381602833599,3.8167205118352796
EFT:-8.547702595453302,4.1009619729092925,-11.683351987462672,-11.523632369045773,18.35577506090142,-4.518510334679224,-7.493834775406074,-0.42802790064733265,0.8393816028335981,3.8167205118352756
Random422
Raw:-8.547702595453302,4.1009619729092925,-11.68335198746267,-11.523632369045776,18.355775060901422,-4.518510334679227,-7.493834775406074,-0.4280279006473302,0.8393816028335985,3.816720511835276
EFT:-8.547702595453302,4.1009619729092925,-11.683351987462672,-11.523632369045773,18.35577506090142,-4.518510334679225,-7.493834775406073,-0.4280279006473331,0.8393816028335982,3.8167205118352756
Random423
Raw:-8.5477025954533,4.1009619729092925,-11.683351987462672,-11.523632369045771,18.355775060901422,-4.5185103346792275,-7.493834775406078,-0.4280279006473323,0.8393816028335966,3.8167205118352774
EFT:-8.547702595453302,4.1009619729092925,-11.683351987462672,-11.523632369045773,18.35577506090142,-4.518510334679224,-7.493834775406073,-0.4280279006473332,0.8393816028335983,3.8167205118352756
Random424
Raw:-8.547702595453302,4.1009619729092925,-11.683351987462677,-11.523632369045778,18.35577506090142,-4.518510334679223,-7.493834775406078,-0.4280279006473332,0.8393816028335983,3.8167205118352787
EFT:-8.547702595453302,4.1009619729092925,-11.683351987462672,-11.523632369045773,18.35577506090142,-4.518510334679224,-7.493834775406073,-0.4280279006473327,0.8393816028335982,3.8167205118352756
Random425
Raw:-8.5477025954533,4.1009619729092925,-11.683351987462675,-11.523632369045778,18.355775060901415,-4.518510334679226,-7.493834775406078,-0.42802790064733387,0.8393816028335988,3.816720511835279
EFT:-8.547702595453302,4.1009619729092925,-11.683351987462672,-11.523632369045773,18.35577506090142,-4.518510334679225,-7.493834775406073,-0.42802790064733326,0.8393816028335982,3.8167205118352756
Random426
Raw:-8.547702595453298,4.100961972909294,-11.683351987462673,-11.523632369045776,18.355775060901422,-4.518510334679229,-7.493834775406077,-0.4280279006473293,0.8393816028335976,3.8167205118352774
EFT:-8.547702595453302,4.1009619729092925,-11.683351987462673,-11.523632369045773,18.35577506090142,-4.518510334679224,-7.493834775406073,-0.4280279006473334,0.8393816028335984,3.816720511835275
Random427
Raw:-8.547702595453302,4.100961972909295,-11.683351987462672,-11.523632369045776,18.355775060901422,-4.5185103346792275,-7.493834775406074,-0.42802790064733154,0.8393816028335981,3.8167205118352796
EFT:-8.547702595453302,4.1009619729092925,-11.683351987462673,-11.523632369045773,18.35577506090142,-4.518510334679224,-7.493834775406073,-0.42802790064733354,0.8393816028335983,3.8167205118352756
Random428
Raw:-8.547702595453297,4.100961972909292,-11.68335198746267,-11.523632369045774,18.355775060901415,-4.5185103346792275,-7.493834775406072,-0.4280279006473363,0.8393816028336019,3.8167205118352734
EFT:-8.547702595453302,4.1009619729092925,-11.683351987462672,-11.523632369045773,18.35577506090142,-4.518510334679224,-7.493834775406073,-0.4280279006473332,0.8393816028335982,3.8167205118352756
Random429
Raw:-8.547702595453297,4.100961972909295,-11.68335198746267,-11.523632369045776,18.355775060901415,-4.5185103346792275,-7.493834775406073,-0.42802790064732854,0.8393816028335956,3.816720511835276
EFT:-8.547702595453302,4.1009619729092925,-11.683351987462672,-11.523632369045773,18.35577506090142,-4.518510334679224,-7.493834775406073,-0.4280279006473333,0.8393816028335982,3.8167205118352756
Random430
Raw:-8.5477025954533,4.100961972909296,-11.683351987462673,-11.523632369045773,18.355775060901422,-4.518510334679227,-7.493834775406076,-0.42802790064732876,0.839381602833598,3.8167205118352796
EFT:-8.547702595453302,4.100961972909292,-11.683351987462672,-11.523632369045773,18.35577506090142,-4.518510334679224,-7.493834775406073,-0.4280279006473331,0.8393816028335981,3.8167205118352756
Random431
Raw:-8.5477025954533,4.100961972909295,-11.683351987462673,-11.523632369045773,18.35577506090142,-4.518510334679226,-7.4938347754060795,-0.42802790064733276,0.8393816028335976,3.81672051183528
EFT:-8.547702595453302,4.1009619729092925,-11.683351987462672,-11.523632369045773,18.35577506090142,-4.518510334679224,-7.493834775406074,-0.42802790064733276,0.839381602833598,3.8167205118352756
Random432
Raw:-8.547702595453302,4.1009619729092925,-11.683351987462673,-11.523632369045776,18.355775060901415,-4.518510334679222,-7.493834775406074,-0.4280279006473364,0.8393816028335988,3.8167205118352765
EFT:-8.547702595453302,4.1009619729092925,-11.683351987462672,-11.523632369045773,18.35577506090142,-4.518510334679224,-7.493834775406073,-0.4280279006473332,0.8393816028335982,3.8167205118352756
Random433
Raw:-8.5477025954533,4.100961972909293,-11.683351987462673,-11.523632369045774,18.355775060901415,-4.518510334679226,-7.49383477540608,-0.42802790064732876,0.8393816028335996,3.816720511835282
EFT:-8.547702595453302,4.1009619729092925,-11.683351987462672,-11.523632369045773,18.35577506090142,-4.518510334679224,-7.493834775406074,-0.4280279006473326,0.8393816028335981,3.8167205118352756
Random434
Raw:-8.547702595453298,4.100961972909294,-11.683351987462673,-11.523632369045776,18.355775060901415,-4.518510334679226,-7.493834775406077,-0.42802790064733043,0.8393816028335996,3.8167205118352796
EFT:-8.547702595453302,4.1009619729092925,-11.683351987462673,-11.523632369045773,18.35577506090142,-4.518510334679224,-7.493834775406073,-0.4280279006473334,0.8393816028335984,3.816720511835275
Random435
Raw:-8.547702595453302,4.100961972909293,-11.683351987462675,-11.523632369045773,18.355775060901415,-4.518510334679225,-7.493834775406078,-0.42802790064733043,0.8393816028335981,3.8167205118352783
EFT:-8.547702595453302,4.1009619729092925,-11.683351987462672,-11.523632369045773,18.35577506090142,-4.518510334679224,-7.493834775406073,-0.42802790064733287,0.8393816028335982,3.8167205118352756
Random436
Raw:-8.547702595453297,4.100961972909292,-11.68335198746267,-11.523632369045774,18.355775060901415,-4.518510334679225,-7.493834775406074,-0.42802790064733076,0.8393816028335966,3.816720511835281
EFT:-8.547702595453302,4.1009619729092925,-11.683351987462672,-11.523632369045773,18.35577506090142,-4.518510334679225,-7.493834775406073,-0.4280279006473331,0.8393816028335982,3.8167205118352756
Random437
Raw:-8.5477025954533,4.100961972909292,-11.683351987462675,-11.523632369045778,18.355775060901415,-4.518510334679224,-7.493834775406079,-0.42802790064733387,0.8393816028335986,3.81672051183528
EFT:-8.547702595453302,4.1009619729092925,-11.683351987462672,-11.523632369045773,18.35577506090142,-4.518510334679224,-7.493834775406074,-0.42802790064733276,0.8393816028335981,3.8167205118352756
Random438
Raw:-8.547702595453302,4.100961972909295,-11.683351987462673,-11.523632369045776,18.355775060901422,-4.518510334679225,-7.493834775406077,-0.42802790064732943,0.8393816028335994,3.8167205118352787
EFT:-8.547702595453302,4.1009619729092925,-11.683351987462673,-11.523632369045773,18.35577506090142,-4.518510334679224,-7.493834775406073,-0.4280279006473335,0.8393816028335983,3.8167205118352756
Random439
Raw:-8.547702595453298,4.100961972909289,-11.683351987462672,-11.523632369045773,18.355775060901415,-4.518510334679226,-7.493834775406074,-0.4280279006473299,0.8393816028335994,3.816720511835278
EFT:-8.547702595453302,4.1009619729092925,-11.683351987462672,-11.523632369045773,18.35577506090142,-4.518510334679224,-7.493834775406074,-0.428027900647333,0.8393816028335981,3.8167205118352756
Random440
Raw:-8.547702595453304,4.100961972909293,-11.683351987462675,-11.523632369045776,18.355775060901422,-4.518510334679227,-7.493834775406075,-0.4280279006473321,0.8393816028335974,3.8167205118352774
EFT:-8.547702595453302,4.1009619729092925,-11.683351987462672,-11.523632369045773,18.35577506090142,-4.518510334679224,-7.493834775406074,-0.42802790064733265,0.8393816028335981,3.8167205118352756
Random441
Raw:-8.5477025954533,4.100961972909292,-11.683351987462672,-11.523632369045774,18.355775060901426,-4.518510334679228,-7.493834775406078,-0.428027900647332,0.8393816028335973,3.8167205118352805
EFT:-8.547702595453302,4.1009619729092925,-11.683351987462672,-11.523632369045773,18.35577506090142,-4.518510334679224,-7.493834775406074,-0.42802790064733315,0.8393816028335981,3.8167205118352756
Random442
Raw:-8.547702595453302,4.100961972909293,-11.68335198746267,-11.523632369045774,18.355775060901415,-4.518510334679226,-7.493834775406072,-0.42802790064732976,0.839381602833598,3.8167205118352765
EFT:-8.547702595453302,4.1009619729092925,-11.683351987462672,-11.523632369045773,18.35577506090142,-4.518510334679224,-7.493834775406073,-0.4280279006473332,0.8393816028335983,3.8167205118352756
Random443
Raw:-8.547702595453302,4.100961972909289,-11.683351987462668,-11.523632369045773,18.355775060901415,-4.518510334679222,-7.493834775406072,-0.4280279006473299,0.8393816028335986,3.816720511835278
EFT:-8.547702595453302,4.1009619729092925,-11.683351987462672,-11.523632369045773,18.35577506090142,-4.518510334679224,-7.493834775406073,-0.4280279006473332,0.8393816028335983,3.8167205118352756
Random444
Raw:-8.5477025954533,4.100961972909295,-11.68335198746267,-11.523632369045773,18.35577506090141,-4.518510334679224,-7.493834775406074,-0.42802790064732854,0.839381602833597,3.8167205118352747
EFT:-8.547702595453302,4.1009619729092925,-11.683351987462672,-11.523632369045773,18.35577506090142,-4.518510334679224,-7.493834775406073,-0.42802790064733276,0.8393816028335982,3.8167205118352756
Random445
Raw:-8.547702595453304,4.100961972909293,-11.683351987462675,-11.523632369045774,18.355775060901422,-4.518510334679224,-7.493834775406076,-0.4280279006473334,0.8393816028336006,3.816720511835276
EFT:-8.547702595453302,4.1009619729092925,-11.683351987462672,-11.523632369045773,18.35577506090142,-4.518510334679224,-7.493834775406073,-0.42802790064733276,0.8393816028335982,3.8167205118352756
Random446
Raw:-8.5477025954533,4.1009619729092925,-11.683351987462675,-11.523632369045771,18.35577506090141,-4.518510334679225,-7.493834775406079,-0.4280279006473334,0.8393816028335983,3.816720511835282
EFT:-8.547702595453302,4.1009619729092925,-11.683351987462672,-11.523632369045773,18.35577506090142,-4.518510334679224,-7.493834775406073,-0.4280279006473332,0.8393816028335982,3.8167205118352756
Random447
Raw:-8.5477025954533,4.100961972909297,-11.683351987462673,-11.523632369045782,18.35577506090142,-4.518510334679226,-7.493834775406077,-0.42802790064732965,0.8393816028335972,3.8167205118352743
EFT:-8.547702595453302,4.1009619729092925,-11.683351987462673,-11.523632369045773,18.35577506090142,-4.518510334679224,-7.493834775406073,-0.4280279006473334,0.8393816028335983,3.8167205118352756
Random448
Raw:-8.5477025954533,4.100961972909293,-11.683351987462673,-11.523632369045776,18.355775060901415,-4.518510334679221,-7.4938347754060795,-0.4280279006473321,0.839381602833598,3.816720511835282
EFT:-8.547702595453302,4.1009619729092925,-11.683351987462672,-11.523632369045773,18.35577506090142,-4.518510334679224,-7.493834775406073,-0.4280279006473328,0.8393816028335982,3.8167205118352756
Random449
Raw:-8.5477025954533,4.100961972909289,-11.683351987462675,-11.52363236904577,18.35577506090142,-4.518510334679223,-7.493834775406077,-0.4280279006473333,0.8393816028336024,3.816720511835279
EFT:-8.547702595453302,4.1009619729092925,-11.683351987462673,-11.523632369045773,18.35577506090142,-4.518510334679224,-7.493834775406073,-0.4280279006473335,0.8393816028335984,3.816720511835275
Random450
Raw:-8.547702595453298,4.100961972909289,-11.683351987462672,-11.52363236904577,18.355775060901415,-4.518510334679221,-7.493834775406074,-0.42802790064733365,0.8393816028335974,3.816720511835278
EFT:-8.547702595453302,4.1009619729092925,-11.683351987462672,-11.523632369045773,18.35577506090142,-4.518510334679224,-7.493834775406073,-0.4280279006473333,0.8393816028335983,3.8167205118352756
Random451
Raw:-8.5477025954533,4.100961972909295,-11.683351987462673,-11.523632369045776,18.355775060901422,-4.518510334679228,-7.493834775406072,-0.4280279006473334,0.839381602833597,3.8167205118352765
EFT:-8.547702595453302,4.1009619729092925,-11.683351987462672,-11.523632369045773,18.35577506090142,-4.518510334679224,-7.493834775406074,-0.42802790064733276,0.839381602833598,3.8167205118352756
Random452
Raw:-8.547702595453302,4.100961972909288,-11.683351987462675,-11.523632369045766,18.355775060901415,-4.518510334679222,-7.493834775406078,-0.42802790064732954,0.839381602833599,3.816720511835283
EFT:-8.547702595453302,4.1009619729092925,-11.683351987462672,-11.523632369045773,18.35577506090142,-4.518510334679224,-7.493834775406073,-0.4280279006473331,0.8393816028335982,3.8167205118352756
Random453
Raw:-8.547702595453298,4.100961972909293,-11.683351987462672,-11.523632369045774,18.355775060901415,-4.518510334679224,-7.493834775406078,-0.4280279006473289,0.8393816028335989,3.8167205118352796
EFT:-8.547702595453302,4.1009619729092925,-11.683351987462672,-11.523632369045773,18.35577506090142,-4.518510334679224,-7.493834775406074,-0.42802790064733276,0.8393816028335981,3.8167205118352756
Random454
Raw:-8.5477025954533,4.100961972909292,-11.683351987462673,-11.523632369045776,18.355775060901426,-4.518510334679226,-7.493834775406076,-0.428027900647332,0.8393816028336015,3.816720511835275
EFT:-8.547702595453302,4.1009619729092925,-11.683351987462672,-11.523632369045773,18.35577506090142,-4.518510334679224,-7.493834775406074,-0.42802790064733265,0.8393816028335981,3.8167205118352756
Random455
Raw:-8.547702595453302,4.100961972909295,-11.683351987462672,-11.52363236904578,18.35577506090142,-4.518510334679223,-7.49383477540607,-0.42802790064733165,0.8393816028335997,3.81672051183527
EFT:-8.547702595453302,4.1009619729092925,-11.683351987462672,-11.523632369045773,18.35577506090142,-4.518510334679224,-7.493834775406074,-0.42802790064733276,0.8393816028335981,3.8167205118352756
Random456
Raw:-8.547702595453298,4.100961972909295,-11.683351987462668,-11.523632369045776,18.355775060901415,-4.51851033467923,-7.4938347754060715,-0.42802790064733554,0.8393816028336004,3.8167205118352725
EFT:-8.547702595453302,4.1009619729092925,-11.683351987462673,-11.523632369045773,18.35577506090142,-4.518510334679224,-7.493834775406073,-0.4280279006473333,0.8393816028335984,3.816720511835275
Random457
Raw:-8.547702595453297,4.100961972909291,-11.683351987462672,-11.523632369045771,18.35577506090142,-4.518510334679227,-7.493834775406076,-0.4280279006473279,0.8393816028335983,3.816720511835283
EFT:-8.547702595453302,4.1009619729092925,-11.683351987462673,-11.523632369045773,18.35577506090142,-4.518510334679224,-7.493834775406073,-0.4280279006473333,0.8393816028335984,3.816720511835275
Random458
Raw:-8.547702595453302,4.100961972909294,-11.683351987462673,-11.523632369045778,18.355775060901426,-4.5185103346792275,-7.493834775406078,-0.4280279006473352,0.8393816028335963,3.8167205118352747
EFT:-8.547702595453302,4.1009619729092925,-11.683351987462673,-11.523632369045773,18.35577506090142,-4.518510334679224,-7.493834775406074,-0.4280279006473328,0.8393816028335982,3.8167205118352756
Random459
Raw:-8.5477025954533,4.1009619729092925,-11.683351987462672,-11.523632369045774,18.355775060901415,-4.518510334679223,-7.493834775406078,-0.42802790064733176,0.8393816028335991,3.816720511835278
EFT:-8.547702595453302,4.1009619729092925,-11.683351987462673,-11.523632369045773,18.35577506090142,-4.518510334679224,-7.493834775406073,-0.42802790064733337,0.8393816028335982,3.8167205118352756
Random460
Raw:-8.547702595453304,4.100961972909292,-11.683351987462673,-11.523632369045774,18.355775060901415,-4.518510334679222,-7.493834775406073,-0.42802790064733287,0.8393816028335999,3.816720511835279
EFT:-8.547702595453302,4.1009619729092925,-11.683351987462673,-11.523632369045773,18.35577506090142,-4.518510334679224,-7.493834775406074,-0.4280279006473328,0.8393816028335982,3.8167205118352756
Random461
Raw:-8.5477025954533,4.10096197290929,-11.683351987462668,-11.523632369045776,18.355775060901426,-4.518510334679221,-7.493834775406071,-0.42802790064732965,0.8393816028335981,3.8167205118352765
EFT:-8.547702595453302,4.1009619729092925,-11.683351987462672,-11.523632369045773,18.35577506090142,-4.518510334679224,-7.493834775406074,-0.42802790064733315,0.8393816028335981,3.8167205118352756
Random462
Raw:-8.547702595453304,4.100961972909291,-11.683351987462673,-11.52363236904577,18.355775060901422,-4.518510334679226,-7.49383477540608,-0.4280279006473321,0.8393816028335988,3.816720511835283
EFT:-8.547702595453302,4.1009619729092925,-11.683351987462672,-11.523632369045773,18.35577506090142,-4.518510334679224,-7.493834775406074,-0.42802790064733265,0.8393816028335981,3.8167205118352756
Random463
Raw:-8.547702595453298,4.100961972909293,-11.683351987462675,-11.523632369045776,18.355775060901415,-4.518510334679228,-7.493834775406079,-0.4280279006473311,0.8393816028336015,3.8167205118352787
EFT:-8.547702595453302,4.100961972909292,-11.683351987462672,-11.523632369045773,18.35577506090142,-4.518510334679224,-7.493834775406073,-0.42802790064733304,0.8393816028335981,3.8167205118352756
Random464
Raw:-8.547702595453302,4.100961972909294,-11.683351987462675,-11.523632369045771,18.35577506090142,-4.518510334679228,-7.493834775406081,-0.428027900647331,0.8393816028335981,3.8167205118352787
EFT:-8.547702595453302,4.1009619729092925,-11.683351987462673,-11.523632369045773,18.35577506090142,-4.518510334679224,-7.493834775406074,-0.4280279006473328,0.8393816028335982,3.8167205118352756
Random465
Raw:-8.547702595453302,4.100961972909292,-11.683351987462673,-11.523632369045776,18.355775060901422,-4.518510334679225,-7.49383477540608,-0.42802790064732854,0.8393816028335951,3.8167205118352814
EFT:-8.547702595453302,4.1009619729092925,-11.683351987462672,-11.523632369045773,18.35577506090142,-4.518510334679224,-7.493834775406074,-0.42802790064733265,0.8393816028335981,3.8167205118352756
Random466
Raw:-8.5477025954533,4.10096197290929,-11.68335198746267,-11.52363236904577,18.35577506090142,-4.518510334679223,-7.493834775406072,-0.42802790064733165,0.8393816028336,3.816720511835275
EFT:-8.547702595453302,4.1009619729092925,-11.683351987462672,-11.523632369045773,18.35577506090142,-4.518510334679225,-7.493834775406073,-0.4280279006473332,0.8393816028335982,3.8167205118352756
Random467
Raw:-8.547702595453298,4.100961972909295,-11.683351987462668,-11.523632369045773,18.355775060901415,-4.518510334679228,-7.493834775406075,-0.42802790064732776,0.8393816028335982,3.8167205118352796
EFT:-8.547702595453302,4.1009619729092925,-11.683351987462672,-11.523632369045773,18.35577506090142,-4.518510334679224,-7.493834775406074,-0.42802790064733276,0.839381602833598,3.8167205118352756
Random468
Raw:-8.547702595453302,4.100961972909291,-11.683351987462672,-11.52363236904577,18.35577506090142,-4.518510334679223,-7.493834775406075,-0.42802790064733076,0.8393816028335985,3.8167205118352796
EFT:-8.547702595453302,4.1009619729092925,-11.683351987462672,-11.523632369045773,18.35577506090142,-4.518510334679224,-7.493834775406074,-0.42802790064733265,0.8393816028335981,3.8167205118352756
Random469
Raw:-8.547702595453305,4.100961972909289,-11.683351987462673,-11.523632369045773,18.355775060901422,-4.518510334679225,-7.493834775406076,-0.4280279006473323,0.8393816028335988,3.81672051183528
EFT:-8.547702595453302,4.1009619729092925,-11.683351987462672,-11.523632369045773,18.35577506090142,-4.518510334679224,-7.493834775406074,-0.4280279006473327,0.8393816028335981,3.8167205118352756
Random470
Raw:-8.547702595453304,4.100961972909292,-11.683351987462668,-11.523632369045776,18.355775060901422,-4.51851033467922,-7.493834775406069,-0.42802790064733276,0.8393816028335981,3.8167205118352743
EFT:-8.547702595453302,4.1009619729092925,-11.683351987462672,-11.523632369045773,18.35577506090142,-4.518510334679224,-7.493834775406073,-0.42802790064733276,0.8393816028335982,3.8167205118352756
Random471
Raw:-8.547702595453298,4.100961972909288,-11.683351987462672,-11.523632369045771,18.355775060901415,-4.518510334679226,-7.49383477540608,-0.42802790064732976,0.8393816028335999,3.8167205118352787
EFT:-8.547702595453302,4.1009619729092925,-11.683351987462672,-11.523632369045773,18.35577506090142,-4.518510334679224,-7.493834775406074,-0.428027900647333,0.8393816028335982,3.8167205118352756
Random472
Raw:-8.547702595453297,4.100961972909289,-11.68335198746267,-11.523632369045767,18.35577506090141,-4.518510334679227,-7.493834775406076,-0.42802790064733076,0.8393816028335996,3.816720511835277
EFT:-8.547702595453302,4.100961972909292,-11.683351987462672,-11.523632369045773,18.35577506090142,-4.518510334679225,-7.493834775406073,-0.42802790064733315,0.8393816028335982,3.8167205118352756
Random473
Raw:-8.5477025954533,4.100961972909292,-11.683351987462673,-11.523632369045773,18.355775060901415,-4.518510334679224,-7.493834775406078,-0.4280279006473332,0.8393816028335979,3.8167205118352783
EFT:-8.547702595453302,4.1009619729092925,-11.683351987462672,-11.523632369045773,18.35577506090142,-4.518510334679224,-7.493834775406073,-0.42802790064733287,0.8393816028335981,3.8167205118352756
Random474
Raw:-8.547702595453298,4.100961972909292,-11.683351987462668,-11.52363236904577,18.355775060901422,-4.518510334679226,-7.493834775406074,-0.4280279006473291,0.8393816028335974,3.816720511835276
EFT:-8.547702595453302,4.1009619729092925,-11.683351987462672,-11.523632369045773,18.35577506090142,-4.518510334679224,-7.493834775406073,-0.4280279006473331,0.8393816028335983,3.8167205118352756
Random475
Raw:-8.547702595453304,4.100961972909293,-11.683351987462682,-11.523632369045773,18.355775060901415,-4.518510334679221,-7.493834775406073,-0.4280279006473352,0.8393816028336016,3.816720511835277
EFT:-8.547702595453302,4.1009619729092925,-11.683351987462672,-11.523632369045773,18.35577506090142,-4.518510334679224,-7.493834775406073,-0.4280279006473331,0.8393816028335982,3.8167205118352756
Random476
Raw:-8.547702595453304,4.1009619729092925,-11.683351987462675,-11.523632369045771,18.35577506090142,-4.518510334679226,-7.493834775406076,-0.42802790064733254,0.8393816028335969,3.81672051183528
EFT:-8.547702595453302,4.1009619729092925,-11.683351987462672,-11.523632369045773,18.35577506090142,-4.518510334679224,-7.493834775406073,-0.4280279006473327,0.8393816028335982,3.8167205118352756
Random477
Raw:-8.547702595453302,4.100961972909292,-11.683351987462673,-11.523632369045774,18.35577506090142,-4.518510334679225,-7.493834775406074,-0.4280279006473342,0.8393816028336003,3.8167205118352774
EFT:-8.547702595453302,4.1009619729092925,-11.683351987462672,-11.523632369045773,18.35577506090142,-4.518510334679224,-7.493834775406073,-0.42802790064733276,0.8393816028335982,3.8167205118352756
Random478
Raw:-8.547702595453302,4.1009619729092925,-11.683351987462672,-11.523632369045771,18.35577506090142,-4.518510334679229,-7.493834775406079,-0.4280279006473343,0.8393816028335985,3.816720511835281
EFT:-8.547702595453302,4.1009619729092925,-11.683351987462672,-11.523632369045773,18.35577506090142,-4.518510334679224,-7.493834775406074,-0.4280279006473327,0.8393816028335981,3.8167205118352756
Random479
Raw:-8.547702595453298,4.10096197290929,-11.68335198746267,-11.523632369045771,18.355775060901415,-4.5185103346792275,-7.493834775406072,-0.4280279006473301,0.8393816028335981,3.816720511835275
EFT:-8.547702595453302,4.1009619729092925,-11.683351987462673,-11.523632369045773,18.35577506090142,-4.518510334679224,-7.493834775406074,-0.42802790064733287,0.8393816028335982,3.8167205118352756
Random480
Raw:-8.547702595453302,4.100961972909292,-11.683351987462673,-11.523632369045773,18.355775060901426,-4.518510334679226,-7.4938347754060795,-0.4280279006473293,0.8393816028335959,3.8167205118352805
EFT:-8.547702595453302,4.1009619729092925,-11.683351987462672,-11.523632369045773,18.35577506090142,-4.518510334679224,-7.493834775406073,-0.428027900647333,0.8393816028335981,3.8167205118352756
Random481
Raw:-8.547702595453302,4.100961972909294,-11.68335198746267,-11.523632369045774,18.35577506090142,-4.518510334679227,-7.493834775406079,-0.4280279006473321,0.8393816028335958,3.816720511835281
EFT:-8.547702595453302,4.1009619729092925,-11.683351987462672,-11.523632369045773,18.35577506090142,-4.518510334679224,-7.493834775406074,-0.428027900647333,0.8393816028335981,3.8167205118352756
Random482
Raw:-8.547702595453302,4.100961972909293,-11.683351987462672,-11.523632369045773,18.355775060901422,-4.518510334679226,-7.493834775406074,-0.42802790064733587,0.8393816028336005,3.8167205118352787
EFT:-8.547702595453302,4.1009619729092925,-11.683351987462673,-11.523632369045773,18.35577506090142,-4.518510334679224,-7.493834775406073,-0.4280279006473333,0.8393816028335984,3.816720511835275
Random483
Raw:-8.5477025954533,4.100961972909297,-11.683351987462673,-11.523632369045782,18.355775060901422,-4.518510334679227,-7.493834775406072,-0.42802790064733276,0.8393816028335985,3.8167205118352756
EFT:-8.547702595453302,4.1009619729092925,-11.683351987462672,-11.523632369045773,18.35577506090142,-4.518510334679224,-7.493834775406074,-0.42802790064733287,0.8393816028335982,3.8167205118352756
Random484
Raw:-8.5477025954533,4.100961972909293,-11.683351987462672,-11.523632369045776,18.35577506090142,-4.518510334679228,-7.493834775406076,-0.42802790064733387,0.8393816028335981,3.8167205118352774
EFT:-8.547702595453302,4.1009619729092925,-11.683351987462672,-11.523632369045773,18.35577506090142,-4.518510334679224,-7.493834775406073,-0.42802790064733337,0.8393816028335983,3.8167205118352756
Random485
Raw:-8.5477025954533,4.100961972909294,-11.683351987462675,-11.523632369045774,18.355775060901422,-4.518510334679226,-7.493834775406071,-0.4280279006473344,0.8393816028335995,3.816720511835276
EFT:-8.547702595453302,4.1009619729092925,-11.683351987462672,-11.523632369045773,18.35577506090142,-4.518510334679224,-7.493834775406074,-0.42802790064733276,0.8393816028335981,3.8167205118352756
Random486
Raw:-8.547702595453302,4.100961972909293,-11.683351987462673,-11.523632369045776,18.35577506090142,-4.518510334679226,-7.493834775406076,-0.4280279006473331,0.8393816028335985,3.8167205118352743
EFT:-8.547702595453302,4.1009619729092925,-11.683351987462672,-11.523632369045773,18.35577506090142,-4.518510334679224,-7.493834775406074,-0.42802790064733276,0.8393816028335981,3.8167205118352756
Random487
Raw:-8.547702595453302,4.100961972909295,-11.683351987462677,-11.523632369045774,18.355775060901422,-4.518510334679229,-7.493834775406073,-0.4280279006473311,0.8393816028335981,3.8167205118352796
EFT:-8.547702595453302,4.1009619729092925,-11.683351987462673,-11.523632369045773,18.35577506090142,-4.518510334679224,-7.493834775406073,-0.4280279006473334,0.8393816028335984,3.816720511835275
Random488
Raw:-8.547702595453302,4.100961972909291,-11.683351987462673,-11.523632369045773,18.355775060901422,-4.518510334679227,-7.493834775406073,-0.42802790064733753,0.8393816028336032,3.8167205118352756
EFT:-8.547702595453302,4.1009619729092925,-11.683351987462672,-11.523632369045773,18.35577506090142,-4.518510334679224,-7.493834775406074,-0.42802790064733315,0.8393816028335981,3.8167205118352756
Random489
Raw:-8.547702595453298,4.100961972909294,-11.683351987462673,-11.523632369045778,18.355775060901415,-4.518510334679226,-7.493834775406075,-0.4280279006473312,0.8393816028335958,3.816720511835277
EFT:-8.547702595453302,4.1009619729092925,-11.683351987462672,-11.523632369045773,18.35577506090142,-4.518510334679224,-7.493834775406074,-0.428027900647333,0.8393816028335982,3.8167205118352756
Random490
Raw:-8.547702595453302,4.100961972909297,-11.683351987462673,-11.523632369045776,18.355775060901415,-4.518510334679226,-7.4938347754060715,-0.42802790064733276,0.8393816028335958,3.8167205118352765
EFT:-8.547702595453302,4.1009619729092925,-11.683351987462673,-11.523632369045773,18.35577506090142,-4.518510334679224,-7.493834775406074,-0.4280279006473328,0.8393816028335982,3.8167205118352756
Random491
Raw:-8.547702595453304,4.1009619729092925,-11.683351987462673,-11.523632369045774,18.35577506090142,-4.518510334679223,-7.493834775406074,-0.4280279006473334,0.8393816028335966,3.8167205118352787
EFT:-8.547702595453302,4.1009619729092925,-11.683351987462672,-11.523632369045773,18.35577506090142,-4.518510334679224,-7.493834775406073,-0.42802790064733276,0.8393816028335982,3.8167205118352756
Random492
Raw:-8.5477025954533,4.100961972909292,-11.683351987462673,-11.523632369045773,18.355775060901415,-4.5185103346792275,-7.493834775406077,-0.428027900647329,0.8393816028335981,3.816720511835277
EFT:-8.547702595453302,4.100961972909292,-11.683351987462672,-11.523632369045773,18.35577506090142,-4.518510334679224,-7.493834775406073,-0.42802790064733304,0.8393816028335981,3.8167205118352756
Random493
Raw:-8.547702595453307,4.100961972909292,-11.683351987462672,-11.523632369045771,18.355775060901422,-4.518510334679223,-7.493834775406076,-0.42802790064733365,0.8393816028336005,3.816720511835278
EFT:-8.547702595453302,4.1009619729092925,-11.683351987462672,-11.523632369045773,18.35577506090142,-4.518510334679224,-7.493834775406074,-0.42802790064733287,0.8393816028335982,3.8167205118352756
Random494
Raw:-8.5477025954533,4.1009619729092925,-11.683351987462677,-11.523632369045776,18.35577506090142,-4.5185103346792275,-7.493834775406075,-0.4280279006473344,0.8393816028335988,3.8167205118352787
EFT:-8.547702595453302,4.1009619729092925,-11.683351987462673,-11.523632369045773,18.35577506090142,-4.518510334679224,-7.493834775406073,-0.42802790064733337,0.8393816028335982,3.8167205118352756
Random495
Raw:-8.5477025954533,4.10096197290929,-11.683351987462673,-11.523632369045776,18.355775060901422,-4.5185103346792275,-7.493834775406073,-0.42802790064733254,0.8393816028335992,3.816720511835281
EFT:-8.547702595453302,4.1009619729092925,-11.683351987462672,-11.523632369045773,18.35577506090142,-4.518510334679224,-7.493834775406074,-0.42802790064733276,0.8393816028335981,3.8167205118352756
Random496
Raw:-8.547702595453293,4.1009619729092925,-11.683351987462672,-11.523632369045773,18.35577506090142,-4.518510334679228,-7.493834775406081,-0.4280279006473313,0.8393816028335982,3.8167205118352805
EFT:-8.547702595453302,4.1009619729092925,-11.683351987462672,-11.523632369045773,18.35577506090142,-4.518510334679224,-7.493834775406074,-0.42802790064733276,0.8393816028335981,3.8167205118352756
Random497
Raw:-8.547702595453302,4.10096197290929,-11.683351987462673,-11.523632369045773,18.35577506090142,-4.51851033467922,-7.493834775406071,-0.42802790064733576,0.8393816028336001,3.816720511835277
EFT:-8.547702595453302,4.1009619729092925,-11.683351987462672,-11.523632369045773,18.35577506090142,-4.518510334679224,-7.493834775406073,-0.42802790064733287,0.8393816028335981,3.8167205118352756
Random498
Raw:-8.547702595453302,4.100961972909295,-11.68335198746267,-11.523632369045778,18.355775060901422,-4.518510334679228,-7.493834775406076,-0.4280279006473303,0.839381602833595,3.816720511835277
EFT:-8.547702595453302,4.1009619729092925,-11.683351987462672,-11.523632369045773,18.35577506090142,-4.518510334679225,-7.493834775406073,-0.4280279006473331,0.8393816028335983,3.8167205118352756
Random499
Raw:-8.5477025954533,4.100961972909296,-11.683351987462672,-11.523632369045778,18.355775060901426,-4.518510334679227,-7.493834775406074,-0.4280279006473301,0.8393816028335952,3.8167205118352756
EFT:-8.547702595453302,4.1009619729092925,-11.683351987462672,-11.523632369045773,18.35577506090142,-4.518510334679224,-7.493834775406074,-0.4280279006473328,0.8393816028335981,3.8167205118352756
Random500
Raw:-8.5477025954533,4.100961972909293,-11.683351987462673,-11.523632369045766,18.35577506090142,-4.518510334679226,-7.493834775406077,-0.42802790064733176,0.839381602833599,3.816720511835278
EFT:-8.547702595453302,4.1009619729092925,-11.683351987462672,-11.523632369045773,18.35577506090142,-4.518510334679224,-7.493834775406073,-0.42802790064733326,0.8393816028335982,3.8167205118352756
Random501
Raw:-8.547702595453304,4.100961972909293,-11.683351987462675,-11.523632369045776,18.355775060901422,-4.518510334679225,-7.493834775406076,-0.42802790064733165,0.8393816028335975,3.8167205118352774
EFT:-8.547702595453302,4.1009619729092925,-11.683351987462673,-11.523632369045773,18.35577506090142,-4.518510334679224,-7.493834775406073,-0.42802790064733337,0.8393816028335983,3.8167205118352756
Random502
Raw:-8.547702595453302,4.1009619729092925,-11.683351987462677,-11.52363236904578,18.355775060901426,-4.518510334679224,-7.493834775406072,-0.4280279006473343,0.8393816028335978,3.816720511835271
EFT:-8.547702595453302,4.1009619729092925,-11.683351987462672,-11.523632369045773,18.35577506090142,-4.518510334679224,-7.493834775406073,-0.4280279006473331,0.8393816028335982,3.8167205118352756
Random503
Raw:-8.547702595453304,4.100961972909293,-11.68335198746267,-11.523632369045774,18.35577506090142,-4.518510334679226,-7.493834775406072,-0.428027900647331,0.8393816028335974,3.8167205118352823
EFT:-8.547702595453302,4.1009619729092925,-11.683351987462673,-11.523632369045773,18.35577506090142,-4.518510334679224,-7.493834775406073,-0.4280279006473333,0.8393816028335984,3.8167205118352756
Random504
Raw:-8.547702595453302,4.100961972909294,-11.683351987462672,-11.523632369045774,18.35577506090142,-4.518510334679228,-7.493834775406075,-0.42802790064732943,0.8393816028335979,3.8167205118352787
EFT:-8.547702595453302,4.1009619729092925,-11.683351987462672,-11.523632369045773,18.35577506090142,-4.518510334679224,-7.493834775406073,-0.4280279006473332,0.8393816028335982,3.8167205118352756
Random505
Raw:-8.5477025954533,4.100961972909292,-11.683351987462672,-11.523632369045776,18.355775060901422,-4.518510334679222,-7.493834775406075,-0.4280279006473301,0.8393816028335963,3.816720511835275
EFT:-8.547702595453302,4.1009619729092925,-11.683351987462672,-11.523632369045773,18.35577506090142,-4.518510334679224,-7.493834775406073,-0.428027900647333,0.8393816028335982,3.8167205118352756
Random506
Raw:-8.5477025954533,4.100961972909288,-11.683351987462677,-11.523632369045771,18.355775060901415,-4.518510334679225,-7.493834775406074,-0.4280279006473351,0.8393816028335986,3.816720511835278
EFT:-8.547702595453302,4.1009619729092925,-11.683351987462672,-11.523632369045773,18.35577506090142,-4.518510334679224,-7.493834775406073,-0.4280279006473327,0.8393816028335982,3.8167205118352756
Random507
Raw:-8.547702595453302,4.100961972909291,-11.68335198746267,-11.523632369045774,18.355775060901415,-4.518510334679227,-7.493834775406073,-0.428027900647333,0.8393816028335981,3.8167205118352774
EFT:-8.547702595453302,4.100961972909292,-11.683351987462672,-11.523632369045773,18.35577506090142,-4.518510334679224,-7.493834775406073,-0.42802790064733304,0.8393816028335981,3.8167205118352756
Random508
Raw:-8.547702595453304,4.100961972909286,-11.683351987462672,-11.52363236904577,18.355775060901426,-4.518510334679228,-7.493834775406077,-0.42802790064733265,0.8393816028336025,3.8167205118352783
EFT:-8.547702595453302,4.1009619729092925,-11.683351987462672,-11.523632369045773,18.35577506090142,-4.518510334679224,-7.493834775406074,-0.42802790064733287,0.839381602833598,3.8167205118352756
Random509
Raw:-8.547702595453304,4.100961972909295,-11.68335198746267,-11.523632369045774,18.35577506090142,-4.5185103346792275,-7.493834775406072,-0.4280279006473323,0.839381602833599,3.816720511835275
EFT:-8.547702595453302,4.1009619729092925,-11.683351987462672,-11.523632369045773,18.35577506090142,-4.518510334679224,-7.493834775406074,-0.4280279006473327,0.8393816028335981,3.8167205118352756
Random510
Raw:-8.547702595453297,4.100961972909293,-11.68335198746267,-11.523632369045776,18.35577506090142,-4.5185103346792275,-7.493834775406076,-0.42802790064732843,0.8393816028335979,3.8167205118352765
EFT:-8.547702595453302,4.1009619729092925,-11.683351987462672,-11.523632369045773,18.35577506090142,-4.518510334679224,-7.493834775406073,-0.42802790064733337,0.8393816028335983,3.8167205118352756
Random511
Raw:-8.5477025954533,4.1009619729092925,-11.683351987462672,-11.523632369045773,18.35577506090142,-4.518510334679225,-7.493834775406072,-0.42802790064733387,0.8393816028336006,3.8167205118352734
EFT:-8.547702595453302,4.100961972909292,-11.683351987462672,-11.523632369045773,18.35577506090142,-4.518510334679224,-7.493834775406073,-0.42802790064733304,0.8393816028335981,3.8167205118352756
Random512
Raw:-8.5477025954533,4.100961972909293,-11.68335198746267,-11.523632369045773,18.355775060901422,-4.518510334679228,-7.493834775406077,-0.4280279006473313,0.8393816028335978,3.816720511835276
EFT:-8.547702595453302,4.1009619729092925,-11.683351987462672,-11.523632369045773,18.35577506090142,-4.518510334679224,-7.493834775406074,-0.42802790064733287,0.8393816028335982,3.8167205118352756
Random513
Raw:-8.5477025954533,4.100961972909291,-11.683351987462675,-11.523632369045774,18.355775060901422,-4.518510334679223,-7.4938347754060795,-0.4280279006473334,0.8393816028335983,3.8167205118352787
EFT:-8.547702595453302,4.1009619729092925,-11.683351987462673,-11.523632369045773,18.35577506090142,-4.518510334679224,-7.493834775406073,-0.4280279006473333,0.8393816028335982,3.8167205118352756
Random514
Raw:-8.5477025954533,4.100961972909293,-11.683351987462672,-11.523632369045773,18.35577506090142,-4.518510334679225,-7.493834775406072,-0.42802790064733165,0.8393816028335974,3.8167205118352787
EFT:-8.547702595453302,4.1009619729092925,-11.683351987462673,-11.523632369045773,18.35577506090142,-4.518510334679224,-7.493834775406074,-0.4280279006473328,0.8393816028335982,3.8167205118352756
Random515
Raw:-8.547702595453297,4.100961972909292,-11.683351987462673,-11.52363236904577,18.355775060901415,-4.518510334679222,-7.493834775406075,-0.42802790064733365,0.8393816028336023,3.816720511835279
EFT:-8.547702595453302,4.1009619729092925,-11.683351987462673,-11.523632369045773,18.35577506090142,-4.518510334679224,-7.493834775406073,-0.4280279006473334,0.8393816028335983,3.8167205118352756
Random516
Raw:-8.547702595453302,4.1009619729092925,-11.683351987462673,-11.523632369045776,18.35577506090142,-4.518510334679224,-7.493834775406074,-0.42802790064733165,0.839381602833598,3.816720511835276
EFT:-8.547702595453302,4.1009619729092925,-11.683351987462672,-11.523632369045773,18.35577506090142,-4.518510334679225,-7.493834775406073,-0.42802790064733315,0.8393816028335982,3.8167205118352756
Random517
Raw:-8.5477025954533,4.1009619729092925,-11.683351987462673,-11.523632369045778,18.355775060901422,-4.518510334679227,-7.493834775406076,-0.4280279006473301,0.8393816028335996,3.816720511835277
EFT:-8.547702595453302,4.1009619729092925,-11.683351987462672,-11.523632369045773,18.35577506090142,-4.518510334679224,-7.493834775406074,-0.4280279006473328,0.8393816028335981,3.8167205118352756
Random518
Raw:-8.547702595453302,4.100961972909291,-11.683351987462673,-11.52363236904578,18.355775060901422,-4.518510334679222,-7.493834775406073,-0.4280279006473332,0.8393816028336007,3.816720511835276
EFT:-8.547702595453302,4.1009619729092925,-11.683351987462672,-11.523632369045773,18.35577506090142,-4.518510334679224,-7.493834775406074,-0.42802790064733265,0.8393816028335981,3.8167205118352756
Random519
Raw:-8.5477025954533,4.100961972909292,-11.683351987462672,-11.52363236904577,18.35577506090142,-4.518510334679227,-7.493834775406075,-0.42802790064733454,0.8393816028336009,3.81672051183528
EFT:-8.547702595453302,4.1009619729092925,-11.683351987462672,-11.523632369045773,18.35577506090142,-4.518510334679224,-7.493834775406073,-0.4280279006473331,0.8393816028335982,3.8167205118352756
Random520
Raw:-8.5477025954533,4.10096197290929,-11.683351987462672,-11.523632369045773,18.35577506090142,-4.518510334679221,-7.4938347754060715,-0.42802790064733176,0.8393816028335975,3.8167205118352774
EFT:-8.547702595453302,4.1009619729092925,-11.683351987462673,-11.523632369045773,18.35577506090142,-4.518510334679224,-7.493834775406073,-0.4280279006473334,0.8393816028335982,3.8167205118352756
Random521
Raw:-8.547702595453304,4.100961972909298,-11.683351987462673,-11.523632369045776,18.35577506090142,-4.518510334679228,-7.493834775406073,-0.428027900647334,0.8393816028336009,3.816720511835275
EFT:-8.547702595453302,4.1009619729092925,-11.683351987462672,-11.523632369045773,18.35577506090142,-4.518510334679224,-7.493834775406073,-0.4280279006473332,0.8393816028335983,3.816720511835275
Random522
Raw:-8.547702595453297,4.1009619729092925,-11.683351987462666,-11.523632369045771,18.355775060901415,-4.518510334679227,-7.493834775406077,-0.4280279006473303,0.8393816028335956,3.8167205118352765
EFT:-8.547702595453302,4.1009619729092925,-11.683351987462673,-11.523632369045773,18.35577506090142,-4.518510334679224,-7.493834775406073,-0.42802790064733337,0.8393816028335983,3.8167205118352756
Random523
Raw:-8.547702595453302,4.100961972909297,-11.683351987462677,-11.523632369045778,18.355775060901422,-4.518510334679225,-7.493834775406073,-0.42802790064733154,0.8393816028335991,3.816720511835275
EFT:-8.547702595453302,4.1009619729092925,-11.683351987462672,-11.523632369045773,18.35577506090142,-4.518510334679224,-7.493834775406074,-0.42802790064733287,0.8393816028335981,3.8167205118352756
Random524
Raw:-8.547702595453297,4.100961972909293,-11.68335198746267,-11.52363236904577,18.355775060901422,-4.518510334679224,-7.4938347754060795,-0.4280279006473299,0.839381602833598,3.816720511835279
EFT:-8.547702595453302,4.1009619729092925,-11.683351987462672,-11.523632369045773,18.35577506090142,-4.518510334679224,-7.493834775406074,-0.4280279006473326,0.8393816028335981,3.8167205118352756
Random525
Raw:-8.547702595453298,4.100961972909293,-11.683351987462675,-11.523632369045776,18.355775060901426,-4.5185103346792275,-7.493834775406077,-0.4280279006473343,0.8393816028336005,3.81672051183528
EFT:-8.547702595453302,4.1009619729092925,-11.683351987462673,-11.523632369045773,18.35577506090142,-4.518510334679224,-7.493834775406073,-0.42802790064733326,0.8393816028335983,3.816720511835275
Random526
Raw:-8.5477025954533,4.100961972909296,-11.683351987462668,-11.523632369045774,18.355775060901415,-4.5185103346792275,-7.49383477540608,-0.4280279006473281,0.8393816028335974,3.8167205118352805
EFT:-8.547702595453302,4.1009619729092925,-11.683351987462672,-11.523632369045773,18.35577506090142,-4.518510334679224,-7.493834775406073,-0.4280279006473331,0.8393816028335982,3.8167205118352756
Random527
Raw:-8.547702595453298,4.100961972909295,-11.683351987462672,-11.52363236904578,18.355775060901422,-4.518510334679225,-7.49383477540607,-0.42802790064733187,0.8393816028336005,3.816720511835275
EFT:-8.547702595453302,4.1009619729092925,-11.683351987462672,-11.523632369045773,18.35577506090142,-4.518510334679224,-7.493834775406074,-0.42802790064733265,0.8393816028335981,3.8167205118352756
Random528
Raw:-8.5477025954533,4.100961972909293,-11.683351987462666,-11.523632369045774,18.355775060901426,-4.518510334679226,-7.493834775406073,-0.42802790064733054,0.8393816028335991,3.816720511835276
EFT:-8.547702595453302,4.1009619729092925,-11.683351987462673,-11.523632369045773,18.35577506090142,-4.518510334679224,-7.493834775406074,-0.42802790064733287,0.8393816028335982,3.8167205118352756
Random529
Raw:-8.547702595453302,4.10096197290929,-11.683351987462673,-11.523632369045771,18.355775060901415,-4.518510334679225,-7.493834775406076,-0.42802790064733665,0.8393816028335991,3.8167205118352774
EFT:-8.547702595453302,4.1009619729092925,-11.683351987462672,-11.523632369045773,18.35577506090142,-4.518510334679224,-7.493834775406073,-0.4280279006473331,0.8393816028335983,3.8167205118352756
Random530
Raw:-8.5477025954533,4.100961972909295,-11.683351987462675,-11.523632369045782,18.355775060901426,-4.5185103346792275,-7.493834775406077,-0.4280279006473312,0.839381602833597,3.816720511835276
EFT:-8.547702595453302,4.1009619729092925,-11.683351987462672,-11.523632369045773,18.35577506090142,-4.518510334679224,-7.493834775406073,-0.4280279006473333,0.8393816028335983,3.8167205118352756
Random531
Raw:-8.547702595453298,4.100961972909292,-11.68335198746267,-11.523632369045774,18.35577506090142,-4.518510334679226,-7.493834775406072,-0.42802790064733476,0.839381602833599,3.816720511835276
EFT:-8.547702595453302,4.1009619729092925,-11.683351987462673,-11.523632369045773,18.35577506090142,-4.518510334679224,-7.493834775406073,-0.42802790064733337,0.8393816028335984,3.816720511835275
Random532
Raw:-8.5477025954533,4.100961972909293,-11.683351987462668,-11.523632369045774,18.35577506090142,-4.518510334679227,-7.493834775406074,-0.428027900647333,0.8393816028335968,3.8167205118352743
EFT:-8.547702595453302,4.1009619729092925,-11.683351987462672,-11.523632369045773,18.35577506090142,-4.518510334679224,-7.493834775406073,-0.42802790064733276,0.8393816028335982,3.8167205118352756
Random533
Raw:-8.547702595453298,4.10096197290929,-11.683351987462672,-11.523632369045767,18.35577506090141,-4.518510334679223,-7.493834775406075,-0.42802790064732943,0.8393816028335976,3.8167205118352805
EFT:-8.547702595453302,4.1009619729092925,-11.683351987462672,-11.523632369045773,18.35577506090142,-4.518510334679224,-7.493834775406073,-0.42802790064733276,0.8393816028335982,3.8167205118352756
Random534
Raw:-8.5477025954533,4.100961972909294,-11.683351987462672,-11.523632369045778,18.355775060901422,-4.518510334679226,-7.493834775406072,-0.42802790064733187,0.8393816028335992,3.8167205118352756
EFT:-8.547702595453302,4.1009619729092925,-11.683351987462672,-11.523632369045773,18.35577506090142,-4.518510334679224,-7.493834775406074,-0.42802790064733287,0.839381602833598,3.8167205118352756
Random535
Raw:-8.5477025954533,4.100961972909292,-11.683351987462672,-11.523632369045773,18.35577506090142,-4.518510334679225,-7.493834775406072,-0.4280279006473332,0.8393816028335992,3.816720511835274
EFT:-8.547702595453302,4.1009619729092925,-11.683351987462672,-11.523632369045773,18.35577506090142,-4.518510334679224,-7.493834775406074,-0.42802790064733265,0.8393816028335981,3.8167205118352756
Random536
Raw:-8.5477025954533,4.100961972909289,-11.683351987462673,-11.523632369045771,18.35577506090141,-4.5185103346792275,-7.493834775406081,-0.42802790064733076,0.8393816028336004,3.8167205118352854
EFT:-8.547702595453302,4.1009619729092925,-11.683351987462672,-11.523632369045773,18.35577506090142,-4.518510334679225,-7.493834775406073,-0.42802790064733326,0.8393816028335982,3.8167205118352756
Random537
Raw:-8.5477025954533,4.10096197290929,-11.68335198746267,-11.523632369045776,18.355775060901422,-4.5185103346792275,-7.493834775406075,-0.428027900647333,0.8393816028335981,3.8167205118352756
EFT:-8.547702595453302,4.1009619729092925,-11.683351987462673,-11.523632369045773,18.35577506090142,-4.518510334679224,-7.493834775406073,-0.4280279006473333,0.8393816028335982,3.8167205118352756
Random538
Raw:-8.547702595453302,4.100961972909297,-11.683351987462672,-11.52363236904577,18.35577506090142,-4.5185103346792275,-7.493834775406079,-0.42802790064732743,0.839381602833596,3.816720511835281
EFT:-8.547702595453302,4.1009619729092925,-11.683351987462673,-11.523632369045773,18.35577506090142,-4.518510334679224,-7.493834775406074,-0.4280279006473328,0.8393816028335982,3.8167205118352756
Random539
Raw:-8.547702595453295,4.100961972909289,-11.683351987462668,-11.523632369045773,18.355775060901415,-4.5185103346792275,-7.493834775406074,-0.42802790064732965,0.839381602833601,3.8167205118352814
EFT:-8.547702595453302,4.1009619729092925,-11.683351987462672,-11.523632369045773,18.35577506090142,-4.518510334679224,-7.493834775406073,-0.4280279006473332,0.8393816028335983,3.8167205118352756
Random540
Raw:-8.5477025954533,4.100961972909297,-11.68335198746267,-11.523632369045773,18.355775060901422,-4.51851033467923,-7.493834775406082,-0.42802790064733054,0.8393816028335953,3.816720511835282
EFT:-8.547702595453302,4.1009619729092925,-11.683351987462672,-11.523632369045773,18.35577506090142,-4.518510334679224,-7.493834775406073,-0.4280279006473332,0.8393816028335983,3.8167205118352756
Random541
Raw:-8.547702595453302,4.100961972909294,-11.683351987462673,-11.523632369045776,18.355775060901422,-4.518510334679229,-7.493834775406075,-0.42802790064733054,0.8393816028335952,3.8167205118352774
EFT:-8.547702595453302,4.1009619729092925,-11.683351987462672,-11.523632369045773,18.35577506090142,-4.518510334679225,-7.493834775406073,-0.42802790064733315,0.8393816028335982,3.8167205118352756
Random542
Raw:-8.547702595453298,4.100961972909295,-11.683351987462673,-11.523632369045774,18.355775060901422,-4.518510334679226,-7.493834775406076,-0.4280279006473299,0.8393816028335968,3.816720511835276
EFT:-8.547702595453302,4.1009619729092925,-11.683351987462672,-11.523632369045773,18.35577506090142,-4.518510334679224,-7.493834775406074,-0.42802790064733287,0.839381602833598,3.8167205118352756
Random543
Raw:-8.5477025954533,4.100961972909293,-11.68335198746267,-11.523632369045776,18.355775060901415,-4.518510334679227,-7.493834775406075,-0.4280279006473291,0.8393816028335999,3.8167205118352783
EFT:-8.547702595453302,4.1009619729092925,-11.683351987462672,-11.523632369045773,18.35577506090142,-4.518510334679224,-7.493834775406074,-0.42802790064733276,0.8393816028335981,3.8167205118352756
Random544
Raw:-8.547702595453298,4.100961972909296,-11.683351987462672,-11.52363236904578,18.355775060901422,-4.518510334679228,-7.493834775406074,-0.42802790064732876,0.8393816028335969,3.8167205118352743
EFT:-8.547702595453302,4.1009619729092925,-11.683351987462672,-11.523632369045773,18.35577506090142,-4.518510334679224,-7.493834775406073,-0.42802790064733326,0.8393816028335982,3.8167205118352756
Random545
Raw:-8.547702595453297,4.100961972909297,-11.683351987462673,-11.523632369045778,18.355775060901422,-4.518510334679229,-7.493834775406076,-0.42802790064733076,0.8393816028336015,3.816720511835279
EFT:-8.547702595453302,4.1009619729092925,-11.683351987462672,-11.523632369045773,18.35577506090142,-4.518510334679224,-7.493834775406074,-0.42802790064733276,0.8393816028335981,3.8167205118352756
Random546
Raw:-8.547702595453302,4.100961972909291,-11.683351987462673,-11.523632369045776,18.35577506090142,-4.518510334679223,-7.493834775406077,-0.4280279006473313,0.8393816028335983,3.8167205118352796
EFT:-8.547702595453302,4.1009619729092925,-11.683351987462673,-11.523632369045773,18.35577506090142,-4.518510334679224,-7.493834775406073,-0.4280279006473335,0.8393816028335983,3.8167205118352756
Random547
Raw:-8.5477025954533,4.1009619729092925,-11.683351987462672,-11.523632369045774,18.35577506090142,-4.518510334679223,-7.493834775406076,-0.4280279006473302,0.8393816028336004,3.816720511835279
EFT:-8.547702595453302,4.1009619729092925,-11.683351987462672,-11.523632369045773,18.35577506090142,-4.518510334679224,-7.493834775406073,-0.42802790064733276,0.8393816028335982,3.8167205118352756
Random548
Raw:-8.547702595453298,4.100961972909292,-11.68335198746267,-11.523632369045771,18.35577506090142,-4.5185103346792275,-7.493834775406077,-0.4280279006473289,0.8393816028336014,3.8167205118352805
EFT:-8.547702595453302,4.1009619729092925,-11.683351987462672,-11.523632369045773,18.35577506090142,-4.518510334679224,-7.493834775406073,-0.428027900647333,0.8393816028335982,3.8167205118352756
Random549
Raw:-8.547702595453298,4.1009619729092925,-11.683351987462672,-11.523632369045776,18.35577506090142,-4.518510334679225,-7.493834775406075,-0.42802790064733276,0.8393816028335979,3.816720511835275
EFT:-8.547702595453302,4.100961972909292,-11.683351987462672,-11.523632369045773,18.35577506090142,-4.518510334679224,-7.493834775406073,-0.42802790064733304,0.8393816028335981,3.8167205118352756
Random550
Raw:-8.547702595453302,4.1009619729092925,-11.683351987462673,-11.523632369045776,18.355775060901422,-4.518510334679224,-7.493834775406076,-0.4280279006473301,0.8393816028335989,3.81672051183528
EFT:-8.547702595453302,4.1009619729092925,-11.683351987462673,-11.523632369045773,18.35577506090142,-4.518510334679224,-7.493834775406073,-0.4280279006473335,0.8393816028335984,3.816720511835275
Random551
Raw:-8.547702595453302,4.100961972909295,-11.683351987462677,-11.523632369045778,18.35577506090142,-4.518510334679225,-7.493834775406074,-0.4280279006473302,0.8393816028335994,3.8167205118352734
EFT:-8.547702595453302,4.1009619729092925,-11.683351987462672,-11.523632369045773,18.35577506090142,-4.518510334679224,-7.493834775406073,-0.42802790064733304,0.8393816028335982,3.8167205118352756
Random552
Raw:-8.547702595453295,4.1009619729092925,-11.68335198746267,-11.523632369045776,18.355775060901426,-4.5185103346792275,-7.493834775406072,-0.4280279006473313,0.8393816028336012,3.8167205118352787
EFT:-8.547702595453302,4.1009619729092925,-11.683351987462672,-11.523632369045773,18.35577506090142,-4.518510334679224,-7.493834775406073,-0.42802790064733337,0.8393816028335983,3.8167205118352756
Random553
Raw:-8.547702595453297,4.100961972909297,-11.683351987462672,-11.523632369045782,18.355775060901422,-4.518510334679228,-7.493834775406075,-0.42802790064732943,0.839381602833598,3.8167205118352725
EFT:-8.547702595453302,4.1009619729092925,-11.683351987462672,-11.523632369045773,18.35577506090142,-4.518510334679224,-7.493834775406074,-0.42802790064733276,0.8393816028335981,3.8167205118352756
Random554
Raw:-8.5477025954533,4.100961972909292,-11.683351987462673,-11.523632369045776,18.35577506090143,-4.518510334679226,-7.4938347754060715,-0.428027900647335,0.8393816028335976,3.816720511835271
EFT:-8.547702595453302,4.1009619729092925,-11.683351987462672,-11.523632369045773,18.35577506090142,-4.518510334679224,-7.493834775406074,-0.4280279006473326,0.8393816028335981,3.8167205118352756
Random555
Raw:-8.547702595453304,4.100961972909294,-11.683351987462675,-11.523632369045774,18.355775060901422,-4.5185103346792275,-7.493834775406076,-0.42802790064733376,0.8393816028336002,3.816720511835279
EFT:-8.547702595453302,4.1009619729092925,-11.683351987462672,-11.523632369045773,18.35577506090142,-4.518510334679224,-7.493834775406073,-0.42802790064733276,0.8393816028335982,3.8167205118352756
Random556
Raw:-8.5477025954533,4.1009619729092925,-11.683351987462673,-11.523632369045776,18.35577506090142,-4.518510334679227,-7.4938347754060795,-0.4280279006473343,0.8393816028336019,3.816720511835277
EFT:-8.547702595453302,4.1009619729092925,-11.683351987462672,-11.523632369045773,18.35577506090142,-4.518510334679225,-7.493834775406073,-0.4280279006473331,0.8393816028335983,3.8167205118352756
Random557
Raw:-8.547702595453298,4.10096197290929,-11.683351987462668,-11.523632369045778,18.35577506090142,-4.5185103346792275,-7.493834775406072,-0.4280279006473301,0.8393816028335972,3.8167205118352765
EFT:-8.547702595453302,4.1009619729092925,-11.683351987462672,-11.523632369045773,18.35577506090142,-4.518510334679224,-7.493834775406073,-0.4280279006473331,0.8393816028335982,3.8167205118352756
Random558
Raw:-8.5477025954533,4.10096197290929,-11.683351987462672,-11.523632369045774,18.35577506090142,-4.518510334679223,-7.493834775406078,-0.42802790064733365,0.8393816028336004,3.816720511835276
EFT:-8.547702595453302,4.1009619729092925,-11.683351987462673,-11.523632369045773,18.35577506090142,-4.518510334679224,-7.493834775406073,-0.42802790064733326,0.8393816028335983,3.816720511835275
Random559
Raw:-8.547702595453298,4.100961972909296,-11.683351987462675,-11.523632369045782,18.35577506090142,-4.518510334679228,-7.493834775406072,-0.42802790064733287,0.839381602833599,3.8167205118352725
EFT:-8.547702595453302,4.1009619729092925,-11.683351987462672,-11.523632369045773,18.35577506090142,-4.518510334679224,-7.493834775406074,-0.4280279006473331,0.8393816028335981,3.8167205118352756
Random560
Raw:-8.547702595453302,4.1009619729092925,-11.683351987462668,-11.523632369045771,18.35577506090142,-4.518510334679228,-7.4938347754060795,-0.4280279006473281,0.8393816028335972,3.81672051183528
EFT:-8.547702595453302,4.100961972909292,-11.683351987462672,-11.523632369045773,18.35577506090142,-4.518510334679225,-7.493834775406073,-0.4280279006473332,0.8393816028335982,3.8167205118352756
Random561
Raw:-8.5477025954533,4.1009619729092925,-11.683351987462672,-11.523632369045776,18.35577506090142,-4.518510334679227,-7.493834775406076,-0.4280279006473314,0.8393816028335966,3.8167205118352783
EFT:-8.547702595453302,4.1009619729092925,-11.683351987462672,-11.523632369045773,18.35577506090142,-4.518510334679224,-7.493834775406074,-0.42802790064733287,0.8393816028335982,3.8167205118352756
Random562
Raw:-8.5477025954533,4.100961972909295,-11.683351987462672,-11.523632369045773,18.35577506090142,-4.518510334679225,-7.493834775406074,-0.4280279006473299,0.839381602833599,3.816720511835279
EFT:-8.547702595453302,4.1009619729092925,-11.683351987462673,-11.523632369045773,18.35577506090142,-4.518510334679224,-7.493834775406073,-0.4280279006473334,0.8393816028335984,3.816720511835275
Random563
Raw:-8.547702595453298,4.100961972909293,-11.68335198746267,-11.523632369045773,18.355775060901415,-4.5185103346792275,-7.493834775406079,-0.4280279006473279,0.8393816028336007,3.816720511835279
EFT:-8.547702595453302,4.1009619729092925,-11.683351987462672,-11.523632369045773,18.35577506090142,-4.518510334679224,-7.493834775406074,-0.428027900647333,0.8393816028335981,3.8167205118352756
Random564
Raw:-8.5477025954533,4.100961972909291,-11.68335198746267,-11.523632369045771,18.355775060901422,-4.518510334679224,-7.493834775406073,-0.4280279006473332,0.8393816028335985,3.8167205118352774
EFT:-8.547702595453302,4.1009619729092925,-11.683351987462672,-11.523632369045773,18.35577506090142,-4.518510334679224,-7.493834775406073,-0.4280279006473332,0.8393816028335983,3.8167205118352756
Random565
Raw:-8.547702595453304,4.100961972909295,-11.683351987462672,-11.523632369045774,18.355775060901422,-4.518510334679221,-7.493834775406074,-0.428027900647332,0.8393816028335982,3.816720511835277
EFT:-8.547702595453302,4.1009619729092925,-11.683351987462672,-11.523632369045773,18.35577506090142,-4.518510334679225,-7.493834775406073,-0.4280279006473331,0.8393816028335982,3.8167205118352756
Random566
Raw:-8.5477025954533,4.100961972909292,-11.683351987462673,-11.523632369045774,18.35577506090142,-4.518510334679228,-7.493834775406075,-0.4280279006473313,0.8393816028335968,3.8167205118352787
EFT:-8.547702595453302,4.1009619729092925,-11.683351987462672,-11.523632369045773,18.35577506090142,-4.518510334679224,-7.493834775406074,-0.4280279006473326,0.8393816028335981,3.8167205118352756
Random567
Raw:-8.547702595453297,4.100961972909289,-11.683351987462672,-11.523632369045771,18.355775060901415,-4.518510334679225,-7.493834775406081,-0.42802790064733054,0.8393816028336025,3.8167205118352845
EFT:-8.547702595453302,4.1009619729092925,-11.683351987462672,-11.523632369045773,18.35577506090142,-4.518510334679224,-7.493834775406073,-0.428027900647333,0.8393816028335982,3.8167205118352756
Random568
Raw:-8.547702595453297,4.10096197290929,-11.683351987462673,-11.523632369045771,18.355775060901415,-4.518510334679227,-7.493834775406075,-0.42802790064733065,0.839381602833599,3.8167205118352774
EFT:-8.547702595453302,4.1009619729092925,-11.683351987462672,-11.523632369045773,18.35577506090142,-4.518510334679224,-7.493834775406074,-0.4280279006473327,0.8393816028335981,3.8167205118352756
Random569
Raw:-8.5477025954533,4.1009619729092925,-11.68335198746267,-11.523632369045776,18.355775060901422,-4.518510334679226,-7.493834775406074,-0.428027900647331,0.839381602833595,3.8167205118352783
EFT:-8.547702595453302,4.1009619729092925,-11.683351987462673,-11.523632369045773,18.35577506090142,-4.518510334679224,-7.493834775406074,-0.42802790064733287,0.8393816028335982,3.8167205118352756
Random570
Raw:-8.547702595453302,4.100961972909292,-11.683351987462675,-11.523632369045778,18.355775060901422,-4.518510334679225,-7.493834775406074,-0.4280279006473323,0.8393816028336004,3.816720511835279
EFT:-8.547702595453302,4.100961972909292,-11.683351987462672,-11.523632369045773,18.35577506090142,-4.518510334679224,-7.493834775406073,-0.42802790064733304,0.8393816028335981,3.8167205118352756
Random571
Raw:-8.547702595453302,4.1009619729092925,-11.683351987462672,-11.523632369045776,18.35577506090142,-4.518510334679223,-7.493834775406071,-0.42802790064733365,0.8393816028335981,3.8167205118352743
EFT:-8.547702595453302,4.1009619729092925,-11.683351987462672,-11.523632369045773,18.35577506090142,-4.518510334679224,-7.493834775406073,-0.4280279006473328,0.8393816028335982,3.8167205118352756
Random572
Raw:-8.547702595453304,4.100961972909293,-11.683351987462677,-11.523632369045776,18.355775060901426,-4.518510334679226,-7.493834775406079,-0.4280279006473332,0.8393816028336015,3.8167205118352756
EFT:-8.547702595453302,4.1009619729092925,-11.683351987462672,-11.523632369045773,18.35577506090142,-4.518510334679224,-7.493834775406074,-0.42802790064733287,0.8393816028335982,3.8167205118352756
Random573
Raw:-8.5477025954533,4.100961972909289,-11.683351987462675,-11.523632369045771,18.35577506090141,-4.518510334679223,-7.493834775406076,-0.42802790064733454,0.839381602833598,3.8167205118352787
EFT:-8.547702595453302,4.1009619729092925,-11.683351987462672,-11.523632369045773,18.35577506090142,-4.518510334679224,-7.493834775406073,-0.4280279006473332,0.8393816028335983,3.8167205118352756
Random574
Raw:-8.547702595453305,4.100961972909293,-11.683351987462673,-11.523632369045776,18.35577506090142,-4.518510334679223,-7.493834775406071,-0.428027900647333,0.8393816028335985,3.816720511835277
EFT:-8.547702595453302,4.1009619729092925,-11.683351987462672,-11.523632369045773,18.35577506090142,-4.518510334679224,-7.493834775406073,-0.4280279006473331,0.8393816028335982,3.8167205118352756
Random575
Raw:-8.547702595453298,4.100961972909294,-11.68335198746267,-11.523632369045771,18.35577506090141,-4.518510334679227,-7.4938347754060715,-0.42802790064733,0.8393816028335969,3.8167205118352765
EFT:-8.547702595453302,4.1009619729092925,-11.683351987462672,-11.523632369045773,18.35577506090142,-4.518510334679224,-7.493834775406073,-0.42802790064733304,0.8393816028335982,3.8167205118352756
Random576
Raw:-8.547702595453295,4.100961972909295,-11.683351987462675,-11.523632369045776,18.355775060901415,-4.518510334679226,-7.493834775406075,-0.4280279006473282,0.8393816028335972,3.8167205118352756
EFT:-8.547702595453302,4.1009619729092925,-11.683351987462672,-11.523632369045773,18.35577506090142,-4.518510334679224,-7.493834775406073,-0.42802790064733287,0.8393816028335981,3.8167205118352756
Random577
Raw:-8.547702595453302,4.1009619729092925,-11.683351987462673,-11.523632369045773,18.35577506090142,-4.518510334679222,-7.493834775406077,-0.42802790064732943,0.8393816028335993,3.816720511835282
EFT:-8.547702595453302,4.1009619729092925,-11.683351987462672,-11.523632369045773,18.35577506090142,-4.518510334679224,-7.493834775406074,-0.42802790064733265,0.8393816028335981,3.8167205118352756
Random578
Raw:-8.547702595453298,4.100961972909292,-11.683351987462668,-11.523632369045773,18.355775060901415,-4.518510334679229,-7.493834775406078,-0.4280279006473301,0.8393816028335975,3.8167205118352796
EFT:-8.547702595453302,4.1009619729092925,-11.683351987462673,-11.523632369045773,18.35577506090142,-4.518510334679224,-7.493834775406074,-0.42802790064733287,0.8393816028335982,3.8167205118352756
Random579
Raw:-8.547702595453298,4.100961972909292,-11.683351987462672,-11.523632369045774,18.35577506090141,-4.518510334679225,-7.493834775406072,-0.4280279006473353,0.8393816028336011,3.8167205118352747
EFT:-8.547702595453302,4.100961972909292,-11.683351987462672,-11.523632369045773,18.35577506090142,-4.518510334679225,-7.493834775406073,-0.42802790064733315,0.8393816028335982,3.8167205118352756
Random580
Raw:-8.547702595453302,4.100961972909297,-11.683351987462677,-11.523632369045774,18.35577506090142,-4.518510334679226,-7.493834775406072,-0.42802790064733354,0.8393816028335985,3.8167205118352734
EFT:-8.547702595453302,4.1009619729092925,-11.683351987462673,-11.523632369045773,18.35577506090142,-4.518510334679224,-7.493834775406073,-0.4280279006473335,0.8393816028335984,3.816720511835275
Random581
Raw:-8.547702595453304,4.100961972909292,-11.683351987462673,-11.523632369045773,18.355775060901408,-4.518510334679224,-7.493834775406074,-0.4280279006473314,0.8393816028335979,3.816720511835279
EFT:-8.547702595453302,4.1009619729092925,-11.683351987462672,-11.523632369045773,18.35577506090142,-4.518510334679224,-7.493834775406073,-0.4280279006473331,0.8393816028335982,3.8167205118352756
Random582
Raw:-8.547702595453302,4.100961972909294,-11.68335198746267,-11.523632369045776,18.355775060901422,-4.518510334679223,-7.493834775406073,-0.42802790064733054,0.8393816028335966,3.816720511835276
EFT:-8.547702595453302,4.1009619729092925,-11.683351987462672,-11.523632369045773,18.35577506090142,-4.518510334679224,-7.493834775406073,-0.4280279006473332,0.8393816028335982,3.8167205118352756
Random583
Raw:-8.5477025954533,4.100961972909291,-11.68335198746267,-11.523632369045771,18.355775060901415,-4.518510334679225,-7.493834775406075,-0.4280279006473332,0.8393816028335995,3.8167205118352823
EFT:-8.547702595453302,4.1009619729092925,-11.683351987462672,-11.523632369045773,18.35577506090142,-4.518510334679224,-7.493834775406073,-0.4280279006473332,0.8393816028335983,3.8167205118352756
Random584
Raw:-8.5477025954533,4.1009619729092925,-11.68335198746267,-11.523632369045774,18.355775060901415,-4.518510334679226,-7.493834775406074,-0.42802790064733176,0.8393816028336001,3.8167205118352787
EFT:-8.547702595453302,4.1009619729092925,-11.683351987462672,-11.523632369045773,18.35577506090142,-4.518510334679224,-7.493834775406074,-0.4280279006473327,0.8393816028335981,3.8167205118352756
Random585
Raw:-8.5477025954533,4.100961972909293,-11.683351987462677,-11.52363236904578,18.355775060901422,-4.518510334679228,-7.493834775406076,-0.42802790064733354,0.8393816028336019,3.816720511835276
EFT:-8.547702595453302,4.1009619729092925,-11.683351987462673,-11.523632369045773,18.35577506090142,-4.518510334679224,-7.493834775406073,-0.42802790064733337,0.8393816028335982,3.8167205118352756
Random586
Raw:-8.547702595453304,4.100961972909296,-11.683351987462675,-11.523632369045778,18.355775060901422,-4.518510334679225,-7.493834775406074,-0.42802790064733054,0.8393816028335963,3.8167205118352765
EFT:-8.547702595453302,4.1009619729092925,-11.683351987462673,-11.523632369045773,18.35577506090142,-4.518510334679224,-7.493834775406074,-0.4280279006473328,0.8393816028335982,3.8167205118352756
Random587
Raw:-8.547702595453298,4.10096197290929,-11.683351987462675,-11.523632369045778,18.35577506090143,-4.518510334679225,-7.493834775406074,-0.4280279006473334,0.8393816028336024,3.8167205118352783
EFT:-8.547702595453302,4.1009619729092925,-11.683351987462672,-11.523632369045773,18.35577506090142,-4.518510334679224,-7.493834775406074,-0.42802790064733265,0.8393816028335981,3.8167205118352756
Random588
Raw:-8.547702595453302,4.100961972909294,-11.683351987462673,-11.523632369045773,18.355775060901422,-4.518510334679225,-7.493834775406073,-0.42802790064733454,0.839381602833601,3.816720511835274
EFT:-8.547702595453302,4.1009619729092925,-11.683351987462672,-11.523632369045773,18.35577506090142,-4.518510334679224,-7.493834775406073,-0.42802790064733326,0.8393816028335982,3.8167205118352756
Random589
Raw:-8.5477025954533,4.100961972909291,-11.683351987462673,-11.523632369045773,18.355775060901415,-4.518510334679227,-7.493834775406077,-0.42802790064733254,0.8393816028335971,3.81672051183528
EFT:-8.547702595453302,4.1009619729092925,-11.683351987462673,-11.523632369045773,18.35577506090142,-4.518510334679224,-7.493834775406073,-0.42802790064733337,0.8393816028335982,3.8167205118352756
Random590
Raw:-8.5477025954533,4.100961972909292,-11.683351987462673,-11.523632369045773,18.355775060901422,-4.518510334679226,-7.493834775406082,-0.4280279006473323,0.8393816028335985,3.8167205118352805
EFT:-8.547702595453302,4.1009619729092925,-11.683351987462673,-11.523632369045773,18.35577506090142,-4.518510334679224,-7.493834775406073,-0.4280279006473334,0.8393816028335984,3.816720511835275
Random591
Raw:-8.547702595453297,4.100961972909297,-11.68335198746267,-11.523632369045783,18.355775060901426,-4.518510334679232,-7.49383477540607,-0.42802790064732943,0.8393816028335979,3.816720511835274
EFT:-8.547702595453302,4.1009619729092925,-11.683351987462672,-11.523632369045773,18.35577506090142,-4.518510334679224,-7.493834775406073,-0.4280279006473331,0.8393816028335983,3.8167205118352756
Random592
Raw:-8.5477025954533,4.100961972909297,-11.683351987462673,-11.52363236904578,18.355775060901422,-4.518510334679229,-7.4938347754060715,-0.42802790064733076,0.8393816028335988,3.8167205118352743
EFT:-8.547702595453302,4.1009619729092925,-11.683351987462672,-11.523632369045773,18.35577506090142,-4.518510334679224,-7.493834775406073,-0.4280279006473332,0.8393816028335982,3.8167205118352756
Random593
Raw:-8.5477025954533,4.100961972909295,-11.683351987462672,-11.523632369045771,18.35577506090142,-4.518510334679225,-7.493834775406077,-0.42802790064732965,0.8393816028335974,3.816720511835278
EFT:-8.547702595453302,4.1009619729092925,-11.683351987462672,-11.523632369045773,18.35577506090142,-4.518510334679224,-7.493834775406073,-0.4280279006473327,0.8393816028335982,3.8167205118352756
Random594
Raw:-8.5477025954533,4.100961972909294,-11.683351987462675,-11.523632369045778,18.35577506090142,-4.518510334679228,-7.493834775406074,-0.4280279006473331,0.8393816028335992,3.816720511835281
EFT:-8.547702595453302,4.1009619729092925,-11.683351987462672,-11.523632369045773,18.35577506090142,-4.518510334679224,-7.493834775406074,-0.4280279006473327,0.8393816028335981,3.8167205118352756
Random595
Raw:-8.547702595453295,4.1009619729092925,-11.683351987462672,-11.523632369045776,18.35577506090141,-4.5185103346792275,-7.493834775406076,-0.42802790064733387,0.8393816028336014,3.8167205118352765
EFT:-8.547702595453302,4.1009619729092925,-11.683351987462673,-11.523632369045773,18.35577506090142,-4.518510334679224,-7.493834775406073,-0.42802790064733337,0.8393816028335982,3.8167205118352756
Random596
Raw:-8.547702595453298,4.100961972909294,-11.683351987462673,-11.52363236904578,18.355775060901426,-4.518510334679228,-7.493834775406073,-0.42802790064732776,0.8393816028335959,3.816720511835276
EFT:-8.547702595453302,4.1009619729092925,-11.683351987462673,-11.523632369045773,18.35577506090142,-4.518510334679224,-7.493834775406073,-0.4280279006473334,0.8393816028335984,3.816720511835275
Random597
Raw:-8.5477025954533,4.100961972909296,-11.683351987462672,-11.523632369045776,18.35577506090142,-4.5185103346792275,-7.4938347754060795,-0.4280279006473293,0.8393816028335997,3.816720511835283
EFT:-8.547702595453302,4.1009619729092925,-11.683351987462672,-11.523632369045773,18.35577506090142,-4.518510334679224,-7.493834775406073,-0.4280279006473327,0.8393816028335982,3.8167205118352756
Random598
Raw:-8.547702595453298,4.100961972909296,-11.683351987462673,-11.523632369045774,18.35577506090141,-4.518510334679227,-7.493834775406076,-0.4280279006473291,0.8393816028336004,3.8167205118352796
EFT:-8.547702595453302,4.1009619729092925,-11.683351987462672,-11.523632369045773,18.35577506090142,-4.518510334679224,-7.493834775406073,-0.4280279006473327,0.8393816028335982,3.8167205118352756
Random599
Raw:-8.5477025954533,4.10096197290929,-11.683351987462673,-11.523632369045771,18.35577506090142,-4.518510334679221,-7.493834775406074,-0.428027900647331,0.8393816028335984,3.816720511835277
EFT:-8.547702595453302,4.1009619729092925,-11.683351987462672,-11.523632369045773,18.35577506090142,-4.518510334679224,-7.493834775406074,-0.4280279006473327,0.8393816028335981,3.8167205118352756
Random600
Raw:-8.5477025954533,4.100961972909293,-11.683351987462677,-11.52363236904578,18.35577506090142,-4.518510334679224,-7.493834775406077,-0.428027900647332,0.8393816028335992,3.8167205118352805
EFT:-8.547702595453302,4.1009619729092925,-11.683351987462673,-11.523632369045773,18.35577506090142,-4.518510334679224,-7.493834775406073,-0.4280279006473335,0.8393816028335983,3.8167205118352756
Random601
Raw:-8.547702595453304,4.100961972909295,-11.683351987462673,-11.523632369045782,18.355775060901422,-4.5185103346792275,-7.493834775406071,-0.42802790064733187,0.8393816028335975,3.816720511835275
EFT:-8.547702595453302,4.1009619729092925,-11.683351987462672,-11.523632369045773,18.35577506090142,-4.518510334679224,-7.493834775406073,-0.42802790064733276,0.8393816028335982,3.8167205118352756
Random602
Raw:-8.547702595453297,4.100961972909296,-11.68335198746267,-11.523632369045774,18.355775060901415,-4.5185103346792275,-7.493834775406076,-0.42802790064733187,0.8393816028335986,3.8167205118352774
EFT:-8.547702595453302,4.1009619729092925,-11.683351987462672,-11.523632369045773,18.35577506090142,-4.518510334679224,-7.493834775406074,-0.42802790064733276,0.8393816028335981,3.8167205118352756
Random603
Raw:-8.547702595453302,4.100961972909293,-11.683351987462673,-11.523632369045774,18.35577506090142,-4.518510334679225,-7.493834775406073,-0.42802790064733587,0.8393816028336017,3.816720511835275
EFT:-8.547702595453302,4.1009619729092925,-11.683351987462672,-11.523632369045773,18.35577506090142,-4.518510334679224,-7.493834775406074,-0.42802790064733287,0.8393816028335982,3.8167205118352756
Random604
Raw:-8.5477025954533,4.100961972909295,-11.683351987462672,-11.523632369045774,18.355775060901426,-4.5185103346792275,-7.493834775406074,-0.4280279006473303,0.8393816028335979,3.816720511835275
EFT:-8.547702595453302,4.100961972909292,-11.683351987462672,-11.523632369045773,18.35577506090142,-4.518510334679225,-7.493834775406073,-0.42802790064733315,0.8393816028335982,3.8167205118352756
Random605
Raw:-8.5477025954533,4.100961972909289,-11.683351987462672,-11.523632369045773,18.355775060901415,-4.518510334679227,-7.4938347754060795,-0.4280279006473279,0.839381602833596,3.8167205118352827
EFT:-8.547702595453302,4.1009619729092925,-11.683351987462673,-11.523632369045773,18.35577506090142,-4.518510334679224,-7.493834775406074,-0.4280279006473328,0.8393816028335982,3.8167205118352756
Random606
Raw:-8.5477025954533,4.1009619729092925,-11.683351987462677,-11.523632369045776,18.35577506090142,-4.518510334679224,-7.493834775406077,-0.42802790064733254,0.8393816028335992,3.8167205118352796
EFT:-8.547702595453302,4.1009619729092925,-11.683351987462672,-11.523632369045773,18.35577506090142,-4.518510334679224,-7.493834775406073,-0.42802790064733276,0.8393816028335982,3.8167205118352756
Random607
Raw:-8.547702595453302,4.100961972909292,-11.68335198746267,-11.523632369045776,18.355775060901426,-4.518510334679221,-7.493834775406074,-0.4280279006473324,0.8393816028335996,3.81672051183528
EFT:-8.547702595453302,4.1009619729092925,-11.683351987462673,-11.523632369045773,18.35577506090142,-4.518510334679224,-7.493834775406073,-0.4280279006473333,0.8393816028335984,3.816720511835275
Random608
Raw:-8.547702595453302,4.100961972909295,-11.683351987462673,-11.523632369045776,18.35577506090142,-4.518510334679226,-7.493834775406075,-0.42802790064732865,0.8393816028335993,3.816720511835277
EFT:-8.547702595453302,4.1009619729092925,-11.683351987462672,-11.523632369045773,18.35577506090142,-4.518510334679224,-7.493834775406074,-0.4280279006473326,0.8393816028335981,3.8167205118352756
Random609
Raw:-8.547702595453297,4.100961972909288,-11.68335198746267,-11.523632369045767,18.35577506090142,-4.5185103346792275,-7.493834775406079,-0.42802790064733054,0.8393816028336007,3.816720511835282
EFT:-8.547702595453302,4.1009619729092925,-11.683351987462672,-11.523632369045773,18.35577506090142,-4.518510334679224,-7.493834775406074,-0.428027900647333,0.8393816028335981,3.8167205118352756
Random610
Raw:-8.547702595453302,4.100961972909294,-11.683351987462672,-11.523632369045776,18.35577506090142,-4.518510334679226,-7.493834775406072,-0.4280279006473292,0.8393816028335985,3.816720511835277
EFT:-8.547702595453302,4.1009619729092925,-11.683351987462672,-11.523632369045773,18.35577506090142,-4.518510334679224,-7.493834775406073,-0.42802790064733276,0.8393816028335982,3.8167205118352756
Random611
Raw:-8.547702595453302,4.100961972909292,-11.683351987462673,-11.523632369045778,18.355775060901426,-4.518510334679224,-7.493834775406073,-0.4280279006473342,0.8393816028335968,3.816720511835275
EFT:-8.547702595453302,4.1009619729092925,-11.683351987462673,-11.523632369045773,18.35577506090142,-4.518510334679224,-7.493834775406073,-0.4280279006473333,0.8393816028335982,3.8167205118352756
Random612
Raw:-8.547702595453305,4.100961972909296,-11.683351987462673,-11.52363236904578,18.355775060901422,-4.518510334679222,-7.493834775406078,-0.42802790064733154,0.8393816028335965,3.816720511835278
EFT:-8.547702595453302,4.1009619729092925,-11.683351987462672,-11.523632369045773,18.35577506090142,-4.518510334679224,-7.493834775406074,-0.42802790064733287,0.8393816028335982,3.8167205118352756
Random613
Raw:-8.547702595453298,4.100961972909292,-11.683351987462673,-11.523632369045776,18.355775060901422,-4.518510334679227,-7.49383477540607,-0.4280279006473334,0.8393816028336016,3.8167205118352774
EFT:-8.547702595453302,4.1009619729092925,-11.683351987462672,-11.523632369045773,18.35577506090142,-4.518510334679225,-7.493834775406073,-0.42802790064733326,0.8393816028335982,3.8167205118352756
Random614
Raw:-8.547702595453302,4.1009619729092925,-11.683351987462672,-11.523632369045774,18.355775060901422,-4.518510334679224,-7.493834775406076,-0.42802790064733354,0.8393816028335954,3.8167205118352747
EFT:-8.547702595453302,4.1009619729092925,-11.683351987462672,-11.523632369045773,18.35577506090142,-4.518510334679224,-7.493834775406073,-0.4280279006473332,0.8393816028335983,3.816720511835275
Random615
Raw:-8.547702595453298,4.100961972909294,-11.683351987462679,-11.523632369045773,18.355775060901422,-4.518510334679227,-7.493834775406078,-0.4280279006473343,0.8393816028335999,3.816720511835277
EFT:-8.547702595453302,4.1009619729092925,-11.683351987462672,-11.523632369045773,18.35577506090142,-4.518510334679224,-7.493834775406074,-0.42802790064733287,0.8393816028335982,3.8167205118352756
Random616
Raw:-8.547702595453298,4.100961972909295,-11.683351987462675,-11.523632369045776,18.355775060901422,-4.518510334679228,-7.493834775406076,-0.4280279006473322,0.8393816028335989,3.8167205118352756
EFT:-8.547702595453302,4.1009619729092925,-11.683351987462672,-11.523632369045773,18.35577506090142,-4.518510334679225,-7.493834775406073,-0.42802790064733326,0.8393816028335982,3.8167205118352756
Random617
Raw:-8.5477025954533,4.100961972909292,-11.683351987462672,-11.523632369045778,18.35577506090142,-4.518510334679226,-7.49383477540607,-0.428027900647332,0.8393816028335994,3.816720511835274
EFT:-8.547702595453302,4.1009619729092925,-11.683351987462672,-11.523632369045773,18.35577506090142,-4.518510334679224,-7.493834775406073,-0.42802790064733287,0.8393816028335981,3.8167205118352756
Random618
Raw:-8.5477025954533,4.100961972909296,-11.683351987462672,-11.523632369045778,18.355775060901415,-4.518510334679228,-7.493834775406072,-0.42802790064733254,0.8393816028335975,3.816720511835275
EFT:-8.547702595453302,4.1009619729092925,-11.683351987462672,-11.523632369045773,18.35577506090142,-4.518510334679224,-7.493834775406074,-0.4280279006473326,0.8393816028335981,3.8167205118352756
Random619
Raw:-8.547702595453297,4.100961972909292,-11.68335198746267,-11.523632369045773,18.355775060901422,-4.5185103346792275,-7.493834775406081,-0.42802790064732765,0.8393816028335988,3.816720511835284
EFT:-8.547702595453302,4.1009619729092925,-11.683351987462672,-11.523632369045773,18.35577506090142,-4.518510334679224,-7.493834775406073,-0.42802790064733326,0.8393816028335982,3.8167205118352756
Random620
Raw:-8.547702595453302,4.10096197290929,-11.683351987462673,-11.523632369045771,18.35577506090142,-4.518510334679224,-7.4938347754060715,-0.42802790064733565,0.8393816028335991,3.8167205118352743
EFT:-8.547702595453302,4.1009619729092925,-11.683351987462672,-11.523632369045773,18.35577506090142,-4.518510334679224,-7.493834775406074,-0.42802790064733287,0.8393816028335982,3.8167205118352756
Random621
Raw:-8.547702595453298,4.100961972909292,-11.683351987462675,-11.523632369045776,18.355775060901422,-4.518510334679224,-7.493834775406075,-0.4280279006473341,0.8393816028335984,3.816720511835276
EFT:-8.547702595453302,4.1009619729092925,-11.683351987462672,-11.523632369045773,18.35577506090142,-4.518510334679224,-7.493834775406074,-0.42802790064733287,0.8393816028335981,3.8167205118352756
Random622
Raw:-8.547702595453297,4.100961972909292,-11.683351987462672,-11.523632369045774,18.35577506090141,-4.518510334679228,-7.493834775406074,-0.4280279006473291,0.8393816028335993,3.8167205118352787
EFT:-8.547702595453302,4.1009619729092925,-11.683351987462672,-11.523632369045773,18.35577506090142,-4.518510334679224,-7.493834775406073,-0.4280279006473331,0.8393816028335982,3.8167205118352756
Random623
Raw:-8.547702595453302,4.10096197290929,-11.683351987462673,-11.523632369045771,18.35577506090142,-4.518510334679223,-7.493834775406073,-0.4280279006473332,0.8393816028335989,3.8167205118352756
EFT:-8.547702595453302,4.1009619729092925,-11.683351987462672,-11.523632369045773,18.35577506090142,-4.518510334679224,-7.493834775406073,-0.42802790064733326,0.8393816028335983,3.816720511835275
Random624
Raw:-8.547702595453298,4.100961972909295,-11.683351987462673,-11.523632369045778,18.355775060901422,-4.518510334679227,-7.493834775406075,-0.42802790064733165,0.8393816028335992,3.8167205118352774
EFT:-8.547702595453302,4.1009619729092925,-11.683351987462672,-11.523632369045773,18.35577506090142,-4.518510334679224,-7.493834775406074,-0.428027900647333,0.8393816028335981,3.8167205118352756
Random625
Raw:-8.5477025954533,4.1009619729092925,-11.683351987462672,-11.523632369045773,18.355775060901422,-4.518510334679225,-7.493834775406073,-0.42802790064733465,0.8393816028336022,3.8167205118352774
EFT:-8.547702595453302,4.1009619729092925,-11.683351987462672,-11.523632369045773,18.35577506090142,-4.518510334679224,-7.493834775406073,-0.42802790064733276,0.8393816028335982,3.8167205118352756
Random626
Raw:-8.547702595453304,4.100961972909297,-11.683351987462672,-11.523632369045776,18.35577506090142,-4.518510334679225,-7.4938347754060795,-0.4280279006473293,0.8393816028335963,3.816720511835278
EFT:-8.547702595453302,4.1009619729092925,-11.683351987462672,-11.523632369045773,18.35577506090142,-4.518510334679224,-7.493834775406074,-0.42802790064733276,0.8393816028335981,3.8167205118352756
Random627
Raw:-8.547702595453295,4.1009619729092925,-11.683351987462666,-11.523632369045774,18.355775060901415,-4.518510334679227,-7.493834775406073,-0.4280279006473313,0.8393816028335978,3.816720511835277
EFT:-8.547702595453302,4.1009619729092925,-11.683351987462672,-11.523632369045773,18.35577506090142,-4.518510334679224,-7.493834775406073,-0.42802790064733337,0.8393816028335983,3.8167205118352756
Random628
Raw:-8.5477025954533,4.100961972909292,-11.683351987462677,-11.523632369045776,18.35577506090142,-4.518510334679227,-7.493834775406078,-0.4280279006473293,0.8393816028335976,3.816720511835273
EFT:-8.547702595453302,4.1009619729092925,-11.683351987462672,-11.523632369045773,18.35577506090142,-4.518510334679224,-7.493834775406074,-0.42802790064733287,0.8393816028335981,3.8167205118352756
Random629
Raw:-8.5477025954533,4.100961972909292,-11.683351987462668,-11.523632369045773,18.355775060901415,-4.518510334679226,-7.493834775406074,-0.42802790064732765,0.8393816028335981,3.8167205118352765
EFT:-8.547702595453302,4.1009619729092925,-11.683351987462673,-11.523632369045773,18.35577506090142,-4.518510334679224,-7.493834775406074,-0.4280279006473328,0.8393816028335982,3.8167205118352756
Random630
Raw:-8.547702595453305,4.100961972909292,-11.683351987462673,-11.523632369045774,18.355775060901422,-4.518510334679222,-7.493834775406072,-0.428027900647334,0.8393816028335992,3.816720511835278
EFT:-8.547702595453302,4.1009619729092925,-11.683351987462672,-11.523632369045773,18.35577506090142,-4.518510334679224,-7.493834775406073,-0.428027900647333,0.8393816028335982,3.8167205118352756
Random631
Raw:-8.547702595453304,4.100961972909295,-11.683351987462673,-11.52363236904578,18.355775060901426,-4.518510334679223,-7.493834775406074,-0.4280279006473341,0.8393816028335994,3.8167205118352725
EFT:-8.547702595453302,4.1009619729092925,-11.683351987462673,-11.523632369045773,18.35577506090142,-4.518510334679224,-7.493834775406073,-0.4280279006473334,0.8393816028335984,3.816720511835275
Random632
Raw:-8.547702595453305,4.100961972909293,-11.683351987462677,-11.523632369045778,18.35577506090142,-4.518510334679224,-7.493834775406078,-0.4280279006473312,0.8393816028335979,3.8167205118352783
EFT:-8.547702595453302,4.1009619729092925,-11.683351987462672,-11.523632369045773,18.35577506090142,-4.518510334679224,-7.493834775406073,-0.42802790064733326,0.8393816028335983,3.816720511835275
Random633
Raw:-8.547702595453298,4.100961972909294,-11.683351987462673,-11.523632369045776,18.35577506090142,-4.518510334679225,-7.493834775406078,-0.4280279006473309,0.8393816028336005,3.8167205118352814
EFT:-8.547702595453302,4.1009619729092925,-11.683351987462672,-11.523632369045773,18.35577506090142,-4.518510334679224,-7.493834775406073,-0.42802790064733315,0.8393816028335982,3.8167205118352756
Random634
Raw:-8.5477025954533,4.100961972909293,-11.683351987462673,-11.523632369045771,18.355775060901415,-4.518510334679225,-7.493834775406074,-0.4280279006473309,0.8393816028335988,3.8167205118352823
EFT:-8.547702595453302,4.1009619729092925,-11.683351987462673,-11.523632369045773,18.35577506090142,-4.518510334679224,-7.493834775406074,-0.4280279006473328,0.8393816028335982,3.8167205118352756
Random635
Raw:-8.5477025954533,4.1009619729092925,-11.683351987462668,-11.523632369045773,18.35577506090142,-4.518510334679224,-7.4938347754060715,-0.4280279006473312,0.8393816028335985,3.8167205118352765
EFT:-8.547702595453302,4.1009619729092925,-11.683351987462672,-11.523632369045773,18.35577506090142,-4.518510334679224,-7.493834775406074,-0.42802790064733287,0.8393816028335982,3.8167205118352756
Random636
Raw:-8.547702595453302,4.100961972909291,-11.68335198746267,-11.523632369045776,18.355775060901415,-4.518510334679225,-7.493834775406075,-0.42802790064733176,0.8393816028335996,3.8167205118352747
EFT:-8.547702595453302,4.1009619729092925,-11.683351987462673,-11.523632369045773,18.35577506090142,-4.518510334679224,-7.493834775406073,-0.4280279006473334,0.8393816028335984,3.816720511835275
Random637
Raw:-8.547702595453304,4.100961972909292,-11.683351987462677,-11.523632369045774,18.355775060901422,-4.518510334679224,-7.493834775406077,-0.42802790064733565,0.8393816028336003,3.8167205118352796
EFT:-8.547702595453302,4.1009619729092925,-11.683351987462672,-11.523632369045773,18.35577506090142,-4.518510334679224,-7.493834775406074,-0.42802790064733315,0.8393816028335981,3.8167205118352756
Random638
Raw:-8.547702595453304,4.100961972909291,-11.683351987462675,-11.523632369045776,18.355775060901422,-4.518510334679225,-7.493834775406075,-0.428027900647333,0.8393816028335996,3.816720511835277
EFT:-8.547702595453302,4.1009619729092925,-11.683351987462672,-11.523632369045773,18.35577506090142,-4.518510334679224,-7.493834775406074,-0.4280279006473328,0.8393816028335981,3.8167205118352756
Random639
Raw:-8.547702595453297,4.10096197290929,-11.683351987462673,-11.52363236904577,18.355775060901415,-4.518510334679222,-7.493834775406075,-0.42802790064732965,0.8393816028335985,3.816720511835277
EFT:-8.547702595453302,4.1009619729092925,-11.683351987462673,-11.523632369045773,18.35577506090142,-4.518510334679224,-7.493834775406074,-0.4280279006473328,0.8393816028335982,3.8167205118352756
Random640
Raw:-8.547702595453302,4.100961972909292,-11.683351987462672,-11.523632369045774,18.35577506090142,-4.518510334679223,-7.493834775406074,-0.4280279006473314,0.839381602833599,3.8167205118352734
EFT:-8.547702595453302,4.1009619729092925,-11.683351987462672,-11.523632369045773,18.35577506090142,-4.518510334679224,-7.493834775406074,-0.42802790064733287,0.8393816028335982,3.8167205118352756
Random641
Raw:-8.547702595453304,4.100961972909297,-11.683351987462673,-11.52363236904578,18.355775060901422,-4.518510334679225,-7.493834775406074,-0.4280279006473323,0.8393816028335988,3.816720511835276
EFT:-8.547702595453302,4.1009619729092925,-11.683351987462672,-11.523632369045773,18.35577506090142,-4.518510334679224,-7.493834775406074,-0.42802790064733276,0.8393816028335981,3.8167205118352756
Random642
Raw:-8.547702595453298,4.100961972909293,-11.68335198746267,-11.523632369045776,18.35577506090142,-4.518510334679227,-7.493834775406071,-0.4280279006473341,0.8393816028335976,3.8167205118352716
EFT:-8.547702595453302,4.100961972909292,-11.683351987462672,-11.523632369045773,18.35577506090142,-4.518510334679225,-7.493834775406073,-0.42802790064733315,0.8393816028335982,3.8167205118352756
Random643
Raw:-8.547702595453297,4.100961972909292,-11.683351987462672,-11.52363236904577,18.355775060901404,-4.5185103346792275,-7.493834775406077,-0.42802790064733265,0.8393816028336005,3.8167205118352787
EFT:-8.547702595453302,4.1009619729092925,-11.683351987462672,-11.523632369045773,18.35577506090142,-4.518510334679224,-7.493834775406073,-0.4280279006473328,0.8393816028335982,3.8167205118352756
Random644
Raw:-8.547702595453302,4.100961972909294,-11.683351987462677,-11.523632369045773,18.355775060901422,-4.518510334679227,-7.493834775406072,-0.4280279006473361,0.8393816028336027,3.816720511835272
EFT:-8.547702595453302,4.1009619729092925,-11.683351987462673,-11.523632369045773,18.35577506090142,-4.518510334679224,-7.493834775406073,-0.42802790064733326,0.8393816028335983,3.816720511835275
Random645
Raw:-8.547702595453298,4.100961972909293,-11.683351987462673,-11.523632369045771,18.355775060901415,-4.518510334679226,-7.493834775406078,-0.42802790064732754,0.8393816028335996,3.816720511835283
EFT:-8.547702595453302,4.1009619729092925,-11.683351987462672,-11.523632369045773,18.35577506090142,-4.518510334679224,-7.493834775406074,-0.42802790064733276,0.839381602833598,3.8167205118352756
Random646
Raw:-8.547702595453304,4.100961972909293,-11.683351987462673,-11.523632369045773,18.355775060901422,-4.518510334679226,-7.493834775406076,-0.428027900647331,0.8393816028335968,3.8167205118352796
EFT:-8.547702595453302,4.1009619729092925,-11.683351987462672,-11.523632369045773,18.35577506090142,-4.518510334679224,-7.493834775406073,-0.4280279006473331,0.8393816028335983,3.8167205118352756
Random647
Raw:-8.547702595453298,4.100961972909297,-11.683351987462673,-11.52363236904578,18.35577506090142,-4.518510334679228,-7.493834775406076,-0.4280279006473309,0.8393816028335988,3.81672051183528
EFT:-8.547702595453302,4.1009619729092925,-11.683351987462673,-11.523632369045773,18.35577506090142,-4.518510334679224,-7.493834775406073,-0.4280279006473335,0.8393816028335983,3.8167205118352756
Random648
Raw:-8.547702595453297,4.100961972909289,-11.68335198746267,-11.52363236904577,18.35577506090142,-4.518510334679223,-7.493834775406073,-0.42802790064733287,0.8393816028335985,3.816720511835278
EFT:-8.547702595453302,4.1009619729092925,-11.683351987462672,-11.523632369045773,18.35577506090142,-4.518510334679224,-7.493834775406074,-0.4280279006473327,0.8393816028335981,3.8167205118352756
Random649
Raw:-8.547702595453302,4.1009619729092925,-11.683351987462673,-11.523632369045776,18.355775060901415,-4.518510334679223,-7.493834775406072,-0.4280279006473331,0.8393816028336031,3.816720511835275
EFT:-8.547702595453302,4.1009619729092925,-11.683351987462672,-11.523632369045773,18.35577506090142,-4.518510334679225,-7.493834775406073,-0.42802790064733326,0.8393816028335982,3.8167205118352756
Random650
Raw:-8.547702595453302,4.100961972909292,-11.683351987462673,-11.523632369045778,18.355775060901422,-4.518510334679224,-7.493834775406075,-0.4280279006473321,0.8393816028335958,3.8167205118352765
EFT:-8.547702595453302,4.1009619729092925,-11.683351987462672,-11.523632369045773,18.35577506090142,-4.518510334679224,-7.493834775406074,-0.4280279006473329,0.8393816028335982,3.8167205118352756
Random651
Raw:-8.547702595453304,4.1009619729092925,-11.683351987462679,-11.523632369045774,18.355775060901422,-4.518510334679225,-7.493834775406077,-0.4280279006473351,0.8393816028336016,3.816720511835276
EFT:-8.547702595453302,4.1009619729092925,-11.683351987462672,-11.523632369045773,18.35577506090142,-4.518510334679224,-7.493834775406074,-0.42802790064733265,0.8393816028335981,3.8167205118352756
Random652
Raw:-8.547702595453302,4.100961972909291,-11.683351987462673,-11.523632369045773,18.35577506090141,-4.518510334679224,-7.493834775406075,-0.4280279006473293,0.8393816028335979,3.8167205118352774
EFT:-8.547702595453302,4.1009619729092925,-11.683351987462672,-11.523632369045773,18.35577506090142,-4.518510334679224,-7.493834775406073,-0.4280279006473332,0.8393816028335983,3.8167205118352756
Random653
Raw:-8.547702595453302,4.100961972909291,-11.683351987462677,-11.523632369045773,18.35577506090142,-4.518510334679224,-7.493834775406078,-0.42802790064733187,0.8393816028336,3.816720511835281
EFT:-8.547702595453302,4.1009619729092925,-11.683351987462673,-11.523632369045773,18.35577506090142,-4.518510334679224,-7.493834775406074,-0.42802790064733287,0.8393816028335982,3.8167205118352756
Random654
Raw:-8.547702595453304,4.100961972909292,-11.683351987462673,-11.523632369045774,18.355775060901415,-4.518510334679224,-7.493834775406076,-0.42802790064732976,0.8393816028335988,3.8167205118352796
EFT:-8.547702595453302,4.1009619729092925,-11.683351987462672,-11.523632369045773,18.35577506090142,-4.518510334679224,-7.493834775406074,-0.4280279006473327,0.8393816028335981,3.8167205118352756
Random655
Raw:-8.547702595453297,4.10096197290929,-11.683351987462672,-11.52363236904577,18.35577506090142,-4.518510334679228,-7.493834775406072,-0.42802790064733254,0.8393816028336012,3.8167205118352796
EFT:-8.547702595453302,4.1009619729092925,-11.683351987462672,-11.523632369045773,18.35577506090142,-4.518510334679224,-7.493834775406074,-0.42802790064733276,0.8393816028335981,3.8167205118352756
Random656
Raw:-8.547702595453304,4.10096197290929,-11.683351987462677,-11.523632369045773,18.355775060901415,-4.518510334679221,-7.493834775406072,-0.42802790064733387,0.8393816028335988,3.816720511835279
EFT:-8.547702595453302,4.1009619729092925,-11.683351987462673,-11.523632369045773,18.35577506090142,-4.518510334679224,-7.493834775406073,-0.42802790064733337,0.8393816028335983,3.816720511835275
Random657
Raw:-8.547702595453304,4.100961972909291,-11.683351987462673,-11.523632369045773,18.35577506090142,-4.518510334679223,-7.493834775406075,-0.4280279006473352,0.8393816028336007,3.8167205118352765
EFT:-8.547702595453302,4.1009619729092925,-11.683351987462672,-11.523632369045773,18.35577506090142,-4.518510334679224,-7.493834775406073,-0.4280279006473331,0.8393816028335982,3.8167205118352756
Random658
Raw:-8.547702595453298,4.100961972909292,-11.683351987462675,-11.523632369045767,18.355775060901415,-4.5185103346792275,-7.493834775406076,-0.4280279006473331,0.8393816028335999,3.8167205118352787
EFT:-8.547702595453302,4.1009619729092925,-11.683351987462672,-11.523632369045773,18.35577506090142,-4.518510334679224,-7.493834775406074,-0.4280279006473329,0.8393816028335981,3.8167205118352756
Random659
Raw:-8.547702595453302,4.100961972909293,-11.68335198746267,-11.52363236904578,18.355775060901422,-4.518510334679225,-7.493834775406074,-0.4280279006473342,0.8393816028335958,3.816720511835276
EFT:-8.547702595453302,4.100961972909292,-11.683351987462672,-11.523632369045773,18.35577506090142,-4.518510334679225,-7.493834775406073,-0.4280279006473332,0.8393816028335982,3.8167205118352756
Random660
Raw:-8.5477025954533,4.100961972909293,-11.683351987462673,-11.523632369045776,18.355775060901422,-4.518510334679228,-7.493834775406077,-0.42802790064733076,0.839381602833599,3.816720511835277
EFT:-8.547702595453302,4.1009619729092925,-11.683351987462672,-11.523632369045773,18.35577506090142,-4.518510334679224,-7.493834775406074,-0.42802790064733276,0.839381602833598,3.8167205118352756
Random661
Raw:-8.547702595453305,4.100961972909288,-11.683351987462672,-11.523632369045773,18.35577506090142,-4.518510334679223,-7.493834775406075,-0.42802790064733276,0.8393816028335994,3.8167205118352796
EFT:-8.547702595453302,4.100961972909292,-11.683351987462672,-11.523632369045773,18.35577506090142,-4.518510334679225,-7.493834775406073,-0.42802790064733315,0.8393816028335982,3.8167205118352756
Random662
Raw:-8.547702595453297,4.100961972909293,-11.683351987462677,-11.523632369045773,18.35577506090142,-4.518510334679227,-7.493834775406079,-0.428027900647336,0.8393816028335995,3.8167205118352756
EFT:-8.547702595453302,4.1009619729092925,-11.683351987462672,-11.523632369045773,18.35577506090142,-4.518510334679225,-7.493834775406073,-0.42802790064733315,0.8393816028335982,3.8167205118352756
Random663
Raw:-8.547702595453302,4.100961972909291,-11.683351987462672,-11.523632369045773,18.35577506090141,-4.5185103346792275,-7.493834775406075,-0.4280279006473343,0.8393816028335976,3.8167205118352765
EFT:-8.547702595453302,4.1009619729092925,-11.683351987462672,-11.523632369045773,18.35577506090142,-4.518510334679224,-7.493834775406073,-0.4280279006473331,0.8393816028335982,3.8167205118352756
Random664
Raw:-8.547702595453304,4.100961972909297,-11.683351987462672,-11.523632369045778,18.35577506090142,-4.518510334679225,-7.493834775406074,-0.42802790064733665,0.8393816028335994,3.8167205118352725
EFT:-8.547702595453302,4.1009619729092925,-11.683351987462672,-11.523632369045773,18.35577506090142,-4.518510334679224,-7.493834775406073,-0.4280279006473327,0.8393816028335982,3.8167205118352756
Random665
Raw:-8.5477025954533,4.100961972909292,-11.683351987462672,-11.523632369045776,18.355775060901422,-4.5185103346792275,-7.493834775406077,-0.4280279006473289,0.8393816028335963,3.816720511835277
EFT:-8.547702595453302,4.1009619729092925,-11.683351987462672,-11.523632369045773,18.35577506090142,-4.518510334679224,-7.493834775406074,-0.42802790064733287,0.8393816028335982,3.8167205118352756
Random666
Raw:-8.547702595453298,4.100961972909295,-11.683351987462673,-11.523632369045776,18.35577506090142,-4.518510334679228,-7.493834775406077,-0.428027900647327,0.839381602833601,3.8167205118352783
EFT:-8.547702595453302,4.1009619729092925,-11.683351987462672,-11.523632369045773,18.35577506090142,-4.518510334679224,-7.493834775406074,-0.42802790064733287,0.8393816028335982,3.8167205118352756
Random667
Raw:-8.5477025954533,4.100961972909294,-11.683351987462672,-11.523632369045778,18.355775060901422,-4.518510334679226,-7.493834775406072,-0.42802790064732843,0.839381602833596,3.8167205118352774
EFT:-8.547702595453302,4.1009619729092925,-11.683351987462673,-11.523632369045773,18.35577506090142,-4.518510334679224,-7.493834775406073,-0.4280279006473334,0.8393816028335984,3.816720511835275
Random668
Raw:-8.5477025954533,4.100961972909291,-11.683351987462673,-11.523632369045773,18.355775060901422,-4.518510334679222,-7.493834775406075,-0.42802790064733554,0.8393816028336004,3.8167205118352743
EFT:-8.547702595453302,4.1009619729092925,-11.683351987462672,-11.523632369045773,18.35577506090142,-4.518510334679224,-7.493834775406074,-0.4280279006473326,0.8393816028335981,3.8167205118352756
Random669
Raw:-8.547702595453305,4.10096197290929,-11.683351987462673,-11.523632369045773,18.35577506090142,-4.518510334679222,-7.493834775406076,-0.42802790064733254,0.8393816028335976,3.816720511835275
EFT:-8.547702595453302,4.1009619729092925,-11.683351987462672,-11.523632369045773,18.35577506090142,-4.518510334679224,-7.493834775406074,-0.4280279006473327,0.8393816028335981,3.8167205118352756
Random670
Raw:-8.547702595453304,4.100961972909291,-11.683351987462677,-11.523632369045776,18.35577506090142,-4.518510334679223,-7.493834775406078,-0.4280279006473334,0.8393816028335984,3.8167205118352756
EFT:-8.547702595453302,4.1009619729092925,-11.683351987462672,-11.523632369045773,18.35577506090142,-4.518510334679224,-7.493834775406073,-0.4280279006473332,0.8393816028335983,3.816720511835275
Random671
Raw:-8.547702595453298,4.1009619729092925,-11.683351987462673,-11.523632369045771,18.355775060901422,-4.518510334679223,-7.493834775406074,-0.42802790064733054,0.8393816028335976,3.816720511835279
EFT:-8.547702595453302,4.1009619729092925,-11.683351987462672,-11.523632369045773,18.35577506090142,-4.518510334679224,-7.493834775406073,-0.4280279006473334,0.8393816028335983,3.8167205118352756
Random672
Raw:-8.547702595453298,4.1009619729092925,-11.683351987462672,-11.52363236904577,18.35577506090141,-4.518510334679225,-7.493834775406072,-0.4280279006473314,0.8393816028335979,3.816720511835275
EFT:-8.547702595453302,4.1009619729092925,-11.683351987462673,-11.523632369045773,18.35577506090142,-4.518510334679224,-7.493834775406073,-0.4280279006473334,0.8393816028335983,3.8167205118352756
Random673
Raw:-8.547702595453302,4.100961972909295,-11.683351987462677,-11.523632369045778,18.355775060901422,-4.518510334679225,-7.493834775406076,-0.42802790064733154,0.8393816028335999,3.816720511835278
EFT:-8.547702595453302,4.1009619729092925,-11.683351987462673,-11.523632369045773,18.35577506090142,-4.518510334679224,-7.493834775406073,-0.42802790064733354,0.8393816028335983,3.8167205118352756
Random674
Raw:-8.547702595453297,4.100961972909292,-11.68335198746267,-11.523632369045776,18.355775060901422,-4.51851033467922,-7.493834775406072,-0.4280279006473332,0.8393816028335995,3.8167205118352774
EFT:-8.547702595453302,4.1009619729092925,-11.683351987462672,-11.523632369045773,18.35577506090142,-4.518510334679224,-7.493834775406074,-0.428027900647333,0.8393816028335981,3.8167205118352756
Random675
Raw:-8.5477025954533,4.100961972909289,-11.68335198746267,-11.523632369045767,18.35577506090142,-4.518510334679227,-7.493834775406076,-0.42802790064733476,0.8393816028336004,3.8167205118352796
EFT:-8.547702595453302,4.1009619729092925,-11.683351987462672,-11.523632369045773,18.35577506090142,-4.518510334679224,-7.493834775406073,-0.42802790064733276,0.8393816028335982,3.8167205118352756
Random676
Raw:-8.547702595453304,4.100961972909293,-11.683351987462672,-11.523632369045776,18.35577506090142,-4.518510334679223,-7.493834775406072,-0.4280279006473344,0.8393816028335965,3.8167205118352743
EFT:-8.547702595453302,4.1009619729092925,-11.683351987462672,-11.523632369045773,18.35577506090142,-4.518510334679224,-7.493834775406074,-0.4280279006473326,0.8393816028335981,3.8167205118352756
Random677
Raw:-8.547702595453302,4.100961972909294,-11.683351987462673,-11.523632369045774,18.35577506090142,-4.518510334679225,-7.4938347754060795,-0.4280279006473323,0.839381602833601,3.8167205118352796
EFT:-8.547702595453302,4.1009619729092925,-11.683351987462673,-11.523632369045773,18.35577506090142,-4.518510334679224,-7.493834775406073,-0.4280279006473334,0.8393816028335983,3.8167205118352756
Random678
Raw:-8.5477025954533,4.10096197290929,-11.683351987462673,-11.523632369045778,18.35577506090142,-4.518510334679222,-7.493834775406077,-0.4280279006473309,0.8393816028336014,3.81672051183528
EFT:-8.547702595453302,4.1009619729092925,-11.683351987462672,-11.523632369045773,18.35577506090142,-4.518510334679224,-7.493834775406073,-0.42802790064733276,0.8393816028335982,3.8167205118352756
Random679
Raw:-8.5477025954533,4.100961972909287,-11.683351987462675,-11.523632369045774,18.355775060901415,-4.518510334679223,-7.493834775406074,-0.4280279006473372,0.839381602833598,3.8167205118352774
EFT:-8.547702595453302,4.1009619729092925,-11.683351987462672,-11.523632369045773,18.35577506090142,-4.518510334679224,-7.493834775406073,-0.4280279006473331,0.8393816028335982,3.8167205118352756
Random680
Raw:-8.547702595453298,4.100961972909293,-11.683351987462672,-11.523632369045774,18.355775060901422,-4.518510334679225,-7.493834775406072,-0.4280279006473322,0.8393816028336001,3.816720511835277
EFT:-8.547702595453302,4.1009619729092925,-11.683351987462672,-11.523632369045773,18.35577506090142,-4.518510334679224,-7.493834775406074,-0.42802790064733287,0.839381602833598,3.8167205118352756
Random681
Raw:-8.547702595453302,4.100961972909293,-11.683351987462673,-11.523632369045774,18.35577506090142,-4.518510334679223,-7.493834775406072,-0.4280279006473372,0.8393816028336024,3.8167205118352747
EFT:-8.547702595453302,4.1009619729092925,-11.683351987462673,-11.523632369045773,18.35577506090142,-4.518510334679224,-7.493834775406073,-0.4280279006473333,0.8393816028335983,3.816720511835275
Random682
Raw:-8.5477025954533,4.1009619729092925,-11.683351987462673,-11.523632369045773,18.35577506090142,-4.518510334679224,-7.493834775406075,-0.42802790064733165,0.8393816028335992,3.81672051183528
EFT:-8.547702595453302,4.1009619729092925,-11.683351987462672,-11.523632369045773,18.35577506090142,-4.518510334679224,-7.493834775406074,-0.42802790064733276,0.8393816028335981,3.8167205118352756
Random683
Raw:-8.547702595453304,4.1009619729092925,-11.683351987462675,-11.523632369045773,18.35577506090142,-4.518510334679225,-7.493834775406076,-0.42802790064733554,0.8393816028336007,3.8167205118352796
EFT:-8.547702595453302,4.1009619729092925,-11.683351987462672,-11.523632369045773,18.35577506090142,-4.518510334679224,-7.493834775406073,-0.4280279006473332,0.8393816028335983,3.8167205118352756
Random684
Raw:-8.547702595453302,4.100961972909295,-11.683351987462672,-11.52363236904578,18.35577506090141,-4.518510334679229,-7.493834775406074,-0.4280279006473301,0.8393816028335976,3.8167205118352774
EFT:-8.547702595453302,4.100961972909292,-11.683351987462672,-11.523632369045773,18.35577506090142,-4.518510334679224,-7.493834775406073,-0.4280279006473331,0.8393816028335981,3.8167205118352756
Random685
Raw:-8.547702595453302,4.100961972909294,-11.683351987462675,-11.523632369045773,18.355775060901415,-4.51851033467923,-7.4938347754060795,-0.4280279006473321,0.8393816028335976,3.8167205118352796
EFT:-8.547702595453302,4.1009619729092925,-11.683351987462672,-11.523632369045773,18.35577506090142,-4.518510334679224,-7.493834775406074,-0.42802790064733276,0.8393816028335981,3.8167205118352756
Random686
Raw:-8.5477025954533,4.100961972909293,-11.683351987462672,-11.523632369045773,18.35577506090142,-4.5185103346792275,-7.493834775406075,-0.42802790064733254,0.8393816028335988,3.8167205118352787
EFT:-8.547702595453302,4.1009619729092925,-11.683351987462672,-11.523632369045773,18.35577506090142,-4.518510334679224,-7.493834775406073,-0.42802790064733276,0.8393816028335982,3.8167205118352756
Random687
Raw:-8.547702595453302,4.100961972909292,-11.683351987462673,-11.523632369045774,18.355775060901415,-4.518510334679224,-7.493834775406078,-0.42802790064732954,0.8393816028336009,3.8167205118352805
EFT:-8.547702595453302,4.1009619729092925,-11.683351987462672,-11.523632369045773,18.35577506090142,-4.518510334679224,-7.493834775406073,-0.4280279006473334,0.8393816028335983,3.8167205118352756
Random688
Raw:-8.5477025954533,4.10096197290929,-11.683351987462672,-11.523632369045771,18.355775060901408,-4.518510334679223,-7.493834775406072,-0.4280279006473343,0.8393816028336016,3.816720511835278
EFT:-8.547702595453302,4.1009619729092925,-11.683351987462672,-11.523632369045773,18.35577506090142,-4.518510334679224,-7.493834775406073,-0.42802790064733315,0.8393816028335982,3.8167205118352756
Random689
Raw:-8.547702595453302,4.1009619729092925,-11.683351987462666,-11.52363236904577,18.355775060901415,-4.518510334679227,-7.4938347754060795,-0.42802790064733287,0.8393816028335973,3.81672051183528
EFT:-8.547702595453302,4.1009619729092925,-11.683351987462672,-11.523632369045773,18.35577506090142,-4.518510334679224,-7.493834775406073,-0.4280279006473334,0.8393816028335983,3.8167205118352756
Random690
Raw:-8.5477025954533,4.100961972909294,-11.683351987462673,-11.523632369045776,18.35577506090143,-4.518510334679225,-7.4938347754060715,-0.428027900647332,0.8393816028335979,3.8167205118352756
EFT:-8.547702595453302,4.1009619729092925,-11.683351987462672,-11.523632369045773,18.35577506090142,-4.518510334679224,-7.493834775406073,-0.428027900647333,0.8393816028335982,3.8167205118352756
Random691
Raw:-8.547702595453298,4.100961972909296,-11.68335198746267,-11.523632369045782,18.35577506090143,-4.518510334679229,-7.493834775406075,-0.42802790064732954,0.8393816028335959,3.8167205118352743
EFT:-8.547702595453302,4.1009619729092925,-11.683351987462672,-11.523632369045773,18.35577506090142,-4.518510334679224,-7.493834775406073,-0.4280279006473328,0.8393816028335982,3.8167205118352756
Random692
Raw:-8.5477025954533,4.100961972909293,-11.683351987462675,-11.523632369045773,18.35577506090142,-4.518510334679226,-7.493834775406074,-0.4280279006473303,0.8393816028335974,3.8167205118352783
EFT:-8.547702595453302,4.1009619729092925,-11.683351987462672,-11.523632369045773,18.35577506090142,-4.518510334679224,-7.493834775406073,-0.428027900647333,0.8393816028335982,3.8167205118352756
Random693
Raw:-8.547702595453302,4.100961972909292,-11.683351987462673,-11.523632369045778,18.355775060901422,-4.5185103346792275,-7.493834775406074,-0.4280279006473299,0.8393816028335979,3.816720511835277
EFT:-8.547702595453302,4.1009619729092925,-11.683351987462672,-11.523632369045773,18.35577506090142,-4.518510334679225,-7.493834775406073,-0.42802790064733315,0.8393816028335982,3.8167205118352756
Random694
Raw:-8.547702595453302,4.100961972909289,-11.683351987462673,-11.523632369045771,18.35577506090142,-4.518510334679224,-7.493834775406076,-0.42802790064733287,0.8393816028336,3.8167205118352805
EFT:-8.547702595453302,4.1009619729092925,-11.683351987462672,-11.523632369045773,18.35577506090142,-4.518510334679224,-7.493834775406073,-0.428027900647333,0.8393816028335981,3.8167205118352756
Random695
Raw:-8.547702595453297,4.100961972909295,-11.683351987462673,-11.523632369045773,18.35577506090141,-4.518510334679225,-7.493834775406076,-0.4280279006473309,0.8393816028335989,3.8167205118352787
EFT:-8.547702595453302,4.1009619729092925,-11.683351987462672,-11.523632369045773,18.35577506090142,-4.518510334679224,-7.493834775406074,-0.4280279006473329,0.8393816028335982,3.8167205118352756
Random696
Raw:-8.547702595453302,4.100961972909293,-11.683351987462668,-11.523632369045776,18.35577506090142,-4.5185103346792275,-7.49383477540607,-0.4280279006473321,0.8393816028335997,3.8167205118352743
EFT:-8.547702595453302,4.1009619729092925,-11.683351987462672,-11.523632369045773,18.35577506090142,-4.518510334679224,-7.493834775406073,-0.42802790064733276,0.8393816028335982,3.8167205118352756
Random697
Raw:-8.547702595453297,4.100961972909296,-11.683351987462672,-11.52363236904578,18.35577506090142,-4.518510334679225,-7.493834775406075,-0.428027900647329,0.8393816028335972,3.816720511835275
EFT:-8.547702595453302,4.1009619729092925,-11.683351987462672,-11.523632369045773,18.35577506090142,-4.518510334679224,-7.493834775406074,-0.42802790064733276,0.8393816028335981,3.8167205118352756
Random698
Raw:-8.547702595453297,4.1009619729092925,-11.68335198746267,-11.523632369045773,18.35577506090141,-4.518510334679228,-7.493834775406076,-0.42802790064732976,0.8393816028335991,3.816720511835281
EFT:-8.547702595453302,4.1009619729092925,-11.683351987462672,-11.523632369045773,18.35577506090142,-4.518510334679224,-7.493834775406074,-0.42802790064733315,0.8393816028335981,3.8167205118352756
Random699
Raw:-8.547702595453295,4.10096197290929,-11.68335198746267,-11.523632369045773,18.355775060901422,-4.518510334679227,-7.493834775406072,-0.4280279006473331,0.8393816028336011,3.8167205118352743
EFT:-8.547702595453302,4.1009619729092925,-11.683351987462673,-11.523632369045773,18.35577506090142,-4.518510334679224,-7.493834775406074,-0.4280279006473328,0.8393816028335982,3.8167205118352756
Random700
Raw:-8.547702595453302,4.100961972909293,-11.683351987462672,-11.523632369045776,18.35577506090142,-4.518510334679227,-7.493834775406073,-0.42802790064732876,0.8393816028335963,3.8167205118352796
EFT:-8.547702595453302,4.1009619729092925,-11.683351987462672,-11.523632369045773,18.35577506090142,-4.518510334679224,-7.493834775406073,-0.42802790064733326,0.8393816028335983,3.8167205118352756
Random701
Raw:-8.547702595453302,4.100961972909292,-11.683351987462672,-11.523632369045776,18.35577506090142,-4.518510334679227,-7.493834775406073,-0.4280279006473309,0.8393816028335971,3.8167205118352756
EFT:-8.547702595453302,4.1009619729092925,-11.683351987462672,-11.523632369045773,18.35577506090142,-4.518510334679224,-7.493834775406074,-0.42802790064733287,0.8393816028335982,3.8167205118352756
Random702
Raw:-8.547702595453307,4.1009619729092925,-11.683351987462677,-11.523632369045776,18.355775060901422,-4.518510334679223,-7.4938347754060795,-0.4280279006473291,0.8393816028335976,3.8167205118352774
EFT:-8.547702595453302,4.1009619729092925,-11.683351987462672,-11.523632369045773,18.35577506090142,-4.518510334679225,-7.493834775406073,-0.42802790064733326,0.8393816028335982,3.8167205118352756
Random703
Raw:-8.547702595453293,4.1009619729092925,-11.683351987462668,-11.523632369045774,18.355775060901422,-4.518510334679229,-7.493834775406073,-0.4280279006473322,0.8393816028336012,3.816720511835275
EFT:-8.547702595453302,4.1009619729092925,-11.683351987462672,-11.523632369045773,18.35577506090142,-4.518510334679224,-7.493834775406074,-0.4280279006473327,0.8393816028335981,3.8167205118352756
Random704
Raw:-8.547702595453304,4.100961972909293,-11.683351987462672,-11.523632369045776,18.355775060901426,-4.518510334679227,-7.493834775406073,-0.42802790064733176,0.8393816028335969,3.816720511835275
EFT:-8.547702595453302,4.1009619729092925,-11.683351987462673,-11.523632369045773,18.35577506090142,-4.518510334679224,-7.493834775406073,-0.4280279006473334,0.8393816028335984,3.816720511835275
Random705
Raw:-8.547702595453302,4.100961972909295,-11.683351987462673,-11.523632369045782,18.355775060901426,-4.5185103346792275,-7.493834775406073,-0.4280279006473332,0.8393816028336031,3.8167205118352765
EFT:-8.547702595453302,4.100961972909292,-11.683351987462672,-11.523632369045773,18.35577506090142,-4.518510334679225,-7.493834775406073,-0.42802790064733315,0.8393816028335982,3.8167205118352756
Random706
Raw:-8.547702595453304,4.100961972909292,-11.683351987462672,-11.523632369045766,18.35577506090141,-4.518510334679224,-7.493834775406075,-0.428027900647331,0.8393816028335948,3.816720511835277
EFT:-8.547702595453302,4.1009619729092925,-11.683351987462672,-11.523632369045773,18.35577506090142,-4.518510334679224,-7.493834775406074,-0.4280279006473326,0.8393816028335981,3.8167205118352756
Random707
Raw:-8.547702595453302,4.100961972909294,-11.683351987462675,-11.52363236904578,18.35577506090142,-4.518510334679227,-7.493834775406074,-0.4280279006473312,0.8393816028336002,3.8167205118352765
EFT:-8.547702595453302,4.1009619729092925,-11.683351987462672,-11.523632369045773,18.35577506090142,-4.518510334679224,-7.493834775406073,-0.42802790064733326,0.8393816028335982,3.8167205118352756
Random708
Raw:-8.547702595453298,4.100961972909294,-11.683351987462673,-11.523632369045776,18.355775060901422,-4.518510334679223,-7.493834775406077,-0.4280279006473312,0.8393816028335956,3.8167205118352805
EFT:-8.547702595453302,4.1009619729092925,-11.683351987462672,-11.523632369045773,18.35577506090142,-4.518510334679224,-7.493834775406073,-0.42802790064733287,0.8393816028335981,3.8167205118352756
Random709
Raw:-8.547702595453302,4.100961972909291,-11.683351987462677,-11.523632369045771,18.35577506090142,-4.518510334679226,-7.4938347754060795,-0.4280279006473324,0.8393816028335996,3.8167205118352823
EFT:-8.547702595453302,4.1009619729092925,-11.683351987462673,-11.523632369045773,18.35577506090142,-4.518510334679224,-7.493834775406074,-0.42802790064733287,0.8393816028335982,3.8167205118352756
Random710
Raw:-8.547702595453304,4.1009619729092925,-11.683351987462677,-11.523632369045773,18.35577506090142,-4.518510334679228,-7.493834775406075,-0.4280279006473341,0.8393816028335999,3.8167205118352765
EFT:-8.547702595453302,4.1009619729092925,-11.683351987462673,-11.523632369045773,18.35577506090142,-4.518510334679224,-7.493834775406073,-0.4280279006473334,0.8393816028335983,3.816720511835275
Random711
Raw:-8.547702595453297,4.1009619729092925,-11.683351987462677,-11.523632369045776,18.355775060901422,-4.5185103346792275,-7.493834775406076,-0.42802790064733176,0.8393816028335996,3.816720511835283
EFT:-8.547702595453302,4.1009619729092925,-11.683351987462672,-11.523632369045773,18.35577506090142,-4.518510334679224,-7.493834775406074,-0.42802790064733276,0.8393816028335981,3.8167205118352756
Random712
Raw:-8.547702595453304,4.100961972909292,-11.683351987462677,-11.523632369045773,18.355775060901422,-4.518510334679222,-7.493834775406074,-0.42802790064733254,0.8393816028335971,3.816720511835279
EFT:-8.547702595453302,4.1009619729092925,-11.683351987462672,-11.523632369045773,18.35577506090142,-4.518510334679224,-7.493834775406073,-0.42802790064733315,0.8393816028335982,3.8167205118352756
Random713
Raw:-8.547702595453304,4.1009619729092925,-11.683351987462673,-11.523632369045774,18.355775060901422,-4.518510334679229,-7.493834775406076,-0.42802790064732965,0.8393816028335993,3.816720511835278
EFT:-8.547702595453302,4.1009619729092925,-11.683351987462672,-11.523632369045773,18.35577506090142,-4.518510334679224,-7.493834775406073,-0.42802790064733287,0.8393816028335982,3.8167205118352756
Random714
Raw:-8.5477025954533,4.100961972909288,-11.683351987462673,-11.523632369045764,18.35577506090141,-4.518510334679224,-7.493834775406075,-0.42802790064733276,0.8393816028336005,3.81672051183528
EFT:-8.547702595453302,4.1009619729092925,-11.683351987462673,-11.523632369045773,18.35577506090142,-4.518510334679224,-7.493834775406073,-0.4280279006473333,0.8393816028335982,3.8167205118352756
Random715
Raw:-8.547702595453302,4.100961972909292,-11.683351987462672,-11.523632369045773,18.355775060901426,-4.518510334679222,-7.493834775406074,-0.4280279006473302,0.8393816028335973,3.8167205118352805
EFT:-8.547702595453302,4.1009619729092925,-11.683351987462672,-11.523632369045773,18.35577506090142,-4.518510334679225,-7.493834775406073,-0.4280279006473333,0.8393816028335982,3.8167205118352756
Random716
Raw:-8.5477025954533,4.1009619729092925,-11.683351987462672,-11.523632369045773,18.355775060901415,-4.5185103346792275,-7.49383477540607,-0.42802790064733065,0.839381602833598,3.81672051183528
EFT:-8.547702595453302,4.1009619729092925,-11.683351987462673,-11.523632369045773,18.35577506090142,-4.518510334679224,-7.493834775406073,-0.4280279006473333,0.8393816028335984,3.816720511835275
Random717
Raw:-8.5477025954533,4.100961972909293,-11.683351987462673,-11.523632369045774,18.35577506090142,-4.518510334679224,-7.4938347754060715,-0.42802790064733054,0.8393816028336003,3.8167205118352774
EFT:-8.547702595453302,4.1009619729092925,-11.683351987462672,-11.523632369045773,18.35577506090142,-4.518510334679224,-7.493834775406074,-0.42802790064733265,0.8393816028335981,3.8167205118352756
Random718
Raw:-8.547702595453302,4.1009619729092925,-11.683351987462677,-11.523632369045776,18.355775060901422,-4.5185103346792275,-7.493834775406074,-0.42802790064733487,0.8393816028336001,3.8167205118352796
EFT:-8.547702595453302,4.1009619729092925,-11.683351987462672,-11.523632369045773,18.35577506090142,-4.518510334679224,-7.493834775406073,-0.4280279006473332,0.8393816028335982,3.8167205118352756
Random719
Raw:-8.547702595453302,4.100961972909293,-11.683351987462673,-11.523632369045773,18.35577506090142,-4.518510334679226,-7.493834775406072,-0.4280279006473364,0.8393816028336006,3.816720511835275
EFT:-8.547702595453302,4.1009619729092925,-11.683351987462673,-11.523632369045773,18.35577506090142,-4.518510334679224,-7.493834775406073,-0.4280279006473334,0.8393816028335983,3.8167205118352756
Random720
Raw:-8.5477025954533,4.100961972909293,-11.683351987462677,-11.523632369045773,18.35577506090142,-4.518510334679225,-7.493834775406076,-0.4280279006473333,0.8393816028335974,3.8167205118352765
EFT:-8.547702595453302,4.100961972909292,-11.683351987462672,-11.523632369045773,18.35577506090142,-4.518510334679225,-7.493834775406073,-0.4280279006473332,0.8393816028335982,3.8167205118352756
Random721
Raw:-8.547702595453298,4.100961972909292,-11.683351987462673,-11.523632369045774,18.35577506090142,-4.518510334679227,-7.4938347754060795,-0.4280279006473314,0.8393816028336001,3.8167205118352783
EFT:-8.547702595453302,4.1009619729092925,-11.683351987462673,-11.523632369045773,18.35577506090142,-4.518510334679224,-7.493834775406073,-0.4280279006473333,0.8393816028335984,3.816720511835275
Random722
Raw:-8.547702595453304,4.100961972909292,-11.683351987462679,-11.523632369045773,18.35577506090142,-4.518510334679222,-7.493834775406073,-0.42802790064733276,0.8393816028336005,3.8167205118352774
EFT:-8.547702595453302,4.1009619729092925,-11.683351987462672,-11.523632369045773,18.35577506090142,-4.518510334679224,-7.493834775406074,-0.42802790064733276,0.8393816028335981,3.8167205118352756
Random723
Raw:-8.547702595453297,4.100961972909293,-11.683351987462668,-11.523632369045774,18.35577506090142,-4.518510334679226,-7.493834775406073,-0.428027900647331,0.8393816028335965,3.816720511835278
EFT:-8.547702595453302,4.1009619729092925,-11.683351987462673,-11.523632369045773,18.35577506090142,-4.518510334679224,-7.493834775406074,-0.4280279006473328,0.8393816028335982,3.8167205118352756
Random724
Raw:-8.547702595453302,4.100961972909293,-11.683351987462673,-11.523632369045774,18.355775060901415,-4.518510334679224,-7.493834775406075,-0.4280279006473324,0.8393816028335982,3.8167205118352805
EFT:-8.547702595453302,4.1009619729092925,-11.683351987462672,-11.523632369045773,18.35577506090142,-4.518510334679224,-7.493834775406073,-0.42802790064733276,0.8393816028335982,3.8167205118352756
Random725
Raw:-8.547702595453302,4.100961972909291,-11.683351987462673,-11.523632369045776,18.35577506090142,-4.518510334679223,-7.493834775406072,-0.42802790064733454,0.8393816028336007,3.816720511835276
EFT:-8.547702595453302,4.1009619729092925,-11.683351987462672,-11.523632369045773,18.35577506090142,-4.518510334679224,-7.493834775406074,-0.42802790064733276,0.8393816028335981,3.8167205118352756
Random726
Raw:-8.547702595453304,4.1009619729092925,-11.683351987462672,-11.523632369045778,18.35577506090142,-4.518510334679225,-7.493834775406074,-0.42802790064733076,0.8393816028335965,3.816720511835277
EFT:-8.547702595453302,4.1009619729092925,-11.683351987462672,-11.523632369045773,18.35577506090142,-4.518510334679224,-7.493834775406074,-0.4280279006473328,0.8393816028335981,3.8167205118352756
Random727
Raw:-8.5477025954533,4.100961972909292,-11.683351987462675,-11.523632369045776,18.35577506090141,-4.518510334679228,-7.493834775406076,-0.42802790064733165,0.8393816028336004,3.8167205118352787
EFT:-8.547702595453302,4.1009619729092925,-11.683351987462672,-11.523632369045773,18.35577506090142,-4.518510334679224,-7.493834775406074,-0.42802790064733287,0.8393816028335982,3.8167205118352756
Random728
Raw:-8.547702595453304,4.100961972909288,-11.683351987462673,-11.523632369045773,18.35577506090142,-4.5185103346792275,-7.493834775406075,-0.4280279006473323,0.8393816028335968,3.8167205118352783
EFT:-8.547702595453302,4.1009619729092925,-11.683351987462672,-11.523632369045773,18.35577506090142,-4.518510334679224,-7.493834775406073,-0.4280279006473327,0.8393816028335982,3.8167205118352756
Random729
Raw:-8.547702595453304,4.100961972909296,-11.683351987462677,-11.523632369045774,18.355775060901422,-4.518510334679226,-7.493834775406077,-0.428027900647334,0.839381602833597,3.816720511835278
EFT:-8.547702595453302,4.1009619729092925,-11.683351987462672,-11.523632369045773,18.35577506090142,-4.518510334679224,-7.493834775406073,-0.42802790064733287,0.8393816028335981,3.8167205118352756
Random730
Raw:-8.547702595453297,4.100961972909295,-11.68335198746267,-11.523632369045773,18.35577506090142,-4.518510334679233,-7.4938347754060795,-0.42802790064732954,0.8393816028335979,3.8167205118352827
EFT:-8.547702595453302,4.1009619729092925,-11.683351987462672,-11.523632369045773,18.35577506090142,-4.518510334679224,-7.493834775406073,-0.4280279006473332,0.8393816028335983,3.8167205118352756
Random731
Raw:-8.547702595453304,4.10096197290929,-11.683351987462679,-11.523632369045776,18.35577506090142,-4.51851033467922,-7.493834775406071,-0.42802790064733764,0.8393816028336,3.8167205118352716
EFT:-8.547702595453302,4.1009619729092925,-11.683351987462672,-11.523632369045773,18.35577506090142,-4.518510334679224,-7.493834775406073,-0.42802790064733326,0.8393816028335983,3.8167205118352756
Random732
Raw:-8.5477025954533,4.100961972909292,-11.683351987462672,-11.523632369045776,18.355775060901415,-4.518510334679226,-7.493834775406075,-0.42802790064733054,0.839381602833599,3.8167205118352796
EFT:-8.547702595453302,4.1009619729092925,-11.683351987462672,-11.523632369045773,18.35577506090142,-4.518510334679224,-7.493834775406074,-0.4280279006473328,0.8393816028335981,3.8167205118352756
Random733
Raw:-8.547702595453302,4.100961972909294,-11.683351987462673,-11.523632369045773,18.35577506090142,-4.518510334679227,-7.493834775406077,-0.42802790064733287,0.8393816028335979,3.8167205118352783
EFT:-8.547702595453302,4.1009619729092925,-11.683351987462672,-11.523632369045773,18.35577506090142,-4.518510334679224,-7.493834775406074,-0.42802790064733287,0.8393816028335982,3.8167205118352756
Random734
Raw:-8.547702595453304,4.100961972909292,-11.683351987462673,-11.523632369045778,18.355775060901422,-4.518510334679227,-7.4938347754060715,-0.42802790064733554,0.8393816028335983,3.8167205118352756
EFT:-8.547702595453302,4.100961972909292,-11.683351987462672,-11.523632369045773,18.35577506090142,-4.518510334679224,-7.493834775406073,-0.42802790064733304,0.8393816028335981,3.8167205118352756
Random735
Raw:-8.5477025954533,4.1009619729092925,-11.683351987462675,-11.523632369045771,18.355775060901422,-4.518510334679227,-7.493834775406072,-0.42802790064733054,0.8393816028336001,3.8167205118352774
EFT:-8.547702595453302,4.1009619729092925,-11.683351987462672,-11.523632369045773,18.35577506090142,-4.518510334679224,-7.493834775406074,-0.42802790064733276,0.8393816028335981,3.8167205118352756
Random736
Raw:-8.547702595453305,4.1009619729092925,-11.683351987462675,-11.523632369045776,18.355775060901426,-4.518510334679227,-7.493834775406078,-0.42802790064733076,0.839381602833598,3.816720511835278
EFT:-8.547702595453302,4.1009619729092925,-11.683351987462672,-11.523632369045773,18.35577506090142,-4.518510334679224,-7.493834775406073,-0.4280279006473331,0.8393816028335983,3.8167205118352756
Random737
Raw:-8.547702595453302,4.100961972909292,-11.683351987462672,-11.523632369045776,18.355775060901422,-4.518510334679226,-7.493834775406071,-0.4280279006473363,0.8393816028336029,3.816720511835277
EFT:-8.547702595453302,4.1009619729092925,-11.683351987462672,-11.523632369045773,18.35577506090142,-4.518510334679224,-7.493834775406074,-0.4280279006473329,0.8393816028335982,3.8167205118352756
Random738
Raw:-8.5477025954533,4.1009619729092925,-11.683351987462677,-11.523632369045773,18.35577506090142,-4.518510334679226,-7.493834775406074,-0.42802790064733165,0.8393816028335995,3.8167205118352814
EFT:-8.547702595453302,4.1009619729092925,-11.683351987462673,-11.523632369045773,18.35577506090142,-4.518510334679224,-7.493834775406073,-0.4280279006473333,0.8393816028335983,3.816720511835275
Random739
Raw:-8.547702595453298,4.100961972909295,-11.683351987462673,-11.523632369045774,18.355775060901422,-4.518510334679226,-7.493834775406076,-0.4280279006473291,0.8393816028335985,3.8167205118352783
EFT:-8.547702595453302,4.1009619729092925,-11.683351987462672,-11.523632369045773,18.35577506090142,-4.518510334679224,-7.493834775406074,-0.42802790064733287,0.8393816028335982,3.8167205118352756
Random740
Raw:-8.5477025954533,4.1009619729092925,-11.683351987462673,-11.523632369045776,18.35577506090142,-4.518510334679226,-7.493834775406078,-0.428027900647332,0.8393816028336001,3.8167205118352765
EFT:-8.547702595453302,4.1009619729092925,-11.683351987462672,-11.523632369045773,18.35577506090142,-4.518510334679224,-7.493834775406073,-0.4280279006473328,0.8393816028335982,3.8167205118352756
Random741
Raw:-8.547702595453302,4.100961972909297,-11.683351987462673,-11.523632369045774,18.35577506090142,-4.518510334679229,-7.493834775406078,-0.42802790064732676,0.8393816028335932,3.8167205118352805
EFT:-8.547702595453302,4.1009619729092925,-11.683351987462672,-11.523632369045773,18.35577506090142,-4.518510334679224,-7.493834775406073,-0.4280279006473332,0.8393816028335983,3.8167205118352756
Random742
Raw:-8.547702595453298,4.100961972909294,-11.68335198746267,-11.523632369045776,18.35577506090142,-4.518510334679227,-7.4938347754060715,-0.4280279006473302,0.8393816028335985,3.8167205118352743
EFT:-8.547702595453302,4.1009619729092925,-11.683351987462672,-11.523632369045773,18.35577506090142,-4.518510334679224,-7.493834775406074,-0.4280279006473326,0.8393816028335981,3.8167205118352756
Random743
Raw:-8.5477025954533,4.100961972909296,-11.683351987462668,-11.52363236904578,18.35577506090142,-4.518510334679225,-7.493834775406074,-0.428027900647331,0.8393816028335968,3.816720511835275
EFT:-8.547702595453302,4.1009619729092925,-11.683351987462672,-11.523632369045773,18.35577506090142,-4.518510334679224,-7.493834775406074,-0.42802790064733287,0.8393816028335982,3.8167205118352756
Random744
Raw:-8.547702595453304,4.1009619729092925,-11.68335198746267,-11.523632369045774,18.355775060901422,-4.5185103346792275,-7.493834775406078,-0.4280279006473281,0.8393816028335951,3.816720511835278
EFT:-8.547702595453302,4.1009619729092925,-11.683351987462672,-11.523632369045773,18.35577506090142,-4.518510334679224,-7.493834775406074,-0.4280279006473326,0.8393816028335981,3.8167205118352756
Random745
Raw:-8.547702595453302,4.1009619729092925,-11.683351987462677,-11.523632369045778,18.355775060901422,-4.518510334679224,-7.493834775406077,-0.428027900647332,0.8393816028336002,3.816720511835279
EFT:-8.547702595453302,4.1009619729092925,-11.683351987462672,-11.523632369045773,18.35577506090142,-4.518510334679224,-7.493834775406073,-0.4280279006473327,0.8393816028335982,3.8167205118352756
Random746
Raw:-8.5477025954533,4.10096197290929,-11.683351987462673,-11.523632369045776,18.35577506090142,-4.5185103346792275,-7.493834775406075,-0.42802790064732943,0.8393816028335996,3.8167205118352796
EFT:-8.547702595453302,4.1009619729092925,-11.683351987462672,-11.523632369045773,18.35577506090142,-4.518510334679224,-7.493834775406074,-0.4280279006473326,0.8393816028335981,3.8167205118352756
Random747
Raw:-8.5477025954533,4.1009619729092925,-11.683351987462673,-11.523632369045774,18.355775060901422,-4.518510334679227,-7.493834775406077,-0.4280279006473343,0.8393816028336012,3.8167205118352783
EFT:-8.547702595453302,4.1009619729092925,-11.683351987462672,-11.523632369045773,18.35577506090142,-4.518510334679224,-7.493834775406074,-0.42802790064733287,0.8393816028335982,3.8167205118352756
Random748
Raw:-8.547702595453297,4.100961972909294,-11.683351987462672,-11.52363236904578,18.355775060901422,-4.518510334679227,-7.4938347754060715,-0.4280279006473314,0.839381602833599,3.816720511835272
EFT:-8.547702595453302,4.100961972909292,-11.683351987462672,-11.523632369045773,18.35577506090142,-4.518510334679225,-7.493834775406073,-0.42802790064733315,0.8393816028335982,3.8167205118352756
Random749
Raw:-8.547702595453298,4.100961972909295,-11.683351987462672,-11.523632369045778,18.355775060901422,-4.518510334679227,-7.493834775406075,-0.4280279006473333,0.8393816028336001,3.8167205118352747
EFT:-8.547702595453302,4.1009619729092925,-11.683351987462672,-11.523632369045773,18.35577506090142,-4.518510334679224,-7.493834775406074,-0.4280279006473329,0.8393816028335982,3.8167205118352756
Random750
Raw:-8.5477025954533,4.100961972909292,-11.683351987462677,-11.523632369045778,18.35577506090141,-4.518510334679228,-7.493834775406078,-0.42802790064733265,0.8393816028335992,3.816720511835277
EFT:-8.547702595453302,4.1009619729092925,-11.683351987462673,-11.523632369045773,18.35577506090142,-4.518510334679224,-7.493834775406073,-0.42802790064733337,0.8393816028335983,3.816720511835275
Random751
Raw:-8.547702595453295,4.100961972909288,-11.683351987462672,-11.523632369045776,18.355775060901415,-4.518510334679226,-7.4938347754060795,-0.4280279006473292,0.8393816028336017,3.81672051183528
EFT:-8.547702595453302,4.1009619729092925,-11.683351987462673,-11.523632369045773,18.35577506090142,-4.518510334679224,-7.493834775406073,-0.4280279006473333,0.8393816028335983,3.816720511835275
Random752
Raw:-8.547702595453305,4.100961972909291,-11.683351987462673,-11.523632369045774,18.35577506090142,-4.518510334679221,-7.493834775406074,-0.42802790064733476,0.8393816028336006,3.8167205118352743
EFT:-8.547702595453302,4.1009619729092925,-11.683351987462672,-11.523632369045773,18.35577506090142,-4.518510334679224,-7.493834775406073,-0.42802790064733326,0.8393816028335983,3.8167205118352756
Random753
Raw:-8.5477025954533,4.100961972909292,-11.683351987462673,-11.523632369045776,18.355775060901422,-4.518510334679226,-7.493834775406078,-0.4280279006473303,0.839381602833602,3.8167205118352805
EFT:-8.547702595453302,4.1009619729092925,-11.683351987462672,-11.523632369045773,18.35577506090142,-4.518510334679225,-7.493834775406073,-0.4280279006473331,0.8393816028335983,3.8167205118352756
Random754
Raw:-8.5477025954533,4.100961972909293,-11.683351987462673,-11.523632369045778,18.355775060901422,-4.518510334679228,-7.493834775406075,-0.42802790064733187,0.8393816028335978,3.8167205118352787
EFT:-8.547702595453302,4.1009619729092925,-11.683351987462672,-11.523632369045773,18.35577506090142,-4.518510334679224,-7.493834775406073,-0.42802790064733326,0.8393816028335982,3.8167205118352756
Random755
Raw:-8.547702595453302,4.100961972909294,-11.683351987462673,-11.523632369045778,18.355775060901415,-4.518510334679225,-7.493834775406078,-0.4280279006473321,0.839381602833598,3.8167205118352787
EFT:-8.547702595453302,4.1009619729092925,-11.683351987462672,-11.523632369045773,18.35577506090142,-4.518510334679224,-7.493834775406073,-0.42802790064733326,0.8393816028335982,3.8167205118352756
Random756
Raw:-8.547702595453302,4.100961972909293,-11.683351987462673,-11.523632369045776,18.355775060901422,-4.518510334679222,-7.493834775406073,-0.42802790064733476,0.8393816028336024,3.8167205118352765
EFT:-8.547702595453302,4.1009619729092925,-11.683351987462673,-11.523632369045773,18.35577506090142,-4.518510334679224,-7.493834775406073,-0.42802790064733326,0.8393816028335983,3.816720511835275
Random757
Raw:-8.547702595453305,4.100961972909294,-11.683351987462677,-11.523632369045782,18.355775060901422,-4.518510334679224,-7.493834775406078,-0.4280279006473313,0.8393816028335953,3.816720511835277
EFT:-8.547702595453302,4.1009619729092925,-11.683351987462672,-11.523632369045773,18.35577506090142,-4.518510334679225,-7.493834775406073,-0.4280279006473331,0.8393816028335982,3.8167205118352756
Random758
Raw:-8.5477025954533,4.100961972909291,-11.683351987462673,-11.523632369045776,18.35577506090142,-4.518510334679227,-7.493834775406072,-0.428027900647332,0.8393816028336003,3.8167205118352743
EFT:-8.547702595453302,4.1009619729092925,-11.683351987462672,-11.523632369045773,18.35577506090142,-4.518510334679224,-7.493834775406073,-0.4280279006473331,0.8393816028335982,3.8167205118352756
Random759
Raw:-8.5477025954533,4.100961972909295,-11.683351987462672,-11.523632369045773,18.35577506090142,-4.518510334679226,-7.493834775406072,-0.42802790064733254,0.8393816028335999,3.8167205118352765
EFT:-8.547702595453302,4.1009619729092925,-11.683351987462672,-11.523632369045773,18.35577506090142,-4.518510334679225,-7.493834775406073,-0.42802790064733326,0.8393816028335982,3.8167205118352756
Random760
Raw:-8.547702595453297,4.100961972909292,-11.68335198746267,-11.523632369045774,18.35577506090142,-4.5185103346792275,-7.493834775406073,-0.42802790064732754,0.8393816028335976,3.8167205118352796
EFT:-8.547702595453302,4.1009619729092925,-11.683351987462672,-11.523632369045773,18.35577506090142,-4.518510334679224,-7.493834775406073,-0.42802790064733326,0.8393816028335983,3.8167205118352756
Random761
Raw:-8.547702595453305,4.100961972909292,-11.683351987462673,-11.523632369045774,18.355775060901422,-4.518510334679222,-7.493834775406072,-0.4280279006473333,0.839381602833597,3.8167205118352765
EFT:-8.547702595453302,4.1009619729092925,-11.683351987462673,-11.523632369045773,18.35577506090142,-4.518510334679224,-7.493834775406073,-0.42802790064733337,0.8393816028335982,3.8167205118352756
Random762
Raw:-8.547702595453302,4.100961972909291,-11.683351987462668,-11.523632369045771,18.35577506090142,-4.518510334679227,-7.493834775406076,-0.4280279006473312,0.8393816028335946,3.816720511835277
EFT:-8.547702595453302,4.1009619729092925,-11.683351987462672,-11.523632369045773,18.35577506090142,-4.518510334679225,-7.493834775406073,-0.4280279006473331,0.8393816028335983,3.8167205118352756
Random763
Raw:-8.547702595453302,4.1009619729092925,-11.68335198746267,-11.523632369045773,18.355775060901426,-4.518510334679225,-7.493834775406077,-0.42802790064733254,0.8393816028335961,3.816720511835276
EFT:-8.547702595453302,4.1009619729092925,-11.683351987462672,-11.523632369045773,18.35577506090142,-4.518510334679224,-7.493834775406073,-0.428027900647333,0.8393816028335982,3.8167205118352756
Random764
Raw:-8.547702595453302,4.1009619729092925,-11.683351987462673,-11.523632369045774,18.355775060901422,-4.518510334679226,-7.493834775406075,-0.428027900647332,0.8393816028336005,3.8167205118352823
EFT:-8.547702595453302,4.100961972909292,-11.683351987462672,-11.523632369045773,18.35577506090142,-4.518510334679224,-7.493834775406073,-0.42802790064733304,0.8393816028335981,3.8167205118352756
Random765
Raw:-8.547702595453298,4.1009619729092925,-11.68335198746267,-11.523632369045774,18.355775060901415,-4.51851033467923,-7.493834775406078,-0.42802790064733065,0.8393816028335991,3.816720511835279
EFT:-8.547702595453302,4.1009619729092925,-11.683351987462673,-11.523632369045773,18.35577506090142,-4.518510334679224,-7.493834775406073,-0.42802790064733337,0.8393816028335982,3.8167205118352756
Random766
Raw:-8.5477025954533,4.100961972909292,-11.683351987462673,-11.523632369045776,18.355775060901422,-4.518510334679224,-7.493834775406077,-0.4280279006473321,0.8393816028335983,3.8167205118352774
EFT:-8.547702595453302,4.1009619729092925,-11.683351987462672,-11.523632369045773,18.35577506090142,-4.518510334679224,-7.493834775406073,-0.42802790064733276,0.8393816028335982,3.8167205118352756
Random767
Raw:-8.5477025954533,4.100961972909293,-11.683351987462672,-11.523632369045776,18.355775060901422,-4.5185103346792275,-7.493834775406076,-0.4280279006473324,0.8393816028335996,3.816720511835276
EFT:-8.547702595453302,4.1009619729092925,-11.683351987462672,-11.523632369045773,18.35577506090142,-4.518510334679224,-7.493834775406073,-0.42802790064733276,0.8393816028335982,3.8167205118352756
Random768
Raw:-8.547702595453304,4.100961972909291,-11.683351987462675,-11.523632369045773,18.35577506090142,-4.518510334679227,-7.493834775406075,-0.42802790064733287,0.8393816028336001,3.816720511835278
EFT:-8.547702595453302,4.1009619729092925,-11.683351987462673,-11.523632369045773,18.35577506090142,-4.518510334679224,-7.493834775406074,-0.42802790064733287,0.8393816028335982,3.8167205118352756
Random769
Raw:-8.547702595453298,4.100961972909292,-11.683351987462673,-11.523632369045771,18.35577506090142,-4.518510334679227,-7.493834775406074,-0.4280279006473352,0.8393816028335979,3.816720511835276
EFT:-8.547702595453302,4.100961972909292,-11.683351987462672,-11.523632369045773,18.35577506090142,-4.518510334679225,-7.493834775406073,-0.42802790064733315,0.8393816028335982,3.8167205118352756
Random770
Raw:-8.547702595453298,4.100961972909294,-11.683351987462673,-11.523632369045776,18.355775060901422,-4.518510334679225,-7.493834775406071,-0.428027900647333,0.839381602833597,3.8167205118352725
EFT:-8.547702595453302,4.1009619729092925,-11.683351987462673,-11.523632369045773,18.35577506090142,-4.518510334679224,-7.493834775406073,-0.4280279006473335,0.8393816028335984,3.816720511835275
Random771
Raw:-8.547702595453304,4.1009619729092925,-11.68335198746267,-11.523632369045776,18.35577506090141,-4.518510334679224,-7.493834775406074,-0.4280279006473343,0.8393816028335972,3.816720511835276
EFT:-8.547702595453302,4.1009619729092925,-11.683351987462672,-11.523632369045773,18.35577506090142,-4.518510334679224,-7.493834775406074,-0.42802790064733276,0.8393816028335981,3.8167205118352756
Random772
Raw:-8.547702595453304,4.100961972909292,-11.683351987462677,-11.52363236904578,18.355775060901426,-4.518510334679223,-7.493834775406074,-0.42802790064733776,0.8393816028336001,3.816720511835275
EFT:-8.547702595453302,4.1009619729092925,-11.683351987462672,-11.523632369045773,18.35577506090142,-4.518510334679224,-7.493834775406073,-0.4280279006473331,0.8393816028335982,3.8167205118352756
Random773
Raw:-8.547702595453298,4.100961972909292,-11.68335198746267,-11.523632369045776,18.355775060901422,-4.5185103346792275,-7.493834775406073,-0.428027900647335,0.8393816028336011,3.816720511835276
EFT:-8.547702595453302,4.1009619729092925,-11.683351987462672,-11.523632369045773,18.35577506090142,-4.518510334679224,-7.493834775406074,-0.42802790064733265,0.8393816028335981,3.8167205118352756
Random774
Raw:-8.5477025954533,4.100961972909293,-11.68335198746267,-11.523632369045776,18.355775060901422,-4.518510334679229,-7.493834775406076,-0.4280279006473333,0.839381602833599,3.8167205118352756
EFT:-8.547702595453302,4.1009619729092925,-11.683351987462672,-11.523632369045773,18.35577506090142,-4.518510334679224,-7.493834775406073,-0.42802790064733287,0.8393816028335981,3.8167205118352756
Random775
Raw:-8.5477025954533,4.100961972909293,-11.683351987462673,-11.523632369045771,18.35577506090142,-4.518510334679227,-7.493834775406081,-0.42802790064732965,0.8393816028335985,3.8167205118352805
EFT:-8.547702595453302,4.1009619729092925,-11.683351987462672,-11.523632369045773,18.35577506090142,-4.518510334679224,-7.493834775406073,-0.4280279006473332,0.8393816028335983,3.8167205118352756
Random776
Raw:-8.547702595453298,4.100961972909293,-11.683351987462673,-11.523632369045773,18.355775060901422,-4.518510334679231,-7.493834775406081,-0.4280279006473281,0.839381602833597,3.8167205118352827
EFT:-8.547702595453302,4.1009619729092925,-11.683351987462673,-11.523632369045773,18.35577506090142,-4.518510334679224,-7.493834775406073,-0.42802790064733326,0.8393816028335983,3.816720511835275
Random777
Raw:-8.547702595453298,4.100961972909289,-11.683351987462673,-11.52363236904577,18.35577506090142,-4.518510334679221,-7.493834775406077,-0.4280279006473292,0.8393816028335975,3.8167205118352814
EFT:-8.547702595453302,4.1009619729092925,-11.683351987462672,-11.523632369045773,18.35577506090142,-4.518510334679224,-7.493834775406074,-0.42802790064733276,0.8393816028335981,3.8167205118352756
Random778
Raw:-8.547702595453302,4.100961972909293,-11.683351987462675,-11.523632369045776,18.35577506090142,-4.518510334679227,-7.4938347754060795,-0.42802790064732854,0.8393816028335975,3.816720511835284
EFT:-8.547702595453302,4.1009619729092925,-11.683351987462672,-11.523632369045773,18.35577506090142,-4.518510334679224,-7.493834775406074,-0.42802790064733287,0.839381602833598,3.8167205118352756
Random779
Raw:-8.547702595453302,4.100961972909288,-11.683351987462673,-11.523632369045773,18.355775060901422,-4.518510334679225,-7.493834775406074,-0.4280279006473334,0.8393816028335981,3.8167205118352747
EFT:-8.547702595453302,4.1009619729092925,-11.683351987462672,-11.523632369045773,18.35577506090142,-4.518510334679224,-7.493834775406074,-0.4280279006473327,0.8393816028335981,3.8167205118352756
Random780
Raw:-8.547702595453304,4.100961972909293,-11.683351987462679,-11.523632369045783,18.355775060901426,-4.518510334679229,-7.4938347754060795,-0.42802790064733154,0.8393816028335992,3.8167205118352814
EFT:-8.547702595453302,4.1009619729092925,-11.683351987462672,-11.523632369045773,18.35577506090142,-4.518510334679224,-7.493834775406073,-0.4280279006473331,0.8393816028335982,3.8167205118352756
Random781
Raw:-8.5477025954533,4.100961972909292,-11.683351987462673,-11.523632369045776,18.35577506090143,-4.518510334679222,-7.493834775406072,-0.42802790064733176,0.8393816028335999,3.816720511835275
EFT:-8.547702595453302,4.1009619729092925,-11.683351987462673,-11.523632369045773,18.35577506090142,-4.518510334679224,-7.493834775406074,-0.4280279006473328,0.8393816028335982,3.8167205118352756
Random782
Raw:-8.547702595453302,4.100961972909295,-11.683351987462673,-11.523632369045773,18.35577506090142,-4.518510334679228,-7.493834775406078,-0.4280279006473323,0.8393816028335999,3.816720511835276
EFT:-8.547702595453302,4.1009619729092925,-11.683351987462672,-11.523632369045773,18.35577506090142,-4.518510334679224,-7.493834775406073,-0.4280279006473331,0.8393816028335982,3.8167205118352756
Random783
Raw:-8.547702595453304,4.100961972909298,-11.683351987462673,-11.523632369045782,18.355775060901422,-4.518510334679231,-7.493834775406073,-0.4280279006473321,0.8393816028335972,3.816720511835273
EFT:-8.547702595453302,4.1009619729092925,-11.683351987462672,-11.523632369045773,18.35577506090142,-4.518510334679224,-7.493834775406074,-0.42802790064733265,0.8393816028335981,3.8167205118352756
Random784
Raw:-8.5477025954533,4.100961972909297,-11.683351987462673,-11.523632369045776,18.355775060901422,-4.518510334679225,-7.493834775406075,-0.42802790064733165,0.8393816028335988,3.8167205118352774
EFT:-8.547702595453302,4.1009619729092925,-11.683351987462672,-11.523632369045773,18.35577506090142,-4.518510334679224,-7.493834775406073,-0.4280279006473327,0.8393816028335982,3.8167205118352756
Random785
Raw:-8.5477025954533,4.1009619729092925,-11.683351987462672,-11.523632369045774,18.355775060901422,-4.518510334679225,-7.493834775406074,-0.4280279006473299,0.8393816028335991,3.816720511835279
EFT:-8.547702595453302,4.1009619729092925,-11.683351987462672,-11.523632369045773,18.35577506090142,-4.518510334679224,-7.493834775406074,-0.428027900647333,0.8393816028335981,3.8167205118352756
Random786
Raw:-8.547702595453298,4.100961972909293,-11.683351987462673,-11.523632369045774,18.355775060901415,-4.518510334679226,-7.493834775406076,-0.42802790064733054,0.8393816028335988,3.81672051183528
EFT:-8.547702595453302,4.1009619729092925,-11.683351987462672,-11.523632369045773,18.35577506090142,-4.518510334679224,-7.493834775406073,-0.42802790064733276,0.8393816028335982,3.8167205118352756
Random787
Raw:-8.547702595453297,4.100961972909291,-11.683351987462673,-11.52363236904577,18.35577506090141,-4.518510334679228,-7.493834775406081,-0.428027900647328,0.839381602833599,3.816720511835284
EFT:-8.547702595453302,4.1009619729092925,-11.683351987462672,-11.523632369045773,18.35577506090142,-4.518510334679224,-7.493834775406073,-0.4280279006473332,0.8393816028335982,3.8167205118352756
Random788
Raw:-8.547702595453297,4.100961972909294,-11.683351987462672,-11.523632369045776,18.355775060901408,-4.5185103346792275,-7.493834775406079,-0.42802790064733076,0.8393816028335994,3.8167205118352783
EFT:-8.547702595453302,4.1009619729092925,-11.683351987462673,-11.523632369045773,18.35577506090142,-4.518510334679224,-7.493834775406074,-0.4280279006473328,0.8393816028335982,3.8167205118352756
Random789
Raw:-8.547702595453304,4.100961972909289,-11.683351987462673,-11.523632369045774,18.35577506090142,-4.518510334679222,-7.493834775406072,-0.4280279006473309,0.8393816028335992,3.816720511835275
EFT:-8.547702595453302,4.1009619729092925,-11.683351987462672,-11.523632369045773,18.35577506090142,-4.518510334679224,-7.493834775406074,-0.4280279006473327,0.8393816028335981,3.8167205118352756
Random790
Raw:-8.547702595453302,4.100961972909287,-11.683351987462677,-11.523632369045767,18.355775060901426,-4.518510334679222,-7.493834775406076,-0.4280279006473331,0.8393816028336006,3.816720511835282
EFT:-8.547702595453302,4.1009619729092925,-11.683351987462672,-11.523632369045773,18.35577506090142,-4.518510334679224,-7.493834775406074,-0.42802790064733315,0.8393816028335981,3.8167205118352756
Random791
Raw:-8.547702595453305,4.100961972909291,-11.683351987462672,-11.523632369045773,18.35577506090142,-4.51851033467922,-7.493834775406071,-0.42802790064732954,0.8393816028335974,3.8167205118352743
EFT:-8.547702595453302,4.1009619729092925,-11.683351987462672,-11.523632369045773,18.35577506090142,-4.518510334679224,-7.493834775406073,-0.42802790064733326,0.8393816028335982,3.8167205118352756
Random792
Raw:-8.547702595453302,4.100961972909295,-11.683351987462673,-11.523632369045774,18.355775060901415,-4.518510334679222,-7.493834775406072,-0.42802790064733254,0.8393816028335969,3.816720511835276
EFT:-8.547702595453302,4.1009619729092925,-11.683351987462672,-11.523632369045773,18.35577506090142,-4.518510334679224,-7.493834775406073,-0.42802790064733276,0.8393816028335982,3.8167205118352756
Random793
Raw:-8.547702595453298,4.100961972909293,-11.683351987462672,-11.523632369045782,18.35577506090142,-4.518510334679225,-7.4938347754060715,-0.42802790064733376,0.8393816028335994,3.8167205118352765
EFT:-8.547702595453302,4.1009619729092925,-11.683351987462672,-11.523632369045773,18.35577506090142,-4.518510334679224,-7.493834775406073,-0.4280279006473331,0.8393816028335983,3.8167205118352756
Random794
Raw:-8.547702595453304,4.100961972909294,-11.68335198746267,-11.523632369045773,18.355775060901415,-4.518510334679223,-7.493834775406074,-0.4280279006473323,0.8393816028335975,3.816720511835277
EFT:-8.547702595453302,4.1009619729092925,-11.683351987462672,-11.523632369045773,18.35577506090142,-4.518510334679224,-7.493834775406074,-0.42802790064733287,0.8393816028335982,3.8167205118352756
Random795
Raw:-8.547702595453298,4.100961972909293,-11.683351987462672,-11.523632369045774,18.35577506090142,-4.5185103346792275,-7.493834775406073,-0.4280279006473343,0.8393816028336013,3.8167205118352756
EFT:-8.547702595453302,4.1009619729092925,-11.683351987462672,-11.523632369045773,18.35577506090142,-4.518510334679224,-7.493834775406073,-0.4280279006473327,0.8393816028335982,3.8167205118352756
Random796
Raw:-8.5477025954533,4.100961972909293,-11.68335198746267,-11.523632369045776,18.35577506090142,-4.518510334679232,-7.493834775406079,-0.4280279006473303,0.8393816028336,3.8167205118352814
EFT:-8.547702595453302,4.1009619729092925,-11.683351987462672,-11.523632369045773,18.35577506090142,-4.518510334679224,-7.493834775406074,-0.42802790064733287,0.839381602833598,3.8167205118352756
Random797
Raw:-8.547702595453302,4.100961972909293,-11.683351987462677,-11.523632369045782,18.355775060901422,-4.518510334679221,-7.493834775406072,-0.42802790064733054,0.8393816028336004,3.8167205118352756
EFT:-8.547702595453302,4.1009619729092925,-11.683351987462672,-11.523632369045773,18.35577506090142,-4.518510334679224,-7.493834775406073,-0.42802790064733287,0.8393816028335981,3.8167205118352756
Random798
Raw:-8.547702595453302,4.100961972909294,-11.683351987462672,-11.523632369045774,18.355775060901415,-4.518510334679225,-7.493834775406079,-0.428027900647331,0.8393816028335978,3.8167205118352783
EFT:-8.547702595453302,4.1009619729092925,-11.683351987462673,-11.523632369045773,18.35577506090142,-4.518510334679224,-7.493834775406073,-0.4280279006473333,0.8393816028335984,3.816720511835275
Random799
Raw:-8.5477025954533,4.100961972909293,-11.683351987462675,-11.523632369045783,18.355775060901422,-4.518510334679229,-7.493834775406076,-0.42802790064733054,0.8393816028335996,3.8167205118352747
EFT:-8.547702595453302,4.1009619729092925,-11.683351987462673,-11.523632369045773,18.35577506090142,-4.518510334679224,-7.493834775406073,-0.42802790064733326,0.8393816028335983,3.816720511835275
Random800
Raw:-8.547702595453304,4.100961972909295,-11.683351987462675,-11.523632369045776,18.355775060901426,-4.518510334679227,-7.4938347754060715,-0.428027900647335,0.839381602833596,3.816720511835272
EFT:-8.547702595453302,4.1009619729092925,-11.683351987462673,-11.523632369045773,18.35577506090142,-4.518510334679224,-7.493834775406073,-0.42802790064733337,0.8393816028335982,3.8167205118352756
Random801
Raw:-8.547702595453302,4.100961972909293,-11.683351987462675,-11.523632369045773,18.35577506090142,-4.518510334679227,-7.493834775406075,-0.4280279006473362,0.8393816028336011,3.8167205118352756
EFT:-8.547702595453302,4.1009619729092925,-11.683351987462673,-11.523632369045773,18.35577506090142,-4.518510334679224,-7.493834775406073,-0.42802790064733337,0.8393816028335984,3.816720511835275
Random802
Raw:-8.5477025954533,4.10096197290929,-11.683351987462672,-11.52363236904577,18.355775060901415,-4.518510334679226,-7.493834775406075,-0.4280279006473332,0.839381602833601,3.8167205118352796
EFT:-8.547702595453302,4.1009619729092925,-11.683351987462672,-11.523632369045773,18.35577506090142,-4.518510334679224,-7.493834775406073,-0.4280279006473331,0.8393816028335982,3.8167205118352756
Random803
Raw:-8.547702595453298,4.1009619729092925,-11.683351987462668,-11.523632369045776,18.35577506090141,-4.518510334679225,-7.493834775406072,-0.428027900647329,0.8393816028335994,3.81672051183528
EFT:-8.547702595453302,4.1009619729092925,-11.683351987462672,-11.523632369045773,18.35577506090142,-4.518510334679224,-7.493834775406073,-0.4280279006473331,0.8393816028335982,3.8167205118352756
Random804
Raw:-8.547702595453302,4.100961972909293,-11.683351987462675,-11.523632369045776,18.35577506090142,-4.518510334679227,-7.493834775406075,-0.4280279006473343,0.8393816028336,3.816720511835277
EFT:-8.547702595453302,4.1009619729092925,-11.683351987462672,-11.523632369045773,18.35577506090142,-4.518510334679225,-7.493834775406073,-0.4280279006473331,0.8393816028335983,3.8167205118352756
Random805
Raw:-8.547702595453302,4.100961972909296,-11.683351987462677,-11.52363236904578,18.355775060901422,-4.518510334679227,-7.493834775406075,-0.4280279006473333,0.8393816028336014,3.816720511835278
EFT:-8.547702595453302,4.1009619729092925,-11.683351987462672,-11.523632369045773,18.35577506090142,-4.518510334679224,-7.493834775406074,-0.4280279006473327,0.8393816028335981,3.8167205118352756
Random806
Raw:-8.5477025954533,4.100961972909295,-11.683351987462673,-11.523632369045774,18.355775060901415,-4.518510334679227,-7.493834775406079,-0.42802790064733076,0.8393816028335985,3.8167205118352796
EFT:-8.547702595453302,4.1009619729092925,-11.683351987462672,-11.523632369045773,18.35577506090142,-4.518510334679225,-7.493834775406073,-0.4280279006473331,0.8393816028335983,3.8167205118352756
Random807
Raw:-8.547702595453304,4.100961972909293,-11.683351987462673,-11.523632369045776,18.355775060901422,-4.518510334679227,-7.493834775406075,-0.42802790064733365,0.8393816028335969,3.816720511835278
EFT:-8.547702595453302,4.1009619729092925,-11.683351987462672,-11.523632369045773,18.35577506090142,-4.518510334679225,-7.493834775406073,-0.42802790064733315,0.8393816028335982,3.8167205118352756
Random808
Raw:-8.547702595453298,4.100961972909296,-11.683351987462672,-11.52363236904578,18.355775060901422,-4.5185103346792275,-7.493834775406072,-0.42802790064732854,0.8393816028335974,3.816720511835273
EFT:-8.547702595453302,4.1009619729092925,-11.683351987462673,-11.523632369045773,18.35577506090142,-4.518510334679224,-7.493834775406073,-0.4280279006473333,0.8393816028335984,3.8167205118352756
Random809
Raw:-8.547702595453298,4.100961972909292,-11.683351987462672,-11.52363236904577,18.355775060901415,-4.518510334679226,-7.493834775406077,-0.4280279006473313,0.8393816028336004,3.81672051183528
EFT:-8.547702595453302,4.100961972909292,-11.683351987462672,-11.523632369045773,18.35577506090142,-4.518510334679225,-7.493834775406073,-0.4280279006473332,0.8393816028335982,3.8167205118352756
Random810
Raw:-8.547702595453298,4.100961972909293,-11.68335198746267,-11.523632369045778,18.355775060901422,-4.518510334679225,-7.4938347754060795,-0.4280279006473292,0.8393816028335976,3.8167205118352783
EFT:-8.547702595453302,4.1009619729092925,-11.683351987462672,-11.523632369045773,18.35577506090142,-4.518510334679224,-7.493834775406074,-0.42802790064733265,0.8393816028335981,3.8167205118352756
Random811
Raw:-8.547702595453298,4.100961972909293,-11.68335198746267,-11.523632369045778,18.35577506090142,-4.518510334679226,-7.493834775406076,-0.42802790064733076,0.8393816028335988,3.8167205118352774
EFT:-8.547702595453302,4.1009619729092925,-11.683351987462672,-11.523632369045773,18.35577506090142,-4.518510334679224,-7.493834775406073,-0.428027900647333,0.8393816028335982,3.8167205118352756
Random812
Raw:-8.5477025954533,4.100961972909291,-11.683351987462668,-11.523632369045771,18.35577506090142,-4.518510334679227,-7.493834775406074,-0.4280279006473301,0.8393816028335973,3.8167205118352783
EFT:-8.547702595453302,4.1009619729092925,-11.683351987462672,-11.523632369045773,18.35577506090142,-4.518510334679224,-7.493834775406073,-0.4280279006473327,0.8393816028335982,3.8167205118352756
Random813
Raw:-8.5477025954533,4.1009619729092925,-11.68335198746267,-11.523632369045774,18.355775060901422,-4.518510334679227,-7.493834775406075,-0.4280279006473283,0.8393816028335999,3.8167205118352827
EFT:-8.547702595453302,4.1009619729092925,-11.683351987462673,-11.523632369045773,18.35577506090142,-4.518510334679224,-7.493834775406073,-0.4280279006473333,0.8393816028335982,3.8167205118352756
Random814
Raw:-8.547702595453302,4.100961972909292,-11.683351987462673,-11.523632369045776,18.355775060901426,-4.518510334679223,-7.493834775406078,-0.42802790064733065,0.8393816028335992,3.8167205118352796
EFT:-8.547702595453302,4.1009619729092925,-11.683351987462672,-11.523632369045773,18.35577506090142,-4.518510334679224,-7.493834775406074,-0.42802790064733276,0.839381602833598,3.8167205118352756
Random815
Raw:-8.547702595453298,4.100961972909297,-11.683351987462673,-11.523632369045774,18.355775060901422,-4.518510334679225,-7.493834775406079,-0.4280279006473263,0.8393816028335976,3.816720511835283
EFT:-8.547702595453302,4.1009619729092925,-11.683351987462672,-11.523632369045773,18.35577506090142,-4.518510334679224,-7.493834775406074,-0.42802790064733265,0.8393816028335981,3.8167205118352756
Random816
Raw:-8.5477025954533,4.100961972909292,-11.683351987462673,-11.523632369045773,18.355775060901415,-4.518510334679224,-7.493834775406076,-0.428027900647331,0.8393816028335999,3.8167205118352805
EFT:-8.547702595453302,4.1009619729092925,-11.683351987462672,-11.523632369045773,18.35577506090142,-4.518510334679224,-7.493834775406074,-0.4280279006473331,0.8393816028335981,3.8167205118352756
Random817
Raw:-8.547702595453302,4.1009619729092925,-11.683351987462672,-11.523632369045774,18.355775060901426,-4.518510334679227,-7.493834775406077,-0.4280279006473313,0.8393816028335948,3.8167205118352787
EFT:-8.547702595453302,4.1009619729092925,-11.683351987462672,-11.523632369045773,18.35577506090142,-4.518510334679224,-7.493834775406074,-0.42802790064733315,0.8393816028335981,3.8167205118352756
Random818
Raw:-8.547702595453302,4.100961972909293,-11.683351987462675,-11.523632369045778,18.355775060901422,-4.518510334679226,-7.493834775406076,-0.42802790064733054,0.8393816028335981,3.816720511835278
EFT:-8.547702595453302,4.1009619729092925,-11.683351987462673,-11.523632369045773,18.35577506090142,-4.518510334679224,-7.493834775406074,-0.4280279006473328,0.8393816028335982,3.8167205118352756
Random819
Raw:-8.547702595453304,4.100961972909292,-11.683351987462672,-11.52363236904577,18.355775060901422,-4.518510334679224,-7.493834775406074,-0.428027900647333,0.8393816028335982,3.8167205118352774
EFT:-8.547702595453302,4.1009619729092925,-11.683351987462672,-11.523632369045773,18.35577506090142,-4.518510334679224,-7.493834775406073,-0.42802790064733287,0.8393816028335981,3.8167205118352756
Random820
Raw:-8.547702595453302,4.100961972909294,-11.683351987462673,-11.523632369045773,18.355775060901422,-4.518510334679225,-7.493834775406073,-0.4280279006473321,0.8393816028335994,3.8167205118352787
EFT:-8.547702595453302,4.1009619729092925,-11.683351987462673,-11.523632369045773,18.35577506090142,-4.518510334679224,-7.493834775406073,-0.4280279006473335,0.8393816028335983,3.8167205118352756
Random821
Raw:-8.5477025954533,4.100961972909292,-11.683351987462672,-11.523632369045776,18.355775060901415,-4.518510334679227,-7.493834775406075,-0.4280279006473299,0.8393816028335988,3.8167205118352765
EFT:-8.547702595453302,4.1009619729092925,-11.683351987462673,-11.523632369045773,18.35577506090142,-4.518510334679224,-7.493834775406073,-0.4280279006473335,0.8393816028335984,3.816720511835275
Random822
Raw:-8.547702595453298,4.1009619729092925,-11.68335198746267,-11.523632369045774,18.355775060901422,-4.518510334679224,-7.493834775406074,-0.4280279006473302,0.839381602833597,3.8167205118352783
EFT:-8.547702595453302,4.1009619729092925,-11.683351987462672,-11.523632369045773,18.35577506090142,-4.518510334679224,-7.493834775406073,-0.4280279006473331,0.8393816028335982,3.8167205118352756
Random823
Raw:-8.5477025954533,4.100961972909299,-11.68335198746267,-11.52363236904578,18.355775060901422,-4.518510334679226,-7.493834775406072,-0.4280279006473292,0.8393816028335972,3.8167205118352783
EFT:-8.547702595453302,4.1009619729092925,-11.683351987462673,-11.523632369045773,18.35577506090142,-4.518510334679224,-7.493834775406073,-0.4280279006473333,0.8393816028335983,3.816720511835275
Random824
Raw:-8.547702595453298,4.100961972909294,-11.683351987462677,-11.523632369045771,18.35577506090142,-4.51851033467923,-7.4938347754060795,-0.42802790064733176,0.8393816028335996,3.8167205118352823
EFT:-8.547702595453302,4.1009619729092925,-11.683351987462672,-11.523632369045773,18.35577506090142,-4.518510334679224,-7.493834775406074,-0.42802790064733276,0.8393816028335981,3.8167205118352756
Random825
Raw:-8.547702595453304,4.100961972909296,-11.68335198746267,-11.523632369045778,18.355775060901422,-4.518510334679226,-7.493834775406075,-0.428027900647333,0.8393816028335986,3.8167205118352743
EFT:-8.547702595453302,4.1009619729092925,-11.683351987462673,-11.523632369045773,18.35577506090142,-4.518510334679224,-7.493834775406074,-0.42802790064733287,0.8393816028335982,3.8167205118352756
Random826
Raw:-8.547702595453302,4.100961972909292,-11.683351987462672,-11.523632369045776,18.355775060901415,-4.518510334679222,-7.493834775406074,-0.4280279006473344,0.839381602833599,3.8167205118352787
EFT:-8.547702595453302,4.1009619729092925,-11.683351987462673,-11.523632369045773,18.35577506090142,-4.518510334679224,-7.493834775406074,-0.42802790064733287,0.8393816028335982,3.8167205118352756
Random827
Raw:-8.547702595453298,4.100961972909295,-11.68335198746267,-11.523632369045778,18.35577506090142,-4.518510334679229,-7.4938347754060795,-0.4280279006473262,0.839381602833598,3.816720511835279
EFT:-8.547702595453302,4.1009619729092925,-11.683351987462672,-11.523632369045773,18.35577506090142,-4.518510334679224,-7.493834775406074,-0.4280279006473332,0.8393816028335981,3.8167205118352756
Random828
Raw:-8.5477025954533,4.100961972909293,-11.683351987462673,-11.52363236904578,18.35577506090142,-4.518510334679227,-7.493834775406071,-0.428027900647331,0.839381602833599,3.8167205118352747
EFT:-8.547702595453302,4.1009619729092925,-11.683351987462672,-11.523632369045773,18.35577506090142,-4.518510334679224,-7.493834775406074,-0.4280279006473332,0.8393816028335981,3.8167205118352756
Random829
Raw:-8.5477025954533,4.10096197290929,-11.68335198746267,-11.523632369045773,18.35577506090141,-4.518510334679222,-7.493834775406074,-0.42802790064733043,0.8393816028335993,3.8167205118352814
EFT:-8.547702595453302,4.1009619729092925,-11.683351987462672,-11.523632369045773,18.35577506090142,-4.518510334679224,-7.493834775406074,-0.4280279006473326,0.8393816028335981,3.8167205118352756
Random830
Raw:-8.547702595453302,4.100961972909294,-11.683351987462677,-11.523632369045778,18.35577506090142,-4.518510334679228,-7.493834775406079,-0.4280279006473321,0.8393816028336009,3.816720511835282
EFT:-8.547702595453302,4.1009619729092925,-11.683351987462672,-11.523632369045773,18.35577506090142,-4.518510334679224,-7.493834775406074,-0.42802790064733287,0.8393816028335982,3.8167205118352756
Random831
Raw:-8.547702595453302,4.1009619729092925,-11.683351987462672,-11.523632369045774,18.355775060901415,-4.518510334679227,-7.4938347754060795,-0.42802790064733165,0.8393816028335962,3.8167205118352814
EFT:-8.547702595453302,4.1009619729092925,-11.683351987462672,-11.523632369045773,18.35577506090142,-4.518510334679224,-7.493834775406074,-0.4280279006473328,0.8393816028335981,3.8167205118352756
Random832
Raw:-8.5477025954533,4.10096197290929,-11.68335198746267,-11.52363236904577,18.35577506090142,-4.518510334679222,-7.493834775406077,-0.42802790064733276,0.8393816028336012,3.8167205118352814
EFT:-8.547702595453302,4.100961972909292,-11.683351987462672,-11.523632369045773,18.35577506090142,-4.518510334679224,-7.493834775406073,-0.42802790064733304,0.8393816028335981,3.8167205118352756
Random833
Raw:-8.547702595453302,4.100961972909291,-11.683351987462672,-11.523632369045776,18.35577506090142,-4.518510334679226,-7.493834775406072,-0.428027900647335,0.8393816028336012,3.8167205118352747
EFT:-8.547702595453302,4.1009619729092925,-11.683351987462672,-11.523632369045773,18.35577506090142,-4.518510334679224,-7.493834775406073,-0.42802790064733276,0.8393816028335982,3.8167205118352756
Random834
Raw:-8.547702595453298,4.100961972909292,-11.683351987462675,-11.523632369045773,18.35577506090142,-4.518510334679224,-7.493834775406079,-0.4280279006473309,0.8393816028335993,3.8167205118352836
EFT:-8.547702595453302,4.1009619729092925,-11.683351987462672,-11.523632369045773,18.35577506090142,-4.518510334679225,-7.493834775406073,-0.42802790064733326,0.8393816028335982,3.8167205118352756
Random835
Raw:-8.547702595453305,4.100961972909292,-11.68335198746268,-11.523632369045774,18.35577506090142,-4.518510334679222,-7.493834775406077,-0.428027900647337,0.8393816028336014,3.8167205118352747
EFT:-8.547702595453302,4.1009619729092925,-11.683351987462672,-11.523632369045773,18.35577506090142,-4.518510334679224,-7.493834775406073,-0.4280279006473333,0.8393816028335982,3.8167205118352756
Random836
Raw:-8.5477025954533,4.10096197290929,-11.683351987462672,-11.523632369045773,18.355775060901422,-4.518510334679226,-7.493834775406074,-0.42802790064733454,0.8393816028335999,3.816720511835277
EFT:-8.547702595453302,4.1009619729092925,-11.683351987462672,-11.523632369045773,18.35577506090142,-4.518510334679224,-7.493834775406073,-0.4280279006473331,0.8393816028335982,3.8167205118352756
Random837
Raw:-8.5477025954533,4.100961972909294,-11.683351987462675,-11.523632369045776,18.355775060901422,-4.518510334679227,-7.493834775406074,-0.428027900647328,0.8393816028335976,3.816720511835275
EFT:-8.547702595453302,4.1009619729092925,-11.683351987462673,-11.523632369045773,18.35577506090142,-4.518510334679224,-7.493834775406074,-0.42802790064733287,0.8393816028335982,3.8167205118352756
Random838
Raw:-8.5477025954533,4.100961972909292,-11.68335198746267,-11.523632369045776,18.355775060901422,-4.518510334679225,-7.493834775406077,-0.4280279006473323,0.839381602833598,3.816720511835279
EFT:-8.547702595453302,4.1009619729092925,-11.683351987462672,-11.523632369045773,18.35577506090142,-4.518510334679224,-7.493834775406073,-0.4280279006473327,0.8393816028335982,3.8167205118352756
Random839
Raw:-8.5477025954533,4.100961972909292,-11.683351987462673,-11.523632369045774,18.35577506090142,-4.518510334679225,-7.493834775406072,-0.4280279006473312,0.8393816028335963,3.8167205118352756
EFT:-8.547702595453302,4.1009619729092925,-11.683351987462672,-11.523632369045773,18.35577506090142,-4.518510334679224,-7.493834775406073,-0.42802790064733276,0.8393816028335982,3.8167205118352756
Random840
Raw:-8.547702595453298,4.100961972909294,-11.683351987462677,-11.52363236904578,18.35577506090141,-4.518510334679224,-7.493834775406077,-0.428027900647329,0.8393816028336001,3.8167205118352823
EFT:-8.547702595453302,4.1009619729092925,-11.683351987462672,-11.523632369045773,18.35577506090142,-4.518510334679224,-7.493834775406073,-0.428027900647333,0.8393816028335981,3.8167205118352756
Random841
Raw:-8.5477025954533,4.100961972909294,-11.683351987462673,-11.523632369045773,18.35577506090142,-4.518510334679228,-7.493834775406078,-0.4280279006473299,0.8393816028335979,3.8167205118352805
EFT:-8.547702595453302,4.1009619729092925,-11.683351987462672,-11.523632369045773,18.35577506090142,-4.518510334679224,-7.493834775406074,-0.42802790064733315,0.8393816028335981,3.8167205118352756
Random842
Raw:-8.547702595453304,4.100961972909291,-11.683351987462672,-11.523632369045771,18.355775060901422,-4.518510334679227,-7.493834775406076,-0.4280279006473303,0.8393816028335983,3.8167205118352765
EFT:-8.547702595453302,4.1009619729092925,-11.683351987462672,-11.523632369045773,18.35577506090142,-4.518510334679224,-7.493834775406074,-0.42802790064733276,0.839381602833598,3.8167205118352756
Random843
Raw:-8.547702595453304,4.100961972909291,-11.683351987462675,-11.523632369045774,18.355775060901422,-4.518510334679221,-7.493834775406075,-0.428027900647334,0.8393816028335981,3.8167205118352774
EFT:-8.547702595453302,4.1009619729092925,-11.683351987462672,-11.523632369045773,18.35577506090142,-4.518510334679224,-7.493834775406073,-0.428027900647333,0.8393816028335982,3.8167205118352756
Random844
Raw:-8.547702595453304,4.100961972909293,-11.683351987462673,-11.523632369045773,18.355775060901422,-4.518510334679221,-7.493834775406074,-0.4280279006473343,0.8393816028335989,3.8167205118352747
EFT:-8.547702595453302,4.1009619729092925,-11.683351987462673,-11.523632369045773,18.35577506090142,-4.518510334679224,-7.493834775406073,-0.42802790064733337,0.8393816028335984,3.8167205118352756
Random845
Raw:-8.547702595453302,4.100961972909293,-11.683351987462672,-11.523632369045778,18.35577506090142,-4.518510334679224,-7.493834775406072,-0.42802790064733043,0.8393816028335971,3.8167205118352756
EFT:-8.547702595453302,4.100961972909292,-11.683351987462672,-11.523632369045773,18.35577506090142,-4.518510334679225,-7.493834775406073,-0.4280279006473332,0.8393816028335982,3.8167205118352756
Random846
Raw:-8.547702595453302,4.100961972909295,-11.683351987462673,-11.523632369045774,18.35577506090142,-4.518510334679226,-7.493834775406073,-0.4280279006473324,0.8393816028335999,3.8167205118352747
EFT:-8.547702595453302,4.1009619729092925,-11.683351987462672,-11.523632369045773,18.35577506090142,-4.518510334679224,-7.493834775406074,-0.42802790064733276,0.8393816028335981,3.8167205118352756
Random847
Raw:-8.5477025954533,4.1009619729092925,-11.683351987462668,-11.523632369045776,18.355775060901426,-4.518510334679226,-7.4938347754060715,-0.42802790064733476,0.8393816028336005,3.8167205118352716
EFT:-8.547702595453302,4.1009619729092925,-11.683351987462672,-11.523632369045773,18.35577506090142,-4.518510334679224,-7.493834775406074,-0.42802790064733287,0.8393816028335982,3.8167205118352756
Random848
Raw:-8.547702595453298,4.100961972909294,-11.683351987462672,-11.523632369045776,18.355775060901426,-4.518510334679226,-7.493834775406078,-0.4280279006473312,0.8393816028335939,3.8167205118352774
EFT:-8.547702595453302,4.1009619729092925,-11.683351987462672,-11.523632369045773,18.35577506090142,-4.518510334679224,-7.493834775406074,-0.4280279006473327,0.8393816028335981,3.8167205118352756
Random849
Raw:-8.547702595453304,4.1009619729092925,-11.683351987462675,-11.523632369045774,18.355775060901415,-4.518510334679222,-7.493834775406074,-0.42802790064733387,0.8393816028335999,3.816720511835276
EFT:-8.547702595453302,4.1009619729092925,-11.683351987462672,-11.523632369045773,18.35577506090142,-4.518510334679224,-7.493834775406073,-0.4280279006473327,0.8393816028335982,3.8167205118352756
Random850
Raw:-8.5477025954533,4.100961972909293,-11.683351987462673,-11.523632369045782,18.35577506090142,-4.518510334679224,-7.493834775406068,-0.4280279006473334,0.8393816028336012,3.8167205118352734
EFT:-8.547702595453302,4.1009619729092925,-11.683351987462672,-11.523632369045773,18.35577506090142,-4.518510334679224,-7.493834775406074,-0.42802790064733265,0.8393816028335981,3.8167205118352756
Random851
Raw:-8.547702595453302,4.100961972909288,-11.683351987462675,-11.523632369045771,18.355775060901422,-4.518510334679226,-7.493834775406075,-0.428027900647333,0.839381602833598,3.81672051183528
EFT:-8.547702595453302,4.1009619729092925,-11.683351987462672,-11.523632369045773,18.35577506090142,-4.518510334679224,-7.493834775406074,-0.42802790064733315,0.8393816028335981,3.8167205118352756
Random852
Raw:-8.547702595453298,4.100961972909297,-11.683351987462672,-11.523632369045778,18.355775060901422,-4.518510334679228,-7.493834775406078,-0.4280279006473279,0.8393816028335981,3.816720511835276
EFT:-8.547702595453302,4.1009619729092925,-11.683351987462672,-11.523632369045773,18.35577506090142,-4.518510334679224,-7.493834775406073,-0.4280279006473328,0.8393816028335982,3.8167205118352756
Random853
Raw:-8.547702595453304,4.100961972909296,-11.683351987462675,-11.523632369045774,18.35577506090142,-4.51851033467923,-7.493834775406076,-0.42802790064733154,0.8393816028335965,3.8167205118352787
EFT:-8.547702595453302,4.1009619729092925,-11.683351987462672,-11.523632369045773,18.35577506090142,-4.518510334679224,-7.493834775406073,-0.42802790064733315,0.8393816028335982,3.8167205118352756
Random854
Raw:-8.547702595453298,4.1009619729092925,-11.683351987462672,-11.523632369045771,18.355775060901422,-4.51851033467922,-7.493834775406071,-0.4280279006473324,0.8393816028335997,3.816720511835276
EFT:-8.547702595453302,4.1009619729092925,-11.683351987462673,-11.523632369045773,18.35577506090142,-4.518510334679224,-7.493834775406073,-0.4280279006473335,0.8393816028335983,3.8167205118352756
Random855
Raw:-8.547702595453302,4.100961972909296,-11.68335198746267,-11.523632369045776,18.35577506090142,-4.518510334679227,-7.493834775406074,-0.4280279006473309,0.8393816028335981,3.8167205118352774
EFT:-8.547702595453302,4.1009619729092925,-11.683351987462672,-11.523632369045773,18.35577506090142,-4.518510334679224,-7.493834775406073,-0.42802790064733276,0.8393816028335982,3.8167205118352756
Random856
Raw:-8.5477025954533,4.1009619729092925,-11.683351987462675,-11.523632369045773,18.35577506090142,-4.5185103346792275,-7.493834775406076,-0.42802790064733587,0.8393816028335996,3.816720511835277
EFT:-8.547702595453302,4.1009619729092925,-11.683351987462673,-11.523632369045773,18.35577506090142,-4.518510334679224,-7.493834775406074,-0.42802790064733287,0.8393816028335982,3.8167205118352756
Random857
Raw:-8.547702595453304,4.100961972909298,-11.683351987462673,-11.523632369045782,18.355775060901426,-4.51851033467923,-7.493834775406076,-0.42802790064733043,0.8393816028335979,3.8167205118352747
EFT:-8.547702595453302,4.100961972909292,-11.683351987462672,-11.523632369045773,18.35577506090142,-4.518510334679224,-7.493834775406073,-0.4280279006473331,0.8393816028335981,3.8167205118352756
Random858
Raw:-8.547702595453297,4.10096197290929,-11.683351987462673,-11.523632369045776,18.355775060901422,-4.5185103346792275,-7.493834775406079,-0.42802790064733276,0.8393816028335983,3.816720511835279
EFT:-8.547702595453302,4.1009619729092925,-11.683351987462672,-11.523632369045773,18.35577506090142,-4.518510334679224,-7.493834775406074,-0.4280279006473327,0.8393816028335981,3.8167205118352756
Random859
Raw:-8.5477025954533,4.100961972909296,-11.683351987462672,-11.523632369045776,18.35577506090143,-4.518510334679227,-7.493834775406076,-0.42802790064733076,0.839381602833599,3.8167205118352756
EFT:-8.547702595453302,4.1009619729092925,-11.683351987462672,-11.523632369045773,18.35577506090142,-4.518510334679224,-7.493834775406074,-0.4280279006473329,0.8393816028335982,3.8167205118352756
Random860
Raw:-8.547702595453305,4.100961972909293,-11.683351987462672,-11.523632369045773,18.35577506090142,-4.518510334679227,-7.493834775406074,-0.4280279006473322,0.8393816028335964,3.8167205118352783
EFT:-8.547702595453302,4.100961972909292,-11.683351987462672,-11.523632369045773,18.35577506090142,-4.518510334679225,-7.493834775406073,-0.4280279006473332,0.8393816028335982,3.8167205118352756
Random861
Raw:-8.547702595453302,4.10096197290929,-11.683351987462673,-11.523632369045778,18.355775060901422,-4.518510334679219,-7.493834775406074,-0.42802790064733254,0.8393816028336005,3.8167205118352765
EFT:-8.547702595453302,4.1009619729092925,-11.683351987462672,-11.523632369045773,18.35577506090142,-4.518510334679224,-7.493834775406074,-0.42802790064733287,0.8393816028335982,3.8167205118352756
Random862
Raw:-8.547702595453304,4.100961972909295,-11.68335198746267,-11.523632369045778,18.35577506090142,-4.518510334679231,-7.493834775406075,-0.42802790064733,0.8393816028335978,3.8167205118352774
EFT:-8.547702595453302,4.1009619729092925,-11.683351987462672,-11.523632369045773,18.35577506090142,-4.518510334679224,-7.493834775406073,-0.42802790064733276,0.8393816028335982,3.8167205118352756
Random863
Raw:-8.547702595453304,4.100961972909295,-11.683351987462675,-11.523632369045774,18.355775060901422,-4.518510334679223,-7.493834775406072,-0.4280279006473324,0.8393816028335972,3.816720511835274
EFT:-8.547702595453302,4.1009619729092925,-11.683351987462672,-11.523632369045773,18.35577506090142,-4.518510334679224,-7.493834775406074,-0.42802790064733287,0.8393816028335982,3.8167205118352756
Random864
Raw:-8.547702595453298,4.100961972909293,-11.683351987462673,-11.523632369045782,18.355775060901422,-4.518510334679232,-7.49383477540608,-0.4280279006473312,0.8393816028335992,3.816720511835282
EFT:-8.547702595453302,4.1009619729092925,-11.683351987462672,-11.523632369045773,18.35577506090142,-4.518510334679224,-7.493834775406074,-0.42802790064733265,0.8393816028335981,3.8167205118352756
Random865
Raw:-8.5477025954533,4.1009619729092925,-11.683351987462675,-11.52363236904578,18.355775060901426,-4.518510334679222,-7.493834775406075,-0.42802790064732854,0.8393816028335983,3.8167205118352783
EFT:-8.547702595453302,4.1009619729092925,-11.683351987462672,-11.523632369045773,18.35577506090142,-4.518510334679224,-7.493834775406074,-0.4280279006473326,0.8393816028335981,3.8167205118352756
Random866
Raw:-8.547702595453304,4.1009619729092925,-11.683351987462673,-11.523632369045773,18.35577506090142,-4.518510334679229,-7.493834775406078,-0.428027900647331,0.8393816028335974,3.816720511835276
EFT:-8.547702595453302,4.1009619729092925,-11.683351987462672,-11.523632369045773,18.35577506090142,-4.518510334679224,-7.493834775406074,-0.42802790064733265,0.8393816028335981,3.8167205118352756
Random867
Raw:-8.547702595453302,4.100961972909293,-11.683351987462675,-11.523632369045776,18.355775060901426,-4.518510334679224,-7.493834775406069,-0.42802790064733465,0.8393816028335996,3.816720511835276
EFT:-8.547702595453302,4.1009619729092925,-11.683351987462672,-11.523632369045773,18.35577506090142,-4.518510334679224,-7.493834775406074,-0.4280279006473332,0.8393816028335981,3.8167205118352756
Random868
Raw:-8.547702595453298,4.100961972909293,-11.68335198746267,-11.523632369045776,18.35577506090143,-4.518510334679224,-7.493834775406076,-0.42802790064733054,0.8393816028335965,3.816720511835283
EFT:-8.547702595453302,4.1009619729092925,-11.683351987462672,-11.523632369045773,18.35577506090142,-4.518510334679224,-7.493834775406074,-0.42802790064733287,0.839381602833598,3.8167205118352756
Random869
Raw:-8.547702595453297,4.1009619729092925,-11.683351987462673,-11.523632369045778,18.35577506090142,-4.518510334679217,-7.493834775406069,-0.42802790064733265,0.8393816028336007,3.8167205118352734
EFT:-8.547702595453302,4.1009619729092925,-11.683351987462672,-11.523632369045773,18.35577506090142,-4.518510334679224,-7.493834775406073,-0.4280279006473332,0.8393816028335983,3.8167205118352756
Random870
Raw:-8.547702595453298,4.100961972909293,-11.683351987462675,-11.523632369045776,18.355775060901422,-4.518510334679226,-7.493834775406077,-0.42802790064733376,0.8393816028335993,3.816720511835275
EFT:-8.547702595453302,4.1009619729092925,-11.683351987462672,-11.523632369045773,18.35577506090142,-4.518510334679224,-7.493834775406074,-0.4280279006473326,0.8393816028335981,3.8167205118352756
Random871
Raw:-8.5477025954533,4.1009619729092925,-11.683351987462677,-11.52363236904578,18.355775060901422,-4.5185103346792275,-7.493834775406072,-0.4280279006473343,0.8393816028336023,3.8167205118352747
EFT:-8.547702595453302,4.1009619729092925,-11.683351987462673,-11.523632369045773,18.35577506090142,-4.518510334679224,-7.493834775406074,-0.4280279006473328,0.8393816028335982,3.8167205118352756
Random872
Raw:-8.547702595453304,4.100961972909292,-11.683351987462675,-11.523632369045776,18.35577506090142,-4.518510334679223,-7.493834775406073,-0.42802790064733387,0.8393816028335984,3.8167205118352774
EFT:-8.547702595453302,4.1009619729092925,-11.683351987462672,-11.523632369045773,18.35577506090142,-4.518510334679224,-7.493834775406073,-0.42802790064733304,0.8393816028335982,3.8167205118352756
Random873
Raw:-8.547702595453298,4.100961972909291,-11.683351987462672,-11.523632369045773,18.35577506090142,-4.518510334679229,-7.493834775406078,-0.42802790064733287,0.8393816028335996,3.816720511835278
EFT:-8.547702595453302,4.1009619729092925,-11.683351987462672,-11.523632369045773,18.35577506090142,-4.518510334679224,-7.493834775406074,-0.42802790064733276,0.8393816028335981,3.8167205118352756
Random874
Raw:-8.547702595453302,4.100961972909292,-11.68335198746267,-11.523632369045778,18.355775060901426,-4.5185103346792275,-7.493834775406073,-0.42802790064733076,0.8393816028335978,3.816720511835272
EFT:-8.547702595453302,4.1009619729092925,-11.683351987462672,-11.523632369045773,18.35577506090142,-4.518510334679224,-7.493834775406074,-0.42802790064733265,0.8393816028335981,3.8167205118352756
Random875
Raw:-8.547702595453304,4.100961972909289,-11.683351987462675,-11.523632369045776,18.35577506090143,-4.5185103346792275,-7.493834775406076,-0.4280279006473324,0.8393816028335985,3.8167205118352796
EFT:-8.547702595453302,4.1009619729092925,-11.683351987462672,-11.523632369045773,18.35577506090142,-4.518510334679224,-7.493834775406073,-0.42802790064733276,0.8393816028335982,3.8167205118352756
Random876
Raw:-8.547702595453302,4.1009619729092925,-11.683351987462673,-11.523632369045774,18.35577506090142,-4.518510334679228,-7.493834775406075,-0.4280279006473312,0.8393816028335971,3.816720511835277
EFT:-8.547702595453302,4.1009619729092925,-11.683351987462672,-11.523632369045773,18.35577506090142,-4.518510334679224,-7.493834775406073,-0.42802790064733326,0.8393816028335982,3.8167205118352756
Random877
Raw:-8.547702595453305,4.100961972909291,-11.683351987462673,-11.523632369045771,18.355775060901426,-4.518510334679226,-7.493834775406076,-0.42802790064733065,0.8393816028335962,3.8167205118352783
EFT:-8.547702595453302,4.1009619729092925,-11.683351987462672,-11.523632369045773,18.35577506090142,-4.518510334679225,-7.493834775406073,-0.42802790064733326,0.8393816028335982,3.8167205118352756
Random878
Raw:-8.5477025954533,4.100961972909294,-11.683351987462673,-11.523632369045785,18.35577506090142,-4.518510334679222,-7.49383477540607,-0.4280279006473353,0.8393816028335964,3.816720511835274
EFT:-8.547702595453302,4.1009619729092925,-11.683351987462672,-11.523632369045773,18.35577506090142,-4.518510334679224,-7.493834775406073,-0.42802790064733276,0.8393816028335982,3.8167205118352756
Random879
Raw:-8.54770259545331,4.100961972909295,-11.683351987462677,-11.52363236904578,18.35577506090143,-4.518510334679224,-7.493834775406074,-0.42802790064733176,0.8393816028335955,3.8167205118352756
EFT:-8.547702595453302,4.1009619729092925,-11.683351987462672,-11.523632369045773,18.35577506090142,-4.518510334679224,-7.493834775406073,-0.42802790064733326,0.8393816028335983,3.8167205118352756
Random880
Raw:-8.5477025954533,4.100961972909293,-11.683351987462672,-11.523632369045774,18.355775060901426,-4.518510334679225,-7.493834775406076,-0.42802790064732943,0.8393816028335986,3.8167205118352787
EFT:-8.547702595453302,4.1009619729092925,-11.683351987462672,-11.523632369045773,18.35577506090142,-4.518510334679224,-7.493834775406074,-0.42802790064733315,0.8393816028335981,3.8167205118352756
Random881
Raw:-8.547702595453304,4.100961972909296,-11.683351987462677,-11.523632369045776,18.355775060901426,-4.518510334679226,-7.493834775406072,-0.42802790064733387,0.8393816028336001,3.816720511835275
EFT:-8.547702595453302,4.1009619729092925,-11.683351987462672,-11.523632369045773,18.35577506090142,-4.518510334679224,-7.493834775406073,-0.42802790064733315,0.8393816028335983,3.8167205118352756
Random882
Raw:-8.547702595453304,4.10096197290929,-11.683351987462673,-11.523632369045773,18.355775060901415,-4.518510334679224,-7.493834775406078,-0.42802790064733154,0.8393816028335972,3.81672051183528
EFT:-8.547702595453302,4.1009619729092925,-11.683351987462672,-11.523632369045773,18.35577506090142,-4.518510334679224,-7.493834775406074,-0.4280279006473327,0.8393816028335981,3.8167205118352756
Random883
Raw:-8.5477025954533,4.100961972909291,-11.68335198746267,-11.523632369045773,18.355775060901415,-4.5185103346792275,-7.493834775406079,-0.42802790064733054,0.8393816028335965,3.8167205118352836
EFT:-8.547702595453302,4.1009619729092925,-11.683351987462672,-11.523632369045773,18.35577506090142,-4.518510334679224,-7.493834775406074,-0.42802790064733276,0.8393816028335981,3.8167205118352756
Random884
Raw:-8.547702595453302,4.100961972909295,-11.683351987462673,-11.523632369045778,18.355775060901422,-4.5185103346792275,-7.493834775406076,-0.4280279006473299,0.8393816028336,3.816720511835278
EFT:-8.547702595453302,4.1009619729092925,-11.683351987462672,-11.523632369045773,18.35577506090142,-4.518510334679224,-7.493834775406073,-0.42802790064733315,0.8393816028335982,3.8167205118352756
Random885
Raw:-8.547702595453302,4.100961972909294,-11.683351987462673,-11.523632369045776,18.35577506090142,-4.518510334679225,-7.493834775406075,-0.4280279006473314,0.8393816028335979,3.8167205118352774
EFT:-8.547702595453302,4.1009619729092925,-11.683351987462672,-11.523632369045773,18.35577506090142,-4.518510334679224,-7.493834775406073,-0.4280279006473328,0.8393816028335982,3.8167205118352756
Random886
Raw:-8.547702595453298,4.100961972909293,-11.683351987462672,-11.52363236904578,18.355775060901422,-4.518510334679226,-7.493834775406072,-0.42802790064733187,0.8393816028336002,3.8167205118352756
EFT:-8.547702595453302,4.1009619729092925,-11.683351987462672,-11.523632369045773,18.35577506090142,-4.518510334679224,-7.493834775406074,-0.4280279006473326,0.8393816028335981,3.8167205118352756
Random887
Raw:-8.547702595453298,4.100961972909294,-11.683351987462673,-11.523632369045773,18.35577506090142,-4.518510334679224,-7.493834775406074,-0.42802790064733065,0.8393816028335982,3.8167205118352805
EFT:-8.547702595453302,4.1009619729092925,-11.683351987462672,-11.523632369045773,18.35577506090142,-4.518510334679224,-7.493834775406074,-0.42802790064733287,0.8393816028335982,3.8167205118352756
Random888
Raw:-8.547702595453304,4.100961972909291,-11.683351987462677,-11.523632369045776,18.355775060901422,-4.518510334679224,-7.493834775406075,-0.4280279006473321,0.8393816028335981,3.8167205118352787
EFT:-8.547702595453302,4.1009619729092925,-11.683351987462672,-11.523632369045773,18.35577506090142,-4.518510334679224,-7.493834775406074,-0.42802790064733265,0.8393816028335981,3.8167205118352756
Random889
Raw:-8.5477025954533,4.100961972909295,-11.68335198746267,-11.52363236904578,18.355775060901422,-4.5185103346792275,-7.493834775406072,-0.42802790064733165,0.839381602833597,3.8167205118352747
EFT:-8.547702595453302,4.1009619729092925,-11.683351987462672,-11.523632369045773,18.35577506090142,-4.518510334679224,-7.493834775406073,-0.42802790064733276,0.8393816028335982,3.8167205118352756
Random890
Raw:-8.547702595453302,4.1009619729092925,-11.683351987462673,-11.523632369045776,18.355775060901422,-4.518510334679224,-7.493834775406075,-0.428027900647333,0.8393816028335958,3.816720511835276
EFT:-8.547702595453302,4.1009619729092925,-11.683351987462672,-11.523632369045773,18.35577506090142,-4.518510334679224,-7.493834775406073,-0.4280279006473328,0.8393816028335982,3.8167205118352756
Random891
Raw:-8.547702595453304,4.100961972909293,-11.683351987462677,-11.523632369045773,18.35577506090143,-4.518510334679223,-7.493834775406076,-0.4280279006473351,0.8393816028336022,3.816720511835277
EFT:-8.547702595453302,4.1009619729092925,-11.683351987462673,-11.523632369045773,18.35577506090142,-4.518510334679224,-7.493834775406073,-0.42802790064733337,0.8393816028335982,3.8167205118352756
Random892
Raw:-8.547702595453298,4.100961972909296,-11.68335198746267,-11.52363236904578,18.355775060901415,-4.518510334679228,-7.493834775406072,-0.42802790064733165,0.839381602833599,3.8167205118352734
EFT:-8.547702595453302,4.1009619729092925,-11.683351987462672,-11.523632369045773,18.35577506090142,-4.518510334679224,-7.493834775406073,-0.42802790064733276,0.8393816028335982,3.8167205118352756
Random893
Raw:-8.5477025954533,4.100961972909297,-11.68335198746267,-11.523632369045778,18.355775060901415,-4.518510334679228,-7.493834775406073,-0.42802790064733454,0.8393816028336009,3.8167205118352743
EFT:-8.547702595453302,4.1009619729092925,-11.683351987462672,-11.523632369045773,18.35577506090142,-4.518510334679224,-7.493834775406073,-0.428027900647333,0.8393816028335982,3.8167205118352756
Random894
Raw:-8.547702595453298,4.1009619729092925,-11.68335198746267,-11.523632369045771,18.35577506090141,-4.518510334679222,-7.493834775406075,-0.42802790064732976,0.8393816028335996,3.816720511835277
EFT:-8.547702595453302,4.1009619729092925,-11.683351987462672,-11.523632369045773,18.35577506090142,-4.518510334679224,-7.493834775406073,-0.42802790064733287,0.8393816028335981,3.8167205118352756
Random895
Raw:-8.5477025954533,4.100961972909293,-11.683351987462675,-11.52363236904578,18.355775060901426,-4.5185103346792275,-7.493834775406074,-0.4280279006473311,0.8393816028336013,3.8167205118352783
EFT:-8.547702595453302,4.1009619729092925,-11.683351987462672,-11.523632369045773,18.35577506090142,-4.518510334679224,-7.493834775406074,-0.42802790064733276,0.8393816028335981,3.8167205118352756
Random896
Raw:-8.547702595453298,4.1009619729092925,-11.683351987462675,-11.523632369045773,18.355775060901415,-4.518510334679224,-7.493834775406074,-0.4280279006473341,0.839381602833601,3.8167205118352765
EFT:-8.547702595453302,4.1009619729092925,-11.683351987462672,-11.523632369045773,18.35577506090142,-4.518510334679224,-7.493834775406074,-0.42802790064733276,0.8393816028335981,3.8167205118352756
Random897
Raw:-8.547702595453298,4.100961972909292,-11.683351987462672,-11.523632369045773,18.35577506090142,-4.518510334679223,-7.493834775406074,-0.4280279006473293,0.839381602833599,3.8167205118352805
EFT:-8.547702595453302,4.1009619729092925,-11.683351987462673,-11.523632369045773,18.35577506090142,-4.518510334679224,-7.493834775406074,-0.4280279006473328,0.8393816028335982,3.8167205118352756
Random898
Raw:-8.547702595453304,4.100961972909298,-11.683351987462673,-11.523632369045782,18.35577506090142,-4.5185103346792275,-7.493834775406077,-0.4280279006473343,0.8393816028336002,3.816720511835276
EFT:-8.547702595453302,4.1009619729092925,-11.683351987462672,-11.523632369045773,18.35577506090142,-4.518510334679224,-7.493834775406073,-0.42802790064733276,0.8393816028335982,3.8167205118352756
Random899
Raw:-8.5477025954533,4.100961972909288,-11.683351987462675,-11.52363236904577,18.355775060901408,-4.518510334679224,-7.4938347754060795,-0.4280279006473279,0.8393816028335964,3.816720511835282
EFT:-8.547702595453302,4.1009619729092925,-11.683351987462672,-11.523632369045773,18.35577506090142,-4.518510334679224,-7.493834775406073,-0.42802790064733276,0.8393816028335982,3.8167205118352756
Random900
Raw:-8.5477025954533,4.100961972909295,-11.683351987462673,-11.523632369045773,18.355775060901422,-4.5185103346792275,-7.493834775406078,-0.4280279006473344,0.8393816028335992,3.8167205118352765
EFT:-8.547702595453302,4.1009619729092925,-11.683351987462672,-11.523632369045773,18.35577506090142,-4.518510334679224,-7.493834775406074,-0.42802790064733287,0.8393816028335982,3.8167205118352756
Random901
Raw:-8.547702595453302,4.100961972909293,-11.683351987462675,-11.52363236904578,18.35577506090142,-4.518510334679225,-7.4938347754060715,-0.42802790064733365,0.8393816028336004,3.816720511835276
EFT:-8.547702595453302,4.1009619729092925,-11.683351987462672,-11.523632369045773,18.35577506090142,-4.518510334679224,-7.493834775406074,-0.4280279006473329,0.8393816028335982,3.8167205118352756
Random902
Raw:-8.547702595453302,4.100961972909296,-11.683351987462672,-11.523632369045773,18.355775060901422,-4.5185103346792275,-7.493834775406078,-0.4280279006473301,0.8393816028335979,3.8167205118352805
EFT:-8.547702595453302,4.1009619729092925,-11.683351987462672,-11.523632369045773,18.35577506090142,-4.518510334679224,-7.493834775406073,-0.42802790064733287,0.8393816028335981,3.8167205118352756
Random903
Raw:-8.547702595453298,4.100961972909292,-11.683351987462672,-11.523632369045774,18.355775060901422,-4.518510334679226,-7.493834775406076,-0.42802790064732965,0.8393816028335992,3.8167205118352787
EFT:-8.547702595453302,4.100961972909292,-11.683351987462672,-11.523632369045773,18.35577506090142,-4.518510334679224,-7.493834775406073,-0.42802790064733304,0.8393816028335981,3.8167205118352756
Random904
Raw:-8.547702595453298,4.100961972909292,-11.683351987462673,-11.523632369045774,18.355775060901422,-4.518510334679224,-7.493834775406074,-0.4280279006473334,0.8393816028336006,3.8167205118352747
EFT:-8.547702595453302,4.1009619729092925,-11.683351987462673,-11.523632369045773,18.35577506090142,-4.518510334679224,-7.493834775406073,-0.4280279006473334,0.8393816028335984,3.816720511835275
Random905
Raw:-8.547702595453302,4.100961972909291,-11.683351987462673,-11.523632369045776,18.35577506090142,-4.518510334679223,-7.493834775406077,-0.4280279006473332,0.8393816028336002,3.8167205118352743
EFT:-8.547702595453302,4.1009619729092925,-11.683351987462672,-11.523632369045773,18.35577506090142,-4.518510334679224,-7.493834775406074,-0.42802790064733276,0.8393816028335981,3.8167205118352756
Random906
Raw:-8.547702595453297,4.100961972909291,-11.683351987462673,-11.523632369045776,18.35577506090142,-4.518510334679228,-7.493834775406079,-0.4280279006473332,0.8393816028335995,3.816720511835281
EFT:-8.547702595453302,4.1009619729092925,-11.683351987462672,-11.523632369045773,18.35577506090142,-4.518510334679224,-7.493834775406074,-0.42802790064733287,0.8393816028335982,3.8167205118352756
Random907
Raw:-8.547702595453297,4.1009619729092925,-11.683351987462673,-11.523632369045776,18.355775060901415,-4.518510334679225,-7.493834775406071,-0.4280279006473331,0.8393816028335985,3.816720511835273
EFT:-8.547702595453302,4.1009619729092925,-11.683351987462672,-11.523632369045773,18.35577506090142,-4.518510334679224,-7.493834775406074,-0.4280279006473327,0.8393816028335981,3.8167205118352756
Random908
Raw:-8.547702595453304,4.100961972909293,-11.683351987462677,-11.523632369045774,18.35577506090142,-4.5185103346792275,-7.493834775406074,-0.4280279006473333,0.8393816028336004,3.8167205118352734
EFT:-8.547702595453302,4.1009619729092925,-11.683351987462672,-11.523632369045773,18.35577506090142,-4.518510334679224,-7.493834775406073,-0.42802790064733337,0.8393816028335983,3.8167205118352756
Random909
Raw:-8.5477025954533,4.100961972909292,-11.683351987462675,-11.523632369045773,18.35577506090142,-4.518510334679225,-7.493834775406072,-0.4280279006473332,0.8393816028336007,3.816720511835276
EFT:-8.547702595453302,4.1009619729092925,-11.683351987462672,-11.523632369045773,18.35577506090142,-4.518510334679224,-7.493834775406073,-0.42802790064733304,0.8393816028335981,3.8167205118352756
Random910
Raw:-8.5477025954533,4.100961972909294,-11.68335198746267,-11.523632369045778,18.35577506090142,-4.5185103346792275,-7.493834775406076,-0.428027900647332,0.8393816028335994,3.816720511835278
EFT:-8.547702595453302,4.1009619729092925,-11.683351987462673,-11.523632369045773,18.35577506090142,-4.518510334679224,-7.493834775406073,-0.4280279006473335,0.8393816028335984,3.816720511835275
Random911
Raw:-8.5477025954533,4.100961972909291,-11.683351987462673,-11.523632369045773,18.355775060901415,-4.518510334679225,-7.49383477540607,-0.4280279006473291,0.8393816028335979,3.816720511835275
EFT:-8.547702595453302,4.100961972909292,-11.683351987462672,-11.523632369045773,18.35577506090142,-4.518510334679225,-7.493834775406073,-0.42802790064733315,0.8393816028335982,3.8167205118352756
Random912
Raw:-8.547702595453298,4.100961972909293,-11.683351987462666,-11.523632369045776,18.355775060901422,-4.518510334679228,-7.493834775406077,-0.42802790064733054,0.8393816028335971,3.8167205118352787
EFT:-8.547702595453302,4.1009619729092925,-11.683351987462673,-11.523632369045773,18.35577506090142,-4.518510334679224,-7.493834775406073,-0.4280279006473333,0.8393816028335983,3.816720511835275
Random913
Raw:-8.547702595453305,4.100961972909292,-11.683351987462673,-11.523632369045776,18.355775060901415,-4.518510334679227,-7.493834775406079,-0.42802790064733154,0.839381602833598,3.816720511835276
EFT:-8.547702595453302,4.1009619729092925,-11.683351987462672,-11.523632369045773,18.35577506090142,-4.518510334679224,-7.493834775406074,-0.4280279006473326,0.8393816028335981,3.8167205118352756
Random914
Raw:-8.5477025954533,4.100961972909292,-11.683351987462677,-11.523632369045776,18.355775060901422,-4.518510334679223,-7.493834775406076,-0.4280279006473332,0.8393816028336012,3.8167205118352805
EFT:-8.547702595453302,4.1009619729092925,-11.683351987462672,-11.523632369045773,18.35577506090142,-4.518510334679224,-7.493834775406073,-0.4280279006473327,0.8393816028335982,3.8167205118352756
Random915
Raw:-8.547702595453302,4.100961972909295,-11.68335198746267,-11.523632369045782,18.355775060901422,-4.518510334679226,-7.493834775406074,-0.42802790064733065,0.8393816028335979,3.8167205118352716
EFT:-8.547702595453302,4.1009619729092925,-11.683351987462673,-11.523632369045773,18.35577506090142,-4.518510334679224,-7.493834775406074,-0.4280279006473328,0.8393816028335982,3.8167205118352756
Random916
Raw:-8.547702595453302,4.100961972909294,-11.683351987462673,-11.523632369045773,18.35577506090142,-4.518510334679222,-7.493834775406076,-0.4280279006473293,0.8393816028335985,3.816720511835278
EFT:-8.547702595453302,4.1009619729092925,-11.683351987462672,-11.523632369045773,18.35577506090142,-4.518510334679224,-7.493834775406073,-0.4280279006473328,0.8393816028335982,3.8167205118352756
Random917
Raw:-8.5477025954533,4.10096197290929,-11.683351987462673,-11.523632369045771,18.35577506090141,-4.518510334679222,-7.493834775406076,-0.4280279006473323,0.839381602833599,3.8167205118352774
EFT:-8.547702595453302,4.1009619729092925,-11.683351987462673,-11.523632369045773,18.35577506090142,-4.518510334679224,-7.493834775406073,-0.4280279006473334,0.8393816028335983,3.8167205118352756
Random918
Raw:-8.547702595453304,4.100961972909297,-11.683351987462675,-11.523632369045776,18.355775060901415,-4.518510334679222,-7.493834775406076,-0.4280279006473333,0.8393816028335988,3.8167205118352774
EFT:-8.547702595453302,4.1009619729092925,-11.683351987462672,-11.523632369045773,18.35577506090142,-4.518510334679224,-7.493834775406074,-0.428027900647333,0.8393816028335981,3.8167205118352756
Random919
Raw:-8.547702595453298,4.100961972909297,-11.68335198746267,-11.523632369045776,18.355775060901422,-4.518510334679226,-7.493834775406076,-0.42802790064732765,0.8393816028335953,3.816720511835281
EFT:-8.547702595453302,4.1009619729092925,-11.683351987462672,-11.523632369045773,18.35577506090142,-4.518510334679225,-7.493834775406073,-0.42802790064733326,0.8393816028335982,3.8167205118352756
Random920
Raw:-8.547702595453304,4.100961972909292,-11.683351987462673,-11.523632369045773,18.35577506090142,-4.51851033467922,-7.493834775406075,-0.428027900647329,0.8393816028335954,3.8167205118352805
EFT:-8.547702595453302,4.1009619729092925,-11.683351987462672,-11.523632369045773,18.35577506090142,-4.518510334679225,-7.493834775406073,-0.42802790064733326,0.8393816028335982,3.8167205118352756
Random921
Raw:-8.5477025954533,4.1009619729092925,-11.683351987462675,-11.523632369045776,18.35577506090142,-4.518510334679225,-7.49383477540607,-0.428027900647333,0.839381602833601,3.8167205118352747
EFT:-8.547702595453302,4.1009619729092925,-11.683351987462672,-11.523632369045773,18.35577506090142,-4.518510334679224,-7.493834775406074,-0.42802790064733287,0.8393816028335982,3.8167205118352756
Random922
Raw:-8.547702595453302,4.100961972909295,-11.683351987462675,-11.523632369045776,18.35577506090142,-4.518510334679225,-7.493834775406077,-0.4280279006473311,0.8393816028335964,3.816720511835276
EFT:-8.547702595453302,4.1009619729092925,-11.683351987462672,-11.523632369045773,18.35577506090142,-4.518510334679224,-7.493834775406073,-0.4280279006473334,0.8393816028335983,3.8167205118352756
Random923
Raw:-8.5477025954533,4.1009619729092925,-11.683351987462672,-11.52363236904577,18.355775060901415,-4.518510334679225,-7.4938347754060795,-0.428027900647329,0.8393816028335985,3.816720511835281
EFT:-8.547702595453302,4.1009619729092925,-11.683351987462672,-11.523632369045773,18.35577506090142,-4.518510334679224,-7.493834775406073,-0.42802790064733276,0.8393816028335982,3.8167205118352756
Random924
Raw:-8.547702595453302,4.100961972909292,-11.683351987462672,-11.523632369045773,18.355775060901422,-4.518510334679226,-7.493834775406075,-0.42802790064733187,0.8393816028335963,3.816720511835276
EFT:-8.547702595453302,4.1009619729092925,-11.683351987462672,-11.523632369045773,18.35577506090142,-4.518510334679224,-7.493834775406074,-0.42802790064733287,0.839381602833598,3.8167205118352756
Random925
Raw:-8.547702595453302,4.100961972909294,-11.683351987462672,-11.523632369045778,18.355775060901422,-4.518510334679223,-7.493834775406074,-0.42802790064733054,0.8393816028335992,3.8167205118352774
EFT:-8.547702595453302,4.1009619729092925,-11.683351987462672,-11.523632369045773,18.35577506090142,-4.518510334679225,-7.493834775406073,-0.42802790064733315,0.8393816028335983,3.8167205118352756
Random926
Raw:-8.547702595453297,4.100961972909289,-11.68335198746267,-11.523632369045773,18.355775060901415,-4.518510334679223,-7.493834775406074,-0.4280279006473302,0.8393816028335971,3.8167205118352756
EFT:-8.547702595453302,4.1009619729092925,-11.683351987462672,-11.523632369045773,18.35577506090142,-4.518510334679224,-7.493834775406073,-0.4280279006473327,0.8393816028335982,3.8167205118352756
Random927
Raw:-8.547702595453302,4.100961972909291,-11.683351987462673,-11.523632369045771,18.35577506090142,-4.518510334679223,-7.493834775406073,-0.4280279006473354,0.8393816028336006,3.816720511835278
EFT:-8.547702595453302,4.1009619729092925,-11.683351987462672,-11.523632369045773,18.35577506090142,-4.518510334679224,-7.493834775406074,-0.42802790064733276,0.8393816028335981,3.8167205118352756
Random928
Raw:-8.547702595453302,4.1009619729092925,-11.683351987462675,-11.523632369045774,18.355775060901422,-4.518510334679224,-7.493834775406073,-0.42802790064733387,0.8393816028335964,3.8167205118352725
EFT:-8.547702595453302,4.1009619729092925,-11.683351987462672,-11.523632369045773,18.35577506090142,-4.518510334679224,-7.493834775406073,-0.42802790064733326,0.8393816028335982,3.8167205118352756
Random929
Raw:-8.547702595453305,4.100961972909293,-11.683351987462673,-11.523632369045774,18.355775060901422,-4.518510334679224,-7.493834775406072,-0.42802790064733187,0.8393816028335985,3.816720511835278
EFT:-8.547702595453302,4.1009619729092925,-11.683351987462672,-11.523632369045773,18.35577506090142,-4.518510334679224,-7.493834775406074,-0.4280279006473327,0.8393816028335981,3.8167205118352756
Random930
Raw:-8.547702595453298,4.100961972909297,-11.683351987462675,-11.523632369045773,18.355775060901422,-4.51851033467923,-7.493834775406076,-0.4280279006473321,0.8393816028335983,3.816720511835277
EFT:-8.547702595453302,4.1009619729092925,-11.683351987462672,-11.523632369045773,18.35577506090142,-4.518510334679224,-7.493834775406074,-0.42802790064733315,0.8393816028335981,3.8167205118352756
Random931
Raw:-8.547702595453295,4.10096197290929,-11.683351987462668,-11.523632369045774,18.355775060901422,-4.518510334679224,-7.493834775406075,-0.42802790064733165,0.8393816028336003,3.8167205118352787
EFT:-8.547702595453302,4.1009619729092925,-11.683351987462672,-11.523632369045773,18.35577506090142,-4.518510334679224,-7.493834775406074,-0.42802790064733276,0.839381602833598,3.8167205118352756
Random932
Raw:-8.547702595453297,4.100961972909292,-11.683351987462675,-11.523632369045776,18.355775060901422,-4.518510334679225,-7.493834775406075,-0.4280279006473312,0.8393816028335997,3.816720511835276
EFT:-8.547702595453302,4.100961972909292,-11.683351987462672,-11.523632369045773,18.35577506090142,-4.518510334679225,-7.493834775406073,-0.42802790064733315,0.8393816028335982,3.8167205118352756
Random933
Raw:-8.5477025954533,4.100961972909292,-11.683351987462673,-11.523632369045776,18.35577506090142,-4.518510334679223,-7.493834775406076,-0.42802790064733043,0.8393816028335988,3.8167205118352783
EFT:-8.547702595453302,4.1009619729092925,-11.683351987462673,-11.523632369045773,18.35577506090142,-4.518510334679224,-7.493834775406073,-0.4280279006473335,0.8393816028335984,3.816720511835275
Random934
Raw:-8.547702595453302,4.1009619729092925,-11.683351987462675,-11.523632369045776,18.35577506090142,-4.518510334679226,-7.493834775406075,-0.42802790064733276,0.8393816028336002,3.8167205118352814
EFT:-8.547702595453302,4.1009619729092925,-11.683351987462672,-11.523632369045773,18.35577506090142,-4.518510334679224,-7.493834775406073,-0.42802790064733276,0.8393816028335982,3.8167205118352756
Random935
Raw:-8.5477025954533,4.100961972909295,-11.683351987462673,-11.523632369045778,18.35577506090142,-4.518510334679225,-7.493834775406076,-0.428027900647331,0.8393816028336003,3.8167205118352747
EFT:-8.547702595453302,4.1009619729092925,-11.683351987462672,-11.523632369045773,18.35577506090142,-4.518510334679224,-7.493834775406074,-0.4280279006473326,0.8393816028335981,3.8167205118352756
Random936
Raw:-8.547702595453298,4.100961972909297,-11.683351987462672,-11.52363236904578,18.35577506090142,-4.51851033467923,-7.493834775406078,-0.4280279006473293,0.8393816028335989,3.8167205118352814
EFT:-8.547702595453302,4.1009619729092925,-11.683351987462672,-11.523632369045773,18.35577506090142,-4.518510334679224,-7.493834775406073,-0.4280279006473331,0.8393816028335982,3.8167205118352756
Random937
Raw:-8.547702595453298,4.100961972909292,-11.68335198746267,-11.523632369045771,18.35577506090141,-4.518510334679226,-7.493834775406073,-0.42802790064733276,0.8393816028336001,3.816720511835275
EFT:-8.547702595453302,4.1009619729092925,-11.683351987462672,-11.523632369045773,18.35577506090142,-4.518510334679224,-7.493834775406074,-0.42802790064733287,0.8393816028335982,3.8167205118352756
Random938
Raw:-8.547702595453298,4.1009619729092925,-11.683351987462673,-11.523632369045776,18.355775060901422,-4.5185103346792275,-7.493834775406078,-0.42802790064733365,0.8393816028335973,3.816720511835277
EFT:-8.547702595453302,4.1009619729092925,-11.683351987462672,-11.523632369045773,18.35577506090142,-4.518510334679224,-7.493834775406074,-0.42802790064733265,0.8393816028335981,3.8167205118352756
Random939
Raw:-8.547702595453302,4.100961972909291,-11.683351987462668,-11.52363236904577,18.35577506090142,-4.518510334679227,-7.493834775406075,-0.4280279006473322,0.8393816028335978,3.8167205118352783
EFT:-8.547702595453302,4.1009619729092925,-11.683351987462673,-11.523632369045773,18.35577506090142,-4.518510334679224,-7.493834775406074,-0.4280279006473328,0.8393816028335982,3.8167205118352756
Random940
Raw:-8.547702595453302,4.100961972909291,-11.683351987462677,-11.523632369045773,18.355775060901415,-4.518510334679223,-7.493834775406076,-0.4280279006473324,0.839381602833598,3.8167205118352783
EFT:-8.547702595453302,4.1009619729092925,-11.683351987462672,-11.523632369045773,18.35577506090142,-4.518510334679225,-7.493834775406073,-0.4280279006473331,0.8393816028335983,3.8167205118352756
Random941
Raw:-8.547702595453298,4.100961972909292,-11.683351987462672,-11.523632369045778,18.355775060901415,-4.518510334679223,-7.493834775406074,-0.4280279006473321,0.8393816028335973,3.816720511835275
EFT:-8.547702595453302,4.1009619729092925,-11.683351987462673,-11.523632369045773,18.35577506090142,-4.518510334679224,-7.493834775406074,-0.42802790064733287,0.8393816028335982,3.8167205118352756
Random942
Raw:-8.5477025954533,4.100961972909295,-11.68335198746267,-11.523632369045774,18.355775060901426,-4.5185103346792275,-7.493834775406074,-0.4280279006473281,0.8393816028335983,3.8167205118352783
EFT:-8.547702595453302,4.1009619729092925,-11.683351987462672,-11.523632369045773,18.35577506090142,-4.518510334679224,-7.493834775406073,-0.42802790064733276,0.8393816028335982,3.8167205118352756
Random943
Raw:-8.5477025954533,4.100961972909297,-11.683351987462673,-11.52363236904578,18.355775060901422,-4.518510334679229,-7.493834775406076,-0.42802790064733165,0.8393816028335996,3.8167205118352747
EFT:-8.547702595453302,4.1009619729092925,-11.683351987462672,-11.523632369045773,18.35577506090142,-4.518510334679224,-7.493834775406073,-0.4280279006473332,0.8393816028335983,3.816720511835275
Random944
Raw:-8.547702595453304,4.100961972909289,-11.683351987462675,-11.523632369045773,18.355775060901422,-4.518510334679219,-7.493834775406073,-0.42802790064733165,0.8393816028335985,3.816720511835277
EFT:-8.547702595453302,4.1009619729092925,-11.683351987462672,-11.523632369045773,18.35577506090142,-4.518510334679224,-7.493834775406074,-0.42802790064733276,0.8393816028335981,3.8167205118352756
Random945
Raw:-8.5477025954533,4.100961972909296,-11.683351987462673,-11.523632369045778,18.35577506090142,-4.5185103346792275,-7.493834775406078,-0.42802790064733154,0.8393816028335994,3.816720511835278
EFT:-8.547702595453302,4.1009619729092925,-11.683351987462672,-11.523632369045773,18.35577506090142,-4.518510334679224,-7.493834775406074,-0.4280279006473327,0.8393816028335981,3.8167205118352756
Random946
Raw:-8.547702595453302,4.100961972909294,-11.683351987462675,-11.523632369045776,18.355775060901422,-4.51851033467922,-7.493834775406072,-0.42802790064733565,0.8393816028335993,3.8167205118352756
EFT:-8.547702595453302,4.1009619729092925,-11.683351987462672,-11.523632369045773,18.35577506090142,-4.518510334679224,-7.493834775406074,-0.4280279006473326,0.8393816028335981,3.8167205118352756
Random947
Raw:-8.547702595453304,4.10096197290929,-11.683351987462673,-11.523632369045774,18.35577506090142,-4.518510334679223,-7.493834775406071,-0.4280279006473321,0.8393816028335996,3.8167205118352743
EFT:-8.547702595453302,4.1009619729092925,-11.683351987462673,-11.523632369045773,18.35577506090142,-4.518510334679224,-7.493834775406074,-0.4280279006473328,0.8393816028335982,3.8167205118352756
Random948
Raw:-8.5477025954533,4.100961972909297,-11.683351987462677,-11.523632369045774,18.355775060901426,-4.518510334679231,-7.493834775406079,-0.4280279006473311,0.8393816028335992,3.8167205118352805
EFT:-8.547702595453302,4.1009619729092925,-11.683351987462672,-11.523632369045773,18.35577506090142,-4.518510334679224,-7.493834775406073,-0.42802790064733276,0.8393816028335982,3.8167205118352756
Random949
Raw:-8.547702595453302,4.100961972909289,-11.683351987462673,-11.523632369045773,18.35577506090142,-4.518510334679225,-7.493834775406074,-0.4280279006473332,0.8393816028335992,3.8167205118352743
EFT:-8.547702595453302,4.1009619729092925,-11.683351987462673,-11.523632369045773,18.35577506090142,-4.518510334679224,-7.493834775406073,-0.42802790064733337,0.8393816028335982,3.8167205118352756
Random950
Raw:-8.547702595453305,4.1009619729092925,-11.683351987462677,-11.523632369045776,18.35577506090142,-4.5185103346792275,-7.493834775406079,-0.4280279006473313,0.8393816028335961,3.8167205118352787
EFT:-8.547702595453302,4.1009619729092925,-11.683351987462672,-11.523632369045773,18.35577506090142,-4.518510334679224,-7.493834775406073,-0.42802790064733276,0.8393816028335982,3.8167205118352756
Random951
Raw:-8.5477025954533,4.10096197290929,-11.683351987462673,-11.523632369045771,18.355775060901408,-4.518510334679226,-7.493834775406074,-0.4280279006473324,0.8393816028335962,3.8167205118352774
EFT:-8.547702595453302,4.1009619729092925,-11.683351987462672,-11.523632369045773,18.35577506090142,-4.518510334679224,-7.493834775406073,-0.4280279006473332,0.8393816028335983,3.8167205118352756
Random952
Raw:-8.5477025954533,4.100961972909294,-11.683351987462675,-11.523632369045778,18.355775060901422,-4.51851033467923,-7.493834775406078,-0.42802790064732943,0.8393816028335979,3.8167205118352805
EFT:-8.547702595453302,4.1009619729092925,-11.683351987462672,-11.523632369045773,18.35577506090142,-4.518510334679224,-7.493834775406074,-0.4280279006473328,0.8393816028335981,3.8167205118352756
Random953
Raw:-8.547702595453295,4.100961972909291,-11.68335198746267,-11.523632369045773,18.35577506090142,-4.518510334679229,-7.493834775406074,-0.4280279006473321,0.8393816028335983,3.8167205118352765
EFT:-8.547702595453302,4.1009619729092925,-11.683351987462672,-11.523632369045773,18.35577506090142,-4.518510334679224,-7.493834775406073,-0.42802790064733276,0.8393816028335982,3.8167205118352756
Random954
Raw:-8.5477025954533,4.100961972909295,-11.683351987462672,-11.52363236904578,18.35577506090142,-4.5185103346792275,-7.49383477540607,-0.4280279006473323,0.8393816028336007,3.816720511835276
EFT:-8.547702595453302,4.1009619729092925,-11.683351987462672,-11.523632369045773,18.35577506090142,-4.518510334679225,-7.493834775406073,-0.42802790064733315,0.8393816028335982,3.8167205118352756
Random955
Raw:-8.547702595453302,4.100961972909293,-11.683351987462675,-11.523632369045778,18.35577506090142,-4.51851033467922,-7.493834775406072,-0.4280279006473331,0.8393816028336001,3.8167205118352743
EFT:-8.547702595453302,4.1009619729092925,-11.683351987462673,-11.523632369045773,18.35577506090142,-4.518510334679224,-7.493834775406073,-0.42802790064733354,0.8393816028335984,3.816720511835275
Random956
Raw:-8.547702595453302,4.10096197290929,-11.683351987462673,-11.523632369045773,18.355775060901415,-4.518510334679222,-7.493834775406074,-0.42802790064733587,0.8393816028335992,3.816720511835278
EFT:-8.547702595453302,4.1009619729092925,-11.683351987462672,-11.523632369045773,18.35577506090142,-4.518510334679224,-7.493834775406073,-0.42802790064733287,0.8393816028335981,3.8167205118352756
Random957
Raw:-8.547702595453298,4.100961972909296,-11.683351987462672,-11.523632369045776,18.355775060901415,-4.518510334679226,-7.493834775406074,-0.428027900647331,0.839381602833599,3.8167205118352756
EFT:-8.547702595453302,4.1009619729092925,-11.683351987462672,-11.523632369045773,18.35577506090142,-4.518510334679225,-7.493834775406073,-0.4280279006473331,0.8393816028335982,3.8167205118352756
Random958
Raw:-8.547702595453305,4.100961972909291,-11.683351987462672,-11.523632369045773,18.355775060901415,-4.518510334679221,-7.49383477540607,-0.4280279006473331,0.8393816028335976,3.816720511835278
EFT:-8.547702595453302,4.1009619729092925,-11.683351987462672,-11.523632369045773,18.35577506090142,-4.518510334679225,-7.493834775406073,-0.4280279006473333,0.8393816028335982,3.8167205118352756
Random959
Raw:-8.547702595453304,4.10096197290929,-11.683351987462673,-11.523632369045773,18.35577506090142,-4.518510334679222,-7.493834775406075,-0.4280279006473322,0.8393816028335993,3.816720511835277
EFT:-8.547702595453302,4.1009619729092925,-11.683351987462672,-11.523632369045773,18.35577506090142,-4.518510334679224,-7.493834775406073,-0.42802790064733326,0.8393816028335982,3.8167205118352756
Random960
Raw:-8.5477025954533,4.100961972909292,-11.683351987462672,-11.52363236904577,18.35577506090142,-4.518510334679225,-7.493834775406076,-0.42802790064733187,0.8393816028335995,3.8167205118352814
EFT:-8.547702595453302,4.1009619729092925,-11.683351987462672,-11.523632369045773,18.35577506090142,-4.518510334679224,-7.493834775406073,-0.42802790064733315,0.8393816028335983,3.8167205118352756
Random961
Raw:-8.547702595453298,4.100961972909291,-11.68335198746267,-11.523632369045767,18.35577506090142,-4.518510334679226,-7.493834775406078,-0.4280279006473321,0.8393816028336015,3.81672051183528
EFT:-8.547702595453302,4.1009619729092925,-11.683351987462672,-11.523632369045773,18.35577506090142,-4.518510334679224,-7.493834775406073,-0.42802790064733287,0.8393816028335982,3.8167205118352756
Random962
Raw:-8.547702595453304,4.1009619729092925,-11.683351987462673,-11.523632369045774,18.35577506090142,-4.518510334679226,-7.493834775406074,-0.42802790064732965,0.839381602833595,3.816720511835281
EFT:-8.547702595453302,4.1009619729092925,-11.683351987462673,-11.523632369045773,18.35577506090142,-4.518510334679224,-7.493834775406073,-0.42802790064733354,0.8393816028335984,3.816720511835275
Random963
Raw:-8.5477025954533,4.100961972909294,-11.683351987462673,-11.523632369045782,18.355775060901422,-4.518510334679227,-7.493834775406073,-0.4280279006473351,0.8393816028335988,3.816720511835275
EFT:-8.547702595453302,4.1009619729092925,-11.683351987462672,-11.523632369045773,18.35577506090142,-4.518510334679224,-7.493834775406073,-0.42802790064733276,0.8393816028335982,3.8167205118352756
Random964
Raw:-8.5477025954533,4.10096197290929,-11.683351987462675,-11.523632369045776,18.355775060901426,-4.518510334679224,-7.493834775406074,-0.428027900647332,0.8393816028336023,3.8167205118352787
EFT:-8.547702595453302,4.1009619729092925,-11.683351987462672,-11.523632369045773,18.35577506090142,-4.518510334679224,-7.493834775406073,-0.4280279006473332,0.8393816028335983,3.8167205118352756
Random965
Raw:-8.5477025954533,4.10096197290929,-11.683351987462675,-11.523632369045778,18.355775060901415,-4.518510334679223,-7.493834775406076,-0.42802790064732954,0.8393816028335983,3.816720511835277
EFT:-8.547702595453302,4.1009619729092925,-11.683351987462672,-11.523632369045773,18.35577506090142,-4.518510334679224,-7.493834775406073,-0.4280279006473332,0.8393816028335983,3.8167205118352756
Random966
Raw:-8.547702595453302,4.100961972909291,-11.683351987462675,-11.523632369045776,18.355775060901426,-4.518510334679222,-7.493834775406076,-0.428027900647332,0.8393816028335982,3.81672051183528
EFT:-8.547702595453302,4.1009619729092925,-11.683351987462672,-11.523632369045773,18.35577506090142,-4.518510334679224,-7.493834775406073,-0.42802790064733276,0.8393816028335982,3.8167205118352756
Random967
Raw:-8.547702595453302,4.100961972909293,-11.68335198746267,-11.523632369045778,18.355775060901426,-4.518510334679226,-7.493834775406077,-0.428027900647334,0.8393816028335994,3.8167205118352783
EFT:-8.547702595453302,4.1009619729092925,-11.683351987462672,-11.523632369045773,18.35577506090142,-4.518510334679224,-7.493834775406073,-0.42802790064733276,0.8393816028335982,3.8167205118352756
Random968
Raw:-8.547702595453302,4.100961972909292,-11.683351987462672,-11.523632369045771,18.35577506090142,-4.518510334679224,-7.493834775406075,-0.4280279006473301,0.8393816028335951,3.8167205118352805
EFT:-8.547702595453302,4.1009619729092925,-11.683351987462672,-11.523632369045773,18.35577506090142,-4.518510334679224,-7.493834775406074,-0.42802790064733287,0.8393816028335982,3.8167205118352756
Random969
Raw:-8.547702595453297,4.100961972909291,-11.683351987462668,-11.523632369045771,18.35577506090142,-4.518510334679225,-7.4938347754060715,-0.4280279006473291,0.8393816028335973,3.8167205118352756
EFT:-8.547702595453302,4.1009619729092925,-11.683351987462672,-11.523632369045773,18.35577506090142,-4.518510334679224,-7.493834775406074,-0.42802790064733276,0.8393816028335981,3.8167205118352756
Random970
Raw:-8.547702595453298,4.100961972909294,-11.683351987462672,-11.523632369045778,18.355775060901415,-4.518510334679226,-7.493834775406071,-0.42802790064732976,0.8393816028335976,3.8167205118352796
EFT:-8.547702595453302,4.1009619729092925,-11.683351987462673,-11.523632369045773,18.35577506090142,-4.518510334679224,-7.493834775406074,-0.4280279006473328,0.8393816028335982,3.8167205118352756
Random971
Raw:-8.547702595453302,4.1009619729092925,-11.683351987462673,-11.523632369045773,18.35577506090142,-4.518510334679226,-7.493834775406074,-0.4280279006473299,0.839381602833597,3.816720511835279
EFT:-8.547702595453302,4.1009619729092925,-11.683351987462672,-11.523632369045773,18.35577506090142,-4.518510334679224,-7.493834775406073,-0.428027900647333,0.8393816028335982,3.8167205118352756
Random972
Raw:-8.547702595453302,4.10096197290929,-11.683351987462668,-11.523632369045771,18.355775060901415,-4.518510334679224,-7.493834775406077,-0.42802790064732765,0.839381602833597,3.8167205118352836
EFT:-8.547702595453302,4.1009619729092925,-11.683351987462672,-11.523632369045773,18.35577506090142,-4.518510334679224,-7.493834775406073,-0.4280279006473327,0.8393816028335982,3.8167205118352756
Random973
Raw:-8.547702595453297,4.1009619729092925,-11.683351987462672,-11.523632369045776,18.35577506090142,-4.518510334679226,-7.493834775406076,-0.4280279006473321,0.8393816028335988,3.81672051183528
EFT:-8.547702595453302,4.1009619729092925,-11.683351987462673,-11.523632369045773,18.35577506090142,-4.518510334679224,-7.493834775406074,-0.42802790064733287,0.8393816028335982,3.8167205118352756
Random974
Raw:-8.547702595453302,4.100961972909292,-11.683351987462673,-11.523632369045774,18.35577506090142,-4.518510334679227,-7.493834775406076,-0.42802790064733454,0.8393816028335985,3.8167205118352747
EFT:-8.547702595453302,4.1009619729092925,-11.683351987462672,-11.523632369045773,18.35577506090142,-4.518510334679224,-7.493834775406074,-0.42802790064733276,0.8393816028335981,3.8167205118352756
Random975
Raw:-8.547702595453304,4.10096197290929,-11.683351987462679,-11.523632369045773,18.355775060901415,-4.518510334679223,-7.493834775406074,-0.42802790064733165,0.8393816028335954,3.816720511835277
EFT:-8.547702595453302,4.1009619729092925,-11.683351987462673,-11.523632369045773,18.35577506090142,-4.518510334679224,-7.493834775406073,-0.4280279006473333,0.8393816028335983,3.816720511835275
Random976
Raw:-8.547702595453305,4.100961972909295,-11.68335198746268,-11.523632369045778,18.35577506090142,-4.518510334679225,-7.493834775406076,-0.4280279006473344,0.8393816028335981,3.816720511835274
EFT:-8.547702595453302,4.1009619729092925,-11.683351987462672,-11.523632369045773,18.35577506090142,-4.518510334679224,-7.493834775406073,-0.4280279006473332,0.8393816028335983,3.8167205118352756
Random977
Raw:-8.547702595453304,4.1009619729092925,-11.68335198746267,-11.523632369045773,18.355775060901415,-4.5185103346792275,-7.493834775406074,-0.4280279006473341,0.8393816028336004,3.816720511835275
EFT:-8.547702595453302,4.1009619729092925,-11.683351987462672,-11.523632369045773,18.35577506090142,-4.518510334679224,-7.493834775406073,-0.4280279006473332,0.8393816028335983,3.8167205118352756
Random978
Raw:-8.547702595453304,4.1009619729092925,-11.683351987462677,-11.523632369045778,18.35577506090142,-4.518510334679223,-7.4938347754060715,-0.4280279006473332,0.8393816028335974,3.816720511835275
EFT:-8.547702595453302,4.1009619729092925,-11.683351987462672,-11.523632369045773,18.35577506090142,-4.518510334679224,-7.493834775406074,-0.4280279006473331,0.8393816028335981,3.8167205118352756
Random979
Raw:-8.547702595453302,4.1009619729092925,-11.683351987462672,-11.523632369045773,18.355775060901422,-4.518510334679225,-7.493834775406073,-0.42802790064733254,0.8393816028335979,3.8167205118352743
EFT:-8.547702595453302,4.1009619729092925,-11.683351987462672,-11.523632369045773,18.35577506090142,-4.518510334679224,-7.493834775406074,-0.4280279006473329,0.8393816028335982,3.8167205118352756
Random980
Raw:-8.5477025954533,4.100961972909295,-11.683351987462672,-11.523632369045771,18.355775060901415,-4.518510334679224,-7.493834775406074,-0.42802790064733387,0.8393816028336012,3.8167205118352747
EFT:-8.547702595453302,4.1009619729092925,-11.683351987462673,-11.523632369045773,18.35577506090142,-4.518510334679224,-7.493834775406073,-0.42802790064733354,0.8393816028335983,3.8167205118352756
Random981
Raw:-8.547702595453304,4.100961972909289,-11.683351987462673,-11.523632369045767,18.355775060901415,-4.518510334679225,-7.4938347754060795,-0.42802790064733387,0.8393816028335994,3.816720511835279
EFT:-8.547702595453302,4.1009619729092925,-11.683351987462672,-11.523632369045773,18.35577506090142,-4.518510334679224,-7.493834775406074,-0.42802790064733265,0.8393816028335981,3.8167205118352756
Random982
Raw:-8.5477025954533,4.100961972909294,-11.68335198746267,-11.523632369045774,18.355775060901422,-4.518510334679227,-7.493834775406074,-0.428027900647329,0.8393816028335979,3.816720511835277
EFT:-8.547702595453302,4.100961972909292,-11.683351987462672,-11.523632369045773,18.35577506090142,-4.518510334679225,-7.493834775406073,-0.42802790064733315,0.8393816028335982,3.8167205118352756
Random983
Raw:-8.547702595453298,4.1009619729092925,-11.683351987462673,-11.523632369045773,18.355775060901422,-4.518510334679227,-7.493834775406075,-0.42802790064733254,0.8393816028336032,3.8167205118352765
EFT:-8.547702595453302,4.1009619729092925,-11.683351987462673,-11.523632369045773,18.35577506090142,-4.518510334679224,-7.493834775406073,-0.4280279006473333,0.8393816028335984,3.8167205118352756
Random984
Raw:-8.547702595453302,4.100961972909292,-11.683351987462673,-11.52363236904577,18.355775060901422,-4.518510334679224,-7.493834775406078,-0.42802790064733254,0.8393816028336009,3.81672051183528
EFT:-8.547702595453302,4.1009619729092925,-11.683351987462672,-11.523632369045773,18.35577506090142,-4.518510334679224,-7.493834775406074,-0.42802790064733265,0.8393816028335981,3.8167205118352756
Random985
Raw:-8.547702595453297,4.100961972909292,-11.68335198746267,-11.523632369045776,18.35577506090142,-4.5185103346792275,-7.493834775406074,-0.4280279006473293,0.8393816028336005,3.816720511835277
EFT:-8.547702595453302,4.1009619729092925,-11.683351987462672,-11.523632369045773,18.35577506090142,-4.518510334679224,-7.493834775406073,-0.4280279006473327,0.8393816028335982,3.8167205118352756
Random986
Raw:-8.547702595453298,4.100961972909291,-11.683351987462672,-11.523632369045773,18.35577506090142,-4.518510334679224,-7.493834775406074,-0.42802790064733276,0.8393816028335966,3.816720511835274
EFT:-8.547702595453302,4.1009619729092925,-11.683351987462672,-11.523632369045773,18.35577506090142,-4.518510334679224,-7.493834775406073,-0.42802790064733276,0.8393816028335982,3.8167205118352756
Random987
Raw:-8.547702595453298,4.100961972909293,-11.683351987462673,-11.523632369045774,18.355775060901415,-4.518510334679227,-7.493834775406076,-0.4280279006473321,0.8393816028335976,3.8167205118352787
EFT:-8.547702595453302,4.100961972909292,-11.683351987462672,-11.523632369045773,18.35577506090142,-4.518510334679225,-7.493834775406073,-0.42802790064733315,0.8393816028335982,3.8167205118352756
Random988
Raw:-8.547702595453304,4.10096197290929,-11.683351987462673,-11.523632369045773,18.355775060901415,-4.518510334679224,-7.493834775406073,-0.4280279006473342,0.8393816028335974,3.8167205118352756
EFT:-8.547702595453302,4.1009619729092925,-11.683351987462672,-11.523632369045773,18.35577506090142,-4.518510334679224,-7.493834775406074,-0.4280279006473329,0.8393816028335982,3.8167205118352756
Random989
Raw:-8.547702595453302,4.100961972909292,-11.683351987462677,-11.523632369045774,18.35577506090142,-4.518510334679223,-7.493834775406076,-0.42802790064733165,0.8393816028335988,3.8167205118352796
EFT:-8.547702595453302,4.1009619729092925,-11.683351987462673,-11.523632369045773,18.35577506090142,-4.518510334679224,-7.493834775406074,-0.4280279006473328,0.8393816028335982,3.8167205118352756
Random990
Raw:-8.5477025954533,4.100961972909291,-11.683351987462675,-11.52363236904577,18.355775060901408,-4.518510334679222,-7.493834775406069,-0.4280279006473332,0.8393816028335996,3.816720511835278
EFT:-8.547702595453302,4.1009619729092925,-11.683351987462672,-11.523632369045773,18.35577506090142,-4.518510334679224,-7.493834775406073,-0.42802790064733276,0.8393816028335982,3.8167205118352756
Random991
Raw:-8.547702595453302,4.100961972909293,-11.683351987462672,-11.523632369045776,18.35577506090143,-4.5185103346792275,-7.493834775406071,-0.42802790064733065,0.8393816028335974,3.8167205118352734
EFT:-8.547702595453302,4.1009619729092925,-11.683351987462672,-11.523632369045773,18.35577506090142,-4.518510334679224,-7.493834775406073,-0.4280279006473328,0.8393816028335982,3.8167205118352756
Random992
Raw:-8.5477025954533,4.100961972909288,-11.683351987462673,-11.523632369045771,18.35577506090142,-4.518510334679222,-7.493834775406072,-0.42802790064733465,0.8393816028335992,3.816720511835274
EFT:-8.547702595453302,4.1009619729092925,-11.683351987462672,-11.523632369045773,18.35577506090142,-4.518510334679224,-7.493834775406074,-0.4280279006473328,0.8393816028335981,3.8167205118352756
Random993
Raw:-8.5477025954533,4.100961972909294,-11.683351987462668,-11.523632369045773,18.355775060901415,-4.5185103346792275,-7.49383477540607,-0.4280279006473302,0.8393816028335988,3.816720511835278
EFT:-8.547702595453302,4.1009619729092925,-11.683351987462672,-11.523632369045773,18.35577506090142,-4.518510334679224,-7.493834775406074,-0.42802790064733287,0.8393816028335982,3.8167205118352756
Random994
Raw:-8.547702595453304,4.10096197290929,-11.683351987462677,-11.523632369045767,18.355775060901422,-4.518510334679229,-7.493834775406077,-0.4280279006473321,0.8393816028335983,3.8167205118352796
EFT:-8.547702595453302,4.1009619729092925,-11.683351987462672,-11.523632369045773,18.35577506090142,-4.518510334679224,-7.493834775406074,-0.4280279006473327,0.8393816028335981,3.8167205118352756
Random995
Raw:-8.5477025954533,4.100961972909295,-11.683351987462672,-11.523632369045776,18.35577506090142,-4.5185103346792275,-7.493834775406074,-0.42802790064733076,0.8393816028336034,3.816720511835276
EFT:-8.547702595453302,4.1009619729092925,-11.683351987462672,-11.523632369045773,18.35577506090142,-4.518510334679224,-7.493834775406074,-0.4280279006473326,0.8393816028335981,3.8167205118352756
Random996
Raw:-8.5477025954533,4.100961972909292,-11.683351987462675,-11.523632369045771,18.35577506090142,-4.518510334679225,-7.493834775406079,-0.42802790064733265,0.8393816028335982,3.8167205118352783
EFT:-8.547702595453302,4.1009619729092925,-11.683351987462672,-11.523632369045773,18.35577506090142,-4.518510334679224,-7.493834775406073,-0.4280279006473332,0.8393816028335982,3.8167205118352756
Random997
Raw:-8.547702595453304,4.100961972909297,-11.68335198746268,-11.523632369045778,18.355775060901422,-4.518510334679226,-7.493834775406077,-0.4280279006473302,0.839381602833597,3.8167205118352787
EFT:-8.547702595453302,4.1009619729092925,-11.683351987462673,-11.523632369045773,18.35577506090142,-4.518510334679224,-7.493834775406073,-0.4280279006473335,0.8393816028335983,3.8167205118352756
Random998
Raw:-8.547702595453302,4.100961972909291,-11.683351987462675,-11.523632369045773,18.355775060901422,-4.518510334679223,-7.493834775406076,-0.42802790064733176,0.8393816028335999,3.8167205118352787
EFT:-8.547702595453302,4.1009619729092925,-11.683351987462672,-11.523632369045773,18.35577506090142,-4.518510334679224,-7.493834775406074,-0.42802790064733265,0.8393816028335981,3.8167205118352756
Random999
Raw:-8.5477025954533,4.100961972909293,-11.683351987462675,-11.523632369045771,18.355775060901415,-4.518510334679226,-7.493834775406076,-0.42802790064732776,0.8393816028335989,3.8167205118352814
EFT:-8.547702595453302,4.1009619729092925,-11.683351987462672,-11.523632369045773,18.35577506090142,-4.518510334679224,-7.493834775406073,-0.4280279006473332,0.8393816028335983,3.8167205118352756
Random1000
Raw:-8.547702595453304,4.100961972909293,-11.683351987462675,-11.523632369045774,18.355775060901422,-4.518510334679227,-7.493834775406077,-0.42802790064733265,0.8393816028335964,3.8167205118352783
EFT:-8.547702595453302,4.1009619729092925,-11.683351987462672,-11.523632369045773,18.35577506090142,-4.518510334679224,-7.493834775406073,-0.4280279006473332,0.8393816028335982,3.8167205118352756
