Ascend
Raw:-5.575625,13.7171955,6.283279,9.061777,4.651559,7.637402,4.2328205,6.4556837,8.964251,6.388282
EFT:-5.5756245,13.7171955,6.283279,9.061777,4.651559,7.6374016,4.23282,6.4556837,8.964251,6.3882823
Descend
Raw:-5.575625,13.7171955,6.2832794,9.061778,4.651559,7.637401,4.23282,6.4556837,8.964251,6.3882837
EFT:-5.5756245,13.7171955,6.283279,9.061777,4.651559,7.6374016,4.23282,6.4556837,8.964251,6.3882823
Random1
Raw:-5.575624,13.717192,6.283279,9.061776,4.651559,7.637401,4.2328196,6.4556828,8.964251,6.3882813
EFT:-5.5756245,13.7171955,6.283279,9.061777,4.651559,7.6374016,4.23282,6.4556837,8.9642515,6.3882823
Random2
Raw:-5.575624,13.717193,6.2832785,9.061776,4.651559,7.6374,4.2328196,6.455682,8.964251,6.388282
EFT:-5.5756245,13.7171955,6.283279,9.061777,4.651559,7.6374016,4.23282,6.4556837,8.9642515,6.3882823
Random3
Raw:-5.575626,13.7171955,6.2832794,9.061778,4.6515617,7.637403,4.2328196,6.4556837,8.9642515,6.388283
EFT:-5.5756245,13.7171955,6.283279,9.061777,4.651559,7.6374016,4.23282,6.4556837,8.9642515,6.3882823
Random4
Raw:-5.5756245,13.717196,6.2832794,9.06178,4.651561,7.637403,4.23282,6.4556837,8.9642515,6.3882833
EFT:-5.5756245,13.7171955,6.283279,9.061777,4.651559,7.6374016,4.2328196,6.4556837,8.9642515,6.3882823
Random5
Raw:-5.575624,13.717196,6.283279,9.061778,4.651559,7.637401,4.2328196,6.4556837,8.9642515,6.388283
EFT:-5.5756245,13.7171955,6.283279,9.061777,4.651559,7.6374016,4.23282,6.4556837,8.9642515,6.3882823
Random6
Raw:-5.575624,13.717196,6.2832794,9.06178,4.651561,7.637403,4.2328205,6.4556847,8.964251,6.388283
EFT:-5.5756245,13.7171955,6.283279,9.061777,4.651559,7.6374016,4.23282,6.4556837,8.964251,6.3882823
Random7
Raw:-5.575625,13.717199,6.2832794,9.061778,4.65156,7.637403,4.2328205,6.455685,8.9642515,6.3882823
EFT:-5.5756245,13.7171955,6.283279,9.061777,4.651559,7.6374016,4.2328196,6.4556837,8.964251,6.3882823
Random8
Raw:-5.5756245,13.717194,6.283279,9.061776,4.651559,7.637401,4.2328196,6.4556837,8.964251,6.388282
EFT:-5.5756245,13.7171955,6.283279,9.061777,4.651559,7.6374016,4.23282,6.4556837,8.964251,6.3882823
Random9
Raw:-5.5756254,13.717197,6.2832794,9.061778,4.6515613,7.637403,4.2328196,6.455684,8.9642515,6.3882823
EFT:-5.5756245,13.7171955,6.283279,9.061777,4.651559,7.6374016,4.23282,6.4556837,8.9642515,6.3882823
Random10
Raw:-5.575623,13.717195,6.2832794,9.061778,4.65156,7.637401,4.2328196,6.4556828,8.9642515,6.3882823
EFT:-5.5756245,13.7171955,6.283279,9.061777,4.651559,7.6374016,4.23282,6.4556837,8.9642515,6.3882823
Random11
Raw:-5.575625,13.717198,6.28328,9.06178,4.651561,7.637404,4.2328205,6.4556856,8.964252,6.3882833
EFT:-5.5756245,13.7171955,6.283279,9.061777,4.651559,7.6374016,4.23282,6.4556837,8.964251,6.3882823
Random12
Raw:-5.5756245,13.717193,6.2832794,9.061776,4.651559,7.637401,4.2328196,6.4556837,8.964251,6.388282
EFT:-5.5756245,13.7171955,6.283279,9.061777,4.651559,7.6374016,4.2328196,6.4556837,8.9642515,6.3882823
Random13
Raw:-5.575624,13.717193,6.283279,9.061776,4.651558,7.637401,4.2328196,6.4556837,8.9642515,6.388282
EFT:-5.5756245,13.7171955,6.283279,9.061777,4.651559,7.6374016,4.23282,6.4556837,8.9642515,6.3882823
Random14
Raw:-5.575625,13.717195,6.283279,9.061776,4.651559,7.637401,4.2328196,6.4556837,8.9642515,6.388282
EFT:-5.5756245,13.7171955,6.283279,9.061777,4.651559,7.6374016,4.23282,6.4556837,8.9642515,6.3882823
Random15
Raw:-5.5756245,13.717194,6.283279,9.061776,4.6515594,7.637401,4.23282,6.4556837,8.964251,6.388282
EFT:-5.5756245,13.7171955,6.283279,9.061777,4.651559,7.6374016,4.23282,6.4556837,8.9642515,6.3882823
Random16
Raw:-5.575625,13.7171955,6.2832794,9.061779,4.651561,7.637402,4.2328196,6.455685,8.9642515,6.3882833
EFT:-5.5756245,13.7171955,6.283279,9.061777,4.651559,7.6374016,4.23282,6.4556837,8.9642515,6.3882823
Random17
Raw:-5.575624,13.717193,6.2832785,9.061777,4.651559,7.637401,4.2328196,6.455682,8.96425,6.388281
EFT:-5.5756245,13.7171955,6.283279,9.061777,4.651559,7.6374016,4.23282,6.4556837,8.9642515,6.3882823
Random18
Raw:-5.575624,13.717197,6.2832804,9.061779,4.6515603,7.637403,4.2328196,6.4556837,8.9642515,6.3882823
EFT:-5.5756245,13.7171955,6.283279,9.061777,4.651559,7.6374016,4.23282,6.4556837,8.9642515,6.3882823
Random19
Raw:-5.5756254,13.717196,6.2832794,9.061778,4.651561,7.637403,4.23282,6.4556847,8.9642515,6.3882833
EFT:-5.5756245,13.7171955,6.283279,9.061777,4.651559,7.6374016,4.23282,6.4556837,8.9642515,6.3882823
Random20
Raw:-5.575624,13.717192,6.283279,9.061775,4.651559,7.637401,4.2328196,6.455682,8.964251,6.388281
EFT:-5.5756245,13.7171955,6.283279,9.061777,4.651559,7.6374016,4.23282,6.4556837,8.9642515,6.3882823
Random21
Raw:-5.575624,13.717195,6.283279,9.061776,4.6515594,7.637401,4.2328205,6.4556837,8.964251,6.388282
EFT:-5.5756245,13.7171955,6.283279,9.061777,4.651559,7.6374016,4.23282,6.4556837,8.9642515,6.3882823
Random22
Raw:-5.5756245,13.717193,6.283279,9.061777,4.6515584,7.637401,4.2328205,6.4556837,8.9642515,6.388282
EFT:-5.5756245,13.7171955,6.283279,9.061777,4.651559,7.6374016,4.23282,6.4556837,8.9642515,6.3882823
Random23
Raw:-5.575624,13.7171955,6.2832794,9.061778,4.651559,7.637401,4.2328205,6.4556837,8.964251,6.388283
EFT:-5.5756245,13.7171955,6.283279,9.061777,4.651559,7.6374016,4.23282,6.4556837,8.964251,6.3882823
Random24
Raw:-5.5756245,13.717195,6.28328,9.061777,4.6515574,7.637401,4.2328196,6.455683,8.964251,6.388283
EFT:-5.5756245,13.7171955,6.283279,9.061777,4.651559,7.6374016,4.23282,6.4556837,8.9642515,6.3882823
Random25
Raw:-5.575624,13.7171955,6.283279,9.061778,4.651559,7.637402,4.2328196,6.4556828,8.9642515,6.388282
EFT:-5.5756245,13.7171955,6.283279,9.061777,4.651559,7.6374016,4.23282,6.4556837,8.9642515,6.3882823
Random26
Raw:-5.575625,13.7171955,6.283279,9.061778,4.651561,7.637403,4.2328196,6.455683,8.96425,6.3882837
EFT:-5.5756245,13.7171955,6.283279,9.061777,4.651559,7.6374016,4.2328196,6.4556837,8.9642515,6.3882823
Random27
Raw:-5.575625,13.717195,6.2832794,9.061778,4.65156,7.637401,4.2328196,6.4556837,8.9642515,6.3882837
EFT:-5.5756245,13.7171955,6.283279,9.061777,4.651559,7.6374016,4.23282,6.4556837,8.9642515,6.3882823
Random28
Raw:-5.575624,13.7171955,6.2832794,9.061778,4.651559,7.637402,4.2328205,6.455683,8.964251,6.388283
EFT:-5.5756245,13.7171955,6.283279,9.061777,4.651559,7.6374016,4.23282,6.4556837,8.964251,6.3882823
Random29
Raw:-5.575624,13.717194,6.2832794,9.061777,4.651559,7.637401,4.2328196,6.4556837,8.9642515,6.388281
EFT:-5.5756245,13.7171955,6.283279,9.061777,4.651559,7.6374016,4.23282,6.4556837,8.9642515,6.3882823
Random30
Raw:-5.5756245,13.7171955,6.2832794,9.061778,4.6515613,7.637403,4.2328196,6.455683,8.9642515,6.3882847
EFT:-5.5756245,13.7171955,6.283279,9.061777,4.651559,7.6374016,4.2328196,6.4556837,8.9642515,6.3882823
Random31
Raw:-5.575625,13.717197,6.28328,9.061778,4.6515613,7.637403,4.2328196,6.455685,8.9642515,6.388283
EFT:-5.5756245,13.7171955,6.283279,9.061777,4.651559,7.6374016,4.23282,6.4556837,8.9642515,6.3882823
Random32
Raw:-5.575624,13.717193,6.2832785,9.061776,4.651559,7.6374,4.2328196,6.455682,8.96425,6.3882804
EFT:-5.5756245,13.7171955,6.283279,9.061777,4.651559,7.6374016,4.23282,6.4556837,8.9642515,6.3882823
Random33
Raw:-5.575625,13.717198,6.28328,9.061779,4.65156,7.637404,4.2328205,6.4556847,8.964251,6.388284
EFT:-5.5756245,13.7171955,6.283279,9.061777,4.651559,7.6374016,4.23282,6.4556837,8.9642515,6.3882823
Random34
Raw:-5.5756254,13.7172,6.2832794,9.061779,4.6515617,7.637404,4.2328205,6.4556856,8.9642515,6.388283
EFT:-5.5756245,13.7171955,6.283279,9.061777,4.651559,7.6374016,4.23282,6.4556837,8.9642515,6.3882823
Random35
Raw:-5.5756245,13.717194,6.283279,9.061777,4.651558,7.637401,4.23282,6.4556837,8.964251,6.3882813
EFT:-5.5756245,13.7171955,6.283279,9.061777,4.651559,7.6374016,4.23282,6.4556837,8.9642515,6.3882823
Random36
Raw:-5.575624,13.7171955,6.283279,9.061779,4.651561,7.637403,4.2328205,6.455685,8.9642515,6.3882833
EFT:-5.5756245,13.7171955,6.283279,9.061777,4.651559,7.6374016,4.23282,6.4556837,8.9642515,6.3882823
Random37
Raw:-5.575625,13.717195,6.2832794,9.061777,4.651559,7.637401,4.2328205,6.4556837,8.9642515,6.388283
EFT:-5.5756245,13.7171955,6.283279,9.061777,4.651559,7.6374016,4.2328196,6.4556837,8.964251,6.3882823
Random38
Raw:-5.575624,13.717194,6.283279,9.061776,4.65156,7.637401,4.2328196,6.4556847,8.964251,6.388282
EFT:-5.5756245,13.7171955,6.283279,9.061777,4.651559,7.6374016,4.2328196,6.4556837,8.9642515,6.3882823
Random39
Raw:-5.575624,13.717195,6.283279,9.061776,4.651558,7.637401,4.2328205,6.4556837,8.964251,6.388281
EFT:-5.5756245,13.7171955,6.283279,9.061777,4.651559,7.6374016,4.23282,6.4556837,8.9642515,6.3882823
Random40
Raw:-5.5756245,13.717196,6.28328,9.061779,4.6515617,7.637404,4.2328196,6.455683,8.964251,6.388283
EFT:-5.5756245,13.7171955,6.283279,9.061777,4.651559,7.6374016,4.23282,6.4556837,8.964251,6.3882823
Random41
Raw:-5.575623,13.7171955,6.283279,9.061777,4.6515574,7.637402,4.2328196,6.455683,8.964251,6.388283
EFT:-5.5756245,13.7171955,6.283279,9.061777,4.651559,7.6374016,4.23282,6.4556837,8.9642515,6.3882823
Random42
Raw:-5.575624,13.717196,6.2832794,9.061779,4.651561,7.637402,4.2328196,6.455683,8.9642515,6.3882837
EFT:-5.5756245,13.7171955,6.283279,9.061777,4.651559,7.6374016,4.2328196,6.4556837,8.9642515,6.3882823
Random43
Raw:-5.575625,13.7171955,6.2832794,9.061778,4.651559,7.6374,4.2328205,6.455683,8.964251,6.388282
EFT:-5.5756245,13.7171955,6.283279,9.061777,4.651559,7.6374016,4.23282,6.4556837,8.9642515,6.3882823
Random44
Raw:-5.575624,13.717193,6.283279,9.061777,4.651558,7.6374,4.2328196,6.4556837,8.964251,6.388282
EFT:-5.5756245,13.7171955,6.283279,9.061777,4.651559,7.6374016,4.23282,6.4556837,8.9642515,6.3882823
Random45
Raw:-5.5756245,13.717194,6.2832794,9.061777,4.651559,7.6374,4.2328196,6.4556837,8.964251,6.388281
EFT:-5.5756245,13.7171955,6.283279,9.061777,4.651559,7.6374016,4.23282,6.4556837,8.9642515,6.3882823
Random46
Raw:-5.575624,13.717194,6.283279,9.061776,4.651559,7.637401,4.2328196,6.4556837,8.964251,6.388282
EFT:-5.5756245,13.7171955,6.283279,9.061777,4.651559,7.6374016,4.23282,6.4556837,8.9642515,6.3882823
Random47
Raw:-5.575625,13.717197,6.283279,9.061782,4.651563,7.637405,4.2328186,6.455686,8.964253,6.3882847
EFT:-5.5756245,13.7171955,6.283279,9.061777,4.651559,7.6374016,4.23282,6.4556837,8.964251,6.3882823
Random48
Raw:-5.5756245,13.7171955,6.283279,9.061778,4.6515594,7.637401,4.2328196,6.4556837,8.9642515,6.388283
EFT:-5.5756245,13.7171955,6.283279,9.061777,4.651559,7.6374016,4.23282,6.4556837,8.9642515,6.3882823
Random49
Raw:-5.5756254,13.717198,6.2832794,9.06178,4.6515603,7.637404,4.2328205,6.4556847,8.964252,6.3882837
EFT:-5.5756245,13.7171955,6.283279,9.061777,4.651559,7.6374016,4.23282,6.4556837,8.964251,6.3882823
Random50
Raw:-5.5756235,13.7171955,6.283279,9.061777,4.6515584,7.637401,4.2328196,6.4556837,8.9642515,6.388282
EFT:-5.5756245,13.7171955,6.283279,9.061777,4.651559,7.6374016,4.2328196,6.4556837,8.964251,6.3882823
Random51
Raw:-5.5756254,13.717197,6.2832794,9.061779,4.65156,7.637403,4.2328196,6.455685,8.9642515,6.3882823
EFT:-5.5756245,13.7171955,6.283279,9.061777,4.651559,7.6374016,4.23282,6.4556837,8.9642515,6.3882823
Random52
Raw:-5.5756245,13.7171955,6.283279,9.061778,4.6515584,7.637402,4.2328196,6.4556828,8.9642515,6.388283
EFT:-5.5756245,13.7171955,6.283279,9.061777,4.651559,7.6374016,4.23282,6.4556837,8.9642515,6.3882823
Random53
Raw:-5.5756245,13.717196,6.283279,9.061779,4.651561,7.637402,4.2328196,6.455684,8.9642515,6.388283
EFT:-5.5756245,13.7171955,6.283279,9.061777,4.651559,7.6374016,4.23282,6.4556837,8.9642515,6.3882823
Random54
Raw:-5.575625,13.717197,6.28328,9.061779,4.651561,7.637403,4.2328205,6.4556847,8.9642515,6.3882837
EFT:-5.5756245,13.7171955,6.283279,9.061777,4.651559,7.6374016,4.2328196,6.4556837,8.9642515,6.3882823
Random55
Raw:-5.5756235,13.7171955,6.2832794,9.061777,4.651559,7.637401,4.2328196,6.4556837,8.964251,6.388283
EFT:-5.5756245,13.7171955,6.283279,9.061777,4.651559,7.6374016,4.23282,6.4556837,8.964251,6.3882823
Random56
Raw:-5.5756245,13.717194,6.283279,9.061776,4.651559,7.6374,4.2328205,6.4556837,8.964251,6.388282
EFT:-5.5756245,13.7171955,6.283279,9.061777,4.651559,7.6374016,4.2328196,6.4556837,8.9642515,6.3882823
Random57
Raw:-5.5756245,13.7171955,6.283279,9.061777,4.651559,7.637401,4.2328196,6.455683,8.964251,6.388282
EFT:-5.5756245,13.7171955,6.283279,9.061777,4.651559,7.6374016,4.23282,6.4556837,8.9642515,6.3882823
Random58
Raw:-5.575624,13.717194,6.283279,9.061776,4.6515584,7.637401,4.2328196,6.4556837,8.964251,6.388281
EFT:-5.5756245,13.7171955,6.283279,9.061777,4.651559,7.6374016,4.2328196,6.4556837,8.9642515,6.3882823
Random59
Raw:-5.575625,13.717195,6.283279,9.061778,4.651558,7.637402,4.2328205,6.455683,8.964251,6.3882837
EFT:-5.5756245,13.7171955,6.283279,9.061777,4.651559,7.6374016,4.2328196,6.4556837,8.9642515,6.3882823
Random60
Raw:-5.5756216,13.717194,6.283278,9.061776,4.651558,7.637401,4.23282,6.4556813,8.964249,6.388279
EFT:-5.5756245,13.7171955,6.283279,9.061777,4.651559,7.6374016,4.23282,6.4556837,8.9642515,6.3882823
Random61
Raw:-5.575625,13.717194,6.283279,9.061777,4.651558,7.637401,4.2328196,6.455683,8.964251,6.388282
EFT:-5.5756245,13.7171955,6.283279,9.061777,4.651559,7.6374016,4.2328196,6.4556837,8.9642515,6.3882823
Random62
Raw:-5.575625,13.717196,6.283279,9.061778,4.6515613,7.637402,4.2328196,6.4556837,8.9642515,6.3882833
EFT:-5.5756245,13.7171955,6.283279,9.061777,4.651559,7.6374016,4.2328196,6.4556837,8.964251,6.3882823
Random63
Raw:-5.575624,13.7171955,6.283279,9.061778,4.651559,7.637402,4.2328196,6.4556828,8.964251,6.3882823
EFT:-5.5756245,13.7171955,6.283279,9.061777,4.651559,7.6374016,4.23282,6.4556837,8.9642515,6.3882823
Random64
Raw:-5.5756245,13.717193,6.2832785,9.061775,4.651559,7.637401,4.2328196,6.4556828,8.964251,6.3882813
EFT:-5.5756245,13.7171955,6.283279,9.061777,4.651559,7.6374016,4.23282,6.4556837,8.9642515,6.3882823
Random65
Raw:-5.575625,13.7171955,6.2832794,9.061779,4.6515594,7.637402,4.2328205,6.4556837,8.9642515,6.3882823
EFT:-5.5756245,13.7171955,6.283279,9.061777,4.651559,7.6374016,4.2328196,6.4556837,8.9642515,6.3882823
Random66
Raw:-5.575626,13.717196,6.2832794,9.061779,4.651561,7.637404,4.23282,6.4556837,8.9642515,6.3882833
EFT:-5.5756245,13.7171955,6.283279,9.061777,4.651559,7.6374016,4.23282,6.4556837,8.9642515,6.3882823
Random67
Raw:-5.5756245,13.7171955,6.283279,9.061777,4.651559,7.637401,4.2328205,6.4556837,8.9642515,6.388283
EFT:-5.5756245,13.7171955,6.283279,9.061777,4.651559,7.6374016,4.23282,6.4556837,8.9642515,6.3882823
Random68
Raw:-5.5756245,13.717195,6.283279,9.061778,4.651561,7.637402,4.2328196,6.455683,8.964251,6.388283
EFT:-5.5756245,13.7171955,6.283279,9.061777,4.651559,7.6374016,4.2328196,6.4556837,8.9642515,6.3882823
Random69
Raw:-5.5756226,13.717194,6.2832794,9.061775,4.651558,7.6374,4.2328186,6.455682,8.96425,6.38828
EFT:-5.5756245,13.7171955,6.283279,9.061777,4.651559,7.6374016,4.2328196,6.4556837,8.9642515,6.3882823
Random70
Raw:-5.5756235,13.7171955,6.283279,9.061778,4.6515584,7.637402,4.2328205,6.4556837,8.964251,6.3882833
EFT:-5.5756245,13.7171955,6.283279,9.061777,4.651559,7.6374016,4.2328196,6.4556837,8.9642515,6.3882823
Random71
Raw:-5.5756245,13.7171955,6.28328,9.061778,4.651561,7.637401,4.2328196,6.455683,8.9642515,6.388283
EFT:-5.5756245,13.7171955,6.283279,9.061777,4.651559,7.6374016,4.23282,6.4556837,8.9642515,6.3882823
Random72
Raw:-5.575624,13.717194,6.2832794,9.061778,4.651559,7.637402,4.2328205,6.4556837,8.9642515,6.388283
EFT:-5.5756245,13.7171955,6.283279,9.061777,4.651559,7.6374016,4.2328196,6.4556837,8.9642515,6.3882823
Random73
Raw:-5.575626,13.717197,6.28328,9.061779,4.651561,7.637405,4.2328205,6.4556856,8.9642515,6.3882837
EFT:-5.5756245,13.7171955,6.283279,9.061777,4.651559,7.6374016,4.2328196,6.4556837,8.964251,6.3882823
Random74
Raw:-5.575626,13.717197,6.2832794,9.06178,4.6515617,7.637404,4.2328205,6.4556856,8.964253,6.3882847
EFT:-5.5756245,13.7171955,6.283279,9.061777,4.651559,7.6374016,4.2328196,6.4556837,8.9642515,6.3882823
Random75
Raw:-5.5756235,13.717195,6.283279,9.061776,4.651559,7.637401,4.2328196,6.4556837,8.964251,6.388282
EFT:-5.5756245,13.7171955,6.283279,9.061777,4.651559,7.6374016,4.23282,6.4556837,8.9642515,6.3882823
Random76
Raw:-5.575624,13.7171955,6.283279,9.061777,4.651559,7.637401,4.2328205,6.4556837,8.9642515,6.388282
EFT:-5.5756245,13.7171955,6.283279,9.061777,4.651559,7.6374016,4.2328196,6.4556837,8.9642515,6.3882823
Random77
Raw:-5.575625,13.717193,6.283278,9.061777,4.651559,7.6374,4.2328196,6.4556828,8.96425,6.3882804
EFT:-5.5756245,13.7171955,6.283279,9.061777,4.651559,7.6374016,4.2328196,6.4556837,8.9642515,6.3882823
Random78
Raw:-5.575624,13.717196,6.28328,9.061779,4.651561,7.637403,4.2328205,6.4556847,8.9642515,6.388283
EFT:-5.5756245,13.7171955,6.283279,9.061777,4.651559,7.6374016,4.23282,6.4556837,8.964251,6.3882823
Random79
Raw:-5.575624,13.717194,6.283279,9.061776,4.651559,7.6374,4.2328196,6.4556837,8.964251,6.388282
EFT:-5.5756245,13.7171955,6.283279,9.061777,4.651559,7.6374016,4.2328196,6.4556837,8.9642515,6.3882823
Random80
Raw:-5.575624,13.717194,6.2832794,9.061776,4.651559,7.637402,4.2328196,6.4556837,8.964251,6.388282
EFT:-5.5756245,13.7171955,6.283279,9.061777,4.651559,7.6374016,4.23282,6.4556837,8.9642515,6.3882823
Random81
Raw:-5.575625,13.717199,6.283279,9.061778,4.651561,7.637403,4.2328205,6.4556847,8.9642515,6.3882823
EFT:-5.5756245,13.7171955,6.283279,9.061777,4.651559,7.6374016,4.2328196,6.4556837,8.964251,6.3882823
Random82
Raw:-5.575625,13.717195,6.283279,9.061778,4.651559,7.637402,4.23282,6.4556837,8.9642515,6.388282
EFT:-5.5756245,13.7171955,6.283279,9.061777,4.651559,7.6374016,4.23282,6.4556837,8.9642515,6.3882823
Random83
Raw:-5.575624,13.717192,6.283279,9.061777,4.651559,7.6374,4.2328196,6.455682,8.964251,6.3882804
EFT:-5.5756245,13.7171955,6.283279,9.061777,4.651559,7.6374016,4.23282,6.4556837,8.9642515,6.3882823
Random84
Raw:-5.575623,13.7171955,6.283279,9.061778,4.651559,7.637401,4.2328205,6.4556837,8.964251,6.388283
EFT:-5.5756245,13.7171955,6.283279,9.061777,4.651559,7.6374016,4.23282,6.4556837,8.9642515,6.3882823
Random85
Raw:-5.575623,13.717195,6.283279,9.061777,4.651559,7.637402,4.2328196,6.4556837,8.964251,6.3882823
EFT:-5.5756245,13.7171955,6.283279,9.061777,4.651559,7.6374016,4.2328196,6.4556837,8.9642515,6.3882823
Random86
Raw:-5.575624,13.717195,6.2832794,9.061775,4.651558,7.637401,4.2328196,6.4556837,8.964251,6.388282
EFT:-5.5756245,13.7171955,6.283279,9.061777,4.651559,7.6374016,4.2328196,6.4556837,8.964251,6.3882823
Random87
Raw:-5.575625,13.7171955,6.28328,9.061778,4.651561,7.637403,4.2328196,6.4556847,8.9642515,6.3882833
EFT:-5.5756245,13.7171955,6.283279,9.061777,4.651559,7.6374016,4.2328196,6.4556837,8.9642515,6.3882823
Random88
Raw:-5.575624,13.717193,6.283279,9.061777,4.651559,7.637401,4.2328196,6.4556847,8.964251,6.3882813
EFT:-5.5756245,13.7171955,6.283279,9.061777,4.651559,7.6374016,4.23282,6.4556837,8.9642515,6.3882823
Random89
Raw:-5.5756254,13.7171955,6.28328,9.061779,4.651561,7.637403,4.2328196,6.4556847,8.9642515,6.3882837
EFT:-5.5756245,13.7171955,6.283279,9.061777,4.651559,7.6374016,4.23282,6.4556837,8.9642515,6.3882823
Random90
Raw:-5.575624,13.717192,6.2832785,9.061776,4.651559,7.6374,4.2328196,6.455682,8.964251,6.3882813
EFT:-5.5756245,13.7171955,6.283279,9.061777,4.651559,7.6374016,4.23282,6.4556837,8.9642515,6.3882823
Random91
Raw:-5.575625,13.717197,6.2832794,9.061779,4.6515613,7.637403,4.2328205,6.4556856,8.964252,6.388283
EFT:-5.5756245,13.7171955,6.283279,9.061777,4.651559,7.6374016,4.23282,6.4556837,8.964251,6.3882823
Random92
Raw:-5.575624,13.7171955,6.283279,9.061778,4.651559,7.637401,4.2328205,6.455683,8.964251,6.3882823
EFT:-5.5756245,13.7171955,6.283279,9.061777,4.651559,7.6374016,4.23282,6.4556837,8.9642515,6.3882823
Random93
Raw:-5.575622,13.717193,6.2832785,9.061775,4.651558,7.6374,4.2328196,6.4556813,8.96425,6.38828
EFT:-5.5756245,13.7171955,6.283279,9.061777,4.651559,7.6374016,4.23282,6.4556837,8.964251,6.3882823
Random94
Raw:-5.575624,13.717195,6.283279,9.061776,4.651558,7.637401,4.2328196,6.455684,8.964251,6.3882813
EFT:-5.5756245,13.7171955,6.283279,9.061777,4.651559,7.6374016,4.23282,6.4556837,8.964251,6.3882823
Random95
Raw:-5.575624,13.7171955,6.2832804,9.061779,4.651561,7.637403,4.2328196,6.455684,8.9642515,6.388283
EFT:-5.5756245,13.7171955,6.283279,9.061777,4.651559,7.6374016,4.2328196,6.4556837,8.9642515,6.3882823
Random96
Raw:-5.5756235,13.717193,6.283278,9.061776,4.651559,7.637401,4.2328196,6.4556828,8.964251,6.388281
EFT:-5.5756245,13.7171955,6.283279,9.061777,4.651559,7.6374016,4.2328196,6.4556837,8.9642515,6.3882823
Random97
Raw:-5.575625,13.717197,6.2832794,9.061778,4.651561,7.637403,4.23282,6.4556856,8.9642515,6.388283
EFT:-5.5756245,13.7171955,6.283279,9.061777,4.651559,7.6374016,4.23282,6.4556837,8.964251,6.3882823
Random98
Raw:-5.575626,13.717196,6.2832804,9.061778,4.651561,7.637403,4.2328196,6.455685,8.9642515,6.3882833
EFT:-5.5756245,13.7171955,6.283279,9.061777,4.651559,7.6374016,4.23282,6.4556837,8.9642515,6.3882823
Random99
Raw:-5.575625,13.717197,6.283279,9.061779,4.651561,7.637403,4.2328205,6.4556847,8.9642515,6.388283
EFT:-5.5756245,13.7171955,6.283279,9.061777,4.651559,7.6374016,4.2328196,6.4556837,8.9642515,6.3882823
Random100
Raw:-5.575625,13.717197,6.28328,9.061778,4.6515603,7.637403,4.2328196,6.455684,8.9642515,6.388283
EFT:-5.5756245,13.7171955,6.283279,9.061777,4.651559,7.6374016,4.23282,6.4556837,8.9642515,6.3882823
Random101
Raw:-5.5756245,13.717194,6.283279,9.061777,4.651559,7.637401,4.2328196,6.4556837,8.964251,6.388282
EFT:-5.5756245,13.7171955,6.283279,9.061777,4.651559,7.6374016,4.23282,6.4556837,8.9642515,6.3882823
Random102
Raw:-5.5756254,13.717198,6.28328,9.06178,4.65156,7.637404,4.2328196,6.4556847,8.964252,6.388283
EFT:-5.5756245,13.7171955,6.283279,9.061777,4.651559,7.6374016,4.23282,6.4556837,8.9642515,6.3882823
Random103
Raw:-5.575623,13.717191,6.283278,9.061776,4.651558,7.637401,4.2328196,6.455682,8.964251,6.388281
EFT:-5.5756245,13.7171955,6.283279,9.061777,4.651559,7.6374016,4.23282,6.4556837,8.9642515,6.3882823
Random104
Raw:-5.575625,13.717193,6.283279,9.061777,4.651559,7.637401,4.2328196,6.4556837,8.964251,6.388282
EFT:-5.5756245,13.7171955,6.283279,9.061777,4.651559,7.6374016,4.23282,6.4556837,8.964251,6.3882823
Random105
Raw:-5.575625,13.717197,6.28328,9.06178,4.6515613,7.637403,4.2328205,6.4556856,8.9642515,6.3882833
EFT:-5.5756245,13.7171955,6.283279,9.061777,4.651559,7.6374016,4.2328196,6.4556837,8.964251,6.3882823
Random106
Raw:-5.575625,13.717196,6.283279,9.06178,4.651561,7.637403,4.2328196,6.455683,8.964251,6.3882833
EFT:-5.5756245,13.7171955,6.283279,9.061777,4.651559,7.6374016,4.2328196,6.4556837,8.9642515,6.3882823
Random107
Raw:-5.575625,13.7171955,6.283279,9.061777,4.6515574,7.637401,4.23282,6.455684,8.9642515,6.388282
EFT:-5.5756245,13.7171955,6.283279,9.061777,4.651559,7.6374016,4.2328196,6.4556837,8.964251,6.3882823
Random108
Raw:-5.575625,13.7171955,6.283279,9.061778,4.651559,7.637402,4.2328205,6.455683,8.9642515,6.388283
EFT:-5.5756245,13.7171955,6.283279,9.061777,4.651559,7.6374016,4.23282,6.4556837,8.9642515,6.3882823
Random109
Raw:-5.5756245,13.717193,6.2832785,9.061776,4.651559,7.637401,4.2328186,6.4556823,8.964251,6.38828
EFT:-5.5756245,13.7171955,6.283279,9.061777,4.651559,7.6374016,4.23282,6.4556837,8.9642515,6.3882823
Random110
Raw:-5.5756245,13.717195,6.283279,9.061777,4.651559,7.637401,4.2328196,6.4556837,8.964251,6.388282
EFT:-5.5756245,13.7171955,6.283279,9.061777,4.651559,7.6374016,4.2328196,6.4556837,8.9642515,6.3882823
Random111
Raw:-5.575625,13.717197,6.2832794,9.061778,4.651561,7.637403,4.2328205,6.4556856,8.9642515,6.3882833
EFT:-5.5756245,13.7171955,6.283279,9.061777,4.651559,7.6374016,4.23282,6.4556837,8.964251,6.3882823
Random112
Raw:-5.575626,13.7171955,6.283279,9.061778,4.6515594,7.637403,4.2328205,6.4556828,8.964251,6.388283
EFT:-5.5756245,13.7171955,6.283279,9.061777,4.651559,7.6374016,4.2328196,6.4556837,8.9642515,6.3882823
Random113
Raw:-5.575625,13.7171955,6.283279,9.061778,4.651559,7.637402,4.2328196,6.455683,8.964251,6.388283
EFT:-5.5756245,13.7171955,6.283279,9.061777,4.651559,7.6374016,4.23282,6.4556837,8.9642515,6.3882823
Random114
Raw:-5.575624,13.717195,6.2832794,9.061777,4.6515594,7.637402,4.2328205,6.4556837,8.964251,6.3882823
EFT:-5.5756245,13.7171955,6.283279,9.061777,4.651559,7.6374016,4.23282,6.4556837,8.9642515,6.3882823
Random115
Raw:-5.5756245,13.717195,6.283279,9.061778,4.65156,7.637402,4.2328196,6.4556837,8.964251,6.388282
EFT:-5.5756245,13.7171955,6.283279,9.061777,4.651559,7.6374016,4.23282,6.4556837,8.964251,6.3882823
Random116
Raw:-5.5756245,13.717195,6.2832794,9.061776,4.651559,7.637401,4.2328196,6.4556837,8.9642515,6.388282
EFT:-5.5756245,13.7171955,6.283279,9.061777,4.651559,7.6374016,4.23282,6.4556837,8.9642515,6.3882823
Random117
Raw:-5.575624,13.717197,6.28328,9.061779,4.651561,7.637403,4.2328205,6.455685,8.964251,6.3882837
EFT:-5.5756245,13.7171955,6.283279,9.061777,4.651559,7.6374016,4.23282,6.4556837,8.964251,6.3882823
Random118
Raw:-5.575625,13.717194,6.283279,9.061778,4.6515584,7.637402,4.2328196,6.4556837,8.964251,6.388282
EFT:-5.5756245,13.7171955,6.283279,9.061777,4.651559,7.6374016,4.23282,6.4556837,8.964251,6.3882823
Random119
Raw:-5.575626,13.717193,6.2832794,9.061776,4.651559,7.637401,4.23282,6.4556837,8.964251,6.388282
EFT:-5.5756245,13.7171955,6.283279,9.061777,4.651559,7.6374016,4.23282,6.4556837,8.964251,6.3882823
Random120
Raw:-5.575624,13.717194,6.283279,9.061778,4.651558,7.637401,4.2328196,6.4556837,8.9642515,6.3882823
EFT:-5.5756245,13.7171955,6.283279,9.061777,4.651559,7.6374016,4.23282,6.4556837,8.9642515,6.3882823
Random121
Raw:-5.5756245,13.717197,6.2832794,9.061779,4.6515613,7.637403,4.2328205,6.455684,8.9642515,6.3882833
EFT:-5.5756245,13.7171955,6.283279,9.061777,4.651559,7.6374016,4.23282,6.4556837,8.9642515,6.3882823
Random122
Raw:-5.575625,13.7171955,6.283279,9.061778,4.65156,7.637401,4.2328196,6.4556828,8.964251,6.388283
EFT:-5.5756245,13.7171955,6.283279,9.061777,4.651559,7.6374016,4.23282,6.4556837,8.9642515,6.3882823
Random123
Raw:-5.575625,13.717194,6.283279,9.061777,4.651559,7.637401,4.2328196,6.4556837,8.964251,6.388282
EFT:-5.5756245,13.7171955,6.283279,9.061777,4.651559,7.6374016,4.2328196,6.4556837,8.9642515,6.3882823
Random124
Raw:-5.575624,13.7171955,6.283279,9.061777,4.6515584,7.637402,4.2328205,6.4556837,8.9642515,6.388283
EFT:-5.5756245,13.7171955,6.283279,9.061777,4.651559,7.6374016,4.23282,6.4556837,8.964251,6.3882823
Random125
Raw:-5.5756245,13.717197,6.28328,9.061779,4.651561,7.637403,4.2328205,6.4556856,8.964252,6.3882833
EFT:-5.5756245,13.7171955,6.283279,9.061777,4.651559,7.6374016,4.23282,6.4556837,8.964251,6.3882823
Random126
Raw:-5.575624,13.717197,6.28328,9.061779,4.651561,7.637403,4.2328205,6.4556856,8.964251,6.3882833
EFT:-5.5756245,13.7171955,6.283279,9.061777,4.651559,7.6374016,4.23282,6.4556837,8.9642515,6.3882823
Random127
Raw:-5.575625,13.7171955,6.283279,9.061778,4.651559,7.637401,4.23282,6.4556828,8.9642515,6.388283
EFT:-5.5756245,13.7171955,6.283279,9.061777,4.651559,7.6374016,4.2328196,6.4556837,8.964251,6.3882823
Random128
Raw:-5.5756254,13.717197,6.2832794,9.061779,4.6515613,7.637403,4.23282,6.4556856,8.964252,6.388283
EFT:-5.5756245,13.7171955,6.283279,9.061777,4.651559,7.6374016,4.23282,6.4556837,8.9642515,6.3882823
Random129
Raw:-5.5756245,13.7171955,6.283279,9.061777,4.651559,7.637401,4.2328196,6.4556837,8.964251,6.388283
EFT:-5.5756245,13.7171955,6.283279,9.061777,4.651559,7.6374016,4.2328196,6.4556837,8.964251,6.3882823
Random130
Raw:-5.5756235,13.717195,6.283279,9.061778,4.651559,7.637402,4.2328205,6.455683,8.9642515,6.388282
EFT:-5.5756245,13.7171955,6.283279,9.061777,4.651559,7.6374016,4.23282,6.4556837,8.9642515,6.3882823
Random131
Raw:-5.575624,13.7171955,6.2832794,9.061777,4.651559,7.6374,4.23282,6.455683,8.9642515,6.388282
EFT:-5.5756245,13.7171955,6.283279,9.061777,4.651559,7.6374016,4.2328196,6.4556837,8.9642515,6.3882823
Random132
Raw:-5.5756245,13.717195,6.283279,9.061776,4.651559,7.637401,4.2328196,6.4556837,8.964251,6.388282
EFT:-5.5756245,13.7171955,6.283279,9.061777,4.651559,7.6374016,4.23282,6.4556837,8.9642515,6.3882823
Random133
Raw:-5.5756245,13.717195,6.2832794,9.061776,4.65156,7.637401,4.2328196,6.4556837,8.9642515,6.388281
EFT:-5.5756245,13.7171955,6.283279,9.061777,4.651559,7.6374016,4.23282,6.4556837,8.9642515,6.3882823
Random134
Raw:-5.5756245,13.717197,6.2832794,9.061778,4.651561,7.637403,4.2328196,6.4556837,8.9642515,6.3882833
EFT:-5.5756245,13.7171955,6.283279,9.061777,4.651559,7.6374016,4.23282,6.4556837,8.9642515,6.3882823
Random135
Raw:-5.5756273,13.717197,6.283279,9.061779,4.6515613,7.637403,4.2328205,6.4556856,8.9642515,6.388283
EFT:-5.5756245,13.7171955,6.283279,9.061777,4.651559,7.6374016,4.2328196,6.4556837,8.9642515,6.3882823
Random136
Raw:-5.575624,13.717194,6.283279,9.061777,4.6515584,7.6374,4.2328205,6.4556837,8.9642515,6.388281
EFT:-5.5756245,13.7171955,6.283279,9.061777,4.651559,7.6374016,4.2328196,6.4556837,8.9642515,6.3882823
Random137
Raw:-5.575625,13.717197,6.283279,9.061779,4.651561,7.637403,4.2328196,6.4556837,8.964252,6.3882837
EFT:-5.5756245,13.7171955,6.283279,9.061777,4.651559,7.6374016,4.2328196,6.4556837,8.9642515,6.3882823
Random138
Raw:-5.575624,13.717195,6.28328,9.061778,4.651559,7.637401,4.2328205,6.4556837,8.964252,6.3882837
EFT:-5.5756245,13.7171955,6.283279,9.061777,4.651559,7.6374016,4.2328196,6.4556837,8.9642515,6.3882823
Random139
Raw:-5.575624,13.717195,6.2832794,9.061778,4.651559,7.637401,4.2328196,6.4556837,8.9642515,6.388283
EFT:-5.5756245,13.7171955,6.283279,9.061777,4.651559,7.6374016,4.23282,6.4556837,8.9642515,6.3882823
Random140
Raw:-5.575624,13.717192,6.283279,9.061777,4.6515584,7.637401,4.2328196,6.4556823,8.964251,6.3882813
EFT:-5.5756245,13.7171955,6.283279,9.061777,4.651559,7.6374016,4.23282,6.4556837,8.9642515,6.3882823
Random141
Raw:-5.575624,13.717195,6.28328,9.061777,4.651558,7.637402,4.2328196,6.4556837,8.964251,6.388281
EFT:-5.5756245,13.7171955,6.283279,9.061777,4.651559,7.6374016,4.23282,6.4556837,8.9642515,6.3882823
Random142
Raw:-5.5756245,13.717194,6.283279,9.061777,4.6515584,7.637401,4.2328196,6.4556837,8.964251,6.388282
EFT:-5.5756245,13.7171955,6.283279,9.061777,4.651559,7.6374016,4.23282,6.4556837,8.9642515,6.3882823
Random143
Raw:-5.5756254,13.717198,6.28328,9.061781,4.6515617,7.637403,4.2328196,6.4556866,8.964253,6.388284
EFT:-5.5756245,13.7171955,6.283279,9.061777,4.651559,7.6374016,4.23282,6.4556837,8.9642515,6.3882823
Random144
Raw:-5.575625,13.7171955,6.283279,9.061777,4.6515584,7.637401,4.2328196,6.4556837,8.96425,6.388283
EFT:-5.5756245,13.7171955,6.283279,9.061777,4.651559,7.6374016,4.23282,6.4556837,8.9642515,6.3882823
Random145
Raw:-5.5756254,13.717198,6.2832794,9.061779,4.651561,7.637404,4.2328205,6.4556856,8.9642515,6.3882837
EFT:-5.5756245,13.7171955,6.283279,9.061777,4.651559,7.6374016,4.23282,6.4556837,8.9642515,6.3882823
Random146
Raw:-5.575624,13.7171955,6.28328,9.061778,4.651559,7.637401,4.2328196,6.4556837,8.9642515,6.3882823
EFT:-5.5756245,13.7171955,6.283279,9.061777,4.651559,7.6374016,4.23282,6.4556837,8.9642515,6.3882823
Random147
Raw:-5.575625,13.717193,6.283279,9.061776,4.651559,7.637402,4.2328196,6.4556828,8.9642515,6.388282
EFT:-5.5756245,13.7171955,6.283279,9.061777,4.651559,7.6374016,4.23282,6.4556837,8.9642515,6.3882823
Random148
Raw:-5.575625,13.717197,6.28328,9.061779,4.651561,7.637403,4.2328196,6.4556856,8.964252,6.3882833
EFT:-5.5756245,13.7171955,6.283279,9.061777,4.651559,7.6374016,4.2328196,6.4556837,8.9642515,6.3882823
Random149
Raw:-5.575625,13.717197,6.28328,9.061779,4.651561,7.637403,4.2328196,6.4556837,8.9642515,6.3882833
EFT:-5.5756245,13.7171955,6.283279,9.061777,4.651559,7.6374016,4.2328196,6.4556837,8.9642515,6.3882823
Random150
Raw:-5.575626,13.7171955,6.28328,9.061779,4.6515617,7.637403,4.2328196,6.4556837,8.9642515,6.3882823
EFT:-5.5756245,13.7171955,6.283279,9.061777,4.651559,7.6374016,4.23282,6.4556837,8.9642515,6.3882823
Random151
Raw:-5.575624,13.717192,6.2832785,9.061777,4.651559,7.637401,4.2328205,6.4556823,8.964251,6.3882804
EFT:-5.5756245,13.7171955,6.283279,9.061777,4.651559,7.6374016,4.2328196,6.4556837,8.964251,6.3882823
Random152
Raw:-5.575624,13.717198,6.28328,9.061779,4.6515617,7.637403,4.2328205,6.4556856,8.9642515,6.3882833
EFT:-5.5756245,13.7171955,6.283279,9.061777,4.651559,7.6374016,4.23282,6.4556837,8.9642515,6.3882823
Random153
Raw:-5.575625,13.717197,6.28328,9.06178,4.6515603,7.637404,4.232821,6.4556847,8.964252,6.3882837
EFT:-5.5756245,13.7171955,6.283279,9.061777,4.651559,7.6374016,4.2328196,6.4556837,8.9642515,6.3882823
Random154
Raw:-5.5756245,13.7171955,6.2832794,9.061779,4.651561,7.637403,4.2328196,6.4556847,8.9642515,6.388283
EFT:-5.5756245,13.7171955,6.283279,9.061777,4.651559,7.6374016,4.23282,6.4556837,8.9642515,6.3882823
Random155
Raw:-5.575625,13.717197,6.2832794,9.061779,4.651561,7.637403,4.23282,6.455685,8.9642515,6.388283
EFT:-5.5756245,13.7171955,6.283279,9.061777,4.651559,7.6374016,4.2328196,6.4556837,8.964251,6.3882823
Random156
Raw:-5.575625,13.717199,6.2832794,9.061779,4.651561,7.637403,4.2328205,6.4556856,8.9642515,6.3882837
EFT:-5.5756245,13.7171955,6.283279,9.061777,4.651559,7.6374016,4.2328196,6.4556837,8.9642515,6.3882823
Random157
Raw:-5.575624,13.717194,6.28328,9.061778,4.65156,7.637402,4.2328196,6.455683,8.964251,6.3882823
EFT:-5.5756245,13.7171955,6.283279,9.061777,4.651559,7.6374016,4.23282,6.4556837,8.9642515,6.3882823
Random158
Raw:-5.575624,13.7171955,6.28328,9.061778,4.651559,7.637401,4.2328205,6.455683,8.964251,6.3882823
EFT:-5.5756245,13.7171955,6.283279,9.061777,4.651559,7.6374016,4.23282,6.4556837,8.964251,6.3882823
Random159
Raw:-5.575625,13.717195,6.283279,9.061777,4.651558,7.637402,4.2328196,6.455683,8.9642515,6.388282
EFT:-5.5756245,13.7171955,6.283279,9.061777,4.651559,7.6374016,4.23282,6.4556837,8.9642515,6.3882823
Random160
Raw:-5.5756216,13.717193,6.2832785,9.061775,4.651558,7.637399,4.23282,6.455682,8.964249,6.3882794
EFT:-5.5756245,13.7171955,6.283279,9.061777,4.651559,7.6374016,4.23282,6.4556837,8.964251,6.3882823
Random161
Raw:-5.5756245,13.7171955,6.283279,9.061776,4.651559,7.637401,4.2328196,6.4556837,8.9642515,6.3882823
EFT:-5.5756245,13.7171955,6.283279,9.061777,4.651559,7.6374016,4.2328196,6.4556837,8.9642515,6.3882823
Random162
Raw:-5.5756245,13.717193,6.283278,9.061777,4.651559,7.637401,4.2328205,6.4556823,8.964251,6.388281
EFT:-5.5756245,13.7171955,6.283279,9.061777,4.651559,7.6374016,4.2328196,6.4556837,8.9642515,6.3882823
Random163
Raw:-5.575625,13.717198,6.28328,9.061778,4.6515613,7.637403,4.2328205,6.455685,8.964252,6.388283
EFT:-5.5756245,13.7171955,6.283279,9.061777,4.651559,7.6374016,4.2328196,6.4556837,8.9642515,6.3882823
Random164
Raw:-5.575624,13.7171955,6.2832794,9.061778,4.651558,7.637402,4.23282,6.455683,8.964251,6.388283
EFT:-5.5756245,13.7171955,6.283279,9.061777,4.651559,7.6374016,4.2328196,6.4556837,8.9642515,6.3882823
Random165
Raw:-5.575624,13.717191,6.283278,9.061777,4.651559,7.637401,4.2328196,6.455682,8.96425,6.388281
EFT:-5.5756245,13.7171955,6.283279,9.061777,4.651559,7.6374016,4.23282,6.4556837,8.964251,6.3882823
Random166
Raw:-5.575626,13.717195,6.2832794,9.061777,4.65156,7.637401,4.2328196,6.4556837,8.9642515,6.3882823
EFT:-5.5756245,13.7171955,6.283279,9.061777,4.651559,7.6374016,4.23282,6.4556837,8.9642515,6.3882823
Random167
Raw:-5.575625,13.7171955,6.2832794,9.061778,4.651559,7.637401,4.2328205,6.4556837,8.9642515,6.388283
EFT:-5.5756245,13.7171955,6.283279,9.061777,4.651559,7.6374016,4.23282,6.4556837,8.9642515,6.3882823
Random168
Raw:-5.575623,13.717192,6.283279,9.061776,4.651559,7.637401,4.23282,6.455682,8.964251,6.388281
EFT:-5.5756245,13.7171955,6.283279,9.061777,4.651559,7.6374016,4.23282,6.4556837,8.964251,6.3882823
Random169
Raw:-5.5756245,13.717195,6.2832794,9.061777,4.651559,7.637402,4.2328196,6.4556837,8.964251,6.388282
EFT:-5.5756245,13.7171955,6.283279,9.061777,4.651559,7.6374016,4.2328196,6.4556837,8.964251,6.3882823
Random170
Raw:-5.575626,13.7171955,6.2832794,9.061779,4.651561,7.637404,4.23282,6.4556837,8.9642515,6.388283
EFT:-5.5756245,13.7171955,6.283279,9.061777,4.651559,7.6374016,4.23282,6.4556837,8.964251,6.3882823
Random171
Raw:-5.575624,13.717194,6.2832794,9.061778,4.651559,7.6374,4.2328196,6.4556828,8.964251,6.388282
EFT:-5.5756245,13.7171955,6.283279,9.061777,4.651559,7.6374016,4.2328196,6.4556837,8.9642515,6.3882823
Random172
Raw:-5.575625,13.717197,6.2832794,9.061778,4.651561,7.637403,4.2328196,6.4556847,8.9642515,6.3882833
EFT:-5.5756245,13.7171955,6.283279,9.061777,4.651559,7.6374016,4.2328196,6.4556837,8.964251,6.3882823
Random173
Raw:-5.575624,13.717194,6.283279,9.061776,4.651558,7.637401,4.2328196,6.4556837,8.964251,6.388282
EFT:-5.5756245,13.7171955,6.283279,9.061777,4.651559,7.6374016,4.2328196,6.4556837,8.964251,6.3882823
Random174
Raw:-5.575625,13.717196,6.283279,9.061779,4.651561,7.637403,4.232819,6.4556837,8.9642515,6.388283
EFT:-5.5756245,13.7171955,6.283279,9.061777,4.651559,7.6374016,4.2328196,6.4556837,8.964251,6.3882823
Random175
Raw:-5.575626,13.717195,6.28328,9.061777,4.651559,7.637401,4.2328196,6.4556837,8.964251,6.388282
EFT:-5.5756245,13.7171955,6.283279,9.061777,4.651559,7.6374016,4.2328196,6.4556837,8.9642515,6.3882823
Random176
Raw:-5.5756254,13.717195,6.2832794,9.061777,4.651559,7.637401,4.2328205,6.455683,8.9642515,6.3882837
EFT:-5.5756245,13.7171955,6.283279,9.061777,4.651559,7.6374016,4.2328196,6.4556837,8.9642515,6.3882823
Random177
Raw:-5.575624,13.717193,6.283279,9.061776,4.651559,7.637401,4.2328196,6.4556828,8.96425,6.388281
EFT:-5.5756245,13.7171955,6.283279,9.061777,4.651559,7.6374016,4.2328196,6.4556837,8.9642515,6.3882823
Random178
Raw:-5.575626,13.717195,6.2832785,9.061777,4.6515574,7.637401,4.2328205,6.4556837,8.964251,6.3882837
EFT:-5.5756245,13.7171955,6.283279,9.061777,4.651559,7.6374016,4.23282,6.4556837,8.9642515,6.3882823
Random179
Raw:-5.575624,13.7171955,6.2832794,9.061778,4.6515613,7.637403,4.2328205,6.4556847,8.9642515,6.3882833
EFT:-5.5756245,13.7171955,6.283279,9.061777,4.651559,7.6374016,4.2328196,6.4556837,8.9642515,6.3882823
Random180
Raw:-5.575625,13.7171955,6.283279,9.061777,4.651559,7.637402,4.2328205,6.4556828,8.964251,6.3882837
EFT:-5.5756245,13.7171955,6.283279,9.061777,4.651559,7.6374016,4.2328196,6.4556837,8.9642515,6.3882823
Random181
Raw:-5.575625,13.717196,6.2832794,9.061778,4.651561,7.637403,4.2328196,6.4556847,8.9642515,6.388283
EFT:-5.5756245,13.7171955,6.283279,9.061777,4.651559,7.6374016,4.23282,6.4556837,8.964251,6.3882823
Random182
Raw:-5.575624,13.717194,6.283279,9.061777,4.651559,7.637401,4.2328196,6.4556837,8.964251,6.388282
EFT:-5.5756245,13.7171955,6.283279,9.061777,4.651559,7.6374016,4.23282,6.4556837,8.9642515,6.3882823
Random183
Raw:-5.575625,13.7171955,6.28328,9.06178,4.651561,7.637404,4.2328205,6.455685,8.964252,6.3882813
EFT:-5.5756245,13.7171955,6.283279,9.061777,4.651559,7.6374016,4.23282,6.4556837,8.9642515,6.3882823
Random184
Raw:-5.575625,13.717198,6.2832794,9.061778,4.651561,7.637403,4.2328205,6.4556856,8.964252,6.388283
EFT:-5.5756245,13.7171955,6.283279,9.061777,4.651559,7.6374016,4.2328196,6.4556837,8.9642515,6.3882823
Random185
Raw:-5.5756245,13.7171955,6.2832794,9.061776,4.651559,7.637402,4.2328196,6.455683,8.964251,6.388283
EFT:-5.5756245,13.7171955,6.283279,9.061777,4.651559,7.6374016,4.23282,6.4556837,8.964251,6.3882823
Random186
Raw:-5.575624,13.717196,6.2832794,9.061779,4.651561,7.637403,4.2328196,6.4556837,8.964252,6.3882833
EFT:-5.5756245,13.7171955,6.283279,9.061777,4.651559,7.6374016,4.23282,6.4556837,8.9642515,6.3882823
Random187
Raw:-5.575626,13.7171955,6.2832794,9.06178,4.6515603,7.637404,4.2328205,6.4556856,8.964252,6.3882837
EFT:-5.5756245,13.7171955,6.283279,9.061777,4.651559,7.6374016,4.2328196,6.4556837,8.964251,6.3882823
Random188
Raw:-5.575623,13.717195,6.2832794,9.061778,4.651559,7.637401,4.23282,6.4556837,8.9642515,6.388282
EFT:-5.5756245,13.7171955,6.283279,9.061777,4.651559,7.6374016,4.23282,6.4556837,8.9642515,6.3882823
Random189
Raw:-5.5756245,13.717192,6.283279,9.061776,4.651558,7.6374,4.2328196,6.4556823,8.96425,6.388281
EFT:-5.5756245,13.7171955,6.283279,9.061777,4.651559,7.6374016,4.23282,6.4556837,8.9642515,6.3882823
Random190
Raw:-5.5756245,13.717192,6.283278,9.061776,4.651558,7.6374,4.2328196,6.4556823,8.964251,6.388281
EFT:-5.5756245,13.7171955,6.283279,9.061777,4.651559,7.6374016,4.23282,6.4556837,8.9642515,6.3882823
Random191
Raw:-5.575624,13.717197,6.283279,9.061779,4.651561,7.637403,4.2328205,6.4556847,8.9642515,6.388283
EFT:-5.5756245,13.7171955,6.283279,9.061777,4.651559,7.6374016,4.23282,6.4556837,8.9642515,6.3882823
Random192
Raw:-5.575625,13.717197,6.28328,9.06178,4.651561,7.637402,4.232819,6.455684,8.9642515,6.3882833
EFT:-5.5756245,13.7171955,6.283279,9.061777,4.651559,7.6374016,4.23282,6.4556837,8.9642515,6.3882823
Random193
Raw:-5.575624,13.717196,6.2832794,9.061779,4.651559,7.637403,4.2328196,6.4556847,8.9642515,6.3882837
EFT:-5.5756245,13.7171955,6.283279,9.061777,4.651559,7.6374016,4.2328196,6.4556837,8.964251,6.3882823
Random194
Raw:-5.5756254,13.717198,6.2832794,9.061779,4.6515603,7.637404,4.2328215,6.4556847,8.9642515,6.3882837
EFT:-5.5756245,13.7171955,6.283279,9.061777,4.651559,7.6374016,4.23282,6.4556837,8.9642515,6.3882823
Random195
Raw:-5.575624,13.717194,6.2832794,9.061776,4.651558,7.6374,4.2328196,6.455683,8.964252,6.388282
EFT:-5.5756245,13.7171955,6.283279,9.061777,4.651559,7.6374016,4.23282,6.4556837,8.964251,6.3882823
Random196
Raw:-5.575625,13.717198,6.2832794,9.06178,4.6515613,7.637403,4.2328196,6.455685,8.9642515,6.3882833
EFT:-5.5756245,13.7171955,6.283279,9.061777,4.651559,7.6374016,4.23282,6.4556837,8.9642515,6.3882823
Random197
Raw:-5.575624,13.717195,6.283279,9.061777,4.651559,7.637402,4.2328196,6.4556837,8.964251,6.3882837
EFT:-5.5756245,13.7171955,6.283279,9.061777,4.651559,7.6374016,4.23282,6.4556837,8.9642515,6.3882823
Random198
Raw:-5.575625,13.7171955,6.2832794,9.061779,4.651561,7.637404,4.2328205,6.4556837,8.9642515,6.3882833
EFT:-5.5756245,13.7171955,6.283279,9.061777,4.651559,7.6374016,4.23282,6.4556837,8.9642515,6.3882823
Random199
Raw:-5.575625,13.717198,6.2832794,9.061779,4.6515617,7.637402,4.23282,6.4556847,8.964252,6.388283
EFT:-5.5756245,13.7171955,6.283279,9.061777,4.651559,7.6374016,4.23282,6.4556837,8.9642515,6.3882823
Random200
Raw:-5.5756245,13.7171955,6.2832794,9.061778,4.651561,7.637403,4.2328196,6.4556837,8.9642515,6.388284
EFT:-5.5756245,13.7171955,6.283279,9.061777,4.651559,7.6374016,4.23282,6.4556837,8.964251,6.3882823
Random201
Raw:-5.575625,13.7171955,6.28328,9.06178,4.651561,7.637403,4.2328196,6.455686,8.9642515,6.388283
EFT:-5.5756245,13.7171955,6.283279,9.061777,4.651559,7.6374016,4.23282,6.4556837,8.964251,6.3882823
Random202
Raw:-5.575625,13.717195,6.2832785,9.061778,4.6515584,7.637401,4.2328205,6.4556837,8.964251,6.3882823
EFT:-5.5756245,13.7171955,6.283279,9.061777,4.651559,7.6374016,4.2328196,6.4556837,8.9642515,6.3882823
Random203
Raw:-5.5756245,13.7171955,6.283279,9.061778,4.651558,7.637401,4.2328205,6.4556837,8.9642515,6.388283
EFT:-5.5756245,13.7171955,6.283279,9.061777,4.651559,7.6374016,4.2328196,6.4556837,8.9642515,6.3882823
Random204
Raw:-5.575624,13.717196,6.28328,9.061779,4.651561,7.637403,4.2328196,6.455684,8.9642515,6.3882837
EFT:-5.5756245,13.7171955,6.283279,9.061777,4.651559,7.6374016,4.2328196,6.4556837,8.964251,6.3882823
Random205
Raw:-5.575627,13.717198,6.283279,9.061779,4.6515613,7.637404,4.23282,6.4556847,8.9642515,6.388283
EFT:-5.5756245,13.7171955,6.283279,9.061777,4.651559,7.6374016,4.23282,6.4556837,8.964251,6.3882823
Random206
Raw:-5.5756254,13.717198,6.2832794,9.061779,4.651561,7.637403,4.2328205,6.4556856,8.9642515,6.388283
EFT:-5.5756245,13.7171955,6.283279,9.061777,4.651559,7.6374016,4.2328196,6.4556837,8.9642515,6.3882823
Random207
Raw:-5.575624,13.717194,6.283279,9.061777,4.6515584,7.6374,4.2328196,6.455683,8.9642515,6.388282
EFT:-5.5756245,13.7171955,6.283279,9.061777,4.651559,7.6374016,4.2328196,6.4556837,8.964251,6.3882823
Random208
Raw:-5.575625,13.717193,6.2832785,9.061777,4.651559,7.6374,4.2328196,6.455682,8.964251,6.388281
EFT:-5.5756245,13.7171955,6.283279,9.061777,4.651559,7.6374016,4.2328196,6.4556837,8.9642515,6.3882823
Random209
Raw:-5.575624,13.717195,6.283279,9.061777,4.651559,7.637402,4.23282,6.455683,8.9642515,6.388282
EFT:-5.5756245,13.7171955,6.283279,9.061777,4.651559,7.6374016,4.2328196,6.4556837,8.9642515,6.3882823
Random210
Raw:-5.5756245,13.717198,6.28328,9.061779,4.651561,7.637403,4.2328205,6.4556856,8.964252,6.3882823
EFT:-5.5756245,13.7171955,6.283279,9.061777,4.651559,7.6374016,4.23282,6.4556837,8.964251,6.3882823
Random211
Raw:-5.5756254,13.717197,6.283279,9.06178,4.651561,7.637404,4.2328205,6.4556847,8.964252,6.388284
EFT:-5.5756245,13.7171955,6.283279,9.061777,4.651559,7.6374016,4.23282,6.4556837,8.9642515,6.3882823
Random212
Raw:-5.575626,13.717196,6.2832794,9.061778,4.651561,7.637403,4.23282,6.4556837,8.9642515,6.3882837
EFT:-5.5756245,13.7171955,6.283279,9.061777,4.651559,7.6374016,4.2328196,6.4556837,8.9642515,6.3882823
Random213
Raw:-5.575624,13.7171955,6.283279,9.06178,4.651561,7.637403,4.2328196,6.4556847,8.9642515,6.3882833
EFT:-5.5756245,13.7171955,6.283279,9.061777,4.651559,7.6374016,4.2328196,6.4556837,8.9642515,6.3882823
Random214
Raw:-5.575625,13.7171955,6.283279,9.061778,4.651561,7.637403,4.2328196,6.455684,8.964251,6.3882837
EFT:-5.5756245,13.7171955,6.283279,9.061777,4.651559,7.6374016,4.23282,6.4556837,8.9642515,6.3882823
Random215
Raw:-5.575624,13.717194,6.2832794,9.061777,4.6515584,7.6374,4.23282,6.4556837,8.964251,6.388282
EFT:-5.5756245,13.7171955,6.283279,9.061777,4.651559,7.6374016,4.23282,6.4556837,8.9642515,6.3882823
Random216
Raw:-5.575625,13.717198,6.28328,9.061779,4.6515617,7.637404,4.2328205,6.455685,8.9642515,6.388283
EFT:-5.5756245,13.7171955,6.283279,9.061777,4.651559,7.6374016,4.23282,6.4556837,8.9642515,6.3882823
Random217
Raw:-5.575625,13.7171955,6.283279,9.061778,4.651559,7.637401,4.2328196,6.455684,8.964251,6.388283
EFT:-5.5756245,13.7171955,6.283279,9.061777,4.651559,7.6374016,4.23282,6.4556837,8.9642515,6.3882823
Random218
Raw:-5.575625,13.717196,6.2832804,9.061779,4.6515613,7.637404,4.2328196,6.4556837,8.9642515,6.3882837
EFT:-5.5756245,13.7171955,6.283279,9.061777,4.651559,7.6374016,4.2328196,6.4556837,8.964251,6.3882823
Random219
Raw:-5.575626,13.717196,6.2832794,9.061779,4.651561,7.637403,4.2328196,6.455684,8.9642515,6.388283
EFT:-5.5756245,13.7171955,6.283279,9.061777,4.651559,7.6374016,4.2328196,6.4556837,8.9642515,6.3882823
Random220
Raw:-5.575626,13.717197,6.28328,9.06178,4.651561,7.637405,4.232821,6.4556856,8.964252,6.3882833
EFT:-5.5756245,13.7171955,6.283279,9.061777,4.651559,7.6374016,4.23282,6.4556837,8.9642515,6.3882823
Random221
Raw:-5.5756245,13.7171955,6.2832794,9.061777,4.651559,7.637401,4.23282,6.4556837,8.9642515,6.3882823
EFT:-5.5756245,13.7171955,6.283279,9.061777,4.651559,7.6374016,4.23282,6.4556837,8.9642515,6.3882823
Random222
Raw:-5.575625,13.717195,6.28328,9.061778,4.6515594,7.637401,4.2328205,6.455683,8.964251,6.388282
EFT:-5.5756245,13.7171955,6.283279,9.061777,4.651559,7.6374016,4.2328196,6.4556837,8.9642515,6.3882823
Random223
Raw:-5.575624,13.717194,6.283279,9.061777,4.651559,7.637401,4.2328196,6.4556837,8.964251,6.388282
EFT:-5.5756245,13.7171955,6.283279,9.061777,4.651559,7.6374016,4.23282,6.4556837,8.9642515,6.3882823
Random224
Raw:-5.575624,13.717194,6.283279,9.061776,4.651559,7.637401,4.2328196,6.4556856,8.9642515,6.388282
EFT:-5.5756245,13.7171955,6.283279,9.061777,4.651559,7.6374016,4.2328196,6.4556837,8.9642515,6.3882823
Random225
Raw:-5.575625,13.7171955,6.28328,9.06178,4.6515603,7.637404,4.232821,6.4556847,8.964252,6.3882833
EFT:-5.5756245,13.7171955,6.283279,9.061777,4.651559,7.6374016,4.2328196,6.4556837,8.9642515,6.3882823
Random226
Raw:-5.575625,13.717197,6.283279,9.061778,4.6515594,7.637403,4.23282,6.455684,8.9642515,6.3882833
EFT:-5.5756245,13.7171955,6.283279,9.061777,4.651559,7.6374016,4.23282,6.4556837,8.9642515,6.3882823
Random227
Raw:-5.575625,13.717196,6.28328,9.061779,4.651561,7.637403,4.2328196,6.4556847,8.964252,6.3882833
EFT:-5.5756245,13.7171955,6.283279,9.061777,4.651559,7.6374016,4.2328196,6.4556837,8.9642515,6.3882823
Random228
Raw:-5.575624,13.717194,6.283279,9.061777,4.651559,7.6374,4.2328186,6.4556837,8.9642515,6.388282
EFT:-5.5756245,13.7171955,6.283279,9.061777,4.651559,7.6374016,4.23282,6.4556837,8.9642515,6.3882823
Random229
Raw:-5.575624,13.717193,6.2832794,9.061777,4.651559,7.637401,4.2328196,6.4556837,8.964251,6.388281
EFT:-5.5756245,13.7171955,6.283279,9.061777,4.651559,7.6374016,4.23282,6.4556837,8.9642515,6.3882823
Random230
Raw:-5.575624,13.717195,6.2832794,9.061776,4.6515594,7.637401,4.23282,6.4556847,8.9642515,6.388282
EFT:-5.5756245,13.7171955,6.283279,9.061777,4.651559,7.6374016,4.23282,6.4556837,8.9642515,6.3882823
Random231
Raw:-5.575625,13.717196,6.283279,9.061778,4.651561,7.637403,4.2328196,6.4556837,8.9642515,6.388283
EFT:-5.5756245,13.7171955,6.283279,9.061777,4.651559,7.6374016,4.23282,6.4556837,8.9642515,6.3882823
Random232
Raw:-5.575624,13.7171955,6.283279,9.061777,4.6515584,7.637402,4.2328196,6.4556837,8.964251,6.388283
EFT:-5.5756245,13.7171955,6.283279,9.061777,4.651559,7.6374016,4.23282,6.4556837,8.964251,6.3882823
Random233
Raw:-5.575624,13.717198,6.283279,9.06178,4.651561,7.637403,4.2328205,6.455685,8.9642515,6.388283
EFT:-5.5756245,13.7171955,6.283279,9.061777,4.651559,7.6374016,4.23282,6.4556837,8.9642515,6.3882823
Random234
Raw:-5.575625,13.717191,6.2832785,9.061776,4.651559,7.637401,4.2328196,6.4556823,8.964251,6.388281
EFT:-5.5756245,13.7171955,6.283279,9.061777,4.651559,7.6374016,4.2328196,6.4556837,8.9642515,6.3882823
Random235
Raw:-5.575625,13.717195,6.283279,9.061776,4.651559,7.637401,4.2328196,6.4556837,8.964251,6.388282
EFT:-5.5756245,13.7171955,6.283279,9.061777,4.651559,7.6374016,4.2328196,6.4556837,8.964251,6.3882823
Random236
Raw:-5.575625,13.717195,6.28328,9.061778,4.651559,7.637401,4.2328205,6.455683,8.964251,6.388282
EFT:-5.5756245,13.7171955,6.283279,9.061777,4.651559,7.6374016,4.23282,6.4556837,8.9642515,6.3882823
Random237
Raw:-5.575624,13.7171955,6.283279,9.061778,4.651559,7.637401,4.2328205,6.455683,8.9642515,6.3882837
EFT:-5.5756245,13.7171955,6.283279,9.061777,4.651559,7.6374016,4.2328196,6.4556837,8.964251,6.3882823
Random238
Raw:-5.575625,13.7171955,6.283279,9.061777,4.651557,7.637401,4.2328205,6.4556837,8.964251,6.388283
EFT:-5.5756245,13.7171955,6.283279,9.061777,4.651559,7.6374016,4.23282,6.4556837,8.964251,6.3882823
Random239
Raw:-5.575624,13.717194,6.283279,9.061776,4.6515594,7.6374,4.23282,6.4556837,8.964251,6.388282
EFT:-5.5756245,13.7171955,6.283279,9.061777,4.651559,7.6374016,4.2328196,6.4556837,8.9642515,6.3882823
Random240
Raw:-5.5756245,13.717195,6.283279,9.061777,4.6515594,7.637401,4.2328196,6.455683,8.964251,6.388282
EFT:-5.5756245,13.7171955,6.283279,9.061777,4.651559,7.6374016,4.23282,6.4556837,8.9642515,6.3882823
Random241
Raw:-5.575625,13.717197,6.28328,9.061779,4.651561,7.637403,4.2328196,6.455684,8.9642515,6.3882833
EFT:-5.5756245,13.7171955,6.283279,9.061777,4.651559,7.6374016,4.23282,6.4556837,8.9642515,6.3882823
Random242
Raw:-5.575624,13.7171955,6.2832794,9.061778,4.6515594,7.637401,4.2328196,6.455684,8.9642515,6.388283
EFT:-5.5756245,13.7171955,6.283279,9.061777,4.651559,7.6374016,4.23282,6.4556837,8.964251,6.3882823
Random243
Raw:-5.575625,13.717197,6.28328,9.061779,4.651561,7.637403,4.23282,6.4556856,8.9642515,6.388283
EFT:-5.5756245,13.7171955,6.283279,9.061777,4.651559,7.6374016,4.2328196,6.4556837,8.964251,6.3882823
Random244
Raw:-5.575625,13.717196,6.2832794,9.061779,4.651561,7.637403,4.2328196,6.4556837,8.9642515,6.3882833
EFT:-5.5756245,13.7171955,6.283279,9.061777,4.651559,7.6374016,4.2328196,6.4556837,8.9642515,6.3882823
Random245
Raw:-5.575625,13.717197,6.2832794,9.061779,4.651561,7.637403,4.2328205,6.4556856,8.9642515,6.388283
EFT:-5.5756245,13.7171955,6.283279,9.061777,4.651559,7.6374016,4.2328196,6.4556837,8.9642515,6.3882823
Random246
Raw:-5.575625,13.717196,6.2832794,9.061778,4.65156,7.637403,4.2328196,6.4556847,8.964251,6.3882837
EFT:-5.5756245,13.7171955,6.283279,9.061777,4.651559,7.6374016,4.23282,6.4556837,8.9642515,6.3882823
Random247
Raw:-5.5756245,13.717192,6.2832775,9.061776,4.651559,7.6374,4.2328205,6.4556823,8.964249,6.3882813
EFT:-5.5756245,13.7171955,6.283279,9.061777,4.651559,7.6374016,4.23282,6.4556837,8.9642515,6.3882823
Random248
Raw:-5.575624,13.717196,6.283279,9.061779,4.6515613,7.637403,4.2328196,6.4556847,8.9642515,6.3882833
EFT:-5.5756245,13.7171955,6.283279,9.061777,4.651559,7.6374016,4.23282,6.4556837,8.964251,6.3882823
Random249
Raw:-5.5756235,13.717196,6.283279,9.061778,4.651561,7.637403,4.23282,6.455684,8.964251,6.3882833
EFT:-5.5756245,13.7171955,6.283279,9.061777,4.651559,7.6374016,4.2328196,6.4556837,8.964251,6.3882823
Random250
Raw:-5.5756245,13.717193,6.283279,9.061776,4.651558,7.637401,4.2328196,6.455682,8.964251,6.388281
EFT:-5.5756245,13.7171955,6.283279,9.061777,4.651559,7.6374016,4.23282,6.4556837,8.9642515,6.3882823
Random251
Raw:-5.5756245,13.717195,6.2832794,9.061776,4.6515594,7.637401,4.2328196,6.4556837,8.9642515,6.3882813
EFT:-5.5756245,13.7171955,6.283279,9.061777,4.651559,7.6374016,4.2328196,6.4556837,8.964251,6.3882823
Random252
Raw:-5.575624,13.717197,6.28328,9.061779,4.6515613,7.637404,4.2328196,6.4556837,8.964251,6.388284
EFT:-5.5756245,13.7171955,6.283279,9.061777,4.651559,7.6374016,4.2328196,6.4556837,8.9642515,6.3882823
Random253
Raw:-5.5756235,13.717195,6.283279,9.061778,4.651559,7.637401,4.23282,6.455683,8.9642515,6.3882823
EFT:-5.5756245,13.7171955,6.283279,9.061777,4.651559,7.6374016,4.23282,6.4556837,8.9642515,6.3882823
Random254
Raw:-5.575624,13.717199,6.28328,9.06178,4.651562,7.637405,4.2328196,6.4556875,8.964254,6.388285
EFT:-5.5756245,13.7171955,6.283279,9.061777,4.651559,7.6374016,4.2328196,6.4556837,8.9642515,6.3882823
Random255
Raw:-5.575626,13.717198,6.28328,9.06178,4.651561,7.637404,4.23282,6.4556856,8.964252,6.388283
EFT:-5.5756245,13.7171955,6.283279,9.061777,4.651559,7.6374016,4.23282,6.4556837,8.964251,6.3882823
Random256
Raw:-5.575624,13.717192,6.2832785,9.061775,4.65156,7.6374,4.2328196,6.4556828,8.96425,6.388281
EFT:-5.5756245,13.7171955,6.283279,9.061777,4.651559,7.6374016,4.2328196,6.4556837,8.9642515,6.3882823
Random257
Raw:-5.575624,13.7171955,6.283279,9.061777,4.651559,7.637401,4.2328205,6.4556837,8.964251,6.3882823
EFT:-5.5756245,13.7171955,6.283279,9.061777,4.651559,7.6374016,4.23282,6.4556837,8.964251,6.3882823
Random258
Raw:-5.5756245,13.717193,6.2832785,9.061777,4.6515584,7.6374,4.2328196,6.455682,8.964251,6.388281
EFT:-5.5756245,13.7171955,6.283279,9.061777,4.651559,7.6374016,4.23282,6.4556837,8.9642515,6.3882823
Random259
Raw:-5.5756245,13.7171955,6.283279,9.061778,4.651559,7.637401,4.2328196,6.455683,8.9642515,6.388283
EFT:-5.5756245,13.7171955,6.283279,9.061777,4.651559,7.6374016,4.2328196,6.4556837,8.964251,6.3882823
Random260
Raw:-5.575624,13.717195,6.283279,9.061777,4.6515594,7.637401,4.2328196,6.455683,8.964251,6.3882823
EFT:-5.5756245,13.7171955,6.283279,9.061777,4.651559,7.6374016,4.23282,6.4556837,8.964251,6.3882823
Random261
Raw:-5.5756254,13.717197,6.2832804,9.06178,4.651561,7.637404,4.2328205,6.4556856,8.964252,6.388283
EFT:-5.5756245,13.7171955,6.283279,9.061777,4.651559,7.6374016,4.23282,6.4556837,8.9642515,6.3882823
Random262
Raw:-5.5756245,13.717196,6.2832794,9.061778,4.6515613,7.637402,4.2328196,6.4556847,8.9642515,6.388283
EFT:-5.5756245,13.7171955,6.283279,9.061777,4.651559,7.6374016,4.23282,6.4556837,8.964251,6.3882823
Random263
Raw:-5.575625,13.717197,6.2832794,9.061778,4.6515603,7.637402,4.2328196,6.4556847,8.96425,6.3882823
EFT:-5.5756245,13.7171955,6.283279,9.061777,4.651559,7.6374016,4.2328196,6.4556837,8.9642515,6.3882823
Random264
Raw:-5.575624,13.717196,6.2832804,9.061779,4.651561,7.637403,4.2328196,6.4556847,8.9642515,6.3882837
EFT:-5.5756245,13.7171955,6.283279,9.061777,4.651559,7.6374016,4.23282,6.4556837,8.964251,6.3882823
Random265
Raw:-5.575625,13.717195,6.283279,9.061778,4.651559,7.637402,4.2328205,6.4556837,8.9642515,6.3882823
EFT:-5.5756245,13.7171955,6.283279,9.061777,4.651559,7.6374016,4.23282,6.4556837,8.9642515,6.3882823
Random266
Raw:-5.5756245,13.7171955,6.2832794,9.061777,4.651559,7.637401,4.2328205,6.455684,8.964251,6.388282
EFT:-5.5756245,13.7171955,6.283279,9.061777,4.651559,7.6374016,4.23282,6.4556837,8.9642515,6.3882823
Random267
Raw:-5.5756254,13.717197,6.2832794,9.061778,4.651561,7.637403,4.2328196,6.455683,8.9642515,6.3882837
EFT:-5.5756245,13.7171955,6.283279,9.061777,4.651559,7.6374016,4.23282,6.4556837,8.9642515,6.3882823
Random268
Raw:-5.575625,13.717196,6.2832804,9.061779,4.6515617,7.637403,4.2328196,6.455684,8.964251,6.388283
EFT:-5.5756245,13.7171955,6.283279,9.061777,4.651559,7.6374016,4.23282,6.4556837,8.9642515,6.3882823
Random269
Raw:-5.575624,13.7171955,6.283279,9.061777,4.651559,7.637401,4.2328196,6.4556828,8.9642515,6.388282
EFT:-5.5756245,13.7171955,6.283279,9.061777,4.651559,7.6374016,4.2328196,6.4556837,8.9642515,6.3882823
Random270
Raw:-5.5756235,13.717194,6.2832794,9.061776,4.6515584,7.637401,4.2328196,6.455684,8.96425,6.388282
EFT:-5.5756245,13.7171955,6.283279,9.061777,4.651559,7.6374016,4.23282,6.4556837,8.9642515,6.3882823
Random271
Raw:-5.575624,13.717195,6.2832785,9.061778,4.65156,7.637402,4.2328215,6.4556828,8.964251,6.3882823
EFT:-5.5756245,13.7171955,6.283279,9.061777,4.651559,7.6374016,4.2328196,6.4556837,8.964251,6.3882823
Random272
Raw:-5.575625,13.717199,6.2832804,9.061778,4.651561,7.637403,4.2328205,6.455685,8.9642515,6.3882833
EFT:-5.5756245,13.7171955,6.283279,9.061777,4.651559,7.6374016,4.23282,6.4556837,8.964251,6.3882823
Random273
Raw:-5.5756245,13.7171955,6.283279,9.061777,4.651559,7.637402,4.23282,6.455683,8.964251,6.388283
EFT:-5.5756245,13.7171955,6.283279,9.061777,4.651559,7.6374016,4.2328196,6.4556837,8.964251,6.3882823
Random274
Raw:-5.575624,13.717196,6.283279,9.061777,4.651559,7.637401,4.2328205,6.4556837,8.964251,6.388282
EFT:-5.5756245,13.7171955,6.283279,9.061777,4.651559,7.6374016,4.23282,6.4556837,8.964251,6.3882823
Random275
Raw:-5.5756245,13.717195,6.283279,9.061777,4.6515584,7.637401,4.23282,6.4556837,8.964251,6.388282
EFT:-5.5756245,13.7171955,6.283279,9.061777,4.651559,7.6374016,4.23282,6.4556837,8.9642515,6.3882823
Random276
Raw:-5.575625,13.717195,6.283279,9.061778,4.6515584,7.637402,4.2328205,6.455683,8.964251,6.388283
EFT:-5.5756245,13.7171955,6.283279,9.061777,4.651559,7.6374016,4.23282,6.4556837,8.9642515,6.3882823
Random277
Raw:-5.5756254,13.717197,6.2832804,9.061779,4.6515613,7.637403,4.2328205,6.455684,8.9642515,6.3882823
EFT:-5.5756245,13.7171955,6.283279,9.061777,4.651559,7.6374016,4.2328196,6.4556837,8.964251,6.3882823
Random278
Raw:-5.575622,13.717194,6.2832785,9.061776,4.651557,7.6374,4.2328196,6.455682,8.96425,6.38828
EFT:-5.5756245,13.7171955,6.283279,9.061777,4.651559,7.6374016,4.23282,6.4556837,8.9642515,6.3882823
Random279
Raw:-5.575624,13.7171955,6.2832794,9.061777,4.651559,7.637402,4.2328205,6.455684,8.964251,6.3882823
EFT:-5.5756245,13.7171955,6.283279,9.061777,4.651559,7.6374016,4.23282,6.4556837,8.9642515,6.3882823
Random280
Raw:-5.5756245,13.717192,6.283279,9.061776,4.651559,7.6374,4.2328196,6.455682,8.964249,6.388281
EFT:-5.5756245,13.7171955,6.283279,9.061777,4.651559,7.6374016,4.23282,6.4556837,8.9642515,6.3882823
Random281
Raw:-5.575625,13.7171955,6.283279,9.061778,4.651559,7.637402,4.23282,6.455683,8.9642515,6.3882823
EFT:-5.5756245,13.7171955,6.283279,9.061777,4.651559,7.6374016,4.2328196,6.4556837,8.9642515,6.3882823
Random282
Raw:-5.5756235,13.717194,6.283279,9.061777,4.651558,7.637401,4.2328205,6.4556837,8.964251,6.388281
EFT:-5.5756245,13.7171955,6.283279,9.061777,4.651559,7.6374016,4.23282,6.4556837,8.9642515,6.3882823
Random283
Raw:-5.575623,13.717193,6.2832785,9.061776,4.6515574,7.637399,4.23282,6.4556823,8.964249,6.388279
EFT:-5.5756245,13.7171955,6.283279,9.061777,4.651559,7.6374016,4.23282,6.4556837,8.9642515,6.3882823
Random284
Raw:-5.5756254,13.7172,6.2832785,9.061779,4.6515617,7.637403,4.23282,6.4556847,8.964252,6.388283
EFT:-5.5756245,13.7171955,6.283279,9.061777,4.651559,7.6374016,4.2328196,6.4556837,8.9642515,6.3882823
Random285
Raw:-5.575624,13.717194,6.2832794,9.061776,4.651559,7.637401,4.2328196,6.4556837,8.964251,6.3882813
EFT:-5.5756245,13.7171955,6.283279,9.061777,4.651559,7.6374016,4.23282,6.4556837,8.9642515,6.3882823
Random286
Raw:-5.575624,13.717194,6.283279,9.061777,4.651559,7.637401,4.23282,6.4556837,8.964251,6.388282
EFT:-5.5756245,13.7171955,6.283279,9.061777,4.651559,7.6374016,4.23282,6.4556837,8.9642515,6.3882823
Random287
Raw:-5.575624,13.717195,6.2832794,9.061776,4.651559,7.637401,4.23282,6.4556837,8.964251,6.388282
EFT:-5.5756245,13.7171955,6.283279,9.061777,4.651559,7.6374016,4.2328196,6.4556837,8.9642515,6.3882823
Random288
Raw:-5.575625,13.717197,6.283279,9.061779,4.6515617,7.637402,4.2328196,6.4556837,8.964251,6.388283
EFT:-5.5756245,13.7171955,6.283279,9.061777,4.651559,7.6374016,4.23282,6.4556837,8.9642515,6.3882823
Random289
Raw:-5.575625,13.717197,6.283279,9.061778,4.6515603,7.637403,4.2328196,6.4556847,8.9642515,6.3882833
EFT:-5.5756245,13.7171955,6.283279,9.061777,4.651559,7.6374016,4.23282,6.4556837,8.9642515,6.3882823
Random290
Raw:-5.5756245,13.717198,6.28328,9.06178,4.6515617,7.637404,4.23282,6.455685,8.964251,6.388283
EFT:-5.5756245,13.7171955,6.283279,9.061777,4.651559,7.6374016,4.23282,6.4556837,8.9642515,6.3882823
Random291
Raw:-5.575625,13.717198,6.283279,9.061779,4.651561,7.637402,4.23282,6.4556856,8.9642515,6.3882823
EFT:-5.5756245,13.7171955,6.283279,9.061777,4.651559,7.6374016,4.2328196,6.4556837,8.9642515,6.3882823
Random292
Raw:-5.575624,13.717194,6.2832785,9.061776,4.651559,7.637401,4.2328196,6.455683,8.964251,6.388282
EFT:-5.5756245,13.7171955,6.283279,9.061777,4.651559,7.6374016,4.23282,6.4556837,8.9642515,6.3882823
Random293
Raw:-5.575624,13.7171955,6.283279,9.061777,4.651559,7.637402,4.2328196,6.4556837,8.964251,6.388283
EFT:-5.5756245,13.7171955,6.283279,9.061777,4.651559,7.6374016,4.23282,6.4556837,8.9642515,6.3882823
Random294
Raw:-5.5756245,13.717194,6.28328,9.061776,4.6515584,7.637401,4.2328205,6.4556837,8.964251,6.388282
EFT:-5.5756245,13.7171955,6.283279,9.061777,4.651559,7.6374016,4.2328196,6.4556837,8.9642515,6.3882823
Random295
Raw:-5.5756254,13.717196,6.2832794,9.061778,4.6515603,7.637404,4.2328205,6.455684,8.964251,6.388283
EFT:-5.5756245,13.7171955,6.283279,9.061777,4.651559,7.6374016,4.23282,6.4556837,8.964251,6.3882823
Random296
Raw:-5.575624,13.717196,6.28328,9.061778,4.651561,7.637403,4.2328196,6.455683,8.9642515,6.3882833
EFT:-5.5756245,13.7171955,6.283279,9.061777,4.651559,7.6374016,4.23282,6.4556837,8.9642515,6.3882823
Random297
Raw:-5.575625,13.717196,6.2832804,9.061779,4.651561,7.637403,4.2328196,6.4556847,8.9642515,6.3882833
EFT:-5.5756245,13.7171955,6.283279,9.061777,4.651559,7.6374016,4.23282,6.4556837,8.9642515,6.3882823
Random298
Raw:-5.575625,13.717196,6.283279,9.061778,4.651561,7.637403,4.23282,6.455684,8.9642515,6.3882837
EFT:-5.5756245,13.7171955,6.283279,9.061777,4.651559,7.6374016,4.23282,6.4556837,8.9642515,6.3882823
Random299
Raw:-5.5756254,13.7171955,6.283279,9.061778,4.6515584,7.637402,4.2328196,6.455683,8.964251,6.388282
EFT:-5.5756245,13.7171955,6.283279,9.061777,4.651559,7.6374016,4.23282,6.4556837,8.9642515,6.3882823
Random300
Raw:-5.5756245,13.717195,6.283279,9.061777,4.651559,7.637401,4.2328196,6.4556837,8.9642515,6.3882823
EFT:-5.5756245,13.7171955,6.283279,9.061777,4.651559,7.6374016,4.2328196,6.4556837,8.9642515,6.3882823
