Ascend
Raw:16.078754,-1.9668754,10.302896,12.622253,12.231074,19.870466,21.374348,7.208615,16.927662,5.717834
EFT:16.078756,-1.9668735,10.3028965,12.622255,12.231077,19.870468,21.37435,7.208617,16.927666,5.717838
Descend
Raw:16.078753,-1.9668721,10.302894,12.622252,12.231073,19.870464,21.374344,7.208615,16.927662,5.717838
EFT:16.078756,-1.9668735,10.3028965,12.622255,12.231077,19.870468,21.37435,7.208617,16.927666,5.717838
Random1
Raw:16.078754,-1.966874,10.302894,12.622253,12.231073,19.870464,21.374346,7.208615,16.927662,5.717835
EFT:16.078756,-1.9668735,10.3028965,12.622255,12.231077,19.870468,21.37435,7.208617,16.927666,5.717838
Random2
Raw:16.078756,-1.966873,10.3028965,12.622255,12.231077,19.870468,21.37435,7.2086186,16.927666,5.717839
EFT:16.078756,-1.9668735,10.3028965,12.622255,12.231077,19.870468,21.37435,7.208617,16.927666,5.717838
Random3
Raw:16.078754,-1.966874,10.302896,12.622254,12.231075,19.870466,21.374348,7.208616,16.927664,5.717836
EFT:16.078756,-1.9668735,10.3028965,12.622255,12.231077,19.870468,21.37435,7.208617,16.927666,5.717838
Random4
Raw:16.078758,-1.9668721,10.302897,12.622258,12.231079,19.87047,21.374352,7.2086196,16.92767,5.7178397
EFT:16.078756,-1.9668735,10.3028965,12.622255,12.231077,19.870468,21.37435,7.208617,16.927666,5.717838
Random5
Raw:16.078754,-1.9668745,10.302896,12.622254,12.231075,19.870466,21.374348,7.208615,16.927662,5.717835
EFT:16.078756,-1.9668735,10.3028965,12.622255,12.231077,19.870468,21.37435,7.208617,16.927666,5.717838
Random6
Raw:16.078756,-1.966874,10.3028965,12.622255,12.231077,19.870468,21.37435,7.2086167,16.927666,5.717837
EFT:16.078756,-1.9668735,10.3028965,12.622255,12.231077,19.870468,21.37435,7.208617,16.927666,5.717838
Random7
Raw:16.078754,-1.966874,10.302894,12.622253,12.231073,19.870464,21.374346,7.208615,16.927662,5.717835
EFT:16.078756,-1.9668735,10.3028965,12.622255,12.231077,19.870468,21.37435,7.208617,16.927666,5.717838
Random8
Raw:16.078756,-1.9668721,10.302897,12.622256,12.231078,19.870468,21.37435,7.2086186,16.927666,5.7178407
EFT:16.078756,-1.9668735,10.3028965,12.622255,12.231077,19.870468,21.37435,7.208617,16.927666,5.717838
Random9
Raw:16.078756,-1.966873,10.3028965,12.622255,12.231077,19.870468,21.37435,7.2086186,16.927666,5.717839
EFT:16.078756,-1.9668735,10.3028965,12.622255,12.231077,19.870468,21.37435,7.208617,16.927666,5.717838
Random10
Raw:16.078753,-1.9668783,10.302895,12.622252,12.231072,19.870464,21.374348,7.208612,16.92766,5.7178273
EFT:16.078756,-1.9668735,10.3028965,12.622255,12.231077,19.870468,21.37435,7.208617,16.927666,5.717838
Random11
Raw:16.078754,-1.966875,10.302894,12.622252,12.231073,19.870464,21.374346,7.208615,16.927662,5.717833
EFT:16.078756,-1.9668735,10.3028965,12.622255,12.231077,19.870468,21.37435,7.208617,16.927666,5.717838
Random12
Raw:16.078756,-1.966874,10.3028965,12.622255,12.231077,19.870468,21.37435,7.2086167,16.927666,5.717837
EFT:16.078756,-1.9668735,10.3028965,12.622255,12.231077,19.870468,21.37435,7.208617,16.927666,5.717838
Random13
Raw:16.078753,-1.9668735,10.302894,12.6222515,12.231072,19.870462,21.374344,7.208614,16.927662,5.717835
EFT:16.078756,-1.9668735,10.3028965,12.622255,12.231077,19.870468,21.37435,7.208617,16.927666,5.717838
Random14
Raw:16.078756,-1.966875,10.3028965,12.622255,12.231076,19.870468,21.37435,7.2086167,16.927666,5.717836
EFT:16.078756,-1.9668735,10.3028965,12.622255,12.231077,19.870468,21.37435,7.208617,16.927666,5.717838
Random15
Raw:16.078754,-1.9668754,10.302894,12.622252,12.231072,19.870464,21.374346,7.208614,16.927662,5.717832
EFT:16.078756,-1.9668735,10.3028965,12.622255,12.231077,19.870468,21.37435,7.208617,16.927666,5.717838
Random16
Raw:16.078749,-1.9668726,10.302891,12.62225,12.23107,19.870459,21.374338,7.208613,16.927658,5.717835
EFT:16.078756,-1.9668735,10.3028965,12.622255,12.231077,19.870468,21.37435,7.208617,16.927666,5.717838
Random17
Raw:16.07875,-1.9668754,10.302892,12.62225,12.23107,19.870459,21.37434,7.208612,16.927658,5.71783
EFT:16.078756,-1.9668735,10.3028965,12.622255,12.231077,19.870468,21.37435,7.208617,16.927666,5.717838
Random18
Raw:16.078754,-1.966874,10.302894,12.622253,12.231073,19.870464,21.374346,7.208615,16.927662,5.717835
EFT:16.078756,-1.9668735,10.3028965,12.622255,12.231077,19.870468,21.37435,7.208617,16.927666,5.717838
Random19
Raw:16.078758,-1.966873,10.302897,12.622257,12.231079,19.87047,21.374352,7.2086186,16.927666,5.717838
EFT:16.078756,-1.9668735,10.3028965,12.622255,12.231077,19.870468,21.37435,7.208617,16.927666,5.717838
Random20
Raw:16.078756,-1.9668735,10.3028965,12.622255,12.231077,19.870468,21.37435,7.2086167,16.927666,5.717838
EFT:16.078756,-1.9668735,10.3028965,12.622255,12.231077,19.870468,21.37435,7.208617,16.927666,5.717838
Random21
Raw:16.078754,-1.966875,10.302894,12.622252,12.231073,19.870464,21.374346,7.208615,16.927662,5.717833
EFT:16.078756,-1.9668735,10.3028965,12.622255,12.231077,19.870468,21.37435,7.208617,16.927666,5.717838
Random22
Raw:16.078753,-1.9668764,10.302893,12.62225,12.2310705,19.870462,21.374344,7.208611,16.927658,5.717829
EFT:16.078756,-1.9668735,10.3028965,12.622255,12.231077,19.870468,21.37435,7.208617,16.927666,5.717838
Random23
Raw:16.078753,-1.966874,10.302893,12.6222515,12.231071,19.870462,21.374344,7.208613,16.927662,5.717834
EFT:16.078756,-1.9668735,10.3028965,12.622255,12.231077,19.870468,21.37435,7.208617,16.927666,5.717838
Random24
Raw:16.078753,-1.9668754,10.302893,12.622251,12.231071,19.870462,21.374344,7.208613,16.927658,5.717831
EFT:16.078756,-1.9668735,10.3028965,12.622255,12.231077,19.870468,21.37435,7.208617,16.927666,5.717838
Random25
Raw:16.078754,-1.9668754,10.302894,12.622252,12.231072,19.870464,21.374346,7.208614,16.927662,5.717832
EFT:16.078756,-1.9668735,10.3028965,12.622255,12.231077,19.870468,21.37435,7.208617,16.927666,5.717838
Random26
Raw:16.078754,-1.966874,10.302894,12.622253,12.231073,19.870464,21.374346,7.208615,16.927662,5.717835
EFT:16.078756,-1.9668735,10.3028965,12.622255,12.231077,19.870468,21.37435,7.208617,16.927666,5.717838
Random27
Raw:16.078758,-1.966873,10.302897,12.622257,12.231079,19.87047,21.374352,7.2086186,16.927666,5.717838
EFT:16.078756,-1.9668735,10.3028965,12.622255,12.231077,19.870468,21.37435,7.208617,16.927666,5.717838
Random28
Raw:16.078753,-1.966874,10.302894,12.6222515,12.231071,19.870462,21.374344,7.208614,16.927662,5.717834
EFT:16.078756,-1.9668735,10.3028965,12.622255,12.231077,19.870468,21.37435,7.208617,16.927666,5.717838
Random29
Raw:16.078756,-1.9668711,10.302897,12.622257,12.231078,19.870468,21.37435,7.2086196,16.927668,5.7178426
EFT:16.078756,-1.9668735,10.3028965,12.622255,12.231077,19.870468,21.37435,7.208617,16.927666,5.717838
Random30
Raw:16.078756,-1.966873,10.3028965,12.622255,12.231077,19.870468,21.37435,7.2086186,16.927666,5.717839
EFT:16.078756,-1.9668735,10.3028965,12.622255,12.231077,19.870468,21.37435,7.208617,16.927666,5.717838
Random31
Raw:16.07876,-1.9668735,10.302899,12.622259,12.23108,19.870474,21.374353,7.2086186,16.92767,5.717838
EFT:16.078756,-1.9668735,10.3028965,12.622255,12.231077,19.870468,21.37435,7.208617,16.927666,5.717838
Random32
Raw:16.07876,-1.9668716,10.302899,12.62226,12.231081,19.870474,21.374353,7.2086205,16.92767,5.7178416
EFT:16.078756,-1.9668735,10.3028965,12.622255,12.231077,19.870468,21.37435,7.208617,16.927666,5.717838
Random33
Raw:16.078754,-1.966874,10.302896,12.622254,12.231075,19.870466,21.374348,7.208615,16.927662,5.717836
EFT:16.078756,-1.9668735,10.3028965,12.622255,12.231077,19.870468,21.37435,7.208617,16.927666,5.717838
Random34
Raw:16.078754,-1.9668759,10.302894,12.6222515,12.231072,19.870464,21.374346,7.208614,16.927662,5.717832
EFT:16.078756,-1.9668735,10.3028965,12.622255,12.231077,19.870468,21.37435,7.208617,16.927666,5.717838
Random35
Raw:16.078756,-1.9668726,10.3028965,12.622256,12.231077,19.870468,21.37435,7.2086186,16.927666,5.7178397
EFT:16.078756,-1.9668735,10.3028965,12.622255,12.231077,19.870468,21.37435,7.208617,16.927666,5.717838
Random36
Raw:16.078758,-1.966873,10.302897,12.622257,12.231079,19.87047,21.374352,7.2086186,16.927668,5.717838
EFT:16.078756,-1.9668735,10.3028965,12.622255,12.231077,19.870468,21.37435,7.208617,16.927666,5.717838
Random37
Raw:16.078754,-1.9668759,10.302894,12.6222515,12.231072,19.870464,21.374346,7.208614,16.927662,5.717832
EFT:16.078756,-1.9668735,10.3028965,12.622255,12.231077,19.870468,21.37435,7.208617,16.927666,5.717838
Random38
Raw:16.078754,-1.966875,10.302894,12.622252,12.231073,19.870464,21.374346,7.208615,16.927662,5.717833
EFT:16.078756,-1.9668735,10.3028965,12.622255,12.231077,19.870468,21.37435,7.208617,16.927666,5.717838
Random39
Raw:16.078756,-1.966874,10.3028965,12.622255,12.231077,19.870468,21.37435,7.2086167,16.927666,5.717837
EFT:16.078756,-1.9668735,10.3028965,12.622255,12.231077,19.870468,21.37435,7.208617,16.927666,5.717838
Random40
Raw:16.078753,-1.9668764,10.302893,12.62225,12.2310705,19.870462,21.374344,7.208611,16.927658,5.717829
EFT:16.078756,-1.9668735,10.3028965,12.622255,12.231077,19.870468,21.37435,7.208617,16.927666,5.717838
Random41
Raw:16.078754,-1.9668769,10.302894,12.6222515,12.231071,19.870462,21.374346,7.208613,16.92766,5.717829
EFT:16.078756,-1.9668735,10.3028965,12.622255,12.231077,19.870468,21.37435,7.208617,16.927666,5.717838
Random42
Raw:16.078753,-1.9668759,10.302893,12.622251,12.2310705,19.870462,21.374344,7.208612,16.927658,5.71783
EFT:16.078756,-1.9668735,10.3028965,12.622255,12.231077,19.870468,21.37435,7.208617,16.927666,5.717838
Random43
Raw:16.078754,-1.9668764,10.302894,12.6222515,12.231071,19.870464,21.374346,7.208613,16.92766,5.71783
EFT:16.078756,-1.9668735,10.3028965,12.622255,12.231077,19.870468,21.37435,7.208617,16.927666,5.717838
Random44
Raw:16.078749,-1.9668745,10.302891,12.622249,12.231069,19.870457,21.374338,7.208611,16.927658,5.717831
EFT:16.078756,-1.9668735,10.3028965,12.622255,12.231077,19.870468,21.37435,7.208617,16.927666,5.717838
Random45
Raw:16.078754,-1.966875,10.302894,12.622252,12.231073,19.870464,21.374346,7.208615,16.927662,5.717833
EFT:16.078756,-1.9668735,10.3028965,12.622255,12.231077,19.870468,21.37435,7.208617,16.927666,5.717838
Random46
Raw:16.078756,-1.9668735,10.3028965,12.622255,12.231077,19.870468,21.37435,7.2086177,16.927666,5.717838
EFT:16.078756,-1.9668735,10.3028965,12.622255,12.231077,19.870468,21.37435,7.208617,16.927666,5.717838
Random47
Raw:16.078754,-1.9668735,10.302896,12.622255,12.231075,19.870466,21.374348,7.2086167,16.927666,5.717837
EFT:16.078756,-1.9668735,10.3028965,12.622255,12.231077,19.870468,21.37435,7.208617,16.927666,5.717838
Random48
Raw:16.078754,-1.966874,10.302896,12.622254,12.231075,19.870466,21.374348,7.208615,16.927662,5.717836
EFT:16.078756,-1.9668735,10.3028965,12.622255,12.231077,19.870468,21.37435,7.208617,16.927666,5.717838
Random49
Raw:16.078758,-1.966874,10.302897,12.622257,12.231078,19.87047,21.374352,7.2086177,16.927666,5.717836
EFT:16.078756,-1.9668735,10.3028965,12.622255,12.231077,19.870468,21.37435,7.208617,16.927666,5.717838
Random50
Raw:16.078756,-1.9668721,10.302897,12.622256,12.231078,19.870468,21.37435,7.2086186,16.927666,5.7178407
EFT:16.078756,-1.9668735,10.3028965,12.622255,12.231077,19.870468,21.37435,7.208617,16.927666,5.717838
Random51
Raw:16.078754,-1.966874,10.302896,12.622254,12.231075,19.870466,21.374348,7.208615,16.927662,5.717836
EFT:16.078756,-1.9668735,10.3028965,12.622255,12.231077,19.870468,21.37435,7.208617,16.927666,5.717838
Random52
Raw:16.078753,-1.966874,10.302893,12.6222515,12.231071,19.870462,21.374344,7.208613,16.927662,5.717834
EFT:16.078756,-1.9668735,10.3028965,12.622255,12.231077,19.870468,21.37435,7.208617,16.927666,5.717838
Random53
Raw:16.078753,-1.9668778,10.302892,12.62225,12.23107,19.87046,21.374344,7.20861,16.927658,5.7178264
EFT:16.078756,-1.9668735,10.3028965,12.622255,12.231077,19.870468,21.37435,7.208617,16.927666,5.717838
Random54
Raw:16.078754,-1.966874,10.302896,12.622254,12.231075,19.870466,21.374348,7.208616,16.927664,5.717836
EFT:16.078756,-1.9668735,10.3028965,12.622255,12.231077,19.870468,21.37435,7.208617,16.927666,5.717838
Random55
Raw:16.078756,-1.966873,10.3028965,12.622255,12.231077,19.870468,21.37435,7.2086186,16.927666,5.717839
EFT:16.078756,-1.9668735,10.3028965,12.622255,12.231077,19.870468,21.37435,7.208617,16.927666,5.717838
Random56
Raw:16.07876,-1.9668716,10.302899,12.62226,12.231081,19.870474,21.374353,7.2086205,16.92767,5.7178416
EFT:16.078756,-1.9668735,10.3028965,12.622255,12.231077,19.870468,21.37435,7.208617,16.927666,5.717838
Random57
Raw:16.078754,-1.966874,10.302894,12.622253,12.231073,19.870464,21.374346,7.208615,16.927662,5.717835
EFT:16.078756,-1.9668735,10.3028965,12.622255,12.231077,19.870468,21.37435,7.208617,16.927666,5.717838
Random58
Raw:16.078754,-1.966874,10.302896,12.622254,12.231075,19.870466,21.374348,7.208615,16.927662,5.717836
EFT:16.078756,-1.9668735,10.3028965,12.622255,12.231077,19.870468,21.37435,7.208617,16.927666,5.717838
Random59
Raw:16.078756,-1.966873,10.3028965,12.622255,12.231077,19.870468,21.37435,7.2086186,16.927666,5.717839
EFT:16.078756,-1.9668735,10.3028965,12.622255,12.231077,19.870468,21.37435,7.208617,16.927666,5.717838
Random60
Raw:16.078753,-1.9668754,10.302893,12.622251,12.231071,19.870462,21.374344,7.208613,16.927658,5.717831
EFT:16.078756,-1.9668735,10.3028965,12.622255,12.231077,19.870468,21.37435,7.208617,16.927666,5.717838
Random61
Raw:16.078754,-1.966874,10.302894,12.622253,12.231073,19.870464,21.374346,7.208615,16.927662,5.717835
EFT:16.078756,-1.9668735,10.3028965,12.622255,12.231077,19.870468,21.37435,7.208617,16.927666,5.717838
Random62
Raw:16.078754,-1.9668735,10.302894,12.622253,12.231073,19.870464,21.374346,7.208616,16.927662,5.717836
EFT:16.078756,-1.9668735,10.3028965,12.622255,12.231077,19.870468,21.37435,7.208617,16.927666,5.717838
Random63
Raw:16.078754,-1.9668754,10.302896,12.622253,12.231074,19.870466,21.374348,7.208615,16.927662,5.717834
EFT:16.078756,-1.9668735,10.3028965,12.622255,12.231077,19.870468,21.37435,7.208617,16.927666,5.717838
Random64
Raw:16.078754,-1.9668735,10.302894,12.622253,12.231073,19.870464,21.374346,7.208616,16.927662,5.717836
EFT:16.078756,-1.9668735,10.3028965,12.622255,12.231077,19.870468,21.37435,7.208617,16.927666,5.717838
Random65
Raw:16.07875,-1.9668735,10.302893,12.622251,12.2310705,19.870459,21.37434,7.208613,16.927658,5.717834
EFT:16.078756,-1.9668735,10.3028965,12.622255,12.231077,19.870468,21.37435,7.208617,16.927666,5.717838
Random66
Raw:16.078753,-1.966875,10.302893,12.622251,12.231071,19.870462,21.374344,7.208613,16.92766,5.717832
EFT:16.078756,-1.9668735,10.3028965,12.622255,12.231077,19.870468,21.37435,7.208617,16.927666,5.717838
Random67
Raw:16.078753,-1.9668778,10.302892,12.62225,12.23107,19.87046,21.374344,7.208611,16.927658,5.7178273
EFT:16.078756,-1.9668735,10.3028965,12.622255,12.231077,19.870468,21.37435,7.208617,16.927666,5.717838
Random68
Raw:16.078754,-1.9668735,10.302894,12.622253,12.231073,19.870464,21.374346,7.208616,16.927662,5.717836
EFT:16.078756,-1.9668735,10.3028965,12.622255,12.231077,19.870468,21.37435,7.208617,16.927666,5.717838
Random69
Raw:16.078754,-1.9668735,10.302896,12.622255,12.231075,19.870466,21.374348,7.2086167,16.927666,5.717837
EFT:16.078756,-1.9668735,10.3028965,12.622255,12.231077,19.870468,21.37435,7.208617,16.927666,5.717838
Random70
Raw:16.078754,-1.9668759,10.302894,12.6222515,12.231072,19.870464,21.374346,7.208614,16.927662,5.717832
EFT:16.078756,-1.9668735,10.3028965,12.622255,12.231077,19.870468,21.37435,7.208617,16.927666,5.717838
Random71
Raw:16.07875,-1.9668754,10.302892,12.62225,12.23107,19.870459,21.37434,7.208611,16.927658,5.71783
EFT:16.078756,-1.9668735,10.3028965,12.622255,12.231077,19.870468,21.37435,7.208617,16.927666,5.717838
Random72
Raw:16.078758,-1.9668745,10.302897,12.622257,12.231078,19.87047,21.374352,7.2086177,16.927666,5.717836
EFT:16.078756,-1.9668735,10.3028965,12.622255,12.231077,19.870468,21.37435,7.208617,16.927666,5.717838
Random73
Raw:16.078756,-1.966874,10.3028965,12.622255,12.231077,19.870468,21.37435,7.2086167,16.927666,5.717837
EFT:16.078756,-1.9668735,10.3028965,12.622255,12.231077,19.870468,21.37435,7.208617,16.927666,5.717838
Random74
Raw:16.078754,-1.9668754,10.302894,12.622252,12.231072,19.870464,21.374346,7.208614,16.927662,5.717832
EFT:16.078756,-1.9668735,10.3028965,12.622255,12.231077,19.870468,21.37435,7.208617,16.927666,5.717838
Random75
Raw:16.07875,-1.9668745,10.302892,12.622251,12.23107,19.870459,21.37434,7.208613,16.927658,5.717832
EFT:16.078756,-1.9668735,10.3028965,12.622255,12.231077,19.870468,21.37435,7.208617,16.927666,5.717838
Random76
Raw:16.07875,-1.9668754,10.302892,12.62225,12.23107,19.870459,21.37434,7.208612,16.927658,5.71783
EFT:16.078756,-1.9668735,10.3028965,12.622255,12.231077,19.870468,21.37435,7.208617,16.927666,5.717838
Random77
Raw:16.078754,-1.966874,10.302896,12.622254,12.231075,19.870466,21.374348,7.208615,16.927662,5.717836
EFT:16.078756,-1.9668735,10.3028965,12.622255,12.231077,19.870468,21.37435,7.208617,16.927666,5.717838
Random78
Raw:16.078754,-1.9668745,10.302896,12.622254,12.231075,19.870466,21.374348,7.208615,16.927662,5.717835
EFT:16.078756,-1.9668735,10.3028965,12.622255,12.231077,19.870468,21.37435,7.208617,16.927666,5.717838
Random79
Raw:16.078754,-1.9668726,10.3028965,12.622255,12.231076,19.870466,21.374348,7.2086167,16.927666,5.717839
EFT:16.078756,-1.9668735,10.3028965,12.622255,12.231077,19.870468,21.37435,7.208617,16.927666,5.717838
Random80
Raw:16.078754,-1.9668745,10.302894,12.622252,12.231073,19.870464,21.374346,7.208615,16.927662,5.717834
EFT:16.078756,-1.9668735,10.3028965,12.622255,12.231077,19.870468,21.37435,7.208617,16.927666,5.717838
Random81
Raw:16.078756,-1.9668745,10.3028965,12.622255,12.231076,19.870468,21.37435,7.2086167,16.927666,5.717836
EFT:16.078756,-1.9668735,10.3028965,12.622255,12.231077,19.870468,21.37435,7.208617,16.927666,5.717838
Random82
Raw:16.078753,-1.966875,10.302893,12.622251,12.231071,19.870462,21.374344,7.208613,16.927658,5.717832
EFT:16.078756,-1.9668735,10.3028965,12.622255,12.231077,19.870468,21.37435,7.208617,16.927666,5.717838
Random83
Raw:16.078756,-1.9668726,10.302897,12.622256,12.231077,19.870468,21.37435,7.2086186,16.927666,5.7178397
EFT:16.078756,-1.9668735,10.3028965,12.622255,12.231077,19.870468,21.37435,7.208617,16.927666,5.717838
Random84
Raw:16.078754,-1.9668721,10.3028965,12.622255,12.231076,19.870466,21.374348,7.2086167,16.927666,5.7178397
EFT:16.078756,-1.9668735,10.3028965,12.622255,12.231077,19.870468,21.37435,7.208617,16.927666,5.717838
Random85
Raw:16.078754,-1.9668735,10.302896,12.622255,12.231075,19.870466,21.374348,7.2086167,16.927666,5.717837
EFT:16.078756,-1.9668735,10.3028965,12.622255,12.231077,19.870468,21.37435,7.208617,16.927666,5.717838
Random86
Raw:16.078756,-1.9668735,10.3028965,12.622255,12.231077,19.870468,21.37435,7.2086167,16.927666,5.717838
EFT:16.078756,-1.9668735,10.3028965,12.622255,12.231077,19.870468,21.37435,7.208617,16.927666,5.717838
Random87
Raw:16.078754,-1.9668735,10.302896,12.622255,12.231075,19.870466,21.374348,7.2086167,16.927666,5.717837
EFT:16.078756,-1.9668735,10.3028965,12.622255,12.231077,19.870468,21.37435,7.208617,16.927666,5.717838
Random88
Raw:16.078756,-1.9668735,10.3028965,12.622255,12.231077,19.870468,21.37435,7.2086177,16.927666,5.717838
EFT:16.078756,-1.9668735,10.3028965,12.622255,12.231077,19.870468,21.37435,7.208617,16.927666,5.717838
Random89
Raw:16.078756,-1.9668721,10.302897,12.622256,12.231078,19.870468,21.37435,7.2086186,16.927666,5.7178407
EFT:16.078756,-1.9668735,10.3028965,12.622255,12.231077,19.870468,21.37435,7.208617,16.927666,5.717838
Random90
Raw:16.078754,-1.9668754,10.302894,12.622252,12.231072,19.870464,21.374346,7.208614,16.927662,5.717832
EFT:16.078756,-1.9668735,10.3028965,12.622255,12.231077,19.870468,21.37435,7.208617,16.927666,5.717838
Random91
Raw:16.078753,-1.9668745,10.302893,12.6222515,12.231071,19.870462,21.374344,7.208613,16.927662,5.717833
EFT:16.078756,-1.9668735,10.3028965,12.622255,12.231077,19.870468,21.37435,7.208617,16.927666,5.717838
Random92
Raw:16.078754,-1.9668759,10.302894,12.6222515,12.231072,19.870464,21.374346,7.208614,16.927662,5.717832
EFT:16.078756,-1.9668735,10.3028965,12.622255,12.231077,19.870468,21.37435,7.208617,16.927666,5.717838
Random93
Raw:16.078754,-1.9668721,10.3028965,12.622255,12.231076,19.870466,21.374348,7.2086167,16.927666,5.7178397
EFT:16.078756,-1.9668735,10.3028965,12.622255,12.231077,19.870468,21.37435,7.208617,16.927666,5.717838
Random94
Raw:16.078754,-1.9668721,10.3028965,12.622255,12.231076,19.870466,21.374348,7.2086167,16.927666,5.7178397
EFT:16.078756,-1.9668735,10.3028965,12.622255,12.231077,19.870468,21.37435,7.208617,16.927666,5.717838
Random95
Raw:16.078756,-1.9668735,10.3028965,12.622255,12.231077,19.870468,21.37435,7.2086167,16.927666,5.717838
EFT:16.078756,-1.9668735,10.3028965,12.622255,12.231077,19.870468,21.37435,7.208617,16.927666,5.717838
Random96
Raw:16.078754,-1.9668745,10.302896,12.622254,12.231075,19.870466,21.374348,7.208615,16.927662,5.717835
EFT:16.078756,-1.9668735,10.3028965,12.622255,12.231077,19.870468,21.37435,7.208617,16.927666,5.717838
Random97
Raw:16.078753,-1.9668754,10.302893,12.622251,12.231071,19.870462,21.374344,7.208613,16.927658,5.717831
EFT:16.078756,-1.9668735,10.3028965,12.622255,12.231077,19.870468,21.37435,7.208617,16.927666,5.717838
Random98
Raw:16.078754,-1.9668754,10.302896,12.622253,12.231074,19.870466,21.374348,7.208615,16.927662,5.717834
EFT:16.078756,-1.9668735,10.3028965,12.622255,12.231077,19.870468,21.37435,7.208617,16.927666,5.717838
Random99
Raw:16.078754,-1.966874,10.302896,12.622254,12.231075,19.870466,21.374348,7.208616,16.927664,5.717836
EFT:16.078756,-1.9668735,10.3028965,12.622255,12.231077,19.870468,21.37435,7.208617,16.927666,5.717838
Random100
Raw:16.078754,-1.9668759,10.302896,12.622253,12.231073,19.870464,21.374348,7.208614,16.927662,5.717832
EFT:16.078756,-1.9668735,10.3028965,12.622255,12.231077,19.870468,21.37435,7.208617,16.927666,5.717838
Random101
Raw:16.078753,-1.9668754,10.302893,12.622251,12.231071,19.870462,21.374344,7.208613,16.927658,5.717831
EFT:16.078756,-1.9668735,10.3028965,12.622255,12.231077,19.870468,21.37435,7.208617,16.927666,5.717838
Random102
Raw:16.07876,-1.9668702,10.3029,12.622261,12.231083,19.870474,21.374353,7.2086215,16.927673,5.7178445
EFT:16.078756,-1.9668735,10.3028965,12.622255,12.231077,19.870468,21.37435,7.208617,16.927666,5.717838
Random103
Raw:16.07876,-1.9668745,10.302899,12.622258,12.231079,19.870472,21.374353,7.2086177,16.927668,5.717836
EFT:16.078756,-1.9668735,10.3028965,12.622255,12.231077,19.870468,21.37435,7.208617,16.927666,5.717838
Random104
Raw:16.078756,-1.9668735,10.3028965,12.622255,12.231077,19.870468,21.37435,7.2086167,16.927666,5.717838
EFT:16.078756,-1.9668735,10.3028965,12.622255,12.231077,19.870468,21.37435,7.208617,16.927666,5.717838
Random105
Raw:16.078754,-1.9668759,10.302896,12.622253,12.231073,19.870464,21.374348,7.208614,16.927662,5.717832
EFT:16.078756,-1.9668735,10.3028965,12.622255,12.231077,19.870468,21.37435,7.208617,16.927666,5.717838
Random106
Raw:16.078756,-1.9668735,10.3028965,12.622255,12.231077,19.870468,21.37435,7.2086177,16.927666,5.717838
EFT:16.078756,-1.9668735,10.3028965,12.622255,12.231077,19.870468,21.37435,7.208617,16.927666,5.717838
Random107
Raw:16.078756,-1.966874,10.3028965,12.622255,12.231077,19.870468,21.37435,7.2086167,16.927666,5.717837
EFT:16.078756,-1.9668735,10.3028965,12.622255,12.231077,19.870468,21.37435,7.208617,16.927666,5.717838
Random108
Raw:16.078754,-1.9668716,10.3028965,12.622256,12.231077,19.870466,21.374348,7.2086177,16.927666,5.7178407
EFT:16.078756,-1.9668735,10.3028965,12.622255,12.231077,19.870468,21.37435,7.208617,16.927666,5.717838
Random109
Raw:16.078754,-1.9668759,10.302896,12.622253,12.231073,19.870464,21.374348,7.208614,16.927662,5.717832
EFT:16.078756,-1.9668735,10.3028965,12.622255,12.231077,19.870468,21.37435,7.208617,16.927666,5.717838
Random110
Raw:16.078753,-1.9668764,10.302893,12.62225,12.2310705,19.870462,21.374344,7.208612,16.927658,5.71783
EFT:16.078756,-1.9668735,10.3028965,12.622255,12.231077,19.870468,21.37435,7.208617,16.927666,5.717838
Random111
Raw:16.078754,-1.9668735,10.302896,12.622255,12.231075,19.870466,21.374348,7.2086167,16.927666,5.717837
EFT:16.078756,-1.9668735,10.3028965,12.622255,12.231077,19.870468,21.37435,7.208617,16.927666,5.717838
Random112
Raw:16.078753,-1.966874,10.302894,12.6222515,12.231071,19.870462,21.374344,7.208614,16.927662,5.717834
EFT:16.078756,-1.9668735,10.3028965,12.622255,12.231077,19.870468,21.37435,7.208617,16.927666,5.717838
Random113
Raw:16.078754,-1.9668716,10.3028965,12.622255,12.231076,19.870466,21.374348,7.2086177,16.927666,5.7178407
EFT:16.078756,-1.9668735,10.3028965,12.622255,12.231077,19.870468,21.37435,7.208617,16.927666,5.717838
Random114
Raw:16.078756,-1.9668721,10.302897,12.622256,12.231078,19.870468,21.37435,7.2086186,16.927666,5.7178407
EFT:16.078756,-1.9668735,10.3028965,12.622255,12.231077,19.870468,21.37435,7.208617,16.927666,5.717838
Random115
Raw:16.078754,-1.966874,10.302896,12.622254,12.231075,19.870466,21.374348,7.208616,16.927664,5.717836
EFT:16.078756,-1.9668735,10.3028965,12.622255,12.231077,19.870468,21.37435,7.208617,16.927666,5.717838
Random116
Raw:16.078753,-1.9668778,10.302892,12.62225,12.23107,19.87046,21.374344,7.20861,16.927658,5.7178264
EFT:16.078756,-1.9668735,10.3028965,12.622255,12.231077,19.870468,21.37435,7.208617,16.927666,5.717838
Random117
Raw:16.078754,-1.9668707,10.3028965,12.622256,12.231077,19.870468,21.374348,7.2086186,16.927666,5.7178426
EFT:16.078756,-1.9668735,10.3028965,12.622255,12.231077,19.870468,21.37435,7.208617,16.927666,5.717838
Random118
Raw:16.078756,-1.9668711,10.302897,12.622257,12.231078,19.870468,21.37435,7.2086196,16.927668,5.7178426
EFT:16.078756,-1.9668735,10.3028965,12.622255,12.231077,19.870468,21.37435,7.208617,16.927666,5.717838
Random119
Raw:16.078756,-1.9668745,10.3028965,12.622255,12.231076,19.870468,21.37435,7.2086167,16.927666,5.717836
EFT:16.078756,-1.9668735,10.3028965,12.622255,12.231077,19.870468,21.37435,7.208617,16.927666,5.717838
Random120
Raw:16.078754,-1.9668759,10.302894,12.6222515,12.231072,19.870464,21.374346,7.208614,16.927662,5.717832
EFT:16.078756,-1.9668735,10.3028965,12.622255,12.231077,19.870468,21.37435,7.208617,16.927666,5.717838
Random121
Raw:16.078754,-1.966873,10.302896,12.622255,12.231075,19.870466,21.374348,7.2086167,16.927666,5.717838
EFT:16.078756,-1.9668735,10.3028965,12.622255,12.231077,19.870468,21.37435,7.208617,16.927666,5.717838
Random122
Raw:16.078754,-1.966874,10.302896,12.622254,12.231075,19.870466,21.374348,7.208616,16.927664,5.717836
EFT:16.078756,-1.9668735,10.3028965,12.622255,12.231077,19.870468,21.37435,7.208617,16.927666,5.717838
Random123
Raw:16.078753,-1.9668754,10.302893,12.622251,12.231071,19.870462,21.374344,7.208613,16.927658,5.717831
EFT:16.078756,-1.9668735,10.3028965,12.622255,12.231077,19.870468,21.37435,7.208617,16.927666,5.717838
Random124
Raw:16.078753,-1.9668778,10.302895,12.622252,12.231072,19.870464,21.374348,7.208613,16.92766,5.7178283
EFT:16.078756,-1.9668735,10.3028965,12.622255,12.231077,19.870468,21.37435,7.208617,16.927666,5.717838
Random125
Raw:16.078754,-1.9668735,10.302894,12.622253,12.231073,19.870464,21.374346,7.208615,16.927662,5.717836
EFT:16.078756,-1.9668735,10.3028965,12.622255,12.231077,19.870468,21.37435,7.208617,16.927666,5.717838
Random126
Raw:16.078754,-1.966874,10.302896,12.622254,12.231075,19.870466,21.374348,7.208616,16.927664,5.717836
EFT:16.078756,-1.9668735,10.3028965,12.622255,12.231077,19.870468,21.37435,7.208617,16.927666,5.717838
Random127
Raw:16.078753,-1.966875,10.302893,12.622251,12.231071,19.870462,21.374344,7.208613,16.92766,5.717832
EFT:16.078756,-1.9668735,10.3028965,12.622255,12.231077,19.870468,21.37435,7.208617,16.927666,5.717838
Random128
Raw:16.078753,-1.966875,10.302893,12.622251,12.231071,19.870462,21.374344,7.208613,16.92766,5.717832
EFT:16.078756,-1.9668735,10.3028965,12.622255,12.231077,19.870468,21.37435,7.208617,16.927666,5.717838
Random129
Raw:16.078754,-1.966874,10.302896,12.622254,12.231075,19.870466,21.374348,7.208616,16.927664,5.717836
EFT:16.078756,-1.9668735,10.3028965,12.622255,12.231077,19.870468,21.37435,7.208617,16.927666,5.717838
Random130
Raw:16.078754,-1.966875,10.302894,12.622252,12.231073,19.870464,21.374346,7.208615,16.927662,5.717833
EFT:16.078756,-1.9668735,10.3028965,12.622255,12.231077,19.870468,21.37435,7.208617,16.927666,5.717838
Random131
Raw:16.07875,-1.9668745,10.302892,12.622251,12.23107,19.870459,21.37434,7.208613,16.927658,5.717832
EFT:16.078756,-1.9668735,10.3028965,12.622255,12.231077,19.870468,21.37435,7.208617,16.927666,5.717838
Random132
Raw:16.078756,-1.966874,10.3028965,12.622255,12.231077,19.870468,21.37435,7.2086167,16.927666,5.717837
EFT:16.078756,-1.9668735,10.3028965,12.622255,12.231077,19.870468,21.37435,7.208617,16.927666,5.717838
Random133
Raw:16.078756,-1.966874,10.3028965,12.622255,12.231077,19.870468,21.37435,7.2086167,16.927666,5.717837
EFT:16.078756,-1.9668735,10.3028965,12.622255,12.231077,19.870468,21.37435,7.208617,16.927666,5.717838
Random134
Raw:16.078754,-1.9668759,10.302894,12.6222515,12.231072,19.870464,21.374346,7.208613,16.927662,5.717831
EFT:16.078756,-1.9668735,10.3028965,12.622255,12.231077,19.870468,21.37435,7.208617,16.927666,5.717838
Random135
Raw:16.078758,-1.9668721,10.302897,12.622258,12.231079,19.87047,21.374352,7.2086186,16.92767,5.7178397
EFT:16.078756,-1.9668735,10.3028965,12.622255,12.231077,19.870468,21.37435,7.208617,16.927666,5.717838
Random136
Raw:16.078756,-1.9668711,10.302897,12.622257,12.231079,19.870468,21.37435,7.2086196,16.92767,5.7178426
EFT:16.078756,-1.9668735,10.3028965,12.622255,12.231077,19.870468,21.37435,7.208617,16.927666,5.717838
Random137
Raw:16.078754,-1.9668745,10.302894,12.622252,12.231073,19.870464,21.374346,7.208615,16.927662,5.717834
EFT:16.078756,-1.9668735,10.3028965,12.622255,12.231077,19.870468,21.37435,7.208617,16.927666,5.717838
Random138
Raw:16.078753,-1.9668735,10.302894,12.6222515,12.231072,19.870462,21.374344,7.208614,16.927662,5.717835
EFT:16.078756,-1.9668735,10.3028965,12.622255,12.231077,19.870468,21.37435,7.208617,16.927666,5.717838
Random139
Raw:16.078754,-1.9668735,10.302896,12.622255,12.231075,19.870466,21.374348,7.2086167,16.927666,5.717837
EFT:16.078756,-1.9668735,10.3028965,12.622255,12.231077,19.870468,21.37435,7.208617,16.927666,5.717838
Random140
Raw:16.078754,-1.9668745,10.302896,12.622254,12.231075,19.870466,21.374348,7.208615,16.927662,5.717835
EFT:16.078756,-1.9668735,10.3028965,12.622255,12.231077,19.870468,21.37435,7.208617,16.927666,5.717838
Random141
Raw:16.078753,-1.9668764,10.302893,12.62225,12.2310705,19.870462,21.374344,7.208612,16.927658,5.71783
EFT:16.078756,-1.9668735,10.3028965,12.622255,12.231077,19.870468,21.37435,7.208617,16.927666,5.717838
Random142
Raw:16.078754,-1.966874,10.302896,12.622254,12.231075,19.870466,21.374348,7.208616,16.927664,5.717836
EFT:16.078756,-1.9668735,10.3028965,12.622255,12.231077,19.870468,21.37435,7.208617,16.927666,5.717838
Random143
Raw:16.078754,-1.9668716,10.3028965,12.622255,12.231076,19.870466,21.374348,7.2086177,16.927666,5.7178407
EFT:16.078756,-1.9668735,10.3028965,12.622255,12.231077,19.870468,21.37435,7.208617,16.927666,5.717838
Random144
Raw:16.078753,-1.9668754,10.302893,12.622251,12.231071,19.870462,21.374344,7.208613,16.927658,5.717831
EFT:16.078756,-1.9668735,10.3028965,12.622255,12.231077,19.870468,21.37435,7.208617,16.927666,5.717838
Random145
Raw:16.078754,-1.9668745,10.302894,12.622252,12.231073,19.870464,21.374346,7.208615,16.927662,5.717834
EFT:16.078756,-1.9668735,10.3028965,12.622255,12.231077,19.870468,21.37435,7.208617,16.927666,5.717838
Random146
Raw:16.078754,-1.966873,10.302896,12.622255,12.231075,19.870466,21.374348,7.2086167,16.927666,5.717838
EFT:16.078756,-1.9668735,10.3028965,12.622255,12.231077,19.870468,21.37435,7.208617,16.927666,5.717838
Random147
Raw:16.078753,-1.9668764,10.302893,12.62225,12.2310705,19.870462,21.374344,7.208612,16.927658,5.71783
EFT:16.078756,-1.9668735,10.3028965,12.622255,12.231077,19.870468,21.37435,7.208617,16.927666,5.717838
Random148
Raw:16.078756,-1.9668735,10.3028965,12.622255,12.231077,19.870468,21.37435,7.2086177,16.927666,5.717838
EFT:16.078756,-1.9668735,10.3028965,12.622255,12.231077,19.870468,21.37435,7.208617,16.927666,5.717838
Random149
Raw:16.078754,-1.9668754,10.302896,12.622253,12.231074,19.870466,21.374348,7.208615,16.927662,5.717834
EFT:16.078756,-1.9668735,10.3028965,12.622255,12.231077,19.870468,21.37435,7.208617,16.927666,5.717838
Random150
Raw:16.078754,-1.9668726,10.3028965,12.622255,12.231076,19.870466,21.374348,7.2086167,16.927666,5.717839
EFT:16.078756,-1.9668735,10.3028965,12.622255,12.231077,19.870468,21.37435,7.208617,16.927666,5.717838
Random151
Raw:16.078754,-1.966874,10.302896,12.622254,12.231075,19.870466,21.374348,7.208616,16.927664,5.717836
EFT:16.078756,-1.9668735,10.3028965,12.622255,12.231077,19.870468,21.37435,7.208617,16.927666,5.717838
Random152
Raw:16.078754,-1.966875,10.302894,12.622252,12.231073,19.870464,21.374346,7.208615,16.927662,5.717833
EFT:16.078756,-1.9668735,10.3028965,12.622255,12.231077,19.870468,21.37435,7.208617,16.927666,5.717838
Random153
Raw:16.078756,-1.9668716,10.302897,12.622256,12.231078,19.870468,21.37435,7.2086186,16.927666,5.7178416
EFT:16.078756,-1.9668735,10.3028965,12.622255,12.231077,19.870468,21.37435,7.208617,16.927666,5.717838
Random154
Raw:16.078754,-1.966874,10.302894,12.622253,12.231073,19.870464,21.374346,7.208615,16.927662,5.717835
EFT:16.078756,-1.9668735,10.3028965,12.622255,12.231077,19.870468,21.37435,7.208617,16.927666,5.717838
Random155
Raw:16.078756,-1.9668735,10.3028965,12.622255,12.231077,19.870468,21.37435,7.2086167,16.927666,5.717838
EFT:16.078756,-1.9668735,10.3028965,12.622255,12.231077,19.870468,21.37435,7.208617,16.927666,5.717838
Random156
Raw:16.078756,-1.9668735,10.3028965,12.622255,12.231077,19.870468,21.37435,7.2086167,16.927666,5.717838
EFT:16.078756,-1.9668735,10.3028965,12.622255,12.231077,19.870468,21.37435,7.208617,16.927666,5.717838
Random157
Raw:16.078754,-1.9668764,10.302894,12.6222515,12.231071,19.870464,21.374346,7.208613,16.92766,5.71783
EFT:16.078756,-1.9668735,10.3028965,12.622255,12.231077,19.870468,21.37435,7.208617,16.927666,5.717838
Random158
Raw:16.078756,-1.9668726,10.3028965,12.622256,12.231077,19.870468,21.37435,7.2086186,16.927666,5.7178397
EFT:16.078756,-1.9668735,10.3028965,12.622255,12.231077,19.870468,21.37435,7.208617,16.927666,5.717838
Random159
Raw:16.078754,-1.966875,10.302894,12.622252,12.231073,19.870464,21.374346,7.208615,16.927662,5.717833
EFT:16.078756,-1.9668735,10.3028965,12.622255,12.231077,19.870468,21.37435,7.208617,16.927666,5.717838
Random160
Raw:16.078756,-1.9668754,10.3028965,12.622254,12.231075,19.870468,21.37435,7.208616,16.927664,5.717834
EFT:16.078756,-1.9668735,10.3028965,12.622255,12.231077,19.870468,21.37435,7.208617,16.927666,5.717838
Random161
Raw:16.078754,-1.9668754,10.302896,12.622253,12.231074,19.870466,21.374348,7.208615,16.927662,5.717834
EFT:16.078756,-1.9668735,10.3028965,12.622255,12.231077,19.870468,21.37435,7.208617,16.927666,5.717838
Random162
Raw:16.07875,-1.9668759,10.302892,12.62225,12.23107,19.870459,21.37434,7.208611,16.927658,5.717829
EFT:16.078756,-1.9668735,10.3028965,12.622255,12.231077,19.870468,21.37435,7.208617,16.927666,5.717838
Random163
Raw:16.078754,-1.9668721,10.302895,12.622254,12.231075,19.870464,21.374346,7.2086167,16.927666,5.717839
EFT:16.078756,-1.9668735,10.3028965,12.622255,12.231077,19.870468,21.37435,7.208617,16.927666,5.717838
Random164
Raw:16.078753,-1.9668745,10.302893,12.6222515,12.231071,19.870462,21.374344,7.208613,16.927662,5.717833
EFT:16.078756,-1.9668735,10.3028965,12.622255,12.231077,19.870468,21.37435,7.208617,16.927666,5.717838
Random165
Raw:16.078754,-1.966875,10.302896,12.622254,12.231074,19.870466,21.374348,7.208615,16.927662,5.717834
EFT:16.078756,-1.9668735,10.3028965,12.622255,12.231077,19.870468,21.37435,7.208617,16.927666,5.717838
Random166
Raw:16.078754,-1.966874,10.302896,12.622254,12.231075,19.870466,21.374348,7.208615,16.927662,5.717836
EFT:16.078756,-1.9668735,10.3028965,12.622255,12.231077,19.870468,21.37435,7.208617,16.927666,5.717838
Random167
Raw:16.078754,-1.966874,10.302896,12.622254,12.231075,19.870466,21.374348,7.208615,16.927662,5.717836
EFT:16.078756,-1.9668735,10.3028965,12.622255,12.231077,19.870468,21.37435,7.208617,16.927666,5.717838
Random168
Raw:16.07875,-1.9668754,10.302892,12.62225,12.23107,19.870459,21.37434,7.208611,16.927658,5.71783
EFT:16.078756,-1.9668735,10.3028965,12.622255,12.231077,19.870468,21.37435,7.208617,16.927666,5.717838
Random169
Raw:16.078753,-1.9668735,10.302894,12.6222515,12.231072,19.870462,21.374344,7.208614,16.927662,5.717835
EFT:16.078756,-1.9668735,10.3028965,12.622255,12.231077,19.870468,21.37435,7.208617,16.927666,5.717838
Random170
Raw:16.07875,-1.966875,10.302892,12.62225,12.23107,19.870459,21.37434,7.208613,16.927658,5.717831
EFT:16.078756,-1.9668735,10.3028965,12.622255,12.231077,19.870468,21.37435,7.208617,16.927666,5.717838
Random171
Raw:16.078754,-1.9668735,10.302896,12.622255,12.231075,19.870466,21.374348,7.2086167,16.927666,5.717837
EFT:16.078756,-1.9668735,10.3028965,12.622255,12.231077,19.870468,21.37435,7.208617,16.927666,5.717838
Random172
Raw:16.078758,-1.966874,10.302897,12.622257,12.231078,19.87047,21.374352,7.2086177,16.927666,5.717836
EFT:16.078756,-1.9668735,10.3028965,12.622255,12.231077,19.870468,21.37435,7.208617,16.927666,5.717838
Random173
Raw:16.07876,-1.9668716,10.302899,12.62226,12.231081,19.870474,21.374353,7.2086205,16.92767,5.7178416
EFT:16.078756,-1.9668735,10.3028965,12.622255,12.231077,19.870468,21.37435,7.208617,16.927666,5.717838
Random174
Raw:16.078753,-1.966875,10.302893,12.622251,12.231071,19.870462,21.374344,7.208613,16.92766,5.717832
EFT:16.078756,-1.9668735,10.3028965,12.622255,12.231077,19.870468,21.37435,7.208617,16.927666,5.717838
Random175
Raw:16.07876,-1.9668726,10.302899,12.622259,12.231081,19.870474,21.374353,7.2086186,16.92767,5.7178397
EFT:16.078756,-1.9668735,10.3028965,12.622255,12.231077,19.870468,21.37435,7.208617,16.927666,5.717838
Random176
Raw:16.078754,-1.9668721,10.302895,12.622254,12.231075,19.870464,21.374346,7.2086167,16.927666,5.717839
EFT:16.078756,-1.9668735,10.3028965,12.622255,12.231077,19.870468,21.37435,7.208617,16.927666,5.717838
Random177
Raw:16.078754,-1.9668745,10.302896,12.622254,12.231075,19.870466,21.374348,7.208615,16.927662,5.717835
EFT:16.078756,-1.9668735,10.3028965,12.622255,12.231077,19.870468,21.37435,7.208617,16.927666,5.717838
Random178
Raw:16.078754,-1.9668745,10.302896,12.622254,12.231075,19.870466,21.374348,7.208615,16.927662,5.717835
EFT:16.078756,-1.9668735,10.3028965,12.622255,12.231077,19.870468,21.37435,7.208617,16.927666,5.717838
Random179
Raw:16.07875,-1.9668783,10.302891,12.622249,12.231068,19.870457,21.37434,7.208609,16.927654,5.7178254
EFT:16.078756,-1.9668735,10.3028965,12.622255,12.231077,19.870468,21.37435,7.208617,16.927666,5.717838
Random180
Raw:16.078756,-1.966875,10.3028965,12.622255,12.231076,19.870468,21.37435,7.2086167,16.927666,5.717836
EFT:16.078756,-1.9668735,10.3028965,12.622255,12.231077,19.870468,21.37435,7.208617,16.927666,5.717838
Random181
Raw:16.078754,-1.9668735,10.302894,12.622253,12.231073,19.870464,21.374346,7.208616,16.927662,5.717836
EFT:16.078756,-1.9668735,10.3028965,12.622255,12.231077,19.870468,21.37435,7.208617,16.927666,5.717838
Random182
Raw:16.07875,-1.9668754,10.302892,12.62225,12.23107,19.870459,21.37434,7.208611,16.927658,5.71783
EFT:16.078756,-1.9668735,10.3028965,12.622255,12.231077,19.870468,21.37435,7.208617,16.927666,5.717838
Random183
Raw:16.078756,-1.9668735,10.3028965,12.622255,12.231077,19.870468,21.37435,7.2086177,16.927666,5.717838
EFT:16.078756,-1.9668735,10.3028965,12.622255,12.231077,19.870468,21.37435,7.208617,16.927666,5.717838
Random184
Raw:16.078754,-1.9668745,10.302894,12.622252,12.231073,19.870464,21.374346,7.208615,16.927662,5.717834
EFT:16.078756,-1.9668735,10.3028965,12.622255,12.231077,19.870468,21.37435,7.208617,16.927666,5.717838
Random185
Raw:16.078756,-1.9668735,10.3028965,12.622255,12.231077,19.870468,21.37435,7.2086177,16.927666,5.717838
EFT:16.078756,-1.9668735,10.3028965,12.622255,12.231077,19.870468,21.37435,7.208617,16.927666,5.717838
Random186
Raw:16.078754,-1.9668735,10.302894,12.622253,12.231073,19.870464,21.374346,7.208615,16.927662,5.717836
EFT:16.078756,-1.9668735,10.3028965,12.622255,12.231077,19.870468,21.37435,7.208617,16.927666,5.717838
Random187
Raw:16.078754,-1.966875,10.302894,12.622252,12.231073,19.870464,21.374346,7.208615,16.927662,5.717833
EFT:16.078756,-1.9668735,10.3028965,12.622255,12.231077,19.870468,21.37435,7.208617,16.927666,5.717838
Random188
Raw:16.078754,-1.966874,10.302896,12.622254,12.231075,19.870466,21.374348,7.208616,16.927664,5.717836
EFT:16.078756,-1.9668735,10.3028965,12.622255,12.231077,19.870468,21.37435,7.208617,16.927666,5.717838
Random189
Raw:16.078758,-1.9668721,10.302897,12.622258,12.231079,19.87047,21.374352,7.2086186,16.92767,5.7178397
EFT:16.078756,-1.9668735,10.3028965,12.622255,12.231077,19.870468,21.37435,7.208617,16.927666,5.717838
Random190
Raw:16.078754,-1.966874,10.302896,12.622254,12.231075,19.870466,21.374348,7.208616,16.927664,5.717836
EFT:16.078756,-1.9668735,10.3028965,12.622255,12.231077,19.870468,21.37435,7.208617,16.927666,5.717838
Random191
Raw:16.078754,-1.9668769,10.302895,12.622253,12.231073,19.870464,21.374348,7.208613,16.927662,5.717831
EFT:16.078756,-1.9668735,10.3028965,12.622255,12.231077,19.870468,21.37435,7.208617,16.927666,5.717838
Random192
Raw:16.078753,-1.9668726,10.302894,12.6222515,12.231072,19.870462,21.374344,7.208615,16.927662,5.717837
EFT:16.078756,-1.9668735,10.3028965,12.622255,12.231077,19.870468,21.37435,7.208617,16.927666,5.717838
Random193
Raw:16.078754,-1.9668726,10.3028965,12.622255,12.231076,19.870466,21.374348,7.2086167,16.927666,5.717839
EFT:16.078756,-1.9668735,10.3028965,12.622255,12.231077,19.870468,21.37435,7.208617,16.927666,5.717838
Random194
Raw:16.078758,-1.9668745,10.302897,12.622257,12.231078,19.87047,21.374352,7.2086177,16.927666,5.717836
EFT:16.078756,-1.9668735,10.3028965,12.622255,12.231077,19.870468,21.37435,7.208617,16.927666,5.717838
Random195
Raw:16.078753,-1.966875,10.302893,12.622251,12.231071,19.870462,21.374344,7.208613,16.927658,5.717832
EFT:16.078756,-1.9668735,10.3028965,12.622255,12.231077,19.870468,21.37435,7.208617,16.927666,5.717838
Random196
Raw:16.078754,-1.9668735,10.302894,12.622253,12.231073,19.870464,21.374346,7.208616,16.927662,5.717836
EFT:16.078756,-1.9668735,10.3028965,12.622255,12.231077,19.870468,21.37435,7.208617,16.927666,5.717838
Random197
Raw:16.078754,-1.966875,10.302894,12.622252,12.231073,19.870464,21.374346,7.208615,16.927662,5.717833
EFT:16.078756,-1.9668735,10.3028965,12.622255,12.231077,19.870468,21.37435,7.208617,16.927666,5.717838
Random198
Raw:16.078762,-1.9668721,10.3029,12.622261,12.231081,19.870476,21.374357,7.2086205,16.92767,5.7178416
EFT:16.078756,-1.9668735,10.3028965,12.622255,12.231077,19.870468,21.37435,7.208617,16.927666,5.717838
Random199
Raw:16.078753,-1.966875,10.302893,12.622251,12.231071,19.870462,21.374344,7.208613,16.92766,5.717832
EFT:16.078756,-1.9668735,10.3028965,12.622255,12.231077,19.870468,21.37435,7.208617,16.927666,5.717838
Random200
Raw:16.078754,-1.9668754,10.302896,12.622253,12.231074,19.870466,21.374348,7.208615,16.927662,5.717833
EFT:16.078756,-1.9668735,10.3028965,12.622255,12.231077,19.870468,21.37435,7.208617,16.927666,5.717838
Random201
Raw:16.078754,-1.9668754,10.302894,12.622252,12.231072,19.870464,21.374346,7.208614,16.927662,5.717832
EFT:16.078756,-1.9668735,10.3028965,12.622255,12.231077,19.870468,21.37435,7.208617,16.927666,5.717838
Random202
Raw:16.078753,-1.9668759,10.302893,12.622251,12.2310705,19.870462,21.374344,7.208612,16.927658,5.71783
EFT:16.078756,-1.9668735,10.3028965,12.622255,12.231077,19.870468,21.37435,7.208617,16.927666,5.717838
Random203
Raw:16.07875,-1.9668764,10.302892,12.62225,12.231069,19.870459,21.37434,7.208611,16.927658,5.7178283
EFT:16.078756,-1.9668735,10.3028965,12.622255,12.231077,19.870468,21.37435,7.208617,16.927666,5.717838
Random204
Raw:16.078754,-1.9668721,10.3028965,12.622255,12.231076,19.870466,21.374348,7.2086167,16.927666,5.7178397
EFT:16.078756,-1.9668735,10.3028965,12.622255,12.231077,19.870468,21.37435,7.208617,16.927666,5.717838
Random205
Raw:16.078754,-1.966874,10.302896,12.622254,12.231075,19.870466,21.374348,7.208616,16.927664,5.717836
EFT:16.078756,-1.9668735,10.3028965,12.622255,12.231077,19.870468,21.37435,7.208617,16.927666,5.717838
Random206
Raw:16.078756,-1.9668735,10.3028965,12.622255,12.231077,19.870468,21.37435,7.2086177,16.927666,5.717838
EFT:16.078756,-1.9668735,10.3028965,12.622255,12.231077,19.870468,21.37435,7.208617,16.927666,5.717838
Random207
Raw:16.078754,-1.966875,10.302896,12.622254,12.231074,19.870466,21.374348,7.208615,16.927662,5.717834
EFT:16.078756,-1.9668735,10.3028965,12.622255,12.231077,19.870468,21.37435,7.208617,16.927666,5.717838
Random208
Raw:16.078754,-1.9668754,10.302894,12.622252,12.231072,19.870464,21.374346,7.208614,16.927662,5.717832
EFT:16.078756,-1.9668735,10.3028965,12.622255,12.231077,19.870468,21.37435,7.208617,16.927666,5.717838
Random209
Raw:16.07876,-1.9668726,10.302899,12.622259,12.231081,19.870474,21.374353,7.2086186,16.92767,5.7178397
EFT:16.078756,-1.9668735,10.3028965,12.622255,12.231077,19.870468,21.37435,7.208617,16.927666,5.717838
Random210
Raw:16.078754,-1.9668745,10.302894,12.622252,12.231073,19.870464,21.374346,7.208615,16.927662,5.717834
EFT:16.078756,-1.9668735,10.3028965,12.622255,12.231077,19.870468,21.37435,7.208617,16.927666,5.717838
Random211
Raw:16.078758,-1.966873,10.302897,12.622257,12.231079,19.87047,21.374352,7.2086186,16.927668,5.717838
EFT:16.078756,-1.9668735,10.3028965,12.622255,12.231077,19.870468,21.37435,7.208617,16.927666,5.717838
Random212
Raw:16.078758,-1.966873,10.302897,12.622257,12.231079,19.87047,21.374352,7.2086186,16.927666,5.717838
EFT:16.078756,-1.9668735,10.3028965,12.622255,12.231077,19.870468,21.37435,7.208617,16.927666,5.717838
Random213
Raw:16.078758,-1.9668726,10.302897,12.622257,12.231079,19.87047,21.374352,7.2086186,16.92767,5.717839
EFT:16.078756,-1.9668735,10.3028965,12.622255,12.231077,19.870468,21.37435,7.208617,16.927666,5.717838
Random214
Raw:16.078754,-1.9668735,10.302896,12.622255,12.231075,19.870466,21.374348,7.2086167,16.927666,5.717837
EFT:16.078756,-1.9668735,10.3028965,12.622255,12.231077,19.870468,21.37435,7.208617,16.927666,5.717838
Random215
Raw:16.078754,-1.966873,10.302896,12.622255,12.231075,19.870466,21.374348,7.2086167,16.927666,5.717838
EFT:16.078756,-1.9668735,10.3028965,12.622255,12.231077,19.870468,21.37435,7.208617,16.927666,5.717838
Random216
Raw:16.078754,-1.966875,10.302894,12.622252,12.231073,19.870464,21.374346,7.208615,16.927662,5.717833
EFT:16.078756,-1.9668735,10.3028965,12.622255,12.231077,19.870468,21.37435,7.208617,16.927666,5.717838
Random217
Raw:16.078762,-1.9668721,10.3029,12.622261,12.231081,19.870476,21.374357,7.2086215,16.927671,5.7178416
EFT:16.078756,-1.9668735,10.3028965,12.622255,12.231077,19.870468,21.37435,7.208617,16.927666,5.717838
Random218
Raw:16.078754,-1.9668754,10.302896,12.622253,12.231074,19.870466,21.374348,7.208615,16.927662,5.717833
EFT:16.078756,-1.9668735,10.3028965,12.622255,12.231077,19.870468,21.37435,7.208617,16.927666,5.717838
Random219
Raw:16.078753,-1.9668778,10.302892,12.62225,12.23107,19.87046,21.374344,7.208611,16.927658,5.7178273
EFT:16.078756,-1.9668735,10.3028965,12.622255,12.231077,19.870468,21.37435,7.208617,16.927666,5.717838
Random220
Raw:16.078754,-1.9668735,10.302896,12.622255,12.231075,19.870466,21.374348,7.2086167,16.927666,5.717837
EFT:16.078756,-1.9668735,10.3028965,12.622255,12.231077,19.870468,21.37435,7.208617,16.927666,5.717838
Random221
Raw:16.078754,-1.966873,10.302896,12.622255,12.231075,19.870466,21.374348,7.2086167,16.927666,5.717838
EFT:16.078756,-1.9668735,10.3028965,12.622255,12.231077,19.870468,21.37435,7.208617,16.927666,5.717838
Random222
Raw:16.078756,-1.966874,10.3028965,12.622255,12.231077,19.870468,21.37435,7.2086167,16.927666,5.717837
EFT:16.078756,-1.9668735,10.3028965,12.622255,12.231077,19.870468,21.37435,7.208617,16.927666,5.717838
Random223
Raw:16.078754,-1.9668754,10.302896,12.622253,12.231074,19.870466,21.374348,7.208615,16.927662,5.717834
EFT:16.078756,-1.9668735,10.3028965,12.622255,12.231077,19.870468,21.37435,7.208617,16.927666,5.717838
Random224
Raw:16.078756,-1.9668745,10.3028965,12.622255,12.231076,19.870468,21.37435,7.2086167,16.927666,5.717836
EFT:16.078756,-1.9668735,10.3028965,12.622255,12.231077,19.870468,21.37435,7.208617,16.927666,5.717838
Random225
Raw:16.07875,-1.9668745,10.302892,12.622251,12.23107,19.870459,21.37434,7.208613,16.927658,5.717832
EFT:16.078756,-1.9668735,10.3028965,12.622255,12.231077,19.870468,21.37435,7.208617,16.927666,5.717838
Random226
Raw:16.078753,-1.9668754,10.302893,12.622251,12.231071,19.870462,21.374344,7.208613,16.927658,5.717831
EFT:16.078756,-1.9668735,10.3028965,12.622255,12.231077,19.870468,21.37435,7.208617,16.927666,5.717838
Random227
Raw:16.078756,-1.966874,10.3028965,12.622255,12.231077,19.870468,21.37435,7.2086167,16.927666,5.717837
EFT:16.078756,-1.9668735,10.3028965,12.622255,12.231077,19.870468,21.37435,7.208617,16.927666,5.717838
Random228
Raw:16.078754,-1.9668769,10.302895,12.622253,12.231073,19.870464,21.374348,7.208613,16.927662,5.71783
EFT:16.078756,-1.9668735,10.3028965,12.622255,12.231077,19.870468,21.37435,7.208617,16.927666,5.717838
Random229
Raw:16.078754,-1.9668745,10.302894,12.622252,12.231073,19.870464,21.374346,7.208615,16.927662,5.717834
EFT:16.078756,-1.9668735,10.3028965,12.622255,12.231077,19.870468,21.37435,7.208617,16.927666,5.717838
Random230
Raw:16.078753,-1.9668735,10.302894,12.6222515,12.231072,19.870462,21.374344,7.208614,16.927662,5.717835
EFT:16.078756,-1.9668735,10.3028965,12.622255,12.231077,19.870468,21.37435,7.208617,16.927666,5.717838
Random231
Raw:16.078754,-1.966874,10.302896,12.622254,12.231075,19.870466,21.374348,7.208616,16.927664,5.717836
EFT:16.078756,-1.9668735,10.3028965,12.622255,12.231077,19.870468,21.37435,7.208617,16.927666,5.717838
Random232
Raw:16.078756,-1.9668716,10.302897,12.622256,12.231078,19.870468,21.37435,7.2086186,16.927666,5.7178416
EFT:16.078756,-1.9668735,10.3028965,12.622255,12.231077,19.870468,21.37435,7.208617,16.927666,5.717838
Random233
Raw:16.078753,-1.9668764,10.302893,12.62225,12.2310705,19.870462,21.374344,7.208611,16.927658,5.717829
EFT:16.078756,-1.9668735,10.3028965,12.622255,12.231077,19.870468,21.37435,7.208617,16.927666,5.717838
Random234
Raw:16.078754,-1.9668759,10.302894,12.6222515,12.231072,19.870464,21.374346,7.208613,16.927662,5.717831
EFT:16.078756,-1.9668735,10.3028965,12.622255,12.231077,19.870468,21.37435,7.208617,16.927666,5.717838
Random235
Raw:16.078754,-1.9668726,10.302895,12.622253,12.231074,19.870464,21.374346,7.2086167,16.927662,5.717838
EFT:16.078756,-1.9668735,10.3028965,12.622255,12.231077,19.870468,21.37435,7.208617,16.927666,5.717838
Random236
Raw:16.078758,-1.9668735,10.302897,12.622257,12.231079,19.87047,21.374352,7.2086186,16.927666,5.717837
EFT:16.078756,-1.9668735,10.3028965,12.622255,12.231077,19.870468,21.37435,7.208617,16.927666,5.717838
Random237
Raw:16.078754,-1.9668754,10.302896,12.622253,12.231074,19.870466,21.374348,7.208615,16.927662,5.717833
EFT:16.078756,-1.9668735,10.3028965,12.622255,12.231077,19.870468,21.37435,7.208617,16.927666,5.717838
Random238
Raw:16.078758,-1.966874,10.302897,12.622257,12.231078,19.87047,21.374352,7.2086177,16.927666,5.717836
EFT:16.078756,-1.9668735,10.3028965,12.622255,12.231077,19.870468,21.37435,7.208617,16.927666,5.717838
Random239
Raw:16.078756,-1.9668726,10.302897,12.622256,12.231077,19.870468,21.37435,7.2086186,16.927666,5.7178397
EFT:16.078756,-1.9668735,10.3028965,12.622255,12.231077,19.870468,21.37435,7.208617,16.927666,5.717838
Random240
Raw:16.078754,-1.9668745,10.302894,12.622252,12.231073,19.870464,21.374346,7.208615,16.927662,5.717834
EFT:16.078756,-1.9668735,10.3028965,12.622255,12.231077,19.870468,21.37435,7.208617,16.927666,5.717838
Random241
Raw:16.078758,-1.9668721,10.302897,12.622258,12.231079,19.87047,21.374352,7.2086196,16.92767,5.7178397
EFT:16.078756,-1.9668735,10.3028965,12.622255,12.231077,19.870468,21.37435,7.208617,16.927666,5.717838
Random242
Raw:16.078749,-1.9668759,10.30289,12.622248,12.231068,19.870457,21.374338,7.20861,16.927656,5.7178283
EFT:16.078756,-1.9668735,10.3028965,12.622255,12.231077,19.870468,21.37435,7.208617,16.927666,5.717838
Random243
Raw:16.078754,-1.966873,10.302896,12.622255,12.231075,19.870466,21.374348,7.2086167,16.927666,5.717838
EFT:16.078756,-1.9668735,10.3028965,12.622255,12.231077,19.870468,21.37435,7.208617,16.927666,5.717838
Random244
Raw:16.07875,-1.9668769,10.302892,12.62225,12.231069,19.870459,21.37434,7.208611,16.927658,5.7178273
EFT:16.078756,-1.9668735,10.3028965,12.622255,12.231077,19.870468,21.37435,7.208617,16.927666,5.717838
Random245
Raw:16.078754,-1.966873,10.302896,12.622255,12.231075,19.870466,21.374348,7.2086167,16.927666,5.717838
EFT:16.078756,-1.9668735,10.3028965,12.622255,12.231077,19.870468,21.37435,7.208617,16.927666,5.717838
Random246
Raw:16.078753,-1.9668726,10.302894,12.622252,12.231073,19.870462,21.374344,7.208615,16.927662,5.717837
EFT:16.078756,-1.9668735,10.3028965,12.622255,12.231077,19.870468,21.37435,7.208617,16.927666,5.717838
Random247
Raw:16.078753,-1.9668735,10.302894,12.6222515,12.231072,19.870462,21.374344,7.208614,16.927662,5.717835
EFT:16.078756,-1.9668735,10.3028965,12.622255,12.231077,19.870468,21.37435,7.208617,16.927666,5.717838
Random248
Raw:16.078754,-1.966875,10.302894,12.622252,12.231073,19.870464,21.374346,7.208615,16.927662,5.717833
EFT:16.078756,-1.9668735,10.3028965,12.622255,12.231077,19.870468,21.37435,7.208617,16.927666,5.717838
Random249
Raw:16.078756,-1.9668745,10.3028965,12.622255,12.231076,19.870468,21.37435,7.2086167,16.927666,5.717836
EFT:16.078756,-1.9668735,10.3028965,12.622255,12.231077,19.870468,21.37435,7.208617,16.927666,5.717838
Random250
Raw:16.078754,-1.9668745,10.302894,12.622252,12.231073,19.870464,21.374346,7.208615,16.927662,5.717834
EFT:16.078756,-1.9668735,10.3028965,12.622255,12.231077,19.870468,21.37435,7.208617,16.927666,5.717838
Random251
Raw:16.078754,-1.9668754,10.302896,12.622253,12.231074,19.870466,21.374348,7.208615,16.927662,5.717834
EFT:16.078756,-1.9668735,10.3028965,12.622255,12.231077,19.870468,21.37435,7.208617,16.927666,5.717838
Random252
Raw:16.078756,-1.9668707,10.302897,12.622257,12.231079,19.870468,21.37435,7.2086205,16.92767,5.7178435
EFT:16.078756,-1.9668735,10.3028965,12.622255,12.231077,19.870468,21.37435,7.208617,16.927666,5.717838
Random253
Raw:16.078754,-1.9668754,10.302894,12.622252,12.231072,19.870464,21.374346,7.208614,16.927662,5.717832
EFT:16.078756,-1.9668735,10.3028965,12.622255,12.231077,19.870468,21.37435,7.208617,16.927666,5.717838
Random254
Raw:16.078754,-1.966875,10.302894,12.622252,12.231073,19.870464,21.374346,7.208615,16.927662,5.717833
EFT:16.078756,-1.9668735,10.3028965,12.622255,12.231077,19.870468,21.37435,7.208617,16.927666,5.717838
Random255
Raw:16.078754,-1.9668735,10.302894,12.622253,12.231073,19.870464,21.374346,7.208616,16.927662,5.717836
EFT:16.078756,-1.9668735,10.3028965,12.622255,12.231077,19.870468,21.37435,7.208617,16.927666,5.717838
Random256
Raw:16.078754,-1.9668721,10.3028965,12.622255,12.231076,19.870466,21.374348,7.2086167,16.927666,5.7178397
EFT:16.078756,-1.9668735,10.3028965,12.622255,12.231077,19.870468,21.37435,7.208617,16.927666,5.717838
Random257
Raw:16.078754,-1.9668735,10.302894,12.622253,12.231073,19.870464,21.374346,7.208616,16.927662,5.717836
EFT:16.078756,-1.9668735,10.3028965,12.622255,12.231077,19.870468,21.37435,7.208617,16.927666,5.717838
Random258
Raw:16.07875,-1.966874,10.302893,12.622251,12.2310705,19.870459,21.37434,7.208613,16.927658,5.717833
EFT:16.078756,-1.9668735,10.3028965,12.622255,12.231077,19.870468,21.37435,7.208617,16.927666,5.717838
Random259
Raw:16.078754,-1.9668745,10.302896,12.622254,12.231075,19.870466,21.374348,7.208615,16.927662,5.717835
EFT:16.078756,-1.9668735,10.3028965,12.622255,12.231077,19.870468,21.37435,7.208617,16.927666,5.717838
Random260
Raw:16.078754,-1.9668759,10.302896,12.622253,12.231073,19.870464,21.374348,7.208614,16.927662,5.717832
EFT:16.078756,-1.9668735,10.3028965,12.622255,12.231077,19.870468,21.37435,7.208617,16.927666,5.717838
Random261
Raw:16.078753,-1.9668764,10.302893,12.62225,12.2310705,19.870462,21.374344,7.208612,16.927658,5.71783
EFT:16.078756,-1.9668735,10.3028965,12.622255,12.231077,19.870468,21.37435,7.208617,16.927666,5.717838
Random262
Raw:16.078754,-1.9668735,10.302894,12.622253,12.231073,19.870464,21.374346,7.208615,16.927662,5.717836
EFT:16.078756,-1.9668735,10.3028965,12.622255,12.231077,19.870468,21.37435,7.208617,16.927666,5.717838
Random263
Raw:16.078756,-1.9668735,10.3028965,12.622255,12.231077,19.870468,21.37435,7.2086177,16.927666,5.717838
EFT:16.078756,-1.9668735,10.3028965,12.622255,12.231077,19.870468,21.37435,7.208617,16.927666,5.717838
Random264
Raw:16.078754,-1.9668745,10.302894,12.622252,12.231073,19.870464,21.374346,7.208615,16.927662,5.717834
EFT:16.078756,-1.9668735,10.3028965,12.622255,12.231077,19.870468,21.37435,7.208617,16.927666,5.717838
Random265
Raw:16.078754,-1.9668759,10.302894,12.6222515,12.231072,19.870464,21.374346,7.208613,16.927662,5.717831
EFT:16.078756,-1.9668735,10.3028965,12.622255,12.231077,19.870468,21.37435,7.208617,16.927666,5.717838
Random266
Raw:16.078754,-1.9668745,10.302896,12.622254,12.231075,19.870466,21.374348,7.208615,16.927662,5.717835
EFT:16.078756,-1.9668735,10.3028965,12.622255,12.231077,19.870468,21.37435,7.208617,16.927666,5.717838
Random267
Raw:16.078756,-1.9668726,10.3028965,12.622256,12.231077,19.870468,21.37435,7.2086186,16.927666,5.7178397
EFT:16.078756,-1.9668735,10.3028965,12.622255,12.231077,19.870468,21.37435,7.208617,16.927666,5.717838
Random268
Raw:16.078754,-1.9668745,10.302894,12.622252,12.231073,19.870464,21.374346,7.208615,16.927662,5.717834
EFT:16.078756,-1.9668735,10.3028965,12.622255,12.231077,19.870468,21.37435,7.208617,16.927666,5.717838
Random269
Raw:16.078753,-1.9668745,10.302893,12.6222515,12.231071,19.870462,21.374344,7.208613,16.927662,5.717833
EFT:16.078756,-1.9668735,10.3028965,12.622255,12.231077,19.870468,21.37435,7.208617,16.927666,5.717838
Random270
Raw:16.078753,-1.966874,10.302893,12.6222515,12.231071,19.870462,21.374344,7.208613,16.927662,5.717834
EFT:16.078756,-1.9668735,10.3028965,12.622255,12.231077,19.870468,21.37435,7.208617,16.927666,5.717838
Random271
Raw:16.078754,-1.9668735,10.302896,12.622255,12.231075,19.870466,21.374348,7.2086167,16.927666,5.717837
EFT:16.078756,-1.9668735,10.3028965,12.622255,12.231077,19.870468,21.37435,7.208617,16.927666,5.717838
Random272
Raw:16.078754,-1.9668754,10.302896,12.622253,12.231074,19.870466,21.374348,7.208615,16.927662,5.717834
EFT:16.078756,-1.9668735,10.3028965,12.622255,12.231077,19.870468,21.37435,7.208617,16.927666,5.717838
Random273
Raw:16.078754,-1.9668726,10.302895,12.622253,12.231074,19.870464,21.374346,7.2086167,16.927662,5.717838
EFT:16.078756,-1.9668735,10.3028965,12.622255,12.231077,19.870468,21.37435,7.208617,16.927666,5.717838
Random274
Raw:16.078753,-1.966875,10.302893,12.622251,12.231071,19.870462,21.374344,7.208613,16.927658,5.717832
EFT:16.078756,-1.9668735,10.3028965,12.622255,12.231077,19.870468,21.37435,7.208617,16.927666,5.717838
Random275
Raw:16.078754,-1.9668745,10.302896,12.622254,12.231075,19.870466,21.374348,7.208615,16.927662,5.717835
EFT:16.078756,-1.9668735,10.3028965,12.622255,12.231077,19.870468,21.37435,7.208617,16.927666,5.717838
Random276
Raw:16.078753,-1.966874,10.302893,12.6222515,12.231071,19.870462,21.374344,7.208613,16.927662,5.717834
EFT:16.078756,-1.9668735,10.3028965,12.622255,12.231077,19.870468,21.37435,7.208617,16.927666,5.717838
Random277
Raw:16.078754,-1.9668745,10.302894,12.622252,12.231073,19.870464,21.374346,7.208615,16.927662,5.717834
EFT:16.078756,-1.9668735,10.3028965,12.622255,12.231077,19.870468,21.37435,7.208617,16.927666,5.717838
Random278
Raw:16.078756,-1.9668735,10.3028965,12.622255,12.231077,19.870468,21.37435,7.2086167,16.927666,5.717838
EFT:16.078756,-1.9668735,10.3028965,12.622255,12.231077,19.870468,21.37435,7.208617,16.927666,5.717838
Random279
Raw:16.078758,-1.9668745,10.302897,12.622257,12.231078,19.87047,21.374352,7.2086177,16.927666,5.717836
EFT:16.078756,-1.9668735,10.3028965,12.622255,12.231077,19.870468,21.37435,7.208617,16.927666,5.717838
Random280
Raw:16.078747,-1.9668754,10.302889,12.622247,12.231066,19.870455,21.374336,7.208609,16.927654,5.7178283
EFT:16.078756,-1.9668735,10.3028965,12.622255,12.231077,19.870468,21.37435,7.208617,16.927666,5.717838
Random281
Raw:16.078753,-1.9668773,10.302892,12.62225,12.23107,19.87046,21.374344,7.208611,16.927658,5.7178273
EFT:16.078756,-1.9668735,10.3028965,12.622255,12.231077,19.870468,21.37435,7.208617,16.927666,5.717838
Random282
Raw:16.078754,-1.966873,10.302896,12.622255,12.231075,19.870466,21.374348,7.2086167,16.927666,5.717838
EFT:16.078756,-1.9668735,10.3028965,12.622255,12.231077,19.870468,21.37435,7.208617,16.927666,5.717838
Random283
Raw:16.078753,-1.9668754,10.302893,12.622251,12.231071,19.870462,21.374344,7.208613,16.927658,5.717831
EFT:16.078756,-1.9668735,10.3028965,12.622255,12.231077,19.870468,21.37435,7.208617,16.927666,5.717838
Random284
Raw:16.078754,-1.966873,10.302895,12.622253,12.231074,19.870464,21.374346,7.208616,16.927662,5.717837
EFT:16.078756,-1.9668735,10.3028965,12.622255,12.231077,19.870468,21.37435,7.208617,16.927666,5.717838
Random285
Raw:16.078754,-1.966874,10.302896,12.622254,12.231075,19.870466,21.374348,7.208616,16.927664,5.717836
EFT:16.078756,-1.9668735,10.3028965,12.622255,12.231077,19.870468,21.37435,7.208617,16.927666,5.717838
Random286
Raw:16.078754,-1.9668735,10.302894,12.622253,12.231073,19.870464,21.374346,7.208616,16.927662,5.717836
EFT:16.078756,-1.9668735,10.3028965,12.622255,12.231077,19.870468,21.37435,7.208617,16.927666,5.717838
Random287
Raw:16.078754,-1.966874,10.302896,12.622254,12.231075,19.870466,21.374348,7.208616,16.927664,5.717836
EFT:16.078756,-1.9668735,10.3028965,12.622255,12.231077,19.870468,21.37435,7.208617,16.927666,5.717838
Random288
Raw:16.07875,-1.966874,10.302893,12.622251,12.2310705,19.870459,21.37434,7.208613,16.927658,5.717833
EFT:16.078756,-1.9668735,10.3028965,12.622255,12.231077,19.870468,21.37435,7.208617,16.927666,5.717838
Random289
Raw:16.078753,-1.966873,10.302894,12.6222515,12.231072,19.870462,21.374344,7.208615,16.927662,5.717836
EFT:16.078756,-1.9668735,10.3028965,12.622255,12.231077,19.870468,21.37435,7.208617,16.927666,5.717838
Random290
Raw:16.078754,-1.9668735,10.302896,12.622255,12.231075,19.870466,21.374348,7.2086167,16.927666,5.717837
EFT:16.078756,-1.9668735,10.3028965,12.622255,12.231077,19.870468,21.37435,7.208617,16.927666,5.717838
Random291
Raw:16.07875,-1.9668754,10.302892,12.62225,12.23107,19.870459,21.37434,7.208612,16.927658,5.71783
EFT:16.078756,-1.9668735,10.3028965,12.622255,12.231077,19.870468,21.37435,7.208617,16.927666,5.717838
Random292
Raw:16.078758,-1.9668726,10.302897,12.622257,12.231079,19.87047,21.374352,7.2086186,16.92767,5.717839
EFT:16.078756,-1.9668735,10.3028965,12.622255,12.231077,19.870468,21.37435,7.208617,16.927666,5.717838
Random293
Raw:16.078754,-1.9668735,10.302896,12.622255,12.231075,19.870466,21.374348,7.2086167,16.927666,5.717837
EFT:16.078756,-1.9668735,10.3028965,12.622255,12.231077,19.870468,21.37435,7.208617,16.927666,5.717838
Random294
Raw:16.078754,-1.966874,10.302894,12.622253,12.231073,19.870464,21.374346,7.208615,16.927662,5.717835
EFT:16.078756,-1.9668735,10.3028965,12.622255,12.231077,19.870468,21.37435,7.208617,16.927666,5.717838
Random295
Raw:16.078754,-1.9668726,10.3028965,12.622255,12.231076,19.870466,21.374348,7.2086167,16.927666,5.717839
EFT:16.078756,-1.9668735,10.3028965,12.622255,12.231077,19.870468,21.37435,7.208617,16.927666,5.717838
Random296
Raw:16.078756,-1.9668702,10.302897,12.622257,12.231079,19.87047,21.37435,7.2086205,16.92767,5.7178445
EFT:16.078756,-1.9668735,10.3028965,12.622255,12.231077,19.870468,21.37435,7.208617,16.927666,5.717838
Random297
Raw:16.078754,-1.9668759,10.302894,12.6222515,12.231072,19.870464,21.374346,7.208614,16.927662,5.717832
EFT:16.078756,-1.9668735,10.3028965,12.622255,12.231077,19.870468,21.37435,7.208617,16.927666,5.717838
Random298
Raw:16.078754,-1.9668759,10.302896,12.622253,12.231073,19.870464,21.374348,7.208614,16.927662,5.717832
EFT:16.078756,-1.9668735,10.3028965,12.622255,12.231077,19.870468,21.37435,7.208617,16.927666,5.717838
Random299
Raw:16.078756,-1.9668735,10.3028965,12.622255,12.231077,19.870468,21.37435,7.2086167,16.927666,5.717838
EFT:16.078756,-1.9668735,10.3028965,12.622255,12.231077,19.870468,21.37435,7.208617,16.927666,5.717838
Random300
Raw:16.078756,-1.9668711,10.302897,12.622257,12.231078,19.870468,21.37435,7.2086196,16.927668,5.7178426
EFT:16.078756,-1.9668735,10.3028965,12.622255,12.231077,19.870468,21.37435,7.208617,16.927666,5.717838
