Tensorflow
9.963725e-21,5.5317537e-33,4.373078e-31,9.078017e-16,4.0896973e-21,1.0,4.362463e-13,2.718154e-25,4.3342426e-19,1.6970429e-14
Original
9.963687e-21,5.531796e-33,4.373045e-31,9.077982e-16,4.0896973e-21,1.0,4.362455e-13,2.7181645e-25,4.334226e-19,1.6970397e-14
Ascend
9.963725e-21,5.531796e-33,4.373045e-31,9.077982e-16,4.0896973e-21,1.0,4.3624715e-13,2.7181645e-25,4.334226e-19,1.6970461e-14
Descend
9.963801e-21,5.5317537e-33,4.373078e-31,9.078017e-16,4.0896973e-21,1.0,4.362463e-13,2.718154e-25,4.3342426e-19,1.6970429e-14
Random1
Raw:9.963725e-21,5.531796e-33,4.373045e-31,9.077982e-16,4.0896973e-21,1.0,4.3624715e-13,2.7181645e-25,4.334226e-19,1.6970463e-14
EFT:9.963687e-21,5.531796e-33,4.373045e-31,9.077982e-16,4.0896973e-21,1.0,4.362455e-13,2.7181645e-25,4.334226e-19,1.6970397e-14
Random2
Raw:9.963649e-21,5.5317115e-33,4.3730115e-31,9.077947e-16,4.0896347e-21,1.0,4.3624465e-13,2.7181332e-25,4.3341764e-19,1.6970364e-14
EFT:9.963687e-21,5.531796e-33,4.373045e-31,9.077982e-16,4.0896973e-21,1.0,4.362455e-13,2.7181645e-25,4.334226e-19,1.6970397e-14
Random3
Raw:9.963649e-21,5.5317537e-33,4.373045e-31,9.077947e-16,4.0896658e-21,1.0,4.3624465e-13,2.718154e-25,4.3342095e-19,1.6970429e-14
EFT:9.963687e-21,5.531796e-33,4.373045e-31,9.077982e-16,4.0896973e-21,1.0,4.362455e-13,2.7181645e-25,4.334226e-19,1.6970397e-14
Random4
Raw:9.963649e-21,5.5317115e-33,4.3730115e-31,9.077947e-16,4.0896347e-21,1.0,4.3624465e-13,2.7181124e-25,4.3341764e-19,1.6970364e-14
EFT:9.963687e-21,5.531796e-33,4.373045e-31,9.077982e-16,4.0896973e-21,1.0,4.362455e-13,2.7181645e-25,4.334226e-19,1.6970397e-14
Random5
Raw:9.963725e-21,5.5317537e-33,4.373045e-31,9.077947e-16,4.0896658e-21,1.0,4.362463e-13,2.718154e-25,4.3342095e-19,1.6970495e-14
EFT:9.963687e-21,5.531796e-33,4.373045e-31,9.077982e-16,4.0896973e-21,1.0,4.362455e-13,2.7181645e-25,4.334226e-19,1.6970397e-14
Random6
Raw:9.963649e-21,5.5317115e-33,4.3730115e-31,9.077947e-16,4.0896347e-21,1.0,4.3624465e-13,2.7181124e-25,4.3341764e-19,1.6970364e-14
EFT:9.963687e-21,5.531796e-33,4.373045e-31,9.077982e-16,4.0896973e-21,1.0,4.362455e-13,2.7181645e-25,4.334226e-19,1.6970397e-14
Random7
Raw:9.963725e-21,5.531796e-33,4.373045e-31,9.077982e-16,4.0896973e-21,1.0,4.3624715e-13,2.7181645e-25,4.334226e-19,1.6970463e-14
EFT:9.963687e-21,5.531796e-33,4.373045e-31,9.077982e-16,4.0896973e-21,1.0,4.362455e-13,2.7181645e-25,4.334226e-19,1.6970397e-14
Random8
Raw:9.963725e-21,5.531796e-33,4.373045e-31,9.077982e-16,4.0896973e-21,1.0,4.3624715e-13,2.7181645e-25,4.334226e-19,1.6970463e-14
EFT:9.963687e-21,5.531796e-33,4.373045e-31,9.077982e-16,4.0896973e-21,1.0,4.362455e-13,2.7181645e-25,4.334226e-19,1.6970397e-14
Random9
Raw:9.963801e-21,5.531796e-33,4.373111e-31,9.078086e-16,4.0897284e-21,1.0,4.36248e-13,2.7181748e-25,4.3342426e-19,1.6970495e-14
EFT:9.963687e-21,5.531796e-33,4.373045e-31,9.077982e-16,4.0896973e-21,1.0,4.362455e-13,2.7181645e-25,4.334226e-19,1.6970397e-14
Random10
Raw:9.963725e-21,5.5317537e-33,4.373045e-31,9.077947e-16,4.0896658e-21,1.0,4.362463e-13,2.718154e-25,4.3342095e-19,1.6970495e-14
EFT:9.963687e-21,5.531796e-33,4.373045e-31,9.077982e-16,4.0896973e-21,1.0,4.362455e-13,2.7181645e-25,4.334226e-19,1.6970397e-14
Random11
Raw:9.963725e-21,5.531796e-33,4.373045e-31,9.077982e-16,4.0896973e-21,1.0,4.3624715e-13,2.7181645e-25,4.334226e-19,1.6970397e-14
EFT:9.963687e-21,5.531796e-33,4.373045e-31,9.077982e-16,4.0896973e-21,1.0,4.362455e-13,2.7181645e-25,4.334226e-19,1.6970397e-14
Random12
Raw:9.963649e-21,5.5317537e-33,4.373045e-31,9.077947e-16,4.0896658e-21,1.0,4.3624465e-13,2.7181332e-25,4.3342095e-19,1.6970429e-14
EFT:9.963687e-21,5.531796e-33,4.373045e-31,9.077982e-16,4.0896973e-21,1.0,4.362455e-13,2.7181645e-25,4.334226e-19,1.6970397e-14
Random13
Raw:9.963687e-21,5.531796e-33,4.373045e-31,9.077982e-16,4.0896973e-21,1.0,4.362455e-13,2.7181645e-25,4.334226e-19,1.6970397e-14
EFT:9.963687e-21,5.531796e-33,4.373045e-31,9.077982e-16,4.0896973e-21,1.0,4.362455e-13,2.7181645e-25,4.334226e-19,1.6970397e-14
Random14
Raw:9.963725e-21,5.5317537e-33,4.373045e-31,9.077947e-16,4.0896658e-21,1.0,4.362463e-13,2.718154e-25,4.3342095e-19,1.6970429e-14
EFT:9.963687e-21,5.531796e-33,4.373045e-31,9.077982e-16,4.0896973e-21,1.0,4.362455e-13,2.7181645e-25,4.334226e-19,1.6970397e-14
Random15
Raw:9.963649e-21,5.5317115e-33,4.3730115e-31,9.077947e-16,4.0896658e-21,1.0,4.3624465e-13,2.7181332e-25,4.3341764e-19,1.6970364e-14
EFT:9.963687e-21,5.531796e-33,4.373045e-31,9.077982e-16,4.0896973e-21,1.0,4.362455e-13,2.7181645e-25,4.334226e-19,1.6970397e-14
Random16
Raw:9.963725e-21,5.5317537e-33,4.373045e-31,9.077947e-16,4.0896658e-21,1.0,4.362463e-13,2.718154e-25,4.3342095e-19,1.6970495e-14
EFT:9.963687e-21,5.531796e-33,4.373045e-31,9.077982e-16,4.0896973e-21,1.0,4.362455e-13,2.7181645e-25,4.334226e-19,1.6970397e-14
Random17
Raw:9.963725e-21,5.5317537e-33,4.373045e-31,9.077947e-16,4.0896658e-21,1.0,4.362463e-13,2.718154e-25,4.3342095e-19,1.6970495e-14
EFT:9.963687e-21,5.531796e-33,4.373045e-31,9.077982e-16,4.0896973e-21,1.0,4.362455e-13,2.7181645e-25,4.334226e-19,1.6970397e-14
Random18
Raw:9.963725e-21,5.531796e-33,4.373045e-31,9.077947e-16,4.0896973e-21,1.0,4.3624715e-13,2.7181645e-25,4.334226e-19,1.6970463e-14
EFT:9.963687e-21,5.531796e-33,4.373045e-31,9.077982e-16,4.0896973e-21,1.0,4.362455e-13,2.7181645e-25,4.334226e-19,1.6970397e-14
Random19
Raw:9.963801e-21,5.5317537e-33,4.373078e-31,9.078017e-16,4.0896973e-21,1.0,4.362463e-13,2.718154e-25,4.3342426e-19,1.6970429e-14
EFT:9.963687e-21,5.531796e-33,4.373045e-31,9.077982e-16,4.0896973e-21,1.0,4.362455e-13,2.7181645e-25,4.334226e-19,1.6970397e-14
Random20
Raw:9.963649e-21,5.5317537e-33,4.3730115e-31,9.077947e-16,4.0896658e-21,1.0,4.362463e-13,2.7181332e-25,4.3341764e-19,1.6970429e-14
EFT:9.963687e-21,5.531796e-33,4.373045e-31,9.077982e-16,4.0896973e-21,1.0,4.362455e-13,2.7181645e-25,4.334226e-19,1.6970397e-14
Random21
Raw:9.963725e-21,5.531796e-33,4.373045e-31,9.077982e-16,4.0896973e-21,1.0,4.3624715e-13,2.7181645e-25,4.334226e-19,1.6970463e-14
EFT:9.963687e-21,5.531796e-33,4.373045e-31,9.077982e-16,4.0896973e-21,1.0,4.362455e-13,2.7181645e-25,4.334226e-19,1.6970397e-14
Random22
Raw:9.963725e-21,5.531796e-33,4.373045e-31,9.077947e-16,4.0896973e-21,1.0,4.3624715e-13,2.7181645e-25,4.334226e-19,1.6970463e-14
EFT:9.963687e-21,5.531796e-33,4.373045e-31,9.077982e-16,4.0896973e-21,1.0,4.362455e-13,2.7181645e-25,4.334226e-19,1.6970397e-14
Random23
Raw:9.963649e-21,5.5317115e-33,4.3730115e-31,9.077947e-16,4.0896658e-21,1.0,4.362463e-13,2.7181332e-25,4.3341764e-19,1.6970364e-14
EFT:9.963687e-21,5.531796e-33,4.373045e-31,9.077982e-16,4.0896973e-21,1.0,4.362455e-13,2.7181645e-25,4.334226e-19,1.6970397e-14
Random24
Raw:9.963725e-21,5.531796e-33,4.373045e-31,9.077982e-16,4.0896973e-21,1.0,4.3624715e-13,2.7181645e-25,4.334226e-19,1.6970463e-14
EFT:9.963687e-21,5.531796e-33,4.373045e-31,9.077982e-16,4.0896973e-21,1.0,4.362455e-13,2.7181645e-25,4.334226e-19,1.6970397e-14
Random25
Raw:9.963649e-21,5.5317537e-33,4.373045e-31,9.077947e-16,4.0896658e-21,1.0,4.3624465e-13,2.718154e-25,4.3342095e-19,1.6970429e-14
EFT:9.963687e-21,5.531796e-33,4.373045e-31,9.077982e-16,4.0896973e-21,1.0,4.362455e-13,2.7181645e-25,4.334226e-19,1.6970397e-14
Random26
Raw:9.963725e-21,5.5317537e-33,4.373045e-31,9.077947e-16,4.0896658e-21,1.0,4.362463e-13,2.718154e-25,4.3342095e-19,1.6970495e-14
EFT:9.963687e-21,5.531796e-33,4.373045e-31,9.077982e-16,4.0896973e-21,1.0,4.362455e-13,2.7181645e-25,4.334226e-19,1.6970397e-14
Random27
Raw:9.963649e-21,5.5316692e-33,4.372978e-31,9.077914e-16,4.0896504e-21,1.0,4.362455e-13,2.7181124e-25,4.3341764e-19,1.6970397e-14
EFT:9.963687e-21,5.531796e-33,4.373045e-31,9.077982e-16,4.0896973e-21,1.0,4.362455e-13,2.7181645e-25,4.334226e-19,1.6970397e-14
Random28
Raw:9.963725e-21,5.531796e-33,4.373045e-31,9.077982e-16,4.0896973e-21,1.0,4.3624715e-13,2.7181645e-25,4.334226e-19,1.6970397e-14
EFT:9.963687e-21,5.531796e-33,4.373045e-31,9.077982e-16,4.0896973e-21,1.0,4.362455e-13,2.7181645e-25,4.334226e-19,1.6970397e-14
Random29
Raw:9.963649e-21,5.5317537e-33,4.3730115e-31,9.077879e-16,4.0896658e-21,1.0,4.36248e-13,2.7181332e-25,4.3341764e-19,1.6970429e-14
EFT:9.963687e-21,5.531796e-33,4.373045e-31,9.077982e-16,4.0896973e-21,1.0,4.362455e-13,2.7181645e-25,4.334226e-19,1.6970397e-14
Random30
Raw:9.963725e-21,5.5317537e-33,4.373045e-31,9.077947e-16,4.0896658e-21,1.0,4.362463e-13,2.718154e-25,4.3342095e-19,1.6970495e-14
EFT:9.963687e-21,5.531796e-33,4.373045e-31,9.077982e-16,4.0896973e-21,1.0,4.362455e-13,2.7181645e-25,4.334226e-19,1.6970397e-14
Random31
Raw:9.963801e-21,5.531796e-33,4.373078e-31,9.078017e-16,4.0897284e-21,1.0,4.3624964e-13,2.718154e-25,4.3342426e-19,1.6970495e-14
EFT:9.963687e-21,5.531796e-33,4.373045e-31,9.077982e-16,4.0896973e-21,1.0,4.362455e-13,2.7181645e-25,4.334226e-19,1.6970397e-14
Random32
Raw:9.963725e-21,5.531796e-33,4.373045e-31,9.077982e-16,4.0896973e-21,1.0,4.3624715e-13,2.7181645e-25,4.334226e-19,1.6970397e-14
EFT:9.963687e-21,5.531796e-33,4.373045e-31,9.077982e-16,4.0896973e-21,1.0,4.362455e-13,2.7181645e-25,4.334226e-19,1.6970397e-14
Random33
Raw:9.963687e-21,5.531796e-33,4.373045e-31,9.077982e-16,4.0896815e-21,1.0,4.362455e-13,2.7181438e-25,4.334226e-19,1.6970397e-14
EFT:9.963687e-21,5.531796e-33,4.373045e-31,9.077982e-16,4.0896973e-21,1.0,4.362455e-13,2.7181645e-25,4.334226e-19,1.6970397e-14
Random34
Raw:9.963725e-21,5.5317537e-33,4.373078e-31,9.078017e-16,4.0896973e-21,1.0,4.362463e-13,2.718154e-25,4.3342426e-19,1.6970429e-14
EFT:9.963687e-21,5.531796e-33,4.373045e-31,9.077982e-16,4.0896973e-21,1.0,4.362455e-13,2.7181645e-25,4.334226e-19,1.6970397e-14
Random35
Raw:9.963687e-21,5.531796e-33,4.373045e-31,9.077982e-16,4.0896815e-21,1.0,4.3624381e-13,2.7181438e-25,4.334226e-19,1.6970397e-14
EFT:9.963687e-21,5.531796e-33,4.373045e-31,9.077982e-16,4.0896973e-21,1.0,4.362455e-13,2.7181645e-25,4.334226e-19,1.6970397e-14
Random36
Raw:9.963687e-21,5.531796e-33,4.373045e-31,9.077982e-16,4.0896815e-21,1.0,4.362455e-13,2.7181438e-25,4.334226e-19,1.6970397e-14
EFT:9.963687e-21,5.531796e-33,4.373045e-31,9.077982e-16,4.0896973e-21,1.0,4.362455e-13,2.7181645e-25,4.334226e-19,1.6970397e-14
Random37
Raw:9.963801e-21,5.5317537e-33,4.373078e-31,9.078017e-16,4.0896973e-21,1.0,4.36248e-13,2.718154e-25,4.3342426e-19,1.6970495e-14
EFT:9.963687e-21,5.531796e-33,4.373045e-31,9.077982e-16,4.0896973e-21,1.0,4.362455e-13,2.7181645e-25,4.334226e-19,1.6970397e-14
Random38
Raw:9.963649e-21,5.5317537e-33,4.373045e-31,9.077947e-16,4.0896658e-21,1.0,4.3624465e-13,2.718154e-25,4.3342095e-19,1.6970429e-14
EFT:9.963687e-21,5.531796e-33,4.373045e-31,9.077982e-16,4.0896973e-21,1.0,4.362455e-13,2.7181645e-25,4.334226e-19,1.6970397e-14
Random39
Raw:9.963801e-21,5.531838e-33,4.373111e-31,9.078017e-16,4.0897284e-21,1.0,4.3624964e-13,2.7181748e-25,4.3342426e-19,1.697056e-14
EFT:9.963687e-21,5.531796e-33,4.373045e-31,9.077982e-16,4.0896973e-21,1.0,4.362455e-13,2.7181645e-25,4.334226e-19,1.6970397e-14
Random40
Raw:9.963725e-21,5.531796e-33,4.373045e-31,9.077982e-16,4.0896973e-21,1.0,4.3624715e-13,2.7181645e-25,4.334226e-19,1.6970397e-14
EFT:9.963687e-21,5.531796e-33,4.373045e-31,9.077982e-16,4.0896973e-21,1.0,4.362455e-13,2.7181645e-25,4.334226e-19,1.6970397e-14
Random41
Raw:9.96361e-21,5.5316692e-33,4.372978e-31,9.077914e-16,4.0896504e-21,1.0,4.362455e-13,2.7181124e-25,4.3341764e-19,1.6970332e-14
EFT:9.963687e-21,5.531796e-33,4.373045e-31,9.077982e-16,4.0896973e-21,1.0,4.362455e-13,2.7181645e-25,4.334226e-19,1.6970397e-14
Random42
Raw:9.963725e-21,5.531796e-33,4.373045e-31,9.077947e-16,4.0896658e-21,1.0,4.362463e-13,2.718154e-25,4.3342095e-19,1.6970495e-14
EFT:9.963687e-21,5.531796e-33,4.373045e-31,9.077982e-16,4.0896973e-21,1.0,4.362455e-13,2.7181645e-25,4.334226e-19,1.6970397e-14
Random43
Raw:9.963649e-21,5.5317115e-33,4.3730115e-31,9.077947e-16,4.0896658e-21,1.0,4.362463e-13,2.7181332e-25,4.3341764e-19,1.6970364e-14
EFT:9.963687e-21,5.531796e-33,4.373045e-31,9.077982e-16,4.0896973e-21,1.0,4.362455e-13,2.7181645e-25,4.334226e-19,1.6970397e-14
Random44
Raw:9.963725e-21,5.5317537e-33,4.373078e-31,9.078017e-16,4.0896973e-21,1.0,4.362463e-13,2.718154e-25,4.3342426e-19,1.6970429e-14
EFT:9.963687e-21,5.531796e-33,4.373045e-31,9.077982e-16,4.0896973e-21,1.0,4.362455e-13,2.7181645e-25,4.334226e-19,1.6970397e-14
Random45
Raw:9.963725e-21,5.531796e-33,4.373045e-31,9.077982e-16,4.0896973e-21,1.0,4.3624715e-13,2.7181645e-25,4.334226e-19,1.6970463e-14
EFT:9.963687e-21,5.531796e-33,4.373045e-31,9.077982e-16,4.0896973e-21,1.0,4.362455e-13,2.7181645e-25,4.334226e-19,1.6970397e-14
Random46
Raw:9.963725e-21,5.5317537e-33,4.373045e-31,9.077947e-16,4.0896658e-21,1.0,4.362463e-13,2.718154e-25,4.3342095e-19,1.6970495e-14
EFT:9.963687e-21,5.531796e-33,4.373045e-31,9.077982e-16,4.0896973e-21,1.0,4.362455e-13,2.7181645e-25,4.334226e-19,1.6970397e-14
Random47
Raw:9.963649e-21,5.5317115e-33,4.3730115e-31,9.077947e-16,4.0896658e-21,1.0,4.3624465e-13,2.7181332e-25,4.3341764e-19,1.6970364e-14
EFT:9.963687e-21,5.531796e-33,4.373045e-31,9.077982e-16,4.0896973e-21,1.0,4.362455e-13,2.7181645e-25,4.334226e-19,1.6970397e-14
Random48
Raw:9.963725e-21,5.5317537e-33,4.373078e-31,9.078017e-16,4.0896973e-21,1.0,4.362463e-13,2.718154e-25,4.3342426e-19,1.6970429e-14
EFT:9.963687e-21,5.531796e-33,4.373045e-31,9.077982e-16,4.0896973e-21,1.0,4.362455e-13,2.7181645e-25,4.334226e-19,1.6970397e-14
Random49
Raw:9.963687e-21,5.531796e-33,4.373045e-31,9.077982e-16,4.0896973e-21,1.0,4.362455e-13,2.7181645e-25,4.334226e-19,1.6970397e-14
EFT:9.963687e-21,5.531796e-33,4.373045e-31,9.077982e-16,4.0896973e-21,1.0,4.362455e-13,2.7181645e-25,4.334226e-19,1.6970397e-14
Random50
Raw:9.963801e-21,5.5317537e-33,4.373078e-31,9.078017e-16,4.0896973e-21,1.0,4.36248e-13,2.718154e-25,4.3342426e-19,1.6970429e-14
EFT:9.963687e-21,5.531796e-33,4.373045e-31,9.077982e-16,4.0896973e-21,1.0,4.362455e-13,2.7181645e-25,4.334226e-19,1.6970397e-14
Random51
Raw:9.963725e-21,5.531796e-33,4.373045e-31,9.077982e-16,4.0896973e-21,1.0,4.3624715e-13,2.7181645e-25,4.334226e-19,1.6970397e-14
EFT:9.963687e-21,5.531796e-33,4.373045e-31,9.077982e-16,4.0896973e-21,1.0,4.362455e-13,2.7181645e-25,4.334226e-19,1.6970397e-14
Random52
Raw:9.963725e-21,5.5317537e-33,4.373078e-31,9.078017e-16,4.0896973e-21,1.0,4.362463e-13,2.718154e-25,4.3342426e-19,1.6970429e-14
EFT:9.963687e-21,5.531796e-33,4.373045e-31,9.077982e-16,4.0896973e-21,1.0,4.362455e-13,2.7181645e-25,4.334226e-19,1.6970397e-14
Random53
Raw:9.963725e-21,5.5317537e-33,4.373045e-31,9.077947e-16,4.0896658e-21,1.0,4.362463e-13,2.718154e-25,4.3342095e-19,1.6970429e-14
EFT:9.963687e-21,5.531796e-33,4.373045e-31,9.077982e-16,4.0896973e-21,1.0,4.362455e-13,2.7181645e-25,4.334226e-19,1.6970397e-14
Random54
Raw:9.963649e-21,5.5317115e-33,4.3730115e-31,9.077947e-16,4.0896347e-21,1.0,4.3624465e-13,2.7181332e-25,4.3341764e-19,1.6970364e-14
EFT:9.963687e-21,5.531796e-33,4.373045e-31,9.077982e-16,4.0896973e-21,1.0,4.362455e-13,2.7181645e-25,4.334226e-19,1.6970397e-14
Random55
Raw:9.963725e-21,5.531796e-33,4.373045e-31,9.077947e-16,4.0897126e-21,1.0,4.362488e-13,2.7181645e-25,4.334226e-19,1.6970463e-14
EFT:9.963687e-21,5.531796e-33,4.373045e-31,9.077982e-16,4.0896973e-21,1.0,4.362455e-13,2.7181645e-25,4.334226e-19,1.6970397e-14
Random56
Raw:9.963649e-21,5.5317115e-33,4.3730115e-31,9.077947e-16,4.0896658e-21,1.0,4.362463e-13,2.7181332e-25,4.3341764e-19,1.6970429e-14
EFT:9.963687e-21,5.531796e-33,4.373045e-31,9.077982e-16,4.0896973e-21,1.0,4.362455e-13,2.7181645e-25,4.334226e-19,1.6970397e-14
Random57
Raw:9.963725e-21,5.531796e-33,4.373045e-31,9.077947e-16,4.0896973e-21,1.0,4.362463e-13,2.718154e-25,4.3342095e-19,1.6970495e-14
EFT:9.963687e-21,5.531796e-33,4.373045e-31,9.077982e-16,4.0896973e-21,1.0,4.362455e-13,2.7181645e-25,4.334226e-19,1.6970397e-14
Random58
Raw:9.963687e-21,5.531796e-33,4.373045e-31,9.077982e-16,4.0896815e-21,1.0,4.362455e-13,2.7181645e-25,4.334226e-19,1.6970397e-14
EFT:9.963687e-21,5.531796e-33,4.373045e-31,9.077982e-16,4.0896973e-21,1.0,4.362455e-13,2.7181645e-25,4.334226e-19,1.6970397e-14
Random59
Raw:9.963801e-21,5.531796e-33,4.373111e-31,9.078086e-16,4.0897284e-21,1.0,4.3624964e-13,2.7181748e-25,4.3342426e-19,1.6970495e-14
EFT:9.963687e-21,5.531796e-33,4.373045e-31,9.077982e-16,4.0896973e-21,1.0,4.362455e-13,2.7181645e-25,4.334226e-19,1.6970397e-14
Random60
Raw:9.963725e-21,5.531796e-33,4.373045e-31,9.077982e-16,4.0896973e-21,1.0,4.3624715e-13,2.7181645e-25,4.334226e-19,1.6970397e-14
EFT:9.963687e-21,5.531796e-33,4.373045e-31,9.077982e-16,4.0896973e-21,1.0,4.362455e-13,2.7181645e-25,4.334226e-19,1.6970397e-14
Random61
Raw:9.963649e-21,5.5317115e-33,4.3730115e-31,9.077947e-16,4.0896658e-21,1.0,4.362463e-13,2.7181332e-25,4.3341764e-19,1.6970429e-14
EFT:9.963687e-21,5.531796e-33,4.373045e-31,9.077982e-16,4.0896973e-21,1.0,4.362455e-13,2.7181645e-25,4.334226e-19,1.6970397e-14
Random62
Raw:9.963649e-21,5.5316692e-33,4.372978e-31,9.077914e-16,4.0896504e-21,1.0,4.362455e-13,2.7181124e-25,4.3341764e-19,1.6970397e-14
EFT:9.963687e-21,5.531796e-33,4.373045e-31,9.077982e-16,4.0896973e-21,1.0,4.362455e-13,2.7181645e-25,4.334226e-19,1.6970397e-14
Random63
Raw:9.963649e-21,5.5316692e-33,4.372978e-31,9.077914e-16,4.0896504e-21,1.0,4.362455e-13,2.7181124e-25,4.3341764e-19,1.6970397e-14
EFT:9.963687e-21,5.531796e-33,4.373045e-31,9.077982e-16,4.0896973e-21,1.0,4.362455e-13,2.7181645e-25,4.334226e-19,1.6970397e-14
Random64
Raw:9.963725e-21,5.5317537e-33,4.373045e-31,9.077947e-16,4.0896658e-21,1.0,4.362463e-13,2.718154e-25,4.3342095e-19,1.6970429e-14
EFT:9.963687e-21,5.531796e-33,4.373045e-31,9.077982e-16,4.0896973e-21,1.0,4.362455e-13,2.7181645e-25,4.334226e-19,1.6970397e-14
Random65
Raw:9.963725e-21,5.5317537e-33,4.373045e-31,9.077947e-16,4.0896658e-21,1.0,4.362463e-13,2.718154e-25,4.3342095e-19,1.6970429e-14
EFT:9.963687e-21,5.531796e-33,4.373045e-31,9.077982e-16,4.0896973e-21,1.0,4.362455e-13,2.7181645e-25,4.334226e-19,1.6970397e-14
Random66
Raw:9.963649e-21,5.5317115e-33,4.3730115e-31,9.077947e-16,4.0896658e-21,1.0,4.3624465e-13,2.7181332e-25,4.3341764e-19,1.6970364e-14
EFT:9.963687e-21,5.531796e-33,4.373045e-31,9.077982e-16,4.0896973e-21,1.0,4.362455e-13,2.7181645e-25,4.334226e-19,1.6970397e-14
Random67
Raw:9.963725e-21,5.531796e-33,4.373045e-31,9.077982e-16,4.0896973e-21,1.0,4.3624715e-13,2.7181645e-25,4.334226e-19,1.6970397e-14
EFT:9.963687e-21,5.531796e-33,4.373045e-31,9.077982e-16,4.0896973e-21,1.0,4.362455e-13,2.7181645e-25,4.334226e-19,1.6970397e-14
Random68
Raw:9.963687e-21,5.531796e-33,4.373045e-31,9.077982e-16,4.0896815e-21,1.0,4.362455e-13,2.7181645e-25,4.334226e-19,1.6970397e-14
EFT:9.963687e-21,5.531796e-33,4.373045e-31,9.077982e-16,4.0896973e-21,1.0,4.362455e-13,2.7181645e-25,4.334226e-19,1.6970397e-14
Random69
Raw:9.963649e-21,5.5316692e-33,4.372978e-31,9.077914e-16,4.0896504e-21,1.0,4.362455e-13,2.7181124e-25,4.3341764e-19,1.6970397e-14
EFT:9.963687e-21,5.531796e-33,4.373045e-31,9.077982e-16,4.0896973e-21,1.0,4.362455e-13,2.7181645e-25,4.334226e-19,1.6970397e-14
Random70
Raw:9.963649e-21,5.5317537e-33,4.373045e-31,9.077947e-16,4.0896658e-21,1.0,4.3624465e-13,2.718154e-25,4.3342095e-19,1.6970429e-14
EFT:9.963687e-21,5.531796e-33,4.373045e-31,9.077982e-16,4.0896973e-21,1.0,4.362455e-13,2.7181645e-25,4.334226e-19,1.6970397e-14
Random71
Raw:9.963725e-21,5.5317537e-33,4.373078e-31,9.078017e-16,4.0896973e-21,1.0,4.3624465e-13,2.7181332e-25,4.3342426e-19,1.6970364e-14
EFT:9.963687e-21,5.531796e-33,4.373045e-31,9.077982e-16,4.0896973e-21,1.0,4.362455e-13,2.7181645e-25,4.334226e-19,1.6970397e-14
Random72
Raw:9.963687e-21,5.531796e-33,4.373045e-31,9.077982e-16,4.0896815e-21,1.0,4.362455e-13,2.7181645e-25,4.334226e-19,1.6970397e-14
EFT:9.963687e-21,5.531796e-33,4.373045e-31,9.077982e-16,4.0896973e-21,1.0,4.362455e-13,2.7181645e-25,4.334226e-19,1.6970397e-14
Random73
Raw:9.963725e-21,5.531796e-33,4.373045e-31,9.077982e-16,4.0896973e-21,1.0,4.3624715e-13,2.7181645e-25,4.334226e-19,1.6970463e-14
EFT:9.963687e-21,5.531796e-33,4.373045e-31,9.077982e-16,4.0896973e-21,1.0,4.362455e-13,2.7181645e-25,4.334226e-19,1.6970397e-14
Random74
Raw:9.963725e-21,5.5317537e-33,4.373045e-31,9.077947e-16,4.0896658e-21,1.0,4.362463e-13,2.718154e-25,4.3342095e-19,1.6970495e-14
EFT:9.963687e-21,5.531796e-33,4.373045e-31,9.077982e-16,4.0896973e-21,1.0,4.362455e-13,2.7181645e-25,4.334226e-19,1.6970397e-14
Random75
Raw:9.963649e-21,5.5317537e-33,4.373045e-31,9.077947e-16,4.0896658e-21,1.0,4.3624465e-13,2.718154e-25,4.3342095e-19,1.6970429e-14
EFT:9.963687e-21,5.531796e-33,4.373045e-31,9.077982e-16,4.0896973e-21,1.0,4.362455e-13,2.7181645e-25,4.334226e-19,1.6970397e-14
Random76
Raw:9.963725e-21,5.531796e-33,4.373045e-31,9.077982e-16,4.0896973e-21,1.0,4.3624715e-13,2.7181645e-25,4.334226e-19,1.6970463e-14
EFT:9.963687e-21,5.531796e-33,4.373045e-31,9.077982e-16,4.0896973e-21,1.0,4.362455e-13,2.7181645e-25,4.334226e-19,1.6970397e-14
Random77
Raw:9.963801e-21,5.5317537e-33,4.373078e-31,9.078017e-16,4.0896973e-21,1.0,4.36248e-13,2.718154e-25,4.3342426e-19,1.6970495e-14
EFT:9.963687e-21,5.531796e-33,4.373045e-31,9.077982e-16,4.0896973e-21,1.0,4.362455e-13,2.7181645e-25,4.334226e-19,1.6970397e-14
Random78
Raw:9.963725e-21,5.531796e-33,4.373045e-31,9.077947e-16,4.0896973e-21,1.0,4.36248e-13,2.718154e-25,4.3342095e-19,1.6970495e-14
EFT:9.963687e-21,5.531796e-33,4.373045e-31,9.077982e-16,4.0896973e-21,1.0,4.362455e-13,2.7181645e-25,4.334226e-19,1.6970397e-14
Random79
Raw:9.963725e-21,5.531796e-33,4.373045e-31,9.077982e-16,4.0896973e-21,1.0,4.3624715e-13,2.7181645e-25,4.334226e-19,1.6970397e-14
EFT:9.963687e-21,5.531796e-33,4.373045e-31,9.077982e-16,4.0896973e-21,1.0,4.362455e-13,2.7181645e-25,4.334226e-19,1.6970397e-14
Random80
Raw:9.963649e-21,5.5317537e-33,4.373045e-31,9.077947e-16,4.0896658e-21,1.0,4.3624465e-13,2.718154e-25,4.3342095e-19,1.6970429e-14
EFT:9.963687e-21,5.531796e-33,4.373045e-31,9.077982e-16,4.0896973e-21,1.0,4.362455e-13,2.7181645e-25,4.334226e-19,1.6970397e-14
Random81
Raw:9.963725e-21,5.531796e-33,4.373045e-31,9.077982e-16,4.0896973e-21,1.0,4.3624715e-13,2.7181645e-25,4.334226e-19,1.6970463e-14
EFT:9.963687e-21,5.531796e-33,4.373045e-31,9.077982e-16,4.0896973e-21,1.0,4.362455e-13,2.7181645e-25,4.334226e-19,1.6970397e-14
Random82
Raw:9.963725e-21,5.5317537e-33,4.373045e-31,9.077947e-16,4.0896658e-21,1.0,4.362463e-13,2.718154e-25,4.3342095e-19,1.6970495e-14
EFT:9.963687e-21,5.531796e-33,4.373045e-31,9.077982e-16,4.0896973e-21,1.0,4.362455e-13,2.7181645e-25,4.334226e-19,1.6970397e-14
Random83
Raw:9.963801e-21,5.531796e-33,4.373078e-31,9.078017e-16,4.0896973e-21,1.0,4.36248e-13,2.718154e-25,4.3342426e-19,1.6970495e-14
EFT:9.963687e-21,5.531796e-33,4.373045e-31,9.077982e-16,4.0896973e-21,1.0,4.362455e-13,2.7181645e-25,4.334226e-19,1.6970397e-14
Random84
Raw:9.963687e-21,5.531796e-33,4.373045e-31,9.077982e-16,4.0896815e-21,1.0,4.362455e-13,2.7181645e-25,4.334226e-19,1.6970397e-14
EFT:9.963687e-21,5.531796e-33,4.373045e-31,9.077982e-16,4.0896973e-21,1.0,4.362455e-13,2.7181645e-25,4.334226e-19,1.6970397e-14
Random85
Raw:9.963725e-21,5.531796e-33,4.373045e-31,9.077947e-16,4.0896973e-21,1.0,4.36248e-13,2.718154e-25,4.3342095e-19,1.6970495e-14
EFT:9.963687e-21,5.531796e-33,4.373045e-31,9.077982e-16,4.0896973e-21,1.0,4.362455e-13,2.7181645e-25,4.334226e-19,1.6970397e-14
Random86
Raw:9.963649e-21,5.5317537e-33,4.3730115e-31,9.077879e-16,4.0896658e-21,1.0,4.362463e-13,2.7181332e-25,4.3341764e-19,1.6970429e-14
EFT:9.963687e-21,5.531796e-33,4.373045e-31,9.077982e-16,4.0896973e-21,1.0,4.362455e-13,2.7181645e-25,4.334226e-19,1.6970397e-14
Random87
Raw:9.963649e-21,5.5317115e-33,4.3730115e-31,9.077947e-16,4.0896658e-21,1.0,4.362463e-13,2.7181332e-25,4.3341764e-19,1.6970364e-14
EFT:9.963687e-21,5.531796e-33,4.373045e-31,9.077982e-16,4.0896973e-21,1.0,4.362455e-13,2.7181645e-25,4.334226e-19,1.6970397e-14
Random88
Raw:9.963649e-21,5.5317537e-33,4.3730115e-31,9.077879e-16,4.0896658e-21,1.0,4.362463e-13,2.7181332e-25,4.3341764e-19,1.6970429e-14
EFT:9.963687e-21,5.531796e-33,4.373045e-31,9.077982e-16,4.0896973e-21,1.0,4.362455e-13,2.7181645e-25,4.334226e-19,1.6970397e-14
Random89
Raw:9.963725e-21,5.5317537e-33,4.373045e-31,9.077947e-16,4.0896658e-21,1.0,4.362463e-13,2.718154e-25,4.3342095e-19,1.6970429e-14
EFT:9.963687e-21,5.531796e-33,4.373045e-31,9.077982e-16,4.0896973e-21,1.0,4.362455e-13,2.7181645e-25,4.334226e-19,1.6970397e-14
Random90
Raw:9.963649e-21,5.5317115e-33,4.3730115e-31,9.077947e-16,4.0896658e-21,1.0,4.362463e-13,2.7181332e-25,4.3341764e-19,1.6970364e-14
EFT:9.963687e-21,5.531796e-33,4.373045e-31,9.077982e-16,4.0896973e-21,1.0,4.362455e-13,2.7181645e-25,4.334226e-19,1.6970397e-14
Random91
Raw:9.963725e-21,5.531796e-33,4.373045e-31,9.077947e-16,4.0896973e-21,1.0,4.3624715e-13,2.7181645e-25,4.334226e-19,1.6970463e-14
EFT:9.963687e-21,5.531796e-33,4.373045e-31,9.077982e-16,4.0896973e-21,1.0,4.362455e-13,2.7181645e-25,4.334226e-19,1.6970397e-14
Random92
Raw:9.963801e-21,5.5317537e-33,4.373078e-31,9.078017e-16,4.0896973e-21,1.0,4.36248e-13,2.718154e-25,4.3342426e-19,1.6970429e-14
EFT:9.963687e-21,5.531796e-33,4.373045e-31,9.077982e-16,4.0896973e-21,1.0,4.362455e-13,2.7181645e-25,4.334226e-19,1.6970397e-14
Random93
Raw:9.963801e-21,5.5317537e-33,4.373078e-31,9.078017e-16,4.0896973e-21,1.0,4.36248e-13,2.718154e-25,4.3342426e-19,1.6970495e-14
EFT:9.963687e-21,5.531796e-33,4.373045e-31,9.077982e-16,4.0896973e-21,1.0,4.362455e-13,2.7181645e-25,4.334226e-19,1.6970397e-14
Random94
Raw:9.963649e-21,5.531627e-33,4.372945e-31,9.077879e-16,4.0896347e-21,1.0,4.3624465e-13,2.7181124e-25,4.3341764e-19,1.6970364e-14
EFT:9.963687e-21,5.531796e-33,4.373045e-31,9.077982e-16,4.0896973e-21,1.0,4.362455e-13,2.7181645e-25,4.334226e-19,1.6970397e-14
Random95
Raw:9.963649e-21,5.5317115e-33,4.3730115e-31,9.077947e-16,4.0896347e-21,1.0,4.3624465e-13,2.7181332e-25,4.3341764e-19,1.6970364e-14
EFT:9.963687e-21,5.531796e-33,4.373045e-31,9.077982e-16,4.0896973e-21,1.0,4.362455e-13,2.7181645e-25,4.334226e-19,1.6970397e-14
Random96
Raw:9.963649e-21,5.5317537e-33,4.373045e-31,9.077947e-16,4.0896658e-21,1.0,4.3624465e-13,2.718154e-25,4.3342095e-19,1.6970429e-14
EFT:9.963687e-21,5.531796e-33,4.373045e-31,9.077982e-16,4.0896973e-21,1.0,4.362455e-13,2.7181645e-25,4.334226e-19,1.6970397e-14
Random97
Raw:9.963801e-21,5.5317537e-33,4.373078e-31,9.078017e-16,4.0896973e-21,1.0,4.36248e-13,2.718154e-25,4.3342426e-19,1.6970495e-14
EFT:9.963687e-21,5.531796e-33,4.373045e-31,9.077982e-16,4.0896973e-21,1.0,4.362455e-13,2.7181645e-25,4.334226e-19,1.6970397e-14
Random98
Raw:9.963725e-21,5.531796e-33,4.373045e-31,9.077982e-16,4.0896973e-21,1.0,4.3624715e-13,2.7181645e-25,4.334226e-19,1.6970463e-14
EFT:9.963687e-21,5.531796e-33,4.373045e-31,9.077982e-16,4.0896973e-21,1.0,4.362455e-13,2.7181645e-25,4.334226e-19,1.6970397e-14
Random99
Raw:9.963725e-21,5.531796e-33,4.373045e-31,9.077982e-16,4.0896973e-21,1.0,4.3624715e-13,2.7181645e-25,4.334226e-19,1.6970397e-14
EFT:9.963687e-21,5.531796e-33,4.373045e-31,9.077982e-16,4.0896973e-21,1.0,4.362455e-13,2.7181645e-25,4.334226e-19,1.6970397e-14
Random100
Raw:9.963649e-21,5.5317115e-33,4.3730115e-31,9.077947e-16,4.0896658e-21,1.0,4.362463e-13,2.7181332e-25,4.3341764e-19,1.6970364e-14
EFT:9.963687e-21,5.531796e-33,4.373045e-31,9.077982e-16,4.0896973e-21,1.0,4.362455e-13,2.7181645e-25,4.334226e-19,1.6970397e-14
Random101
Raw:9.963649e-21,5.5317115e-33,4.3730115e-31,9.077947e-16,4.0896347e-21,1.0,4.3624465e-13,2.7181332e-25,4.3341764e-19,1.6970364e-14
EFT:9.963687e-21,5.531796e-33,4.373045e-31,9.077982e-16,4.0896973e-21,1.0,4.362455e-13,2.7181645e-25,4.334226e-19,1.6970397e-14
Random102
Raw:9.963649e-21,5.5317115e-33,4.3730115e-31,9.077947e-16,4.0896658e-21,1.0,4.3624465e-13,2.7181332e-25,4.3341764e-19,1.6970364e-14
EFT:9.963687e-21,5.531796e-33,4.373045e-31,9.077982e-16,4.0896973e-21,1.0,4.362455e-13,2.7181645e-25,4.334226e-19,1.6970397e-14
Random103
Raw:9.963801e-21,5.5317537e-33,4.373078e-31,9.078017e-16,4.0896973e-21,1.0,4.36248e-13,2.718154e-25,4.3342426e-19,1.6970429e-14
EFT:9.963687e-21,5.531796e-33,4.373045e-31,9.077982e-16,4.0896973e-21,1.0,4.362455e-13,2.7181645e-25,4.334226e-19,1.6970397e-14
Random104
Raw:9.963725e-21,5.5317537e-33,4.373045e-31,9.077947e-16,4.0896658e-21,1.0,4.362463e-13,2.718154e-25,4.3342095e-19,1.6970495e-14
EFT:9.963687e-21,5.531796e-33,4.373045e-31,9.077982e-16,4.0896973e-21,1.0,4.362455e-13,2.7181645e-25,4.334226e-19,1.6970397e-14
Random105
Raw:9.963725e-21,5.5317537e-33,4.373045e-31,9.077947e-16,4.0896658e-21,1.0,4.362463e-13,2.718154e-25,4.3342095e-19,1.6970429e-14
EFT:9.963687e-21,5.531796e-33,4.373045e-31,9.077982e-16,4.0896973e-21,1.0,4.362455e-13,2.7181645e-25,4.334226e-19,1.6970397e-14
Random106
Raw:9.963763e-21,5.531796e-33,4.373045e-31,9.077947e-16,4.0897126e-21,1.0,4.362488e-13,2.7181645e-25,4.334226e-19,1.6970463e-14
EFT:9.963687e-21,5.531796e-33,4.373045e-31,9.077982e-16,4.0896973e-21,1.0,4.362455e-13,2.7181645e-25,4.334226e-19,1.6970397e-14
Random107
Raw:9.963725e-21,5.5317537e-33,4.373078e-31,9.078017e-16,4.0896973e-21,1.0,4.362463e-13,2.718154e-25,4.3342426e-19,1.6970429e-14
EFT:9.963687e-21,5.531796e-33,4.373045e-31,9.077982e-16,4.0896973e-21,1.0,4.362455e-13,2.7181645e-25,4.334226e-19,1.6970397e-14
Random108
Raw:9.963649e-21,5.5317537e-33,4.373045e-31,9.077947e-16,4.0896658e-21,1.0,4.3624465e-13,2.718154e-25,4.3342095e-19,1.6970429e-14
EFT:9.963687e-21,5.531796e-33,4.373045e-31,9.077982e-16,4.0896973e-21,1.0,4.362455e-13,2.7181645e-25,4.334226e-19,1.6970397e-14
Random109
Raw:9.963801e-21,5.531796e-33,4.373078e-31,9.078017e-16,4.0897284e-21,1.0,4.36248e-13,2.718154e-25,4.3342426e-19,1.6970495e-14
EFT:9.963687e-21,5.531796e-33,4.373045e-31,9.077982e-16,4.0896973e-21,1.0,4.362455e-13,2.7181645e-25,4.334226e-19,1.6970397e-14
Random110
Raw:9.963649e-21,5.5317537e-33,4.373045e-31,9.077947e-16,4.0896658e-21,1.0,4.3624465e-13,2.718154e-25,4.3342095e-19,1.6970429e-14
EFT:9.963687e-21,5.531796e-33,4.373045e-31,9.077982e-16,4.0896973e-21,1.0,4.362455e-13,2.7181645e-25,4.334226e-19,1.6970397e-14
Random111
Raw:9.963687e-21,5.531796e-33,4.373045e-31,9.077982e-16,4.0896815e-21,1.0,4.362455e-13,2.7181438e-25,4.334226e-19,1.6970397e-14
EFT:9.963687e-21,5.531796e-33,4.373045e-31,9.077982e-16,4.0896973e-21,1.0,4.362455e-13,2.7181645e-25,4.334226e-19,1.6970397e-14
Random112
Raw:9.963801e-21,5.5317537e-33,4.373078e-31,9.078017e-16,4.0896973e-21,1.0,4.36248e-13,2.718154e-25,4.3342426e-19,1.6970495e-14
EFT:9.963687e-21,5.531796e-33,4.373045e-31,9.077982e-16,4.0896973e-21,1.0,4.362455e-13,2.7181645e-25,4.334226e-19,1.6970397e-14
Random113
Raw:9.963725e-21,5.531796e-33,4.373045e-31,9.077982e-16,4.0896973e-21,1.0,4.3624715e-13,2.7181645e-25,4.334226e-19,1.6970397e-14
EFT:9.963687e-21,5.531796e-33,4.373045e-31,9.077982e-16,4.0896973e-21,1.0,4.362455e-13,2.7181645e-25,4.334226e-19,1.6970397e-14
Random114
Raw:9.963801e-21,5.5317537e-33,4.373078e-31,9.078017e-16,4.0896973e-21,1.0,4.362463e-13,2.718154e-25,4.3342426e-19,1.6970429e-14
EFT:9.963687e-21,5.531796e-33,4.373045e-31,9.077982e-16,4.0896973e-21,1.0,4.362455e-13,2.7181645e-25,4.334226e-19,1.6970397e-14
Random115
Raw:9.963649e-21,5.5317115e-33,4.3730115e-31,9.077947e-16,4.0896658e-21,1.0,4.362463e-13,2.7181332e-25,4.3341764e-19,1.6970429e-14
EFT:9.963687e-21,5.531796e-33,4.373045e-31,9.077982e-16,4.0896973e-21,1.0,4.362455e-13,2.7181645e-25,4.334226e-19,1.6970397e-14
Random116
Raw:9.963649e-21,5.5317537e-33,4.373045e-31,9.077947e-16,4.0896658e-21,1.0,4.3624465e-13,2.718154e-25,4.3342095e-19,1.6970429e-14
EFT:9.963687e-21,5.531796e-33,4.373045e-31,9.077982e-16,4.0896973e-21,1.0,4.362455e-13,2.7181645e-25,4.334226e-19,1.6970397e-14
Random117
Raw:9.963725e-21,5.531796e-33,4.373045e-31,9.077947e-16,4.0896973e-21,1.0,4.3624715e-13,2.7181645e-25,4.334226e-19,1.6970463e-14
EFT:9.963687e-21,5.531796e-33,4.373045e-31,9.077982e-16,4.0896973e-21,1.0,4.362455e-13,2.7181645e-25,4.334226e-19,1.6970397e-14
Random118
Raw:9.963725e-21,5.531796e-33,4.373045e-31,9.077982e-16,4.0896973e-21,1.0,4.3624715e-13,2.7181645e-25,4.334226e-19,1.6970397e-14
EFT:9.963687e-21,5.531796e-33,4.373045e-31,9.077982e-16,4.0896973e-21,1.0,4.362455e-13,2.7181645e-25,4.334226e-19,1.6970397e-14
Random119
Raw:9.963801e-21,5.531796e-33,4.373111e-31,9.078017e-16,4.0897284e-21,1.0,4.3624964e-13,2.7181748e-25,4.3342426e-19,1.697056e-14
EFT:9.963687e-21,5.531796e-33,4.373045e-31,9.077982e-16,4.0896973e-21,1.0,4.362455e-13,2.7181645e-25,4.334226e-19,1.6970397e-14
Random120
Raw:9.963687e-21,5.531796e-33,4.373045e-31,9.077982e-16,4.0896973e-21,1.0,4.362455e-13,2.7181645e-25,4.334226e-19,1.6970397e-14
EFT:9.963687e-21,5.531796e-33,4.373045e-31,9.077982e-16,4.0896973e-21,1.0,4.362455e-13,2.7181645e-25,4.334226e-19,1.6970397e-14
Random121
Raw:9.963687e-21,5.531796e-33,4.373045e-31,9.077982e-16,4.0896815e-21,1.0,4.362455e-13,2.7181645e-25,4.334226e-19,1.6970397e-14
EFT:9.963687e-21,5.531796e-33,4.373045e-31,9.077982e-16,4.0896973e-21,1.0,4.362455e-13,2.7181645e-25,4.334226e-19,1.6970397e-14
Random122
Raw:9.963649e-21,5.5316692e-33,4.372978e-31,9.077914e-16,4.0896504e-21,1.0,4.362455e-13,2.7181124e-25,4.3341764e-19,1.6970332e-14
EFT:9.963687e-21,5.531796e-33,4.373045e-31,9.077982e-16,4.0896973e-21,1.0,4.362455e-13,2.7181645e-25,4.334226e-19,1.6970397e-14
Random123
Raw:9.963725e-21,5.531796e-33,4.373045e-31,9.077947e-16,4.0896973e-21,1.0,4.3624715e-13,2.7181645e-25,4.334226e-19,1.6970463e-14
EFT:9.963687e-21,5.531796e-33,4.373045e-31,9.077982e-16,4.0896973e-21,1.0,4.362455e-13,2.7181645e-25,4.334226e-19,1.6970397e-14
Random124
Raw:9.963649e-21,5.5317537e-33,4.3730115e-31,9.077879e-16,4.0896658e-21,1.0,4.362463e-13,2.7181332e-25,4.3341764e-19,1.6970429e-14
EFT:9.963687e-21,5.531796e-33,4.373045e-31,9.077982e-16,4.0896973e-21,1.0,4.362455e-13,2.7181645e-25,4.334226e-19,1.6970397e-14
Random125
Raw:9.963725e-21,5.531796e-33,4.373045e-31,9.077982e-16,4.0896973e-21,1.0,4.3624715e-13,2.7181645e-25,4.334226e-19,1.6970463e-14
EFT:9.963687e-21,5.531796e-33,4.373045e-31,9.077982e-16,4.0896973e-21,1.0,4.362455e-13,2.7181645e-25,4.334226e-19,1.6970397e-14
Random126
Raw:9.963649e-21,5.5317115e-33,4.3730115e-31,9.077947e-16,4.0896658e-21,1.0,4.362463e-13,2.7181332e-25,4.3341764e-19,1.6970429e-14
EFT:9.963687e-21,5.531796e-33,4.373045e-31,9.077982e-16,4.0896973e-21,1.0,4.362455e-13,2.7181645e-25,4.334226e-19,1.6970397e-14
Random127
Raw:9.963725e-21,5.531796e-33,4.373045e-31,9.077947e-16,4.0897126e-21,1.0,4.3624715e-13,2.7181645e-25,4.334226e-19,1.6970463e-14
EFT:9.963687e-21,5.531796e-33,4.373045e-31,9.077982e-16,4.0896973e-21,1.0,4.362455e-13,2.7181645e-25,4.334226e-19,1.6970397e-14
Random128
Raw:9.963725e-21,5.531796e-33,4.373045e-31,9.077947e-16,4.0897126e-21,1.0,4.3624715e-13,2.7181645e-25,4.334226e-19,1.6970463e-14
EFT:9.963687e-21,5.531796e-33,4.373045e-31,9.077982e-16,4.0896973e-21,1.0,4.362455e-13,2.7181645e-25,4.334226e-19,1.6970397e-14
Random129
Raw:9.963801e-21,5.5317537e-33,4.373078e-31,9.078017e-16,4.0896973e-21,1.0,4.36248e-13,2.718154e-25,4.3342426e-19,1.6970495e-14
EFT:9.963687e-21,5.531796e-33,4.373045e-31,9.077982e-16,4.0896973e-21,1.0,4.362455e-13,2.7181645e-25,4.334226e-19,1.6970397e-14
Random130
Raw:9.963801e-21,5.531796e-33,4.373078e-31,9.078017e-16,4.0896973e-21,1.0,4.36248e-13,2.718154e-25,4.3342426e-19,1.6970495e-14
EFT:9.963687e-21,5.531796e-33,4.373045e-31,9.077982e-16,4.0896973e-21,1.0,4.362455e-13,2.7181645e-25,4.334226e-19,1.6970397e-14
Random131
Raw:9.963725e-21,5.5317537e-33,4.373078e-31,9.078017e-16,4.0896973e-21,1.0,4.362463e-13,2.7181332e-25,4.3342426e-19,1.6970429e-14
EFT:9.963687e-21,5.531796e-33,4.373045e-31,9.077982e-16,4.0896973e-21,1.0,4.362455e-13,2.7181645e-25,4.334226e-19,1.6970397e-14
Random132
Raw:9.963649e-21,5.5317537e-33,4.3730115e-31,9.077947e-16,4.0896658e-21,1.0,4.362463e-13,2.7181332e-25,4.3341764e-19,1.6970429e-14
EFT:9.963687e-21,5.531796e-33,4.373045e-31,9.077982e-16,4.0896973e-21,1.0,4.362455e-13,2.7181645e-25,4.334226e-19,1.6970397e-14
Random133
Raw:9.963801e-21,5.5317537e-33,4.373078e-31,9.078017e-16,4.0896973e-21,1.0,4.36248e-13,2.718154e-25,4.3342426e-19,1.6970495e-14
EFT:9.963687e-21,5.531796e-33,4.373045e-31,9.077982e-16,4.0896973e-21,1.0,4.362455e-13,2.7181645e-25,4.334226e-19,1.6970397e-14
Random134
Raw:9.963725e-21,5.5317537e-33,4.373045e-31,9.077947e-16,4.0896658e-21,1.0,4.362463e-13,2.718154e-25,4.3342095e-19,1.6970429e-14
EFT:9.963687e-21,5.531796e-33,4.373045e-31,9.077982e-16,4.0896973e-21,1.0,4.362455e-13,2.7181645e-25,4.334226e-19,1.6970397e-14
Random135
Raw:9.963725e-21,5.531796e-33,4.373045e-31,9.077947e-16,4.0897126e-21,1.0,4.3624715e-13,2.7181645e-25,4.334226e-19,1.6970463e-14
EFT:9.963687e-21,5.531796e-33,4.373045e-31,9.077982e-16,4.0896973e-21,1.0,4.362455e-13,2.7181645e-25,4.334226e-19,1.6970397e-14
Random136
Raw:9.963649e-21,5.5317115e-33,4.3730115e-31,9.077947e-16,4.0896347e-21,1.0,4.3624465e-13,2.7181332e-25,4.3341764e-19,1.6970364e-14
EFT:9.963687e-21,5.531796e-33,4.373045e-31,9.077982e-16,4.0896973e-21,1.0,4.362455e-13,2.7181645e-25,4.334226e-19,1.6970397e-14
Random137
Raw:9.963725e-21,5.531796e-33,4.373045e-31,9.077982e-16,4.0896973e-21,1.0,4.3624715e-13,2.7181645e-25,4.334226e-19,1.6970463e-14
EFT:9.963687e-21,5.531796e-33,4.373045e-31,9.077982e-16,4.0896973e-21,1.0,4.362455e-13,2.7181645e-25,4.334226e-19,1.6970397e-14
Random138
Raw:9.963687e-21,5.531796e-33,4.373045e-31,9.077982e-16,4.0896815e-21,1.0,4.3624381e-13,2.7181438e-25,4.334226e-19,1.6970397e-14
EFT:9.963687e-21,5.531796e-33,4.373045e-31,9.077982e-16,4.0896973e-21,1.0,4.362455e-13,2.7181645e-25,4.334226e-19,1.6970397e-14
Random139
Raw:9.963687e-21,5.531796e-33,4.373045e-31,9.077982e-16,4.0896815e-21,1.0,4.362455e-13,2.7181438e-25,4.334226e-19,1.6970397e-14
EFT:9.963687e-21,5.531796e-33,4.373045e-31,9.077982e-16,4.0896973e-21,1.0,4.362455e-13,2.7181645e-25,4.334226e-19,1.6970397e-14
Random140
Raw:9.963649e-21,5.5317537e-33,4.373045e-31,9.077947e-16,4.0896658e-21,1.0,4.3624465e-13,2.718154e-25,4.3342095e-19,1.6970429e-14
EFT:9.963687e-21,5.531796e-33,4.373045e-31,9.077982e-16,4.0896973e-21,1.0,4.362455e-13,2.7181645e-25,4.334226e-19,1.6970397e-14
Random141
Raw:9.963725e-21,5.531796e-33,4.373045e-31,9.077982e-16,4.0896973e-21,1.0,4.3624715e-13,2.7181645e-25,4.334226e-19,1.6970397e-14
EFT:9.963687e-21,5.531796e-33,4.373045e-31,9.077982e-16,4.0896973e-21,1.0,4.362455e-13,2.7181645e-25,4.334226e-19,1.6970397e-14
Random142
Raw:9.963687e-21,5.531796e-33,4.373045e-31,9.077982e-16,4.0896973e-21,1.0,4.362455e-13,2.7181645e-25,4.334226e-19,1.6970397e-14
EFT:9.963687e-21,5.531796e-33,4.373045e-31,9.077982e-16,4.0896973e-21,1.0,4.362455e-13,2.7181645e-25,4.334226e-19,1.6970397e-14
Random143
Raw:9.963801e-21,5.531838e-33,4.3731446e-31,9.078086e-16,4.0897284e-21,1.0,4.362488e-13,2.7181955e-25,4.3342592e-19,1.6970527e-14
EFT:9.963687e-21,5.531796e-33,4.373045e-31,9.077982e-16,4.0896973e-21,1.0,4.362455e-13,2.7181645e-25,4.334226e-19,1.6970397e-14
Random144
Raw:9.963801e-21,5.531796e-33,4.373111e-31,9.078086e-16,4.0896973e-21,1.0,4.36248e-13,2.718154e-25,4.3342426e-19,1.6970495e-14
EFT:9.963687e-21,5.531796e-33,4.373045e-31,9.077982e-16,4.0896973e-21,1.0,4.362455e-13,2.7181645e-25,4.334226e-19,1.6970397e-14
Random145
Raw:9.963649e-21,5.5317537e-33,4.373045e-31,9.077947e-16,4.0896658e-21,1.0,4.3624465e-13,2.718154e-25,4.3342095e-19,1.6970429e-14
EFT:9.963687e-21,5.531796e-33,4.373045e-31,9.077982e-16,4.0896973e-21,1.0,4.362455e-13,2.7181645e-25,4.334226e-19,1.6970397e-14
Random146
Raw:9.963725e-21,5.5317537e-33,4.373045e-31,9.077947e-16,4.0896658e-21,1.0,4.362463e-13,2.718154e-25,4.3342095e-19,1.6970429e-14
EFT:9.963687e-21,5.531796e-33,4.373045e-31,9.077982e-16,4.0896973e-21,1.0,4.362455e-13,2.7181645e-25,4.334226e-19,1.6970397e-14
Random147
Raw:9.963801e-21,5.531796e-33,4.373111e-31,9.078086e-16,4.0897284e-21,1.0,4.36248e-13,2.7181748e-25,4.3342426e-19,1.6970495e-14
EFT:9.963687e-21,5.531796e-33,4.373045e-31,9.077982e-16,4.0896973e-21,1.0,4.362455e-13,2.7181645e-25,4.334226e-19,1.6970397e-14
Random148
Raw:9.963801e-21,5.531796e-33,4.373111e-31,9.078017e-16,4.0897284e-21,1.0,4.3624964e-13,2.7181748e-25,4.3342426e-19,1.697056e-14
EFT:9.963687e-21,5.531796e-33,4.373045e-31,9.077982e-16,4.0896973e-21,1.0,4.362455e-13,2.7181645e-25,4.334226e-19,1.6970397e-14
Random149
Raw:9.963725e-21,5.531796e-33,4.373045e-31,9.077982e-16,4.0896973e-21,1.0,4.3624715e-13,2.7181645e-25,4.334226e-19,1.6970397e-14
EFT:9.963687e-21,5.531796e-33,4.373045e-31,9.077982e-16,4.0896973e-21,1.0,4.362455e-13,2.7181645e-25,4.334226e-19,1.6970397e-14
Random150
Raw:9.963649e-21,5.5317115e-33,4.3730115e-31,9.077947e-16,4.0896658e-21,1.0,4.3624465e-13,2.7181332e-25,4.3341764e-19,1.6970364e-14
EFT:9.963687e-21,5.531796e-33,4.373045e-31,9.077982e-16,4.0896973e-21,1.0,4.362455e-13,2.7181645e-25,4.334226e-19,1.6970397e-14
Random151
Raw:9.963725e-21,5.5317537e-33,4.373045e-31,9.077947e-16,4.0896658e-21,1.0,4.362463e-13,2.718154e-25,4.3342095e-19,1.6970495e-14
EFT:9.963687e-21,5.531796e-33,4.373045e-31,9.077982e-16,4.0896973e-21,1.0,4.362455e-13,2.7181645e-25,4.334226e-19,1.6970397e-14
Random152
Raw:9.963801e-21,5.5317537e-33,4.373078e-31,9.078017e-16,4.0896973e-21,1.0,4.36248e-13,2.718154e-25,4.3342426e-19,1.6970495e-14
EFT:9.963687e-21,5.531796e-33,4.373045e-31,9.077982e-16,4.0896973e-21,1.0,4.362455e-13,2.7181645e-25,4.334226e-19,1.6970397e-14
Random153
Raw:9.963649e-21,5.5317537e-33,4.373045e-31,9.077947e-16,4.0896658e-21,1.0,4.3624465e-13,2.718154e-25,4.3342095e-19,1.6970429e-14
EFT:9.963687e-21,5.531796e-33,4.373045e-31,9.077982e-16,4.0896973e-21,1.0,4.362455e-13,2.7181645e-25,4.334226e-19,1.6970397e-14
Random154
Raw:9.963725e-21,5.531796e-33,4.373045e-31,9.077982e-16,4.0896973e-21,1.0,4.3624715e-13,2.7181645e-25,4.334226e-19,1.6970463e-14
EFT:9.963687e-21,5.531796e-33,4.373045e-31,9.077982e-16,4.0896973e-21,1.0,4.362455e-13,2.7181645e-25,4.334226e-19,1.6970397e-14
Random155
Raw:9.963725e-21,5.5317537e-33,4.373045e-31,9.077947e-16,4.0896658e-21,1.0,4.362463e-13,2.718154e-25,4.3342095e-19,1.6970429e-14
EFT:9.963687e-21,5.531796e-33,4.373045e-31,9.077982e-16,4.0896973e-21,1.0,4.362455e-13,2.7181645e-25,4.334226e-19,1.6970397e-14
Random156
Raw:9.963725e-21,5.5317537e-33,4.373078e-31,9.078017e-16,4.0896973e-21,1.0,4.362463e-13,2.7181332e-25,4.3342426e-19,1.6970429e-14
EFT:9.963687e-21,5.531796e-33,4.373045e-31,9.077982e-16,4.0896973e-21,1.0,4.362455e-13,2.7181645e-25,4.334226e-19,1.6970397e-14
Random157
Raw:9.963649e-21,5.5317115e-33,4.3730115e-31,9.077947e-16,4.0896658e-21,1.0,4.362463e-13,2.7181332e-25,4.3341764e-19,1.6970364e-14
EFT:9.963687e-21,5.531796e-33,4.373045e-31,9.077982e-16,4.0896973e-21,1.0,4.362455e-13,2.7181645e-25,4.334226e-19,1.6970397e-14
Random158
Raw:9.963801e-21,5.5317537e-33,4.373078e-31,9.078017e-16,4.0896973e-21,1.0,4.36248e-13,2.718154e-25,4.3342426e-19,1.6970495e-14
EFT:9.963687e-21,5.531796e-33,4.373045e-31,9.077982e-16,4.0896973e-21,1.0,4.362455e-13,2.7181645e-25,4.334226e-19,1.6970397e-14
Random159
Raw:9.963649e-21,5.5317537e-33,4.3730115e-31,9.077947e-16,4.0896658e-21,1.0,4.362463e-13,2.7181332e-25,4.3341764e-19,1.6970429e-14
EFT:9.963687e-21,5.531796e-33,4.373045e-31,9.077982e-16,4.0896973e-21,1.0,4.362455e-13,2.7181645e-25,4.334226e-19,1.6970397e-14
Random160
Raw:9.963801e-21,5.5317537e-33,4.373078e-31,9.078017e-16,4.0896973e-21,1.0,4.362463e-13,2.718154e-25,4.3342426e-19,1.6970429e-14
EFT:9.963687e-21,5.531796e-33,4.373045e-31,9.077982e-16,4.0896973e-21,1.0,4.362455e-13,2.7181645e-25,4.334226e-19,1.6970397e-14
Random161
Raw:9.963725e-21,5.5317537e-33,4.373078e-31,9.078017e-16,4.0896973e-21,1.0,4.362463e-13,2.718154e-25,4.3342426e-19,1.6970429e-14
EFT:9.963687e-21,5.531796e-33,4.373045e-31,9.077982e-16,4.0896973e-21,1.0,4.362455e-13,2.7181645e-25,4.334226e-19,1.6970397e-14
Random162
Raw:9.963649e-21,5.5317537e-33,4.3730115e-31,9.077879e-16,4.0896658e-21,1.0,4.36248e-13,2.7181332e-25,4.3341764e-19,1.6970429e-14
EFT:9.963687e-21,5.531796e-33,4.373045e-31,9.077982e-16,4.0896973e-21,1.0,4.362455e-13,2.7181645e-25,4.334226e-19,1.6970397e-14
Random163
Raw:9.963801e-21,5.531796e-33,4.373111e-31,9.078086e-16,4.0897284e-21,1.0,4.3624964e-13,2.7181748e-25,4.3342426e-19,1.697056e-14
EFT:9.963687e-21,5.531796e-33,4.373045e-31,9.077982e-16,4.0896973e-21,1.0,4.362455e-13,2.7181645e-25,4.334226e-19,1.6970397e-14
Random164
Raw:9.963725e-21,5.531796e-33,4.373045e-31,9.077947e-16,4.0896973e-21,1.0,4.3624715e-13,2.7181645e-25,4.334226e-19,1.6970463e-14
EFT:9.963687e-21,5.531796e-33,4.373045e-31,9.077982e-16,4.0896973e-21,1.0,4.362455e-13,2.7181645e-25,4.334226e-19,1.6970397e-14
Random165
Raw:9.963801e-21,5.531796e-33,4.373078e-31,9.078017e-16,4.0897284e-21,1.0,4.3624964e-13,2.718154e-25,4.3342426e-19,1.6970495e-14
EFT:9.963687e-21,5.531796e-33,4.373045e-31,9.077982e-16,4.0896973e-21,1.0,4.362455e-13,2.7181645e-25,4.334226e-19,1.6970397e-14
Random166
Raw:9.963725e-21,5.531796e-33,4.373045e-31,9.077982e-16,4.0896973e-21,1.0,4.3624715e-13,2.7181645e-25,4.334226e-19,1.6970463e-14
EFT:9.963687e-21,5.531796e-33,4.373045e-31,9.077982e-16,4.0896973e-21,1.0,4.362455e-13,2.7181645e-25,4.334226e-19,1.6970397e-14
Random167
Raw:9.963725e-21,5.531796e-33,4.373045e-31,9.077982e-16,4.0896973e-21,1.0,4.3624715e-13,2.7181645e-25,4.334226e-19,1.6970397e-14
EFT:9.963687e-21,5.531796e-33,4.373045e-31,9.077982e-16,4.0896973e-21,1.0,4.362455e-13,2.7181645e-25,4.334226e-19,1.6970397e-14
Random168
Raw:9.963687e-21,5.531796e-33,4.373045e-31,9.077982e-16,4.0896973e-21,1.0,4.362455e-13,2.7181645e-25,4.334226e-19,1.6970397e-14
EFT:9.963687e-21,5.531796e-33,4.373045e-31,9.077982e-16,4.0896973e-21,1.0,4.362455e-13,2.7181645e-25,4.334226e-19,1.6970397e-14
Random169
Raw:9.963649e-21,5.5317115e-33,4.3730115e-31,9.077947e-16,4.0896347e-21,1.0,4.3624465e-13,2.7181332e-25,4.3341764e-19,1.6970364e-14
EFT:9.963687e-21,5.531796e-33,4.373045e-31,9.077982e-16,4.0896973e-21,1.0,4.362455e-13,2.7181645e-25,4.334226e-19,1.6970397e-14
Random170
Raw:9.963801e-21,5.5317537e-33,4.373078e-31,9.078017e-16,4.0896973e-21,1.0,4.36248e-13,2.718154e-25,4.3342426e-19,1.6970429e-14
EFT:9.963687e-21,5.531796e-33,4.373045e-31,9.077982e-16,4.0896973e-21,1.0,4.362455e-13,2.7181645e-25,4.334226e-19,1.6970397e-14
Random171
Raw:9.963801e-21,5.5317537e-33,4.373078e-31,9.078017e-16,4.0896973e-21,1.0,4.36248e-13,2.718154e-25,4.3342426e-19,1.6970429e-14
EFT:9.963687e-21,5.531796e-33,4.373045e-31,9.077982e-16,4.0896973e-21,1.0,4.362455e-13,2.7181645e-25,4.334226e-19,1.6970397e-14
Random172
Raw:9.963801e-21,5.531796e-33,4.373111e-31,9.078086e-16,4.0897284e-21,1.0,4.3624964e-13,2.7181748e-25,4.3342426e-19,1.6970495e-14
EFT:9.963687e-21,5.531796e-33,4.373045e-31,9.077982e-16,4.0896973e-21,1.0,4.362455e-13,2.7181645e-25,4.334226e-19,1.6970397e-14
Random173
Raw:9.963725e-21,5.531796e-33,4.373045e-31,9.077947e-16,4.0896658e-21,1.0,4.362463e-13,2.718154e-25,4.3342095e-19,1.6970495e-14
EFT:9.963687e-21,5.531796e-33,4.373045e-31,9.077982e-16,4.0896973e-21,1.0,4.362455e-13,2.7181645e-25,4.334226e-19,1.6970397e-14
Random174
Raw:9.963725e-21,5.5317537e-33,4.373045e-31,9.077947e-16,4.0896658e-21,1.0,4.362463e-13,2.718154e-25,4.3342095e-19,1.6970495e-14
EFT:9.963687e-21,5.531796e-33,4.373045e-31,9.077982e-16,4.0896973e-21,1.0,4.362455e-13,2.7181645e-25,4.334226e-19,1.6970397e-14
Random175
Raw:9.963725e-21,5.531796e-33,4.373045e-31,9.077947e-16,4.0897126e-21,1.0,4.3624715e-13,2.7181645e-25,4.334226e-19,1.6970463e-14
EFT:9.963687e-21,5.531796e-33,4.373045e-31,9.077982e-16,4.0896973e-21,1.0,4.362455e-13,2.7181645e-25,4.334226e-19,1.6970397e-14
Random176
Raw:9.963725e-21,5.531796e-33,4.373045e-31,9.077947e-16,4.0896973e-21,1.0,4.36248e-13,2.718154e-25,4.3342095e-19,1.6970495e-14
EFT:9.963687e-21,5.531796e-33,4.373045e-31,9.077982e-16,4.0896973e-21,1.0,4.362455e-13,2.7181645e-25,4.334226e-19,1.6970397e-14
Random177
Raw:9.963649e-21,5.5317115e-33,4.3730115e-31,9.077947e-16,4.0896347e-21,1.0,4.3624465e-13,2.7181332e-25,4.3341764e-19,1.6970364e-14
EFT:9.963687e-21,5.531796e-33,4.373045e-31,9.077982e-16,4.0896973e-21,1.0,4.362455e-13,2.7181645e-25,4.334226e-19,1.6970397e-14
Random178
Raw:9.963801e-21,5.5317537e-33,4.373078e-31,9.078017e-16,4.0896973e-21,1.0,4.362463e-13,2.718154e-25,4.3342426e-19,1.6970429e-14
EFT:9.963687e-21,5.531796e-33,4.373045e-31,9.077982e-16,4.0896973e-21,1.0,4.362455e-13,2.7181645e-25,4.334226e-19,1.6970397e-14
Random179
Raw:9.963801e-21,5.531838e-33,4.373111e-31,9.078017e-16,4.0897284e-21,1.0,4.3624964e-13,2.7181748e-25,4.3342426e-19,1.697056e-14
EFT:9.963687e-21,5.531796e-33,4.373045e-31,9.077982e-16,4.0896973e-21,1.0,4.362455e-13,2.7181645e-25,4.334226e-19,1.6970397e-14
Random180
Raw:9.963725e-21,5.531796e-33,4.373045e-31,9.077982e-16,4.0896973e-21,1.0,4.3624715e-13,2.7181645e-25,4.334226e-19,1.6970463e-14
EFT:9.963687e-21,5.531796e-33,4.373045e-31,9.077982e-16,4.0896973e-21,1.0,4.362455e-13,2.7181645e-25,4.334226e-19,1.6970397e-14
Random181
Raw:9.963801e-21,5.5317537e-33,4.373078e-31,9.078017e-16,4.0896973e-21,1.0,4.36248e-13,2.718154e-25,4.3342426e-19,1.6970495e-14
EFT:9.963687e-21,5.531796e-33,4.373045e-31,9.077982e-16,4.0896973e-21,1.0,4.362455e-13,2.7181645e-25,4.334226e-19,1.6970397e-14
Random182
Raw:9.963725e-21,5.531796e-33,4.373045e-31,9.077982e-16,4.0896973e-21,1.0,4.3624715e-13,2.7181645e-25,4.334226e-19,1.6970397e-14
EFT:9.963687e-21,5.531796e-33,4.373045e-31,9.077982e-16,4.0896973e-21,1.0,4.362455e-13,2.7181645e-25,4.334226e-19,1.6970397e-14
Random183
Raw:9.963649e-21,5.5317115e-33,4.3730115e-31,9.077947e-16,4.0896658e-21,1.0,4.362463e-13,2.7181332e-25,4.3341764e-19,1.6970429e-14
EFT:9.963687e-21,5.531796e-33,4.373045e-31,9.077982e-16,4.0896973e-21,1.0,4.362455e-13,2.7181645e-25,4.334226e-19,1.6970397e-14
Random184
Raw:9.963725e-21,5.5317537e-33,4.373078e-31,9.078017e-16,4.0896973e-21,1.0,4.362463e-13,2.718154e-25,4.3342426e-19,1.6970429e-14
EFT:9.963687e-21,5.531796e-33,4.373045e-31,9.077982e-16,4.0896973e-21,1.0,4.362455e-13,2.7181645e-25,4.334226e-19,1.6970397e-14
Random185
Raw:9.963763e-21,5.531796e-33,4.373045e-31,9.077947e-16,4.0897126e-21,1.0,4.362488e-13,2.7181645e-25,4.334226e-19,1.6970463e-14
EFT:9.963687e-21,5.531796e-33,4.373045e-31,9.077982e-16,4.0896973e-21,1.0,4.362455e-13,2.7181645e-25,4.334226e-19,1.6970397e-14
Random186
Raw:9.963801e-21,5.531838e-33,4.373111e-31,9.078017e-16,4.0897284e-21,1.0,4.3624964e-13,2.7181748e-25,4.3342426e-19,1.697056e-14
EFT:9.963687e-21,5.531796e-33,4.373045e-31,9.077982e-16,4.0896973e-21,1.0,4.362455e-13,2.7181645e-25,4.334226e-19,1.6970397e-14
Random187
Raw:9.963649e-21,5.5317537e-33,4.3730115e-31,9.077947e-16,4.0896658e-21,1.0,4.362463e-13,2.7181332e-25,4.3341764e-19,1.6970429e-14
EFT:9.963687e-21,5.531796e-33,4.373045e-31,9.077982e-16,4.0896973e-21,1.0,4.362455e-13,2.7181645e-25,4.334226e-19,1.6970397e-14
Random188
Raw:9.963687e-21,5.531796e-33,4.373045e-31,9.077982e-16,4.0896973e-21,1.0,4.362455e-13,2.7181645e-25,4.334226e-19,1.6970397e-14
EFT:9.963687e-21,5.531796e-33,4.373045e-31,9.077982e-16,4.0896973e-21,1.0,4.362455e-13,2.7181645e-25,4.334226e-19,1.6970397e-14
Random189
Raw:9.963649e-21,5.5317537e-33,4.373045e-31,9.077947e-16,4.0896658e-21,1.0,4.3624465e-13,2.718154e-25,4.3342095e-19,1.6970429e-14
EFT:9.963687e-21,5.531796e-33,4.373045e-31,9.077982e-16,4.0896973e-21,1.0,4.362455e-13,2.7181645e-25,4.334226e-19,1.6970397e-14
Random190
Raw:9.963649e-21,5.5317537e-33,4.3730115e-31,9.077879e-16,4.0896658e-21,1.0,4.362463e-13,2.7181332e-25,4.3341764e-19,1.6970429e-14
EFT:9.963687e-21,5.531796e-33,4.373045e-31,9.077982e-16,4.0896973e-21,1.0,4.362455e-13,2.7181645e-25,4.334226e-19,1.6970397e-14
Random191
Raw:9.963801e-21,5.531796e-33,4.373111e-31,9.078086e-16,4.0897284e-21,1.0,4.36248e-13,2.7181748e-25,4.3342426e-19,1.6970495e-14
EFT:9.963687e-21,5.531796e-33,4.373045e-31,9.077982e-16,4.0896973e-21,1.0,4.362455e-13,2.7181645e-25,4.334226e-19,1.6970397e-14
Random192
Raw:9.963725e-21,5.5317537e-33,4.373078e-31,9.078017e-16,4.0896973e-21,1.0,4.362463e-13,2.718154e-25,4.3342426e-19,1.6970429e-14
EFT:9.963687e-21,5.531796e-33,4.373045e-31,9.077982e-16,4.0896973e-21,1.0,4.362455e-13,2.7181645e-25,4.334226e-19,1.6970397e-14
Random193
Raw:9.963649e-21,5.5317115e-33,4.3730115e-31,9.077947e-16,4.0896347e-21,1.0,4.3624465e-13,2.7181124e-25,4.3341764e-19,1.6970364e-14
EFT:9.963687e-21,5.531796e-33,4.373045e-31,9.077982e-16,4.0896973e-21,1.0,4.362455e-13,2.7181645e-25,4.334226e-19,1.6970397e-14
Random194
Raw:9.963725e-21,5.531796e-33,4.373045e-31,9.077947e-16,4.0896658e-21,1.0,4.362463e-13,2.718154e-25,4.3342095e-19,1.6970495e-14
EFT:9.963687e-21,5.531796e-33,4.373045e-31,9.077982e-16,4.0896973e-21,1.0,4.362455e-13,2.7181645e-25,4.334226e-19,1.6970397e-14
Random195
Raw:9.963649e-21,5.5317115e-33,4.3730115e-31,9.077947e-16,4.0896658e-21,1.0,4.362463e-13,2.7181332e-25,4.3341764e-19,1.6970364e-14
EFT:9.963687e-21,5.531796e-33,4.373045e-31,9.077982e-16,4.0896973e-21,1.0,4.362455e-13,2.7181645e-25,4.334226e-19,1.6970397e-14
Random196
Raw:9.963801e-21,5.531796e-33,4.373078e-31,9.078017e-16,4.0896973e-21,1.0,4.36248e-13,2.718154e-25,4.3342426e-19,1.6970495e-14
EFT:9.963687e-21,5.531796e-33,4.373045e-31,9.077982e-16,4.0896973e-21,1.0,4.362455e-13,2.7181645e-25,4.334226e-19,1.6970397e-14
Random197
Raw:9.963649e-21,5.5317115e-33,4.3730115e-31,9.077947e-16,4.0896658e-21,1.0,4.362463e-13,2.7181332e-25,4.3341764e-19,1.6970364e-14
EFT:9.963687e-21,5.531796e-33,4.373045e-31,9.077982e-16,4.0896973e-21,1.0,4.362455e-13,2.7181645e-25,4.334226e-19,1.6970397e-14
Random198
Raw:9.963687e-21,5.531796e-33,4.373045e-31,9.077982e-16,4.0896815e-21,1.0,4.362455e-13,2.7181645e-25,4.334226e-19,1.6970397e-14
EFT:9.963687e-21,5.531796e-33,4.373045e-31,9.077982e-16,4.0896973e-21,1.0,4.362455e-13,2.7181645e-25,4.334226e-19,1.6970397e-14
Random199
Raw:9.963687e-21,5.531796e-33,4.373045e-31,9.077982e-16,4.0896815e-21,1.0,4.362455e-13,2.7181645e-25,4.334226e-19,1.6970397e-14
EFT:9.963687e-21,5.531796e-33,4.373045e-31,9.077982e-16,4.0896973e-21,1.0,4.362455e-13,2.7181645e-25,4.334226e-19,1.6970397e-14
Random200
Raw:9.963725e-21,5.531796e-33,4.373045e-31,9.077982e-16,4.0896973e-21,1.0,4.3624715e-13,2.7181645e-25,4.334226e-19,1.6970397e-14
EFT:9.963687e-21,5.531796e-33,4.373045e-31,9.077982e-16,4.0896973e-21,1.0,4.362455e-13,2.7181645e-25,4.334226e-19,1.6970397e-14
Random201
Raw:9.963649e-21,5.5317115e-33,4.3730115e-31,9.077947e-16,4.0896658e-21,1.0,4.362463e-13,2.7181332e-25,4.3341764e-19,1.6970429e-14
EFT:9.963687e-21,5.531796e-33,4.373045e-31,9.077982e-16,4.0896973e-21,1.0,4.362455e-13,2.7181645e-25,4.334226e-19,1.6970397e-14
Random202
Raw:9.963801e-21,5.531796e-33,4.373078e-31,9.078017e-16,4.0896973e-21,1.0,4.36248e-13,2.718154e-25,4.3342426e-19,1.6970495e-14
EFT:9.963687e-21,5.531796e-33,4.373045e-31,9.077982e-16,4.0896973e-21,1.0,4.362455e-13,2.7181645e-25,4.334226e-19,1.6970397e-14
Random203
Raw:9.963725e-21,5.531796e-33,4.373045e-31,9.077982e-16,4.0896973e-21,1.0,4.3624715e-13,2.7181645e-25,4.334226e-19,1.6970463e-14
EFT:9.963687e-21,5.531796e-33,4.373045e-31,9.077982e-16,4.0896973e-21,1.0,4.362455e-13,2.7181645e-25,4.334226e-19,1.6970397e-14
Random204
Raw:9.963801e-21,5.5317537e-33,4.373078e-31,9.078017e-16,4.0896973e-21,1.0,4.36248e-13,2.718154e-25,4.3342426e-19,1.6970495e-14
EFT:9.963687e-21,5.531796e-33,4.373045e-31,9.077982e-16,4.0896973e-21,1.0,4.362455e-13,2.7181645e-25,4.334226e-19,1.6970397e-14
Random205
Raw:9.963725e-21,5.531796e-33,4.373045e-31,9.077947e-16,4.0897126e-21,1.0,4.3624715e-13,2.7181645e-25,4.334226e-19,1.6970463e-14
EFT:9.963687e-21,5.531796e-33,4.373045e-31,9.077982e-16,4.0896973e-21,1.0,4.362455e-13,2.7181645e-25,4.334226e-19,1.6970397e-14
Random206
Raw:9.963725e-21,5.5317537e-33,4.373045e-31,9.077947e-16,4.0896658e-21,1.0,4.362463e-13,2.718154e-25,4.3342095e-19,1.6970429e-14
EFT:9.963687e-21,5.531796e-33,4.373045e-31,9.077982e-16,4.0896973e-21,1.0,4.362455e-13,2.7181645e-25,4.334226e-19,1.6970397e-14
Random207
Raw:9.963801e-21,5.531796e-33,4.373111e-31,9.078086e-16,4.0896973e-21,1.0,4.36248e-13,2.7181748e-25,4.3342426e-19,1.6970495e-14
EFT:9.963687e-21,5.531796e-33,4.373045e-31,9.077982e-16,4.0896973e-21,1.0,4.362455e-13,2.7181645e-25,4.334226e-19,1.6970397e-14
Random208
Raw:9.963801e-21,5.531796e-33,4.373078e-31,9.078017e-16,4.0897284e-21,1.0,4.3624964e-13,2.718154e-25,4.3342426e-19,1.6970495e-14
EFT:9.963687e-21,5.531796e-33,4.373045e-31,9.077982e-16,4.0896973e-21,1.0,4.362455e-13,2.7181645e-25,4.334226e-19,1.6970397e-14
Random209
Raw:9.963687e-21,5.531796e-33,4.373045e-31,9.077982e-16,4.0896973e-21,1.0,4.362455e-13,2.7181645e-25,4.334226e-19,1.6970397e-14
EFT:9.963687e-21,5.531796e-33,4.373045e-31,9.077982e-16,4.0896973e-21,1.0,4.362455e-13,2.7181645e-25,4.334226e-19,1.6970397e-14
Random210
Raw:9.963649e-21,5.5317537e-33,4.373045e-31,9.077947e-16,4.0896658e-21,1.0,4.3624465e-13,2.718154e-25,4.3342095e-19,1.6970429e-14
EFT:9.963687e-21,5.531796e-33,4.373045e-31,9.077982e-16,4.0896973e-21,1.0,4.362455e-13,2.7181645e-25,4.334226e-19,1.6970397e-14
Random211
Raw:9.963649e-21,5.5317115e-33,4.3730115e-31,9.077947e-16,4.0896658e-21,1.0,4.362463e-13,2.7181332e-25,4.3341764e-19,1.6970364e-14
EFT:9.963687e-21,5.531796e-33,4.373045e-31,9.077982e-16,4.0896973e-21,1.0,4.362455e-13,2.7181645e-25,4.334226e-19,1.6970397e-14
Random212
Raw:9.963649e-21,5.5317115e-33,4.3730115e-31,9.077947e-16,4.0896347e-21,1.0,4.3624465e-13,2.7181124e-25,4.3341764e-19,1.6970364e-14
EFT:9.963687e-21,5.531796e-33,4.373045e-31,9.077982e-16,4.0896973e-21,1.0,4.362455e-13,2.7181645e-25,4.334226e-19,1.6970397e-14
Random213
Raw:9.963687e-21,5.531796e-33,4.373045e-31,9.077982e-16,4.0896815e-21,1.0,4.362455e-13,2.7181645e-25,4.334226e-19,1.6970397e-14
EFT:9.963687e-21,5.531796e-33,4.373045e-31,9.077982e-16,4.0896973e-21,1.0,4.362455e-13,2.7181645e-25,4.334226e-19,1.6970397e-14
Random214
Raw:9.963649e-21,5.5317115e-33,4.3730115e-31,9.077947e-16,4.0896658e-21,1.0,4.362463e-13,2.7181332e-25,4.3341764e-19,1.6970429e-14
EFT:9.963687e-21,5.531796e-33,4.373045e-31,9.077982e-16,4.0896973e-21,1.0,4.362455e-13,2.7181645e-25,4.334226e-19,1.6970397e-14
Random215
Raw:9.963839e-21,5.531838e-33,4.3731446e-31,9.078086e-16,4.0897284e-21,1.0,4.3625048e-13,2.7181955e-25,4.3342592e-19,1.6970591e-14
EFT:9.963687e-21,5.531796e-33,4.373045e-31,9.077982e-16,4.0896973e-21,1.0,4.362455e-13,2.7181645e-25,4.334226e-19,1.6970397e-14
Random216
Raw:9.963725e-21,5.531796e-33,4.373045e-31,9.077982e-16,4.0896973e-21,1.0,4.3624715e-13,2.7181645e-25,4.334226e-19,1.6970463e-14
EFT:9.963687e-21,5.531796e-33,4.373045e-31,9.077982e-16,4.0896973e-21,1.0,4.362455e-13,2.7181645e-25,4.334226e-19,1.6970397e-14
Random217
Raw:9.963649e-21,5.5317537e-33,4.373045e-31,9.077947e-16,4.0896658e-21,1.0,4.3624465e-13,2.718154e-25,4.3342095e-19,1.6970429e-14
EFT:9.963687e-21,5.531796e-33,4.373045e-31,9.077982e-16,4.0896973e-21,1.0,4.362455e-13,2.7181645e-25,4.334226e-19,1.6970397e-14
Random218
Raw:9.963725e-21,5.531796e-33,4.373045e-31,9.077982e-16,4.0896973e-21,1.0,4.3624715e-13,2.7181645e-25,4.334226e-19,1.6970463e-14
EFT:9.963687e-21,5.531796e-33,4.373045e-31,9.077982e-16,4.0896973e-21,1.0,4.362455e-13,2.7181645e-25,4.334226e-19,1.6970397e-14
Random219
Raw:9.963725e-21,5.5317537e-33,4.373045e-31,9.077947e-16,4.0896658e-21,1.0,4.362463e-13,2.718154e-25,4.3342095e-19,1.6970495e-14
EFT:9.963687e-21,5.531796e-33,4.373045e-31,9.077982e-16,4.0896973e-21,1.0,4.362455e-13,2.7181645e-25,4.334226e-19,1.6970397e-14
Random220
Raw:9.963801e-21,5.5317537e-33,4.373078e-31,9.078017e-16,4.0896973e-21,1.0,4.36248e-13,2.718154e-25,4.3342426e-19,1.6970495e-14
EFT:9.963687e-21,5.531796e-33,4.373045e-31,9.077982e-16,4.0896973e-21,1.0,4.362455e-13,2.7181645e-25,4.334226e-19,1.6970397e-14
Random221
Raw:9.96361e-21,5.5316692e-33,4.372978e-31,9.077914e-16,4.0896504e-21,1.0,4.3624381e-13,2.7181124e-25,4.3341764e-19,1.6970332e-14
EFT:9.963687e-21,5.531796e-33,4.373045e-31,9.077982e-16,4.0896973e-21,1.0,4.362455e-13,2.7181645e-25,4.334226e-19,1.6970397e-14
Random222
Raw:9.963649e-21,5.5317537e-33,4.373045e-31,9.077947e-16,4.0896658e-21,1.0,4.3624465e-13,2.718154e-25,4.3342095e-19,1.6970429e-14
EFT:9.963687e-21,5.531796e-33,4.373045e-31,9.077982e-16,4.0896973e-21,1.0,4.362455e-13,2.7181645e-25,4.334226e-19,1.6970397e-14
Random223
Raw:9.963725e-21,5.531796e-33,4.373045e-31,9.077947e-16,4.0896973e-21,1.0,4.362463e-13,2.718154e-25,4.3342095e-19,1.6970495e-14
EFT:9.963687e-21,5.531796e-33,4.373045e-31,9.077982e-16,4.0896973e-21,1.0,4.362455e-13,2.7181645e-25,4.334226e-19,1.6970397e-14
Random224
Raw:9.963801e-21,5.531796e-33,4.373111e-31,9.078086e-16,4.0897284e-21,1.0,4.3624964e-13,2.7181748e-25,4.3342426e-19,1.6970495e-14
EFT:9.963687e-21,5.531796e-33,4.373045e-31,9.077982e-16,4.0896973e-21,1.0,4.362455e-13,2.7181645e-25,4.334226e-19,1.6970397e-14
Random225
Raw:9.963725e-21,5.531796e-33,4.373045e-31,9.077947e-16,4.0896973e-21,1.0,4.3624715e-13,2.7181645e-25,4.334226e-19,1.6970463e-14
EFT:9.963687e-21,5.531796e-33,4.373045e-31,9.077982e-16,4.0896973e-21,1.0,4.362455e-13,2.7181645e-25,4.334226e-19,1.6970397e-14
Random226
Raw:9.963649e-21,5.5317115e-33,4.3730115e-31,9.077947e-16,4.0896658e-21,1.0,4.3624465e-13,2.7181332e-25,4.3341764e-19,1.6970364e-14
EFT:9.963687e-21,5.531796e-33,4.373045e-31,9.077982e-16,4.0896973e-21,1.0,4.362455e-13,2.7181645e-25,4.334226e-19,1.6970397e-14
Random227
Raw:9.963725e-21,5.5317537e-33,4.373045e-31,9.077947e-16,4.0896658e-21,1.0,4.362463e-13,2.718154e-25,4.3342095e-19,1.6970495e-14
EFT:9.963687e-21,5.531796e-33,4.373045e-31,9.077982e-16,4.0896973e-21,1.0,4.362455e-13,2.7181645e-25,4.334226e-19,1.6970397e-14
Random228
Raw:9.963649e-21,5.5317115e-33,4.372978e-31,9.077879e-16,4.0896504e-21,1.0,4.362455e-13,2.7181124e-25,4.3341764e-19,1.6970397e-14
EFT:9.963687e-21,5.531796e-33,4.373045e-31,9.077982e-16,4.0896973e-21,1.0,4.362455e-13,2.7181645e-25,4.334226e-19,1.6970397e-14
Random229
Raw:9.963801e-21,5.531838e-33,4.373111e-31,9.078017e-16,4.0897284e-21,1.0,4.3625132e-13,2.7181748e-25,4.3342426e-19,1.697056e-14
EFT:9.963687e-21,5.531796e-33,4.373045e-31,9.077982e-16,4.0896973e-21,1.0,4.362455e-13,2.7181645e-25,4.334226e-19,1.6970397e-14
Random230
Raw:9.963725e-21,5.531796e-33,4.373045e-31,9.077982e-16,4.0896973e-21,1.0,4.3624715e-13,2.7181645e-25,4.334226e-19,1.6970463e-14
EFT:9.963687e-21,5.531796e-33,4.373045e-31,9.077982e-16,4.0896973e-21,1.0,4.362455e-13,2.7181645e-25,4.334226e-19,1.6970397e-14
Random231
Raw:9.963725e-21,5.531796e-33,4.373045e-31,9.077947e-16,4.0896973e-21,1.0,4.362463e-13,2.718154e-25,4.3342095e-19,1.6970495e-14
EFT:9.963687e-21,5.531796e-33,4.373045e-31,9.077982e-16,4.0896973e-21,1.0,4.362455e-13,2.7181645e-25,4.334226e-19,1.6970397e-14
Random232
Raw:9.963725e-21,5.531796e-33,4.373045e-31,9.077947e-16,4.0896658e-21,1.0,4.362463e-13,2.718154e-25,4.3342095e-19,1.6970495e-14
EFT:9.963687e-21,5.531796e-33,4.373045e-31,9.077982e-16,4.0896973e-21,1.0,4.362455e-13,2.7181645e-25,4.334226e-19,1.6970397e-14
Random233
Raw:9.963649e-21,5.5316692e-33,4.372978e-31,9.077914e-16,4.0896504e-21,1.0,4.362455e-13,2.7181124e-25,4.3341764e-19,1.6970332e-14
EFT:9.963687e-21,5.531796e-33,4.373045e-31,9.077982e-16,4.0896973e-21,1.0,4.362455e-13,2.7181645e-25,4.334226e-19,1.6970397e-14
Random234
Raw:9.963725e-21,5.531796e-33,4.373045e-31,9.077947e-16,4.0896973e-21,1.0,4.3624715e-13,2.7181645e-25,4.334226e-19,1.6970463e-14
EFT:9.963687e-21,5.531796e-33,4.373045e-31,9.077982e-16,4.0896973e-21,1.0,4.362455e-13,2.7181645e-25,4.334226e-19,1.6970397e-14
Random235
Raw:9.963649e-21,5.5317115e-33,4.3730115e-31,9.077947e-16,4.0896658e-21,1.0,4.3624465e-13,2.7181332e-25,4.3341764e-19,1.6970364e-14
EFT:9.963687e-21,5.531796e-33,4.373045e-31,9.077982e-16,4.0896973e-21,1.0,4.362455e-13,2.7181645e-25,4.334226e-19,1.6970397e-14
Random236
Raw:9.963725e-21,5.5317537e-33,4.373045e-31,9.077947e-16,4.0896658e-21,1.0,4.362463e-13,2.718154e-25,4.3342095e-19,1.6970495e-14
EFT:9.963687e-21,5.531796e-33,4.373045e-31,9.077982e-16,4.0896973e-21,1.0,4.362455e-13,2.7181645e-25,4.334226e-19,1.6970397e-14
Random237
Raw:9.963801e-21,5.531796e-33,4.373111e-31,9.078086e-16,4.0896973e-21,1.0,4.36248e-13,2.718154e-25,4.3342426e-19,1.6970495e-14
EFT:9.963687e-21,5.531796e-33,4.373045e-31,9.077982e-16,4.0896973e-21,1.0,4.362455e-13,2.7181645e-25,4.334226e-19,1.6970397e-14
Random238
Raw:9.96361e-21,5.5316692e-33,4.372978e-31,9.077914e-16,4.0896504e-21,1.0,4.3624381e-13,2.7181124e-25,4.3341764e-19,1.6970332e-14
EFT:9.963687e-21,5.531796e-33,4.373045e-31,9.077982e-16,4.0896973e-21,1.0,4.362455e-13,2.7181645e-25,4.334226e-19,1.6970397e-14
Random239
Raw:9.963877e-21,5.53188e-33,4.373178e-31,9.078086e-16,4.0897595e-21,1.0,4.3625132e-13,2.7182162e-25,4.3342757e-19,1.6970624e-14
EFT:9.963687e-21,5.531796e-33,4.373045e-31,9.077982e-16,4.0896973e-21,1.0,4.362455e-13,2.7181645e-25,4.334226e-19,1.6970397e-14
Random240
Raw:9.963725e-21,5.5317537e-33,4.373045e-31,9.077947e-16,4.0896658e-21,1.0,4.362463e-13,2.718154e-25,4.3342095e-19,1.6970429e-14
EFT:9.963687e-21,5.531796e-33,4.373045e-31,9.077982e-16,4.0896973e-21,1.0,4.362455e-13,2.7181645e-25,4.334226e-19,1.6970397e-14
Random241
Raw:9.963839e-21,5.531838e-33,4.3731446e-31,9.078086e-16,4.0897284e-21,1.0,4.3625048e-13,2.7181955e-25,4.3342592e-19,1.6970591e-14
EFT:9.963687e-21,5.531796e-33,4.373045e-31,9.077982e-16,4.0896973e-21,1.0,4.362455e-13,2.7181645e-25,4.334226e-19,1.6970397e-14
Random242
Raw:9.963649e-21,5.5317537e-33,4.373045e-31,9.077947e-16,4.0896658e-21,1.0,4.3624465e-13,2.718154e-25,4.3342095e-19,1.6970429e-14
EFT:9.963687e-21,5.531796e-33,4.373045e-31,9.077982e-16,4.0896973e-21,1.0,4.362455e-13,2.7181645e-25,4.334226e-19,1.6970397e-14
Random243
Raw:9.963687e-21,5.531796e-33,4.373045e-31,9.077982e-16,4.0896973e-21,1.0,4.362455e-13,2.7181645e-25,4.334226e-19,1.6970397e-14
EFT:9.963687e-21,5.531796e-33,4.373045e-31,9.077982e-16,4.0896973e-21,1.0,4.362455e-13,2.7181645e-25,4.334226e-19,1.6970397e-14
Random244
Raw:9.963725e-21,5.531796e-33,4.373045e-31,9.077982e-16,4.0896973e-21,1.0,4.3624715e-13,2.7181645e-25,4.334226e-19,1.6970397e-14
EFT:9.963687e-21,5.531796e-33,4.373045e-31,9.077982e-16,4.0896973e-21,1.0,4.362455e-13,2.7181645e-25,4.334226e-19,1.6970397e-14
Random245
Raw:9.963725e-21,5.531796e-33,4.373045e-31,9.077982e-16,4.0896973e-21,1.0,4.3624715e-13,2.7181645e-25,4.334226e-19,1.6970463e-14
EFT:9.963687e-21,5.531796e-33,4.373045e-31,9.077982e-16,4.0896973e-21,1.0,4.362455e-13,2.7181645e-25,4.334226e-19,1.6970397e-14
Random246
Raw:9.963649e-21,5.5317537e-33,4.373045e-31,9.077947e-16,4.0896658e-21,1.0,4.3624465e-13,2.718154e-25,4.3342095e-19,1.6970429e-14
EFT:9.963687e-21,5.531796e-33,4.373045e-31,9.077982e-16,4.0896973e-21,1.0,4.362455e-13,2.7181645e-25,4.334226e-19,1.6970397e-14
Random247
Raw:9.963725e-21,5.5317537e-33,4.373045e-31,9.077947e-16,4.0896658e-21,1.0,4.362463e-13,2.718154e-25,4.3342095e-19,1.6970429e-14
EFT:9.963687e-21,5.531796e-33,4.373045e-31,9.077982e-16,4.0896973e-21,1.0,4.362455e-13,2.7181645e-25,4.334226e-19,1.6970397e-14
Random248
Raw:9.963649e-21,5.5317537e-33,4.373045e-31,9.077947e-16,4.0896658e-21,1.0,4.3624465e-13,2.718154e-25,4.3342095e-19,1.6970429e-14
EFT:9.963687e-21,5.531796e-33,4.373045e-31,9.077982e-16,4.0896973e-21,1.0,4.362455e-13,2.7181645e-25,4.334226e-19,1.6970397e-14
Random249
Raw:9.963725e-21,5.531796e-33,4.373045e-31,9.077982e-16,4.0896973e-21,1.0,4.3624715e-13,2.7181645e-25,4.334226e-19,1.6970397e-14
EFT:9.963687e-21,5.531796e-33,4.373045e-31,9.077982e-16,4.0896973e-21,1.0,4.362455e-13,2.7181645e-25,4.334226e-19,1.6970397e-14
Random250
Raw:9.963649e-21,5.5317537e-33,4.373045e-31,9.077947e-16,4.0896658e-21,1.0,4.3624465e-13,2.718154e-25,4.3342095e-19,1.6970429e-14
EFT:9.963687e-21,5.531796e-33,4.373045e-31,9.077982e-16,4.0896973e-21,1.0,4.362455e-13,2.7181645e-25,4.334226e-19,1.6970397e-14
Random251
Raw:9.963649e-21,5.5317115e-33,4.3730115e-31,9.077947e-16,4.0896347e-21,1.0,4.3624465e-13,2.7181124e-25,4.3341764e-19,1.6970364e-14
EFT:9.963687e-21,5.531796e-33,4.373045e-31,9.077982e-16,4.0896973e-21,1.0,4.362455e-13,2.7181645e-25,4.334226e-19,1.6970397e-14
Random252
Raw:9.963801e-21,5.531796e-33,4.373111e-31,9.078086e-16,4.0897284e-21,1.0,4.3624964e-13,2.7181748e-25,4.3342426e-19,1.6970495e-14
EFT:9.963687e-21,5.531796e-33,4.373045e-31,9.077982e-16,4.0896973e-21,1.0,4.362455e-13,2.7181645e-25,4.334226e-19,1.6970397e-14
Random253
Raw:9.963725e-21,5.531796e-33,4.373045e-31,9.077982e-16,4.0896973e-21,1.0,4.3624715e-13,2.7181645e-25,4.334226e-19,1.6970463e-14
EFT:9.963687e-21,5.531796e-33,4.373045e-31,9.077982e-16,4.0896973e-21,1.0,4.362455e-13,2.7181645e-25,4.334226e-19,1.6970397e-14
Random254
Raw:9.963649e-21,5.5317537e-33,4.373045e-31,9.077947e-16,4.0896658e-21,1.0,4.3624465e-13,2.718154e-25,4.3342095e-19,1.6970429e-14
EFT:9.963687e-21,5.531796e-33,4.373045e-31,9.077982e-16,4.0896973e-21,1.0,4.362455e-13,2.7181645e-25,4.334226e-19,1.6970397e-14
Random255
Raw:9.963801e-21,5.5317537e-33,4.373078e-31,9.078017e-16,4.0896973e-21,1.0,4.36248e-13,2.718154e-25,4.3342426e-19,1.6970495e-14
EFT:9.963687e-21,5.531796e-33,4.373045e-31,9.077982e-16,4.0896973e-21,1.0,4.362455e-13,2.7181645e-25,4.334226e-19,1.6970397e-14
Random256
Raw:9.963801e-21,5.5317537e-33,4.373078e-31,9.078017e-16,4.0896973e-21,1.0,4.36248e-13,2.718154e-25,4.3342426e-19,1.6970495e-14
EFT:9.963687e-21,5.531796e-33,4.373045e-31,9.077982e-16,4.0896973e-21,1.0,4.362455e-13,2.7181645e-25,4.334226e-19,1.6970397e-14
Random257
Raw:9.963801e-21,5.531838e-33,4.373111e-31,9.078017e-16,4.0897284e-21,1.0,4.3625132e-13,2.7181748e-25,4.3342426e-19,1.697056e-14
EFT:9.963687e-21,5.531796e-33,4.373045e-31,9.077982e-16,4.0896973e-21,1.0,4.362455e-13,2.7181645e-25,4.334226e-19,1.6970397e-14
Random258
Raw:9.963725e-21,5.531796e-33,4.373045e-31,9.077947e-16,4.0896973e-21,1.0,4.36248e-13,2.718154e-25,4.3342095e-19,1.6970495e-14
EFT:9.963687e-21,5.531796e-33,4.373045e-31,9.077982e-16,4.0896973e-21,1.0,4.362455e-13,2.7181645e-25,4.334226e-19,1.6970397e-14
Random259
Raw:9.963649e-21,5.5317537e-33,4.373045e-31,9.077947e-16,4.0896658e-21,1.0,4.3624465e-13,2.718154e-25,4.3342095e-19,1.6970429e-14
EFT:9.963687e-21,5.531796e-33,4.373045e-31,9.077982e-16,4.0896973e-21,1.0,4.362455e-13,2.7181645e-25,4.334226e-19,1.6970397e-14
Random260
Raw:9.96361e-21,5.5316692e-33,4.372978e-31,9.077914e-16,4.0896504e-21,1.0,4.362455e-13,2.7181124e-25,4.3341764e-19,1.6970332e-14
EFT:9.963687e-21,5.531796e-33,4.373045e-31,9.077982e-16,4.0896973e-21,1.0,4.362455e-13,2.7181645e-25,4.334226e-19,1.6970397e-14
Random261
Raw:9.963801e-21,5.531838e-33,4.373111e-31,9.078017e-16,4.0897284e-21,1.0,4.3624964e-13,2.7181748e-25,4.3342426e-19,1.697056e-14
EFT:9.963687e-21,5.531796e-33,4.373045e-31,9.077982e-16,4.0896973e-21,1.0,4.362455e-13,2.7181645e-25,4.334226e-19,1.6970397e-14
Random262
Raw:9.963801e-21,5.531796e-33,4.373078e-31,9.078017e-16,4.0897284e-21,1.0,4.36248e-13,2.718154e-25,4.3342426e-19,1.6970495e-14
EFT:9.963687e-21,5.531796e-33,4.373045e-31,9.077982e-16,4.0896973e-21,1.0,4.362455e-13,2.7181645e-25,4.334226e-19,1.6970397e-14
Random263
Raw:9.963801e-21,5.531838e-33,4.373111e-31,9.078017e-16,4.0897284e-21,1.0,4.3624964e-13,2.7181748e-25,4.3342426e-19,1.697056e-14
EFT:9.963687e-21,5.531796e-33,4.373045e-31,9.077982e-16,4.0896973e-21,1.0,4.362455e-13,2.7181645e-25,4.334226e-19,1.6970397e-14
Random264
Raw:9.963725e-21,5.531796e-33,4.373045e-31,9.077982e-16,4.0896973e-21,1.0,4.3624715e-13,2.7181645e-25,4.334226e-19,1.6970463e-14
EFT:9.963687e-21,5.531796e-33,4.373045e-31,9.077982e-16,4.0896973e-21,1.0,4.362455e-13,2.7181645e-25,4.334226e-19,1.6970397e-14
Random265
Raw:9.963725e-21,5.5317537e-33,4.373045e-31,9.077947e-16,4.0896658e-21,1.0,4.362463e-13,2.718154e-25,4.3342095e-19,1.6970429e-14
EFT:9.963687e-21,5.531796e-33,4.373045e-31,9.077982e-16,4.0896973e-21,1.0,4.362455e-13,2.7181645e-25,4.334226e-19,1.6970397e-14
Random266
Raw:9.963725e-21,5.531796e-33,4.373045e-31,9.077947e-16,4.0896973e-21,1.0,4.3624715e-13,2.7181645e-25,4.334226e-19,1.6970463e-14
EFT:9.963687e-21,5.531796e-33,4.373045e-31,9.077982e-16,4.0896973e-21,1.0,4.362455e-13,2.7181645e-25,4.334226e-19,1.6970397e-14
Random267
Raw:9.963649e-21,5.5317115e-33,4.3730115e-31,9.077947e-16,4.0896347e-21,1.0,4.3624465e-13,2.7181332e-25,4.3341764e-19,1.6970364e-14
EFT:9.963687e-21,5.531796e-33,4.373045e-31,9.077982e-16,4.0896973e-21,1.0,4.362455e-13,2.7181645e-25,4.334226e-19,1.6970397e-14
Random268
Raw:9.963687e-21,5.531796e-33,4.373045e-31,9.077982e-16,4.0896973e-21,1.0,4.362455e-13,2.7181645e-25,4.334226e-19,1.6970397e-14
EFT:9.963687e-21,5.531796e-33,4.373045e-31,9.077982e-16,4.0896973e-21,1.0,4.362455e-13,2.7181645e-25,4.334226e-19,1.6970397e-14
Random269
Raw:9.963801e-21,5.5317537e-33,4.373078e-31,9.078017e-16,4.0896973e-21,1.0,4.36248e-13,2.718154e-25,4.3342426e-19,1.6970495e-14
EFT:9.963687e-21,5.531796e-33,4.373045e-31,9.077982e-16,4.0896973e-21,1.0,4.362455e-13,2.7181645e-25,4.334226e-19,1.6970397e-14
Random270
Raw:9.963725e-21,5.5317537e-33,4.373045e-31,9.077947e-16,4.0896658e-21,1.0,4.362463e-13,2.718154e-25,4.3342095e-19,1.6970495e-14
EFT:9.963687e-21,5.531796e-33,4.373045e-31,9.077982e-16,4.0896973e-21,1.0,4.362455e-13,2.7181645e-25,4.334226e-19,1.6970397e-14
Random271
Raw:9.963725e-21,5.5317537e-33,4.373045e-31,9.077947e-16,4.0896658e-21,1.0,4.362463e-13,2.718154e-25,4.3342095e-19,1.6970495e-14
EFT:9.963687e-21,5.531796e-33,4.373045e-31,9.077982e-16,4.0896973e-21,1.0,4.362455e-13,2.7181645e-25,4.334226e-19,1.6970397e-14
Random272
Raw:9.963649e-21,5.5317537e-33,4.373045e-31,9.077947e-16,4.0896658e-21,1.0,4.3624465e-13,2.718154e-25,4.3342095e-19,1.6970429e-14
EFT:9.963687e-21,5.531796e-33,4.373045e-31,9.077982e-16,4.0896973e-21,1.0,4.362455e-13,2.7181645e-25,4.334226e-19,1.6970397e-14
Random273
Raw:9.963649e-21,5.5317115e-33,4.3730115e-31,9.077947e-16,4.0896658e-21,1.0,4.362463e-13,2.7181332e-25,4.3341764e-19,1.6970429e-14
EFT:9.963687e-21,5.531796e-33,4.373045e-31,9.077982e-16,4.0896973e-21,1.0,4.362455e-13,2.7181645e-25,4.334226e-19,1.6970397e-14
Random274
Raw:9.963725e-21,5.531796e-33,4.373045e-31,9.077982e-16,4.0896973e-21,1.0,4.3624715e-13,2.7181645e-25,4.334226e-19,1.6970397e-14
EFT:9.963687e-21,5.531796e-33,4.373045e-31,9.077982e-16,4.0896973e-21,1.0,4.362455e-13,2.7181645e-25,4.334226e-19,1.6970397e-14
Random275
Raw:9.963801e-21,5.531838e-33,4.373111e-31,9.078017e-16,4.0897284e-21,1.0,4.3624964e-13,2.7181748e-25,4.3342426e-19,1.697056e-14
EFT:9.963687e-21,5.531796e-33,4.373045e-31,9.077982e-16,4.0896973e-21,1.0,4.362455e-13,2.7181645e-25,4.334226e-19,1.6970397e-14
Random276
Raw:9.963725e-21,5.531796e-33,4.373045e-31,9.077947e-16,4.0896973e-21,1.0,4.3624715e-13,2.7181645e-25,4.334226e-19,1.6970463e-14
EFT:9.963687e-21,5.531796e-33,4.373045e-31,9.077982e-16,4.0896973e-21,1.0,4.362455e-13,2.7181645e-25,4.334226e-19,1.6970397e-14
Random277
Raw:9.963725e-21,5.531796e-33,4.373045e-31,9.077982e-16,4.0896973e-21,1.0,4.3624715e-13,2.7181645e-25,4.334226e-19,1.6970463e-14
EFT:9.963687e-21,5.531796e-33,4.373045e-31,9.077982e-16,4.0896973e-21,1.0,4.362455e-13,2.7181645e-25,4.334226e-19,1.6970397e-14
Random278
Raw:9.963725e-21,5.531796e-33,4.373045e-31,9.077982e-16,4.0896973e-21,1.0,4.3624715e-13,2.7181645e-25,4.334226e-19,1.6970397e-14
EFT:9.963687e-21,5.531796e-33,4.373045e-31,9.077982e-16,4.0896973e-21,1.0,4.362455e-13,2.7181645e-25,4.334226e-19,1.6970397e-14
Random279
Raw:9.963687e-21,5.531796e-33,4.373045e-31,9.077982e-16,4.0896973e-21,1.0,4.362455e-13,2.7181645e-25,4.334226e-19,1.6970397e-14
EFT:9.963687e-21,5.531796e-33,4.373045e-31,9.077982e-16,4.0896973e-21,1.0,4.362455e-13,2.7181645e-25,4.334226e-19,1.6970397e-14
Random280
Raw:9.963649e-21,5.5317115e-33,4.3730115e-31,9.077947e-16,4.0896658e-21,1.0,4.3624465e-13,2.7181332e-25,4.3341764e-19,1.6970364e-14
EFT:9.963687e-21,5.531796e-33,4.373045e-31,9.077982e-16,4.0896973e-21,1.0,4.362455e-13,2.7181645e-25,4.334226e-19,1.6970397e-14
Random281
Raw:9.963725e-21,5.531796e-33,4.373045e-31,9.077982e-16,4.0896973e-21,1.0,4.3624715e-13,2.7181645e-25,4.334226e-19,1.6970397e-14
EFT:9.963687e-21,5.531796e-33,4.373045e-31,9.077982e-16,4.0896973e-21,1.0,4.362455e-13,2.7181645e-25,4.334226e-19,1.6970397e-14
Random282
Raw:9.963649e-21,5.5317537e-33,4.3730115e-31,9.077879e-16,4.0896658e-21,1.0,4.362463e-13,2.7181332e-25,4.3341764e-19,1.6970429e-14
EFT:9.963687e-21,5.531796e-33,4.373045e-31,9.077982e-16,4.0896973e-21,1.0,4.362455e-13,2.7181645e-25,4.334226e-19,1.6970397e-14
Random283
Raw:9.963649e-21,5.5317537e-33,4.373045e-31,9.077947e-16,4.0896658e-21,1.0,4.3624465e-13,2.7181332e-25,4.3342095e-19,1.6970429e-14
EFT:9.963687e-21,5.531796e-33,4.373045e-31,9.077982e-16,4.0896973e-21,1.0,4.362455e-13,2.7181645e-25,4.334226e-19,1.6970397e-14
Random284
Raw:9.963725e-21,5.5317537e-33,4.373045e-31,9.077947e-16,4.0896658e-21,1.0,4.362463e-13,2.718154e-25,4.3342095e-19,1.6970495e-14
EFT:9.963687e-21,5.531796e-33,4.373045e-31,9.077982e-16,4.0896973e-21,1.0,4.362455e-13,2.7181645e-25,4.334226e-19,1.6970397e-14
Random285
Raw:9.963801e-21,5.531796e-33,4.373078e-31,9.078017e-16,4.0897284e-21,1.0,4.36248e-13,2.718154e-25,4.3342426e-19,1.6970495e-14
EFT:9.963687e-21,5.531796e-33,4.373045e-31,9.077982e-16,4.0896973e-21,1.0,4.362455e-13,2.7181645e-25,4.334226e-19,1.6970397e-14
Random286
Raw:9.963725e-21,5.531796e-33,4.373045e-31,9.077947e-16,4.0896973e-21,1.0,4.3624715e-13,2.7181645e-25,4.334226e-19,1.6970463e-14
EFT:9.963687e-21,5.531796e-33,4.373045e-31,9.077982e-16,4.0896973e-21,1.0,4.362455e-13,2.7181645e-25,4.334226e-19,1.6970397e-14
Random287
Raw:9.963725e-21,5.5317537e-33,4.373045e-31,9.077947e-16,4.0896658e-21,1.0,4.362463e-13,2.718154e-25,4.3342095e-19,1.6970495e-14
EFT:9.963687e-21,5.531796e-33,4.373045e-31,9.077982e-16,4.0896973e-21,1.0,4.362455e-13,2.7181645e-25,4.334226e-19,1.6970397e-14
Random288
Raw:9.963725e-21,5.531796e-33,4.373045e-31,9.077982e-16,4.0896973e-21,1.0,4.3624715e-13,2.7181645e-25,4.334226e-19,1.6970463e-14
EFT:9.963687e-21,5.531796e-33,4.373045e-31,9.077982e-16,4.0896973e-21,1.0,4.362455e-13,2.7181645e-25,4.334226e-19,1.6970397e-14
Random289
Raw:9.963801e-21,5.531838e-33,4.373111e-31,9.078017e-16,4.0897284e-21,1.0,4.3624964e-13,2.7181748e-25,4.3342426e-19,1.697056e-14
EFT:9.963687e-21,5.531796e-33,4.373045e-31,9.077982e-16,4.0896973e-21,1.0,4.362455e-13,2.7181645e-25,4.334226e-19,1.6970397e-14
Random290
Raw:9.963801e-21,5.531796e-33,4.373111e-31,9.078017e-16,4.0897284e-21,1.0,4.3624964e-13,2.7181748e-25,4.3342426e-19,1.697056e-14
EFT:9.963687e-21,5.531796e-33,4.373045e-31,9.077982e-16,4.0896973e-21,1.0,4.362455e-13,2.7181645e-25,4.334226e-19,1.6970397e-14
Random291
Raw:9.963649e-21,5.5317115e-33,4.3730115e-31,9.077947e-16,4.0896658e-21,1.0,4.3624465e-13,2.7181332e-25,4.3341764e-19,1.6970364e-14
EFT:9.963687e-21,5.531796e-33,4.373045e-31,9.077982e-16,4.0896973e-21,1.0,4.362455e-13,2.7181645e-25,4.334226e-19,1.6970397e-14
Random292
Raw:9.963725e-21,5.531796e-33,4.373045e-31,9.077947e-16,4.0897126e-21,1.0,4.3624715e-13,2.7181645e-25,4.334226e-19,1.6970463e-14
EFT:9.963687e-21,5.531796e-33,4.373045e-31,9.077982e-16,4.0896973e-21,1.0,4.362455e-13,2.7181645e-25,4.334226e-19,1.6970397e-14
Random293
Raw:9.963687e-21,5.531796e-33,4.373045e-31,9.077982e-16,4.0896973e-21,1.0,4.362455e-13,2.7181645e-25,4.334226e-19,1.6970397e-14
EFT:9.963687e-21,5.531796e-33,4.373045e-31,9.077982e-16,4.0896973e-21,1.0,4.362455e-13,2.7181645e-25,4.334226e-19,1.6970397e-14
Random294
Raw:9.963649e-21,5.5317115e-33,4.3730115e-31,9.077947e-16,4.0896658e-21,1.0,4.3624465e-13,2.7181332e-25,4.3341764e-19,1.6970364e-14
EFT:9.963687e-21,5.531796e-33,4.373045e-31,9.077982e-16,4.0896973e-21,1.0,4.362455e-13,2.7181645e-25,4.334226e-19,1.6970397e-14
Random295
Raw:9.963801e-21,5.531838e-33,4.373111e-31,9.078017e-16,4.0897284e-21,1.0,4.3624964e-13,2.7181748e-25,4.3342426e-19,1.697056e-14
EFT:9.963687e-21,5.531796e-33,4.373045e-31,9.077982e-16,4.0896973e-21,1.0,4.362455e-13,2.7181645e-25,4.334226e-19,1.6970397e-14
Random296
Raw:9.963725e-21,5.5317537e-33,4.373045e-31,9.077947e-16,4.0896658e-21,1.0,4.362463e-13,2.718154e-25,4.3342095e-19,1.6970495e-14
EFT:9.963687e-21,5.531796e-33,4.373045e-31,9.077982e-16,4.0896973e-21,1.0,4.362455e-13,2.7181645e-25,4.334226e-19,1.6970397e-14
Random297
Raw:9.963725e-21,5.5317537e-33,4.373045e-31,9.077947e-16,4.0896658e-21,1.0,4.362463e-13,2.718154e-25,4.3342095e-19,1.6970495e-14
EFT:9.963687e-21,5.531796e-33,4.373045e-31,9.077982e-16,4.0896973e-21,1.0,4.362455e-13,2.7181645e-25,4.334226e-19,1.6970397e-14
Random298
Raw:9.963725e-21,5.531796e-33,4.373045e-31,9.077947e-16,4.0896973e-21,1.0,4.3624715e-13,2.7181645e-25,4.334226e-19,1.6970463e-14
EFT:9.963687e-21,5.531796e-33,4.373045e-31,9.077982e-16,4.0896973e-21,1.0,4.362455e-13,2.7181645e-25,4.334226e-19,1.6970397e-14
Random299
Raw:9.963649e-21,5.5317537e-33,4.373045e-31,9.077947e-16,4.0896658e-21,1.0,4.3624465e-13,2.718154e-25,4.3342095e-19,1.6970429e-14
EFT:9.963687e-21,5.531796e-33,4.373045e-31,9.077982e-16,4.0896973e-21,1.0,4.362455e-13,2.7181645e-25,4.334226e-19,1.6970397e-14
Random300
Raw:9.963725e-21,5.5317537e-33,4.373045e-31,9.077947e-16,4.0896658e-21,1.0,4.362463e-13,2.718154e-25,4.3342095e-19,1.6970495e-14
EFT:9.963687e-21,5.531796e-33,4.373045e-31,9.077982e-16,4.0896973e-21,1.0,4.362455e-13,2.7181645e-25,4.334226e-19,1.6970397e-14
Random301
Raw:9.963649e-21,5.5317537e-33,4.373045e-31,9.077947e-16,4.0896658e-21,1.0,4.3624465e-13,2.718154e-25,4.3342095e-19,1.6970429e-14
EFT:9.963687e-21,5.531796e-33,4.373045e-31,9.077982e-16,4.0896973e-21,1.0,4.362455e-13,2.7181645e-25,4.334226e-19,1.6970397e-14
Random302
Raw:9.963725e-21,5.531796e-33,4.373045e-31,9.077982e-16,4.0896973e-21,1.0,4.3624715e-13,2.7181645e-25,4.334226e-19,1.6970463e-14
EFT:9.963687e-21,5.531796e-33,4.373045e-31,9.077982e-16,4.0896973e-21,1.0,4.362455e-13,2.7181645e-25,4.334226e-19,1.6970397e-14
Random303
Raw:9.963649e-21,5.5317537e-33,4.373045e-31,9.077947e-16,4.0896658e-21,1.0,4.3624465e-13,2.718154e-25,4.3342095e-19,1.6970429e-14
EFT:9.963687e-21,5.531796e-33,4.373045e-31,9.077982e-16,4.0896973e-21,1.0,4.362455e-13,2.7181645e-25,4.334226e-19,1.6970397e-14
Random304
Raw:9.963687e-21,5.531796e-33,4.373045e-31,9.077982e-16,4.0896815e-21,1.0,4.362455e-13,2.7181645e-25,4.334226e-19,1.6970397e-14
EFT:9.963687e-21,5.531796e-33,4.373045e-31,9.077982e-16,4.0896973e-21,1.0,4.362455e-13,2.7181645e-25,4.334226e-19,1.6970397e-14
Random305
Raw:9.963725e-21,5.531796e-33,4.373045e-31,9.077982e-16,4.0896973e-21,1.0,4.3624715e-13,2.7181645e-25,4.334226e-19,1.6970463e-14
EFT:9.963687e-21,5.531796e-33,4.373045e-31,9.077982e-16,4.0896973e-21,1.0,4.362455e-13,2.7181645e-25,4.334226e-19,1.6970397e-14
Random306
Raw:9.963649e-21,5.5317115e-33,4.3730115e-31,9.077947e-16,4.0896658e-21,1.0,4.362463e-13,2.7181332e-25,4.3341764e-19,1.6970429e-14
EFT:9.963687e-21,5.531796e-33,4.373045e-31,9.077982e-16,4.0896973e-21,1.0,4.362455e-13,2.7181645e-25,4.334226e-19,1.6970397e-14
Random307
Raw:9.963649e-21,5.5317537e-33,4.3730115e-31,9.077879e-16,4.0896658e-21,1.0,4.362463e-13,2.7181332e-25,4.3341764e-19,1.6970429e-14
EFT:9.963687e-21,5.531796e-33,4.373045e-31,9.077982e-16,4.0896973e-21,1.0,4.362455e-13,2.7181645e-25,4.334226e-19,1.6970397e-14
Random308
Raw:9.963725e-21,5.531796e-33,4.373045e-31,9.077947e-16,4.0896658e-21,1.0,4.362463e-13,2.718154e-25,4.3342095e-19,1.6970495e-14
EFT:9.963687e-21,5.531796e-33,4.373045e-31,9.077982e-16,4.0896973e-21,1.0,4.362455e-13,2.7181645e-25,4.334226e-19,1.6970397e-14
Random309
Raw:9.963725e-21,5.531796e-33,4.373045e-31,9.077947e-16,4.0896658e-21,1.0,4.362463e-13,2.718154e-25,4.3342095e-19,1.6970495e-14
EFT:9.963687e-21,5.531796e-33,4.373045e-31,9.077982e-16,4.0896973e-21,1.0,4.362455e-13,2.7181645e-25,4.334226e-19,1.6970397e-14
Random310
Raw:9.963725e-21,5.5317537e-33,4.373045e-31,9.077947e-16,4.0896658e-21,1.0,4.362463e-13,2.718154e-25,4.3342095e-19,1.6970495e-14
EFT:9.963687e-21,5.531796e-33,4.373045e-31,9.077982e-16,4.0896973e-21,1.0,4.362455e-13,2.7181645e-25,4.334226e-19,1.6970397e-14
Random311
Raw:9.963725e-21,5.5317537e-33,4.373045e-31,9.077947e-16,4.0896658e-21,1.0,4.362463e-13,2.718154e-25,4.3342095e-19,1.6970429e-14
EFT:9.963687e-21,5.531796e-33,4.373045e-31,9.077982e-16,4.0896973e-21,1.0,4.362455e-13,2.7181645e-25,4.334226e-19,1.6970397e-14
Random312
Raw:9.963801e-21,5.531838e-33,4.3731446e-31,9.078086e-16,4.0897126e-21,1.0,4.362488e-13,2.7181748e-25,4.3342592e-19,1.6970527e-14
EFT:9.963687e-21,5.531796e-33,4.373045e-31,9.077982e-16,4.0896973e-21,1.0,4.362455e-13,2.7181645e-25,4.334226e-19,1.6970397e-14
Random313
Raw:9.963649e-21,5.5316692e-33,4.372978e-31,9.077879e-16,4.0896504e-21,1.0,4.362455e-13,2.7181124e-25,4.3341764e-19,1.6970397e-14
EFT:9.963687e-21,5.531796e-33,4.373045e-31,9.077982e-16,4.0896973e-21,1.0,4.362455e-13,2.7181645e-25,4.334226e-19,1.6970397e-14
Random314
Raw:9.963725e-21,5.5317537e-33,4.373045e-31,9.077947e-16,4.0896658e-21,1.0,4.362463e-13,2.718154e-25,4.3342095e-19,1.6970429e-14
EFT:9.963687e-21,5.531796e-33,4.373045e-31,9.077982e-16,4.0896973e-21,1.0,4.362455e-13,2.7181645e-25,4.334226e-19,1.6970397e-14
Random315
Raw:9.963801e-21,5.5317537e-33,4.373078e-31,9.078017e-16,4.0896973e-21,1.0,4.36248e-13,2.718154e-25,4.3342426e-19,1.6970495e-14
EFT:9.963687e-21,5.531796e-33,4.373045e-31,9.077982e-16,4.0896973e-21,1.0,4.362455e-13,2.7181645e-25,4.334226e-19,1.6970397e-14
Random316
Raw:9.963649e-21,5.5317537e-33,4.373045e-31,9.077947e-16,4.0896658e-21,1.0,4.3624465e-13,2.718154e-25,4.3342095e-19,1.6970429e-14
EFT:9.963687e-21,5.531796e-33,4.373045e-31,9.077982e-16,4.0896973e-21,1.0,4.362455e-13,2.7181645e-25,4.334226e-19,1.6970397e-14
Random317
Raw:9.963649e-21,5.5317115e-33,4.3730115e-31,9.077947e-16,4.0896347e-21,1.0,4.3624465e-13,2.7181332e-25,4.3341764e-19,1.6970364e-14
EFT:9.963687e-21,5.531796e-33,4.373045e-31,9.077982e-16,4.0896973e-21,1.0,4.362455e-13,2.7181645e-25,4.334226e-19,1.6970397e-14
Random318
Raw:9.963649e-21,5.5317115e-33,4.3730115e-31,9.077947e-16,4.0896658e-21,1.0,4.362463e-13,2.7181332e-25,4.3341764e-19,1.6970364e-14
EFT:9.963687e-21,5.531796e-33,4.373045e-31,9.077982e-16,4.0896973e-21,1.0,4.362455e-13,2.7181645e-25,4.334226e-19,1.6970397e-14
Random319
Raw:9.963725e-21,5.531796e-33,4.373045e-31,9.077982e-16,4.0896973e-21,1.0,4.3624715e-13,2.7181645e-25,4.334226e-19,1.6970397e-14
EFT:9.963687e-21,5.531796e-33,4.373045e-31,9.077982e-16,4.0896973e-21,1.0,4.362455e-13,2.7181645e-25,4.334226e-19,1.6970397e-14
Random320
Raw:9.963649e-21,5.5317537e-33,4.3730115e-31,9.077879e-16,4.0896658e-21,1.0,4.36248e-13,2.7181332e-25,4.3341764e-19,1.6970429e-14
EFT:9.963687e-21,5.531796e-33,4.373045e-31,9.077982e-16,4.0896973e-21,1.0,4.362455e-13,2.7181645e-25,4.334226e-19,1.6970397e-14
Random321
Raw:9.963725e-21,5.5317537e-33,4.373045e-31,9.077947e-16,4.0896658e-21,1.0,4.362463e-13,2.718154e-25,4.3342095e-19,1.6970429e-14
EFT:9.963687e-21,5.531796e-33,4.373045e-31,9.077982e-16,4.0896973e-21,1.0,4.362455e-13,2.7181645e-25,4.334226e-19,1.6970397e-14
Random322
Raw:9.963801e-21,5.531796e-33,4.373078e-31,9.078017e-16,4.0897284e-21,1.0,4.3624964e-13,2.718154e-25,4.3342426e-19,1.697056e-14
EFT:9.963687e-21,5.531796e-33,4.373045e-31,9.077982e-16,4.0896973e-21,1.0,4.362455e-13,2.7181645e-25,4.334226e-19,1.6970397e-14
Random323
Raw:9.963725e-21,5.531796e-33,4.373045e-31,9.077982e-16,4.0896973e-21,1.0,4.3624715e-13,2.7181645e-25,4.334226e-19,1.6970463e-14
EFT:9.963687e-21,5.531796e-33,4.373045e-31,9.077982e-16,4.0896973e-21,1.0,4.362455e-13,2.7181645e-25,4.334226e-19,1.6970397e-14
Random324
Raw:9.963725e-21,5.531796e-33,4.373045e-31,9.077982e-16,4.0896973e-21,1.0,4.3624715e-13,2.7181645e-25,4.334226e-19,1.6970397e-14
EFT:9.963687e-21,5.531796e-33,4.373045e-31,9.077982e-16,4.0896973e-21,1.0,4.362455e-13,2.7181645e-25,4.334226e-19,1.6970397e-14
Random325
Raw:9.963649e-21,5.5317537e-33,4.373045e-31,9.077947e-16,4.0896658e-21,1.0,4.3624465e-13,2.718154e-25,4.3342095e-19,1.6970429e-14
EFT:9.963687e-21,5.531796e-33,4.373045e-31,9.077982e-16,4.0896973e-21,1.0,4.362455e-13,2.7181645e-25,4.334226e-19,1.6970397e-14
Random326
Raw:9.963801e-21,5.531796e-33,4.373111e-31,9.078086e-16,4.0896973e-21,1.0,4.36248e-13,2.718154e-25,4.3342426e-19,1.6970495e-14
EFT:9.963687e-21,5.531796e-33,4.373045e-31,9.077982e-16,4.0896973e-21,1.0,4.362455e-13,2.7181645e-25,4.334226e-19,1.6970397e-14
Random327
Raw:9.963725e-21,5.531796e-33,4.373045e-31,9.077947e-16,4.0896973e-21,1.0,4.3624715e-13,2.7181645e-25,4.334226e-19,1.6970463e-14
EFT:9.963687e-21,5.531796e-33,4.373045e-31,9.077982e-16,4.0896973e-21,1.0,4.362455e-13,2.7181645e-25,4.334226e-19,1.6970397e-14
Random328
Raw:9.963801e-21,5.531838e-33,4.373111e-31,9.078017e-16,4.0897284e-21,1.0,4.3624964e-13,2.7181748e-25,4.3342426e-19,1.697056e-14
EFT:9.963687e-21,5.531796e-33,4.373045e-31,9.077982e-16,4.0896973e-21,1.0,4.362455e-13,2.7181645e-25,4.334226e-19,1.6970397e-14
Random329
Raw:9.963649e-21,5.5317115e-33,4.3730115e-31,9.077947e-16,4.0896658e-21,1.0,4.362463e-13,2.7181332e-25,4.3341764e-19,1.6970429e-14
EFT:9.963687e-21,5.531796e-33,4.373045e-31,9.077982e-16,4.0896973e-21,1.0,4.362455e-13,2.7181645e-25,4.334226e-19,1.6970397e-14
Random330
Raw:9.963839e-21,5.53188e-33,4.3731446e-31,9.078051e-16,4.089744e-21,1.0,4.3625048e-13,2.7181955e-25,4.3342592e-19,1.6970591e-14
EFT:9.963687e-21,5.531796e-33,4.373045e-31,9.077982e-16,4.0896973e-21,1.0,4.362455e-13,2.7181645e-25,4.334226e-19,1.6970397e-14
Random331
Raw:9.963649e-21,5.5317115e-33,4.3730115e-31,9.077947e-16,4.0896347e-21,1.0,4.3624465e-13,2.7181332e-25,4.3341764e-19,1.6970364e-14
EFT:9.963687e-21,5.531796e-33,4.373045e-31,9.077982e-16,4.0896973e-21,1.0,4.362455e-13,2.7181645e-25,4.334226e-19,1.6970397e-14
Random332
Raw:9.963649e-21,5.5317537e-33,4.3730115e-31,9.077879e-16,4.0896658e-21,1.0,4.362463e-13,2.7181332e-25,4.3341764e-19,1.6970429e-14
EFT:9.963687e-21,5.531796e-33,4.373045e-31,9.077982e-16,4.0896973e-21,1.0,4.362455e-13,2.7181645e-25,4.334226e-19,1.6970397e-14
Random333
Raw:9.963649e-21,5.5317537e-33,4.373045e-31,9.077947e-16,4.0896658e-21,1.0,4.3624465e-13,2.718154e-25,4.3342095e-19,1.6970429e-14
EFT:9.963687e-21,5.531796e-33,4.373045e-31,9.077982e-16,4.0896973e-21,1.0,4.362455e-13,2.7181645e-25,4.334226e-19,1.6970397e-14
Random334
Raw:9.963687e-21,5.531796e-33,4.373045e-31,9.077982e-16,4.0896973e-21,1.0,4.362455e-13,2.7181645e-25,4.334226e-19,1.6970397e-14
EFT:9.963687e-21,5.531796e-33,4.373045e-31,9.077982e-16,4.0896973e-21,1.0,4.362455e-13,2.7181645e-25,4.334226e-19,1.6970397e-14
Random335
Raw:9.963725e-21,5.5317537e-33,4.373045e-31,9.077947e-16,4.0896658e-21,1.0,4.362463e-13,2.718154e-25,4.3342095e-19,1.6970429e-14
EFT:9.963687e-21,5.531796e-33,4.373045e-31,9.077982e-16,4.0896973e-21,1.0,4.362455e-13,2.7181645e-25,4.334226e-19,1.6970397e-14
Random336
Raw:9.963725e-21,5.531796e-33,4.373045e-31,9.077982e-16,4.0896973e-21,1.0,4.3624715e-13,2.7181645e-25,4.334226e-19,1.6970463e-14
EFT:9.963687e-21,5.531796e-33,4.373045e-31,9.077982e-16,4.0896973e-21,1.0,4.362455e-13,2.7181645e-25,4.334226e-19,1.6970397e-14
Random337
Raw:9.963801e-21,5.531796e-33,4.373078e-31,9.078017e-16,4.0896973e-21,1.0,4.36248e-13,2.718154e-25,4.3342426e-19,1.6970495e-14
EFT:9.963687e-21,5.531796e-33,4.373045e-31,9.077982e-16,4.0896973e-21,1.0,4.362455e-13,2.7181645e-25,4.334226e-19,1.6970397e-14
Random338
Raw:9.963649e-21,5.5317537e-33,4.373045e-31,9.077947e-16,4.0896658e-21,1.0,4.36243e-13,2.7181332e-25,4.3342095e-19,1.6970429e-14
EFT:9.963687e-21,5.531796e-33,4.373045e-31,9.077982e-16,4.0896973e-21,1.0,4.362455e-13,2.7181645e-25,4.334226e-19,1.6970397e-14
Random339
Raw:9.963725e-21,5.5317537e-33,4.373045e-31,9.077947e-16,4.0896658e-21,1.0,4.362463e-13,2.718154e-25,4.3342095e-19,1.6970495e-14
EFT:9.963687e-21,5.531796e-33,4.373045e-31,9.077982e-16,4.0896973e-21,1.0,4.362455e-13,2.7181645e-25,4.334226e-19,1.6970397e-14
Random340
Raw:9.963725e-21,5.531796e-33,4.373045e-31,9.077982e-16,4.0896973e-21,1.0,4.3624715e-13,2.7181645e-25,4.334226e-19,1.6970397e-14
EFT:9.963687e-21,5.531796e-33,4.373045e-31,9.077982e-16,4.0896973e-21,1.0,4.362455e-13,2.7181645e-25,4.334226e-19,1.6970397e-14
Random341
Raw:9.963839e-21,5.53188e-33,4.3731446e-31,9.078051e-16,4.089744e-21,1.0,4.3625048e-13,2.7181955e-25,4.3342592e-19,1.6970591e-14
EFT:9.963687e-21,5.531796e-33,4.373045e-31,9.077982e-16,4.0896973e-21,1.0,4.362455e-13,2.7181645e-25,4.334226e-19,1.6970397e-14
Random342
Raw:9.963649e-21,5.5317115e-33,4.372978e-31,9.077879e-16,4.0896504e-21,1.0,4.362455e-13,2.7181124e-25,4.3341764e-19,1.6970397e-14
EFT:9.963687e-21,5.531796e-33,4.373045e-31,9.077982e-16,4.0896973e-21,1.0,4.362455e-13,2.7181645e-25,4.334226e-19,1.6970397e-14
Random343
Raw:9.963725e-21,5.531796e-33,4.373045e-31,9.077947e-16,4.0896973e-21,1.0,4.36248e-13,2.718154e-25,4.3342095e-19,1.6970495e-14
EFT:9.963687e-21,5.531796e-33,4.373045e-31,9.077982e-16,4.0896973e-21,1.0,4.362455e-13,2.7181645e-25,4.334226e-19,1.6970397e-14
Random344
Raw:9.963649e-21,5.5317115e-33,4.3730115e-31,9.077947e-16,4.0896658e-21,1.0,4.362463e-13,2.7181332e-25,4.3341764e-19,1.6970429e-14
EFT:9.963687e-21,5.531796e-33,4.373045e-31,9.077982e-16,4.0896973e-21,1.0,4.362455e-13,2.7181645e-25,4.334226e-19,1.6970397e-14
Random345
Raw:9.963649e-21,5.5317115e-33,4.372978e-31,9.077879e-16,4.0896504e-21,1.0,4.362455e-13,2.7181124e-25,4.3341764e-19,1.6970397e-14
EFT:9.963687e-21,5.531796e-33,4.373045e-31,9.077982e-16,4.0896973e-21,1.0,4.362455e-13,2.7181645e-25,4.334226e-19,1.6970397e-14
Random346
Raw:9.963687e-21,5.531796e-33,4.373045e-31,9.077982e-16,4.0896973e-21,1.0,4.362455e-13,2.7181645e-25,4.334226e-19,1.6970397e-14
EFT:9.963687e-21,5.531796e-33,4.373045e-31,9.077982e-16,4.0896973e-21,1.0,4.362455e-13,2.7181645e-25,4.334226e-19,1.6970397e-14
Random347
Raw:9.963687e-21,5.531796e-33,4.373045e-31,9.077982e-16,4.0896973e-21,1.0,4.362455e-13,2.7181645e-25,4.334226e-19,1.6970397e-14
EFT:9.963687e-21,5.531796e-33,4.373045e-31,9.077982e-16,4.0896973e-21,1.0,4.362455e-13,2.7181645e-25,4.334226e-19,1.6970397e-14
Random348
Raw:9.963649e-21,5.5317115e-33,4.3730115e-31,9.077947e-16,4.0896347e-21,1.0,4.3624465e-13,2.7181332e-25,4.3341764e-19,1.6970364e-14
EFT:9.963687e-21,5.531796e-33,4.373045e-31,9.077982e-16,4.0896973e-21,1.0,4.362455e-13,2.7181645e-25,4.334226e-19,1.6970397e-14
Random349
Raw:9.963725e-21,5.531796e-33,4.373045e-31,9.077982e-16,4.0896973e-21,1.0,4.3624715e-13,2.7181645e-25,4.334226e-19,1.6970397e-14
EFT:9.963687e-21,5.531796e-33,4.373045e-31,9.077982e-16,4.0896973e-21,1.0,4.362455e-13,2.7181645e-25,4.334226e-19,1.6970397e-14
Random350
Raw:9.963801e-21,5.5317537e-33,4.373078e-31,9.078017e-16,4.0896973e-21,1.0,4.36248e-13,2.718154e-25,4.3342426e-19,1.6970429e-14
EFT:9.963687e-21,5.531796e-33,4.373045e-31,9.077982e-16,4.0896973e-21,1.0,4.362455e-13,2.7181645e-25,4.334226e-19,1.6970397e-14
Random351
Raw:9.963725e-21,5.5317537e-33,4.373045e-31,9.077947e-16,4.0896658e-21,1.0,4.362463e-13,2.718154e-25,4.3342095e-19,1.6970429e-14
EFT:9.963687e-21,5.531796e-33,4.373045e-31,9.077982e-16,4.0896973e-21,1.0,4.362455e-13,2.7181645e-25,4.334226e-19,1.6970397e-14
Random352
Raw:9.963725e-21,5.5317537e-33,4.373078e-31,9.078017e-16,4.0896973e-21,1.0,4.362463e-13,2.718154e-25,4.3342426e-19,1.6970429e-14
EFT:9.963687e-21,5.531796e-33,4.373045e-31,9.077982e-16,4.0896973e-21,1.0,4.362455e-13,2.7181645e-25,4.334226e-19,1.6970397e-14
Random353
Raw:9.963649e-21,5.5317537e-33,4.3730115e-31,9.077947e-16,4.0896658e-21,1.0,4.362463e-13,2.7181332e-25,4.3341764e-19,1.6970429e-14
EFT:9.963687e-21,5.531796e-33,4.373045e-31,9.077982e-16,4.0896973e-21,1.0,4.362455e-13,2.7181645e-25,4.334226e-19,1.6970397e-14
Random354
Raw:9.963725e-21,5.531796e-33,4.373045e-31,9.077947e-16,4.0897126e-21,1.0,4.362488e-13,2.7181645e-25,4.334226e-19,1.6970463e-14
EFT:9.963687e-21,5.531796e-33,4.373045e-31,9.077982e-16,4.0896973e-21,1.0,4.362455e-13,2.7181645e-25,4.334226e-19,1.6970397e-14
Random355
Raw:9.963649e-21,5.5317115e-33,4.3730115e-31,9.077947e-16,4.0896658e-21,1.0,4.362463e-13,2.7181332e-25,4.3341764e-19,1.6970429e-14
EFT:9.963687e-21,5.531796e-33,4.373045e-31,9.077982e-16,4.0896973e-21,1.0,4.362455e-13,2.7181645e-25,4.334226e-19,1.6970397e-14
Random356
Raw:9.963725e-21,5.531796e-33,4.373045e-31,9.077982e-16,4.0896973e-21,1.0,4.3624715e-13,2.7181645e-25,4.334226e-19,1.6970463e-14
EFT:9.963687e-21,5.531796e-33,4.373045e-31,9.077982e-16,4.0896973e-21,1.0,4.362455e-13,2.7181645e-25,4.334226e-19,1.6970397e-14
Random357
Raw:9.963687e-21,5.531796e-33,4.373045e-31,9.077982e-16,4.0896815e-21,1.0,4.362455e-13,2.7181645e-25,4.334226e-19,1.6970397e-14
EFT:9.963687e-21,5.531796e-33,4.373045e-31,9.077982e-16,4.0896973e-21,1.0,4.362455e-13,2.7181645e-25,4.334226e-19,1.6970397e-14
Random358
Raw:9.963725e-21,5.5317537e-33,4.373045e-31,9.077947e-16,4.0896658e-21,1.0,4.362463e-13,2.718154e-25,4.3342095e-19,1.6970495e-14
EFT:9.963687e-21,5.531796e-33,4.373045e-31,9.077982e-16,4.0896973e-21,1.0,4.362455e-13,2.7181645e-25,4.334226e-19,1.6970397e-14
Random359
Raw:9.963725e-21,5.5317537e-33,4.373045e-31,9.077947e-16,4.0896658e-21,1.0,4.362463e-13,2.718154e-25,4.3342095e-19,1.6970495e-14
EFT:9.963687e-21,5.531796e-33,4.373045e-31,9.077982e-16,4.0896973e-21,1.0,4.362455e-13,2.7181645e-25,4.334226e-19,1.6970397e-14
Random360
Raw:9.963649e-21,5.5317115e-33,4.3730115e-31,9.077947e-16,4.0896658e-21,1.0,4.362463e-13,2.7181332e-25,4.3341764e-19,1.6970364e-14
EFT:9.963687e-21,5.531796e-33,4.373045e-31,9.077982e-16,4.0896973e-21,1.0,4.362455e-13,2.7181645e-25,4.334226e-19,1.6970397e-14
Random361
Raw:9.963725e-21,5.531796e-33,4.373045e-31,9.077982e-16,4.0896973e-21,1.0,4.3624715e-13,2.7181645e-25,4.334226e-19,1.6970463e-14
EFT:9.963687e-21,5.531796e-33,4.373045e-31,9.077982e-16,4.0896973e-21,1.0,4.362455e-13,2.7181645e-25,4.334226e-19,1.6970397e-14
Random362
Raw:9.963801e-21,5.531796e-33,4.373078e-31,9.078017e-16,4.0897284e-21,1.0,4.36248e-13,2.718154e-25,4.3342426e-19,1.6970495e-14
EFT:9.963687e-21,5.531796e-33,4.373045e-31,9.077982e-16,4.0896973e-21,1.0,4.362455e-13,2.7181645e-25,4.334226e-19,1.6970397e-14
Random363
Raw:9.963725e-21,5.531796e-33,4.373045e-31,9.077947e-16,4.0896658e-21,1.0,4.362463e-13,2.718154e-25,4.3342095e-19,1.6970495e-14
EFT:9.963687e-21,5.531796e-33,4.373045e-31,9.077982e-16,4.0896973e-21,1.0,4.362455e-13,2.7181645e-25,4.334226e-19,1.6970397e-14
Random364
Raw:9.963649e-21,5.5317115e-33,4.3730115e-31,9.077947e-16,4.0896347e-21,1.0,4.3624465e-13,2.7181124e-25,4.3341764e-19,1.6970364e-14
EFT:9.963687e-21,5.531796e-33,4.373045e-31,9.077982e-16,4.0896973e-21,1.0,4.362455e-13,2.7181645e-25,4.334226e-19,1.6970397e-14
Random365
Raw:9.963725e-21,5.531796e-33,4.373045e-31,9.077982e-16,4.0896973e-21,1.0,4.3624715e-13,2.7181645e-25,4.334226e-19,1.6970397e-14
EFT:9.963687e-21,5.531796e-33,4.373045e-31,9.077982e-16,4.0896973e-21,1.0,4.362455e-13,2.7181645e-25,4.334226e-19,1.6970397e-14
Random366
Raw:9.963801e-21,5.531796e-33,4.373078e-31,9.078017e-16,4.0896973e-21,1.0,4.36248e-13,2.718154e-25,4.3342426e-19,1.6970495e-14
EFT:9.963687e-21,5.531796e-33,4.373045e-31,9.077982e-16,4.0896973e-21,1.0,4.362455e-13,2.7181645e-25,4.334226e-19,1.6970397e-14
Random367
Raw:9.963725e-21,5.531796e-33,4.373045e-31,9.077982e-16,4.0896973e-21,1.0,4.3624715e-13,2.7181645e-25,4.334226e-19,1.6970397e-14
EFT:9.963687e-21,5.531796e-33,4.373045e-31,9.077982e-16,4.0896973e-21,1.0,4.362455e-13,2.7181645e-25,4.334226e-19,1.6970397e-14
Random368
Raw:9.963839e-21,5.531838e-33,4.3731446e-31,9.078086e-16,4.0897284e-21,1.0,4.3625048e-13,2.7181955e-25,4.3342592e-19,1.6970591e-14
EFT:9.963687e-21,5.531796e-33,4.373045e-31,9.077982e-16,4.0896973e-21,1.0,4.362455e-13,2.7181645e-25,4.334226e-19,1.6970397e-14
Random369
Raw:9.963687e-21,5.531796e-33,4.373045e-31,9.077982e-16,4.0896973e-21,1.0,4.362455e-13,2.7181645e-25,4.334226e-19,1.6970397e-14
EFT:9.963687e-21,5.531796e-33,4.373045e-31,9.077982e-16,4.0896973e-21,1.0,4.362455e-13,2.7181645e-25,4.334226e-19,1.6970397e-14
Random370
Raw:9.963801e-21,5.531796e-33,4.373078e-31,9.078017e-16,4.0897284e-21,1.0,4.3624964e-13,2.718154e-25,4.3342426e-19,1.6970495e-14
EFT:9.963687e-21,5.531796e-33,4.373045e-31,9.077982e-16,4.0896973e-21,1.0,4.362455e-13,2.7181645e-25,4.334226e-19,1.6970397e-14
Random371
Raw:9.963649e-21,5.5317115e-33,4.3730115e-31,9.077947e-16,4.0896658e-21,1.0,4.362463e-13,2.7181332e-25,4.3341764e-19,1.6970429e-14
EFT:9.963687e-21,5.531796e-33,4.373045e-31,9.077982e-16,4.0896973e-21,1.0,4.362455e-13,2.7181645e-25,4.334226e-19,1.6970397e-14
Random372
Raw:9.963687e-21,5.531796e-33,4.373045e-31,9.077982e-16,4.0896815e-21,1.0,4.362455e-13,2.7181645e-25,4.334226e-19,1.6970397e-14
EFT:9.963687e-21,5.531796e-33,4.373045e-31,9.077982e-16,4.0896973e-21,1.0,4.362455e-13,2.7181645e-25,4.334226e-19,1.6970397e-14
Random373
Raw:9.963839e-21,5.531838e-33,4.3731446e-31,9.078086e-16,4.0897284e-21,1.0,4.3625048e-13,2.7181955e-25,4.3342592e-19,1.6970591e-14
EFT:9.963687e-21,5.531796e-33,4.373045e-31,9.077982e-16,4.0896973e-21,1.0,4.362455e-13,2.7181645e-25,4.334226e-19,1.6970397e-14
Random374
Raw:9.963725e-21,5.531796e-33,4.373045e-31,9.077947e-16,4.0896973e-21,1.0,4.3624715e-13,2.7181645e-25,4.334226e-19,1.6970463e-14
EFT:9.963687e-21,5.531796e-33,4.373045e-31,9.077982e-16,4.0896973e-21,1.0,4.362455e-13,2.7181645e-25,4.334226e-19,1.6970397e-14
Random375
Raw:9.963725e-21,5.531796e-33,4.373045e-31,9.077947e-16,4.0897126e-21,1.0,4.3624715e-13,2.7181645e-25,4.334226e-19,1.6970463e-14
EFT:9.963687e-21,5.531796e-33,4.373045e-31,9.077982e-16,4.0896973e-21,1.0,4.362455e-13,2.7181645e-25,4.334226e-19,1.6970397e-14
Random376
Raw:9.963687e-21,5.531796e-33,4.373045e-31,9.077982e-16,4.0896973e-21,1.0,4.362455e-13,2.7181645e-25,4.334226e-19,1.6970397e-14
EFT:9.963687e-21,5.531796e-33,4.373045e-31,9.077982e-16,4.0896973e-21,1.0,4.362455e-13,2.7181645e-25,4.334226e-19,1.6970397e-14
Random377
Raw:9.963649e-21,5.5317115e-33,4.3730115e-31,9.077947e-16,4.0896658e-21,1.0,4.362463e-13,2.7181332e-25,4.3341764e-19,1.6970364e-14
EFT:9.963687e-21,5.531796e-33,4.373045e-31,9.077982e-16,4.0896973e-21,1.0,4.362455e-13,2.7181645e-25,4.334226e-19,1.6970397e-14
Random378
Raw:9.963725e-21,5.531796e-33,4.373045e-31,9.077982e-16,4.0896973e-21,1.0,4.3624715e-13,2.7181645e-25,4.334226e-19,1.6970463e-14
EFT:9.963687e-21,5.531796e-33,4.373045e-31,9.077982e-16,4.0896973e-21,1.0,4.362455e-13,2.7181645e-25,4.334226e-19,1.6970397e-14
Random379
Raw:9.963649e-21,5.5317115e-33,4.3730115e-31,9.077947e-16,4.0896658e-21,1.0,4.362463e-13,2.7181332e-25,4.3341764e-19,1.6970364e-14
EFT:9.963687e-21,5.531796e-33,4.373045e-31,9.077982e-16,4.0896973e-21,1.0,4.362455e-13,2.7181645e-25,4.334226e-19,1.6970397e-14
Random380
Raw:9.963801e-21,5.5317537e-33,4.373078e-31,9.078017e-16,4.0896973e-21,1.0,4.36248e-13,2.718154e-25,4.3342426e-19,1.6970429e-14
EFT:9.963687e-21,5.531796e-33,4.373045e-31,9.077982e-16,4.0896973e-21,1.0,4.362455e-13,2.7181645e-25,4.334226e-19,1.6970397e-14
Random381
Raw:9.963649e-21,5.5317537e-33,4.3730115e-31,9.077879e-16,4.0896658e-21,1.0,4.36248e-13,2.7181332e-25,4.3341764e-19,1.6970429e-14
EFT:9.963687e-21,5.531796e-33,4.373045e-31,9.077982e-16,4.0896973e-21,1.0,4.362455e-13,2.7181645e-25,4.334226e-19,1.6970397e-14
Random382
Raw:9.963725e-21,5.531796e-33,4.373045e-31,9.077947e-16,4.0897126e-21,1.0,4.3624715e-13,2.7181645e-25,4.334226e-19,1.6970463e-14
EFT:9.963687e-21,5.531796e-33,4.373045e-31,9.077982e-16,4.0896973e-21,1.0,4.362455e-13,2.7181645e-25,4.334226e-19,1.6970397e-14
Random383
Raw:9.963725e-21,5.5317537e-33,4.373045e-31,9.077947e-16,4.0896658e-21,1.0,4.362463e-13,2.718154e-25,4.3342095e-19,1.6970429e-14
EFT:9.963687e-21,5.531796e-33,4.373045e-31,9.077982e-16,4.0896973e-21,1.0,4.362455e-13,2.7181645e-25,4.334226e-19,1.6970397e-14
Random384
Raw:9.963801e-21,5.531796e-33,4.373078e-31,9.078017e-16,4.0897284e-21,1.0,4.3624964e-13,2.718154e-25,4.3342426e-19,1.6970495e-14
EFT:9.963687e-21,5.531796e-33,4.373045e-31,9.077982e-16,4.0896973e-21,1.0,4.362455e-13,2.7181645e-25,4.334226e-19,1.6970397e-14
Random385
Raw:9.963725e-21,5.531796e-33,4.373045e-31,9.077982e-16,4.0896973e-21,1.0,4.3624715e-13,2.7181645e-25,4.334226e-19,1.6970463e-14
EFT:9.963687e-21,5.531796e-33,4.373045e-31,9.077982e-16,4.0896973e-21,1.0,4.362455e-13,2.7181645e-25,4.334226e-19,1.6970397e-14
Random386
Raw:9.963801e-21,5.5317537e-33,4.373078e-31,9.078017e-16,4.0896973e-21,1.0,4.362463e-13,2.718154e-25,4.3342426e-19,1.6970429e-14
EFT:9.963687e-21,5.531796e-33,4.373045e-31,9.077982e-16,4.0896973e-21,1.0,4.362455e-13,2.7181645e-25,4.334226e-19,1.6970397e-14
Random387
Raw:9.963649e-21,5.5317537e-33,4.3730115e-31,9.077947e-16,4.0896658e-21,1.0,4.362463e-13,2.7181332e-25,4.3341764e-19,1.6970429e-14
EFT:9.963687e-21,5.531796e-33,4.373045e-31,9.077982e-16,4.0896973e-21,1.0,4.362455e-13,2.7181645e-25,4.334226e-19,1.6970397e-14
Random388
Raw:9.963725e-21,5.531796e-33,4.373045e-31,9.077947e-16,4.0897126e-21,1.0,4.362488e-13,2.7181645e-25,4.334226e-19,1.6970463e-14
EFT:9.963687e-21,5.531796e-33,4.373045e-31,9.077982e-16,4.0896973e-21,1.0,4.362455e-13,2.7181645e-25,4.334226e-19,1.6970397e-14
Random389
Raw:9.963725e-21,5.5317537e-33,4.373045e-31,9.077947e-16,4.0896658e-21,1.0,4.362463e-13,2.718154e-25,4.3342095e-19,1.6970495e-14
EFT:9.963687e-21,5.531796e-33,4.373045e-31,9.077982e-16,4.0896973e-21,1.0,4.362455e-13,2.7181645e-25,4.334226e-19,1.6970397e-14
Random390
Raw:9.963725e-21,5.5317537e-33,4.373045e-31,9.077947e-16,4.0896658e-21,1.0,4.362463e-13,2.718154e-25,4.3342095e-19,1.6970495e-14
EFT:9.963687e-21,5.531796e-33,4.373045e-31,9.077982e-16,4.0896973e-21,1.0,4.362455e-13,2.7181645e-25,4.334226e-19,1.6970397e-14
Random391
Raw:9.963725e-21,5.531796e-33,4.373045e-31,9.077947e-16,4.0896973e-21,1.0,4.3624715e-13,2.7181645e-25,4.334226e-19,1.6970463e-14
EFT:9.963687e-21,5.531796e-33,4.373045e-31,9.077982e-16,4.0896973e-21,1.0,4.362455e-13,2.7181645e-25,4.334226e-19,1.6970397e-14
Random392
Raw:9.963725e-21,5.5317537e-33,4.373078e-31,9.078017e-16,4.0896973e-21,1.0,4.362463e-13,2.718154e-25,4.3342426e-19,1.6970429e-14
EFT:9.963687e-21,5.531796e-33,4.373045e-31,9.077982e-16,4.0896973e-21,1.0,4.362455e-13,2.7181645e-25,4.334226e-19,1.6970397e-14
Random393
Raw:9.963725e-21,5.531796e-33,4.373045e-31,9.077982e-16,4.0896973e-21,1.0,4.3624715e-13,2.7181645e-25,4.334226e-19,1.6970397e-14
EFT:9.963687e-21,5.531796e-33,4.373045e-31,9.077982e-16,4.0896973e-21,1.0,4.362455e-13,2.7181645e-25,4.334226e-19,1.6970397e-14
Random394
Raw:9.963649e-21,5.5317537e-33,4.373045e-31,9.077947e-16,4.0896658e-21,1.0,4.3624465e-13,2.718154e-25,4.3342095e-19,1.6970429e-14
EFT:9.963687e-21,5.531796e-33,4.373045e-31,9.077982e-16,4.0896973e-21,1.0,4.362455e-13,2.7181645e-25,4.334226e-19,1.6970397e-14
Random395
Raw:9.963649e-21,5.5317115e-33,4.3730115e-31,9.077947e-16,4.0896658e-21,1.0,4.362463e-13,2.7181332e-25,4.3341764e-19,1.6970429e-14
EFT:9.963687e-21,5.531796e-33,4.373045e-31,9.077982e-16,4.0896973e-21,1.0,4.362455e-13,2.7181645e-25,4.334226e-19,1.6970397e-14
Random396
Raw:9.963687e-21,5.531796e-33,4.373045e-31,9.077982e-16,4.0896815e-21,1.0,4.362455e-13,2.7181645e-25,4.334226e-19,1.6970397e-14
EFT:9.963687e-21,5.531796e-33,4.373045e-31,9.077982e-16,4.0896973e-21,1.0,4.362455e-13,2.7181645e-25,4.334226e-19,1.6970397e-14
Random397
Raw:9.963687e-21,5.531796e-33,4.373045e-31,9.077982e-16,4.0896815e-21,1.0,4.3624381e-13,2.7181438e-25,4.334226e-19,1.6970397e-14
EFT:9.963687e-21,5.531796e-33,4.373045e-31,9.077982e-16,4.0896973e-21,1.0,4.362455e-13,2.7181645e-25,4.334226e-19,1.6970397e-14
Random398
Raw:9.963649e-21,5.5317537e-33,4.373045e-31,9.077947e-16,4.0896658e-21,1.0,4.3624465e-13,2.718154e-25,4.3342095e-19,1.6970429e-14
EFT:9.963687e-21,5.531796e-33,4.373045e-31,9.077982e-16,4.0896973e-21,1.0,4.362455e-13,2.7181645e-25,4.334226e-19,1.6970397e-14
Random399
Raw:9.963725e-21,5.5317537e-33,4.373078e-31,9.078017e-16,4.0896973e-21,1.0,4.362463e-13,2.7181332e-25,4.3342426e-19,1.6970429e-14
EFT:9.963687e-21,5.531796e-33,4.373045e-31,9.077982e-16,4.0896973e-21,1.0,4.362455e-13,2.7181645e-25,4.334226e-19,1.6970397e-14
Random400
Raw:9.963801e-21,5.531796e-33,4.373078e-31,9.078017e-16,4.0897284e-21,1.0,4.3624964e-13,2.718154e-25,4.3342426e-19,1.6970495e-14
EFT:9.963687e-21,5.531796e-33,4.373045e-31,9.077982e-16,4.0896973e-21,1.0,4.362455e-13,2.7181645e-25,4.334226e-19,1.6970397e-14
Random401
Raw:9.963801e-21,5.5317537e-33,4.373078e-31,9.078017e-16,4.0896973e-21,1.0,4.36248e-13,2.718154e-25,4.3342426e-19,1.6970495e-14
EFT:9.963687e-21,5.531796e-33,4.373045e-31,9.077982e-16,4.0896973e-21,1.0,4.362455e-13,2.7181645e-25,4.334226e-19,1.6970397e-14
Random402
Raw:9.963839e-21,5.53188e-33,4.3731446e-31,9.078051e-16,4.089744e-21,1.0,4.3625214e-13,2.7181955e-25,4.3342592e-19,1.6970591e-14
EFT:9.963687e-21,5.531796e-33,4.373045e-31,9.077982e-16,4.0896973e-21,1.0,4.362455e-13,2.7181645e-25,4.334226e-19,1.6970397e-14
Random403
Raw:9.963649e-21,5.5317115e-33,4.3730115e-31,9.077947e-16,4.0896347e-21,1.0,4.3624465e-13,2.7181332e-25,4.3341764e-19,1.6970364e-14
EFT:9.963687e-21,5.531796e-33,4.373045e-31,9.077982e-16,4.0896973e-21,1.0,4.362455e-13,2.7181645e-25,4.334226e-19,1.6970397e-14
Random404
Raw:9.963725e-21,5.531796e-33,4.373045e-31,9.077982e-16,4.0896973e-21,1.0,4.3624715e-13,2.7181645e-25,4.334226e-19,1.6970397e-14
EFT:9.963687e-21,5.531796e-33,4.373045e-31,9.077982e-16,4.0896973e-21,1.0,4.362455e-13,2.7181645e-25,4.334226e-19,1.6970397e-14
Random405
Raw:9.963801e-21,5.531796e-33,4.373078e-31,9.078017e-16,4.0897284e-21,1.0,4.36248e-13,2.718154e-25,4.3342426e-19,1.6970495e-14
EFT:9.963687e-21,5.531796e-33,4.373045e-31,9.077982e-16,4.0896973e-21,1.0,4.362455e-13,2.7181645e-25,4.334226e-19,1.6970397e-14
Random406
Raw:9.963725e-21,5.531796e-33,4.373045e-31,9.077982e-16,4.0896973e-21,1.0,4.3624715e-13,2.7181645e-25,4.334226e-19,1.6970463e-14
EFT:9.963687e-21,5.531796e-33,4.373045e-31,9.077982e-16,4.0896973e-21,1.0,4.362455e-13,2.7181645e-25,4.334226e-19,1.6970397e-14
Random407
Raw:9.963725e-21,5.5317537e-33,4.373045e-31,9.077947e-16,4.0896658e-21,1.0,4.362463e-13,2.718154e-25,4.3342095e-19,1.6970429e-14
EFT:9.963687e-21,5.531796e-33,4.373045e-31,9.077982e-16,4.0896973e-21,1.0,4.362455e-13,2.7181645e-25,4.334226e-19,1.6970397e-14
Random408
Raw:9.963649e-21,5.5317115e-33,4.3730115e-31,9.077947e-16,4.0896658e-21,1.0,4.362463e-13,2.7181332e-25,4.3341764e-19,1.6970429e-14
EFT:9.963687e-21,5.531796e-33,4.373045e-31,9.077982e-16,4.0896973e-21,1.0,4.362455e-13,2.7181645e-25,4.334226e-19,1.6970397e-14
Random409
Raw:9.963649e-21,5.5317537e-33,4.373045e-31,9.077947e-16,4.0896658e-21,1.0,4.3624465e-13,2.718154e-25,4.3342095e-19,1.6970429e-14
EFT:9.963687e-21,5.531796e-33,4.373045e-31,9.077982e-16,4.0896973e-21,1.0,4.362455e-13,2.7181645e-25,4.334226e-19,1.6970397e-14
Random410
Raw:9.963725e-21,5.531796e-33,4.373045e-31,9.077982e-16,4.0896973e-21,1.0,4.3624715e-13,2.7181645e-25,4.334226e-19,1.6970397e-14
EFT:9.963687e-21,5.531796e-33,4.373045e-31,9.077982e-16,4.0896973e-21,1.0,4.362455e-13,2.7181645e-25,4.334226e-19,1.6970397e-14
Random411
Raw:9.963649e-21,5.5317537e-33,4.373045e-31,9.077947e-16,4.0896658e-21,1.0,4.3624465e-13,2.7181332e-25,4.3342095e-19,1.6970429e-14
EFT:9.963687e-21,5.531796e-33,4.373045e-31,9.077982e-16,4.0896973e-21,1.0,4.362455e-13,2.7181645e-25,4.334226e-19,1.6970397e-14
Random412
Raw:9.963725e-21,5.5317537e-33,4.373078e-31,9.078017e-16,4.0896973e-21,1.0,4.362463e-13,2.7181332e-25,4.3342426e-19,1.6970429e-14
EFT:9.963687e-21,5.531796e-33,4.373045e-31,9.077982e-16,4.0896973e-21,1.0,4.362455e-13,2.7181645e-25,4.334226e-19,1.6970397e-14
Random413
Raw:9.963687e-21,5.531796e-33,4.373045e-31,9.077982e-16,4.0896973e-21,1.0,4.362455e-13,2.7181645e-25,4.334226e-19,1.6970397e-14
EFT:9.963687e-21,5.531796e-33,4.373045e-31,9.077982e-16,4.0896973e-21,1.0,4.362455e-13,2.7181645e-25,4.334226e-19,1.6970397e-14
Random414
Raw:9.963801e-21,5.531796e-33,4.373111e-31,9.078086e-16,4.0897284e-21,1.0,4.36248e-13,2.7181748e-25,4.3342426e-19,1.6970495e-14
EFT:9.963687e-21,5.531796e-33,4.373045e-31,9.077982e-16,4.0896973e-21,1.0,4.362455e-13,2.7181645e-25,4.334226e-19,1.6970397e-14
Random415
Raw:9.963725e-21,5.531796e-33,4.373045e-31,9.077947e-16,4.0896973e-21,1.0,4.36248e-13,2.718154e-25,4.3342095e-19,1.6970495e-14
EFT:9.963687e-21,5.531796e-33,4.373045e-31,9.077982e-16,4.0896973e-21,1.0,4.362455e-13,2.7181645e-25,4.334226e-19,1.6970397e-14
Random416
Raw:9.963725e-21,5.531796e-33,4.373045e-31,9.077982e-16,4.0896973e-21,1.0,4.3624715e-13,2.7181645e-25,4.334226e-19,1.6970397e-14
EFT:9.963687e-21,5.531796e-33,4.373045e-31,9.077982e-16,4.0896973e-21,1.0,4.362455e-13,2.7181645e-25,4.334226e-19,1.6970397e-14
Random417
Raw:9.963649e-21,5.5317115e-33,4.3730115e-31,9.077947e-16,4.0896658e-21,1.0,4.362463e-13,2.7181332e-25,4.3341764e-19,1.6970429e-14
EFT:9.963687e-21,5.531796e-33,4.373045e-31,9.077982e-16,4.0896973e-21,1.0,4.362455e-13,2.7181645e-25,4.334226e-19,1.6970397e-14
Random418
Raw:9.963725e-21,5.531796e-33,4.373045e-31,9.077982e-16,4.0896973e-21,1.0,4.3624715e-13,2.7181645e-25,4.334226e-19,1.6970397e-14
EFT:9.963687e-21,5.531796e-33,4.373045e-31,9.077982e-16,4.0896973e-21,1.0,4.362455e-13,2.7181645e-25,4.334226e-19,1.6970397e-14
Random419
Raw:9.963649e-21,5.5317537e-33,4.3730115e-31,9.077879e-16,4.0896658e-21,1.0,4.362463e-13,2.7181332e-25,4.3341764e-19,1.6970429e-14
EFT:9.963687e-21,5.531796e-33,4.373045e-31,9.077982e-16,4.0896973e-21,1.0,4.362455e-13,2.7181645e-25,4.334226e-19,1.6970397e-14
Random420
Raw:9.963725e-21,5.531796e-33,4.373045e-31,9.077947e-16,4.0896973e-21,1.0,4.3624715e-13,2.7181645e-25,4.334226e-19,1.6970463e-14
EFT:9.963687e-21,5.531796e-33,4.373045e-31,9.077982e-16,4.0896973e-21,1.0,4.362455e-13,2.7181645e-25,4.334226e-19,1.6970397e-14
Random421
Raw:9.963801e-21,5.5317537e-33,4.373078e-31,9.078017e-16,4.0896973e-21,1.0,4.36248e-13,2.718154e-25,4.3342426e-19,1.6970495e-14
EFT:9.963687e-21,5.531796e-33,4.373045e-31,9.077982e-16,4.0896973e-21,1.0,4.362455e-13,2.7181645e-25,4.334226e-19,1.6970397e-14
Random422
Raw:9.963687e-21,5.531796e-33,4.373045e-31,9.077982e-16,4.0896815e-21,1.0,4.362455e-13,2.7181438e-25,4.334226e-19,1.6970397e-14
EFT:9.963687e-21,5.531796e-33,4.373045e-31,9.077982e-16,4.0896973e-21,1.0,4.362455e-13,2.7181645e-25,4.334226e-19,1.6970397e-14
Random423
Raw:9.963725e-21,5.5317537e-33,4.373045e-31,9.077947e-16,4.0896658e-21,1.0,4.362463e-13,2.718154e-25,4.3342095e-19,1.6970495e-14
EFT:9.963687e-21,5.531796e-33,4.373045e-31,9.077982e-16,4.0896973e-21,1.0,4.362455e-13,2.7181645e-25,4.334226e-19,1.6970397e-14
Random424
Raw:9.963801e-21,5.531838e-33,4.373111e-31,9.078017e-16,4.0897284e-21,1.0,4.3624964e-13,2.7181748e-25,4.3342426e-19,1.697056e-14
EFT:9.963687e-21,5.531796e-33,4.373045e-31,9.077982e-16,4.0896973e-21,1.0,4.362455e-13,2.7181645e-25,4.334226e-19,1.6970397e-14
Random425
Raw:9.963725e-21,5.5317537e-33,4.373045e-31,9.077947e-16,4.0896658e-21,1.0,4.362463e-13,2.718154e-25,4.3342095e-19,1.6970495e-14
EFT:9.963687e-21,5.531796e-33,4.373045e-31,9.077982e-16,4.0896973e-21,1.0,4.362455e-13,2.7181645e-25,4.334226e-19,1.6970397e-14
Random426
Raw:9.963725e-21,5.5317537e-33,4.373078e-31,9.078017e-16,4.0896973e-21,1.0,4.362463e-13,2.718154e-25,4.3342426e-19,1.6970429e-14
EFT:9.963687e-21,5.531796e-33,4.373045e-31,9.077982e-16,4.0896973e-21,1.0,4.362455e-13,2.7181645e-25,4.334226e-19,1.6970397e-14
Random427
Raw:9.963687e-21,5.531796e-33,4.373045e-31,9.077982e-16,4.0896973e-21,1.0,4.362455e-13,2.7181645e-25,4.334226e-19,1.6970397e-14
EFT:9.963687e-21,5.531796e-33,4.373045e-31,9.077982e-16,4.0896973e-21,1.0,4.362455e-13,2.7181645e-25,4.334226e-19,1.6970397e-14
Random428
Raw:9.96361e-21,5.5316692e-33,4.372978e-31,9.077914e-16,4.0896504e-21,1.0,4.3624381e-13,2.7181124e-25,4.3341764e-19,1.6970332e-14
EFT:9.963687e-21,5.531796e-33,4.373045e-31,9.077982e-16,4.0896973e-21,1.0,4.362455e-13,2.7181645e-25,4.334226e-19,1.6970397e-14
Random429
Raw:9.963725e-21,5.531796e-33,4.373045e-31,9.077947e-16,4.0897126e-21,1.0,4.362488e-13,2.7181645e-25,4.334226e-19,1.6970463e-14
EFT:9.963687e-21,5.531796e-33,4.373045e-31,9.077982e-16,4.0896973e-21,1.0,4.362455e-13,2.7181645e-25,4.334226e-19,1.6970397e-14
Random430
Raw:9.963725e-21,5.531796e-33,4.373045e-31,9.077947e-16,4.0896973e-21,1.0,4.36248e-13,2.718154e-25,4.3342095e-19,1.6970495e-14
EFT:9.963687e-21,5.531796e-33,4.373045e-31,9.077982e-16,4.0896973e-21,1.0,4.362455e-13,2.7181645e-25,4.334226e-19,1.6970397e-14
Random431
Raw:9.963801e-21,5.531796e-33,4.373078e-31,9.078017e-16,4.0896973e-21,1.0,4.36248e-13,2.718154e-25,4.3342426e-19,1.6970495e-14
EFT:9.963687e-21,5.531796e-33,4.373045e-31,9.077982e-16,4.0896973e-21,1.0,4.362455e-13,2.7181645e-25,4.334226e-19,1.6970397e-14
Random432
Raw:9.963725e-21,5.5317537e-33,4.373045e-31,9.077947e-16,4.0896658e-21,1.0,4.362463e-13,2.718154e-25,4.3342095e-19,1.6970429e-14
EFT:9.963687e-21,5.531796e-33,4.373045e-31,9.077982e-16,4.0896973e-21,1.0,4.362455e-13,2.7181645e-25,4.334226e-19,1.6970397e-14
Random433
Raw:9.963801e-21,5.531796e-33,4.373078e-31,9.078017e-16,4.0897284e-21,1.0,4.36248e-13,2.718154e-25,4.3342426e-19,1.6970495e-14
EFT:9.963687e-21,5.531796e-33,4.373045e-31,9.077982e-16,4.0896973e-21,1.0,4.362455e-13,2.7181645e-25,4.334226e-19,1.6970397e-14
Random434
Raw:9.963725e-21,5.531796e-33,4.373045e-31,9.077982e-16,4.0896973e-21,1.0,4.3624715e-13,2.7181645e-25,4.334226e-19,1.6970397e-14
EFT:9.963687e-21,5.531796e-33,4.373045e-31,9.077982e-16,4.0896973e-21,1.0,4.362455e-13,2.7181645e-25,4.334226e-19,1.6970397e-14
Random435
Raw:9.963687e-21,5.531796e-33,4.373045e-31,9.077982e-16,4.0896815e-21,1.0,4.362455e-13,2.7181645e-25,4.334226e-19,1.6970397e-14
EFT:9.963687e-21,5.531796e-33,4.373045e-31,9.077982e-16,4.0896973e-21,1.0,4.362455e-13,2.7181645e-25,4.334226e-19,1.6970397e-14
Random436
Raw:9.963801e-21,5.531796e-33,4.373111e-31,9.078086e-16,4.0897284e-21,1.0,4.3624964e-13,2.7181748e-25,4.3342426e-19,1.697056e-14
EFT:9.963687e-21,5.531796e-33,4.373045e-31,9.077982e-16,4.0896973e-21,1.0,4.362455e-13,2.7181645e-25,4.334226e-19,1.6970397e-14
Random437
Raw:9.963801e-21,5.531796e-33,4.373111e-31,9.078086e-16,4.0897284e-21,1.0,4.3624964e-13,2.7181748e-25,4.3342426e-19,1.6970495e-14
EFT:9.963687e-21,5.531796e-33,4.373045e-31,9.077982e-16,4.0896973e-21,1.0,4.362455e-13,2.7181645e-25,4.334226e-19,1.6970397e-14
Random438
Raw:9.963649e-21,5.5317537e-33,4.3730115e-31,9.077947e-16,4.0896658e-21,1.0,4.362463e-13,2.7181332e-25,4.3341764e-19,1.6970429e-14
EFT:9.963687e-21,5.531796e-33,4.373045e-31,9.077982e-16,4.0896973e-21,1.0,4.362455e-13,2.7181645e-25,4.334226e-19,1.6970397e-14
Random439
Raw:9.963725e-21,5.531796e-33,4.373045e-31,9.077947e-16,4.0896973e-21,1.0,4.3624715e-13,2.7181645e-25,4.334226e-19,1.6970463e-14
EFT:9.963687e-21,5.531796e-33,4.373045e-31,9.077982e-16,4.0896973e-21,1.0,4.362455e-13,2.7181645e-25,4.334226e-19,1.6970397e-14
Random440
Raw:9.963725e-21,5.531796e-33,4.373045e-31,9.077982e-16,4.0896973e-21,1.0,4.3624715e-13,2.7181645e-25,4.334226e-19,1.6970463e-14
EFT:9.963687e-21,5.531796e-33,4.373045e-31,9.077982e-16,4.0896973e-21,1.0,4.362455e-13,2.7181645e-25,4.334226e-19,1.6970397e-14
Random441
Raw:9.963687e-21,5.531796e-33,4.373045e-31,9.077982e-16,4.0896815e-21,1.0,4.3624381e-13,2.7181438e-25,4.334226e-19,1.6970397e-14
EFT:9.963687e-21,5.531796e-33,4.373045e-31,9.077982e-16,4.0896973e-21,1.0,4.362455e-13,2.7181645e-25,4.334226e-19,1.6970397e-14
Random442
Raw:9.963725e-21,5.531796e-33,4.373045e-31,9.077947e-16,4.0896973e-21,1.0,4.3624715e-13,2.7181645e-25,4.334226e-19,1.6970463e-14
EFT:9.963687e-21,5.531796e-33,4.373045e-31,9.077982e-16,4.0896973e-21,1.0,4.362455e-13,2.7181645e-25,4.334226e-19,1.6970397e-14
Random443
Raw:9.963649e-21,5.5317115e-33,4.3730115e-31,9.077947e-16,4.0896347e-21,1.0,4.3624465e-13,2.7181124e-25,4.3341764e-19,1.6970364e-14
EFT:9.963687e-21,5.531796e-33,4.373045e-31,9.077982e-16,4.0896973e-21,1.0,4.362455e-13,2.7181645e-25,4.334226e-19,1.6970397e-14
Random444
Raw:9.963801e-21,5.5317537e-33,4.373078e-31,9.078017e-16,4.0896973e-21,1.0,4.362463e-13,2.718154e-25,4.3342426e-19,1.6970429e-14
EFT:9.963687e-21,5.531796e-33,4.373045e-31,9.077982e-16,4.0896973e-21,1.0,4.362455e-13,2.7181645e-25,4.334226e-19,1.6970397e-14
Random445
Raw:9.963725e-21,5.531796e-33,4.373045e-31,9.077982e-16,4.0896973e-21,1.0,4.3624715e-13,2.7181645e-25,4.334226e-19,1.6970397e-14
EFT:9.963687e-21,5.531796e-33,4.373045e-31,9.077982e-16,4.0896973e-21,1.0,4.362455e-13,2.7181645e-25,4.334226e-19,1.6970397e-14
Random446
Raw:9.963801e-21,5.531796e-33,4.373111e-31,9.078017e-16,4.0897284e-21,1.0,4.3624964e-13,2.7181748e-25,4.3342426e-19,1.697056e-14
EFT:9.963687e-21,5.531796e-33,4.373045e-31,9.077982e-16,4.0896973e-21,1.0,4.362455e-13,2.7181645e-25,4.334226e-19,1.6970397e-14
Random447
Raw:9.963725e-21,5.531796e-33,4.373045e-31,9.077947e-16,4.0897126e-21,1.0,4.362488e-13,2.7181645e-25,4.334226e-19,1.6970463e-14
EFT:9.963687e-21,5.531796e-33,4.373045e-31,9.077982e-16,4.0896973e-21,1.0,4.362455e-13,2.7181645e-25,4.334226e-19,1.6970397e-14
Random448
Raw:9.96361e-21,5.5316692e-33,4.372978e-31,9.077914e-16,4.0896504e-21,1.0,4.3624381e-13,2.7181124e-25,4.3341764e-19,1.6970332e-14
EFT:9.963687e-21,5.531796e-33,4.373045e-31,9.077982e-16,4.0896973e-21,1.0,4.362455e-13,2.7181645e-25,4.334226e-19,1.6970397e-14
Random449
Raw:9.963725e-21,5.531796e-33,4.373045e-31,9.077982e-16,4.0896973e-21,1.0,4.3624715e-13,2.7181645e-25,4.334226e-19,1.6970397e-14
EFT:9.963687e-21,5.531796e-33,4.373045e-31,9.077982e-16,4.0896973e-21,1.0,4.362455e-13,2.7181645e-25,4.334226e-19,1.6970397e-14
Random450
Raw:9.963801e-21,5.5317537e-33,4.373078e-31,9.078017e-16,4.0896973e-21,1.0,4.362463e-13,2.718154e-25,4.3342426e-19,1.6970429e-14
EFT:9.963687e-21,5.531796e-33,4.373045e-31,9.077982e-16,4.0896973e-21,1.0,4.362455e-13,2.7181645e-25,4.334226e-19,1.6970397e-14
Random451
Raw:9.963725e-21,5.5317537e-33,4.373045e-31,9.077947e-16,4.0896658e-21,1.0,4.362463e-13,2.718154e-25,4.3342095e-19,1.6970495e-14
EFT:9.963687e-21,5.531796e-33,4.373045e-31,9.077982e-16,4.0896973e-21,1.0,4.362455e-13,2.7181645e-25,4.334226e-19,1.6970397e-14
Random452
Raw:9.963725e-21,5.531796e-33,4.373045e-31,9.077982e-16,4.0896973e-21,1.0,4.3624715e-13,2.7181645e-25,4.334226e-19,1.6970397e-14
EFT:9.963687e-21,5.531796e-33,4.373045e-31,9.077982e-16,4.0896973e-21,1.0,4.362455e-13,2.7181645e-25,4.334226e-19,1.6970397e-14
Random453
Raw:9.963687e-21,5.531796e-33,4.373045e-31,9.077982e-16,4.0896973e-21,1.0,4.362455e-13,2.7181645e-25,4.334226e-19,1.6970397e-14
EFT:9.963687e-21,5.531796e-33,4.373045e-31,9.077982e-16,4.0896973e-21,1.0,4.362455e-13,2.7181645e-25,4.334226e-19,1.6970397e-14
Random454
Raw:9.963649e-21,5.5317537e-33,4.373045e-31,9.077947e-16,4.0896658e-21,1.0,4.3624465e-13,2.718154e-25,4.3342095e-19,1.6970429e-14
EFT:9.963687e-21,5.531796e-33,4.373045e-31,9.077982e-16,4.0896973e-21,1.0,4.362455e-13,2.7181645e-25,4.334226e-19,1.6970397e-14
Random455
Raw:9.963725e-21,5.531796e-33,4.373045e-31,9.077947e-16,4.0897126e-21,1.0,4.3624715e-13,2.7181645e-25,4.334226e-19,1.6970463e-14
EFT:9.963687e-21,5.531796e-33,4.373045e-31,9.077982e-16,4.0896973e-21,1.0,4.362455e-13,2.7181645e-25,4.334226e-19,1.6970397e-14
Random456
Raw:9.963687e-21,5.531796e-33,4.373045e-31,9.077982e-16,4.0896815e-21,1.0,4.3624381e-13,2.7181438e-25,4.334226e-19,1.6970397e-14
EFT:9.963687e-21,5.531796e-33,4.373045e-31,9.077982e-16,4.0896973e-21,1.0,4.362455e-13,2.7181645e-25,4.334226e-19,1.6970397e-14
Random457
Raw:9.963725e-21,5.531796e-33,4.373045e-31,9.077982e-16,4.0896973e-21,1.0,4.3624715e-13,2.7181645e-25,4.334226e-19,1.6970463e-14
EFT:9.963687e-21,5.531796e-33,4.373045e-31,9.077982e-16,4.0896973e-21,1.0,4.362455e-13,2.7181645e-25,4.334226e-19,1.6970397e-14
Random458
Raw:9.963725e-21,5.5317537e-33,4.373045e-31,9.077947e-16,4.0896658e-21,1.0,4.362463e-13,2.718154e-25,4.3342095e-19,1.6970495e-14
EFT:9.963687e-21,5.531796e-33,4.373045e-31,9.077982e-16,4.0896973e-21,1.0,4.362455e-13,2.7181645e-25,4.334226e-19,1.6970397e-14
Random459
Raw:9.963801e-21,5.5317537e-33,4.373078e-31,9.078017e-16,4.0896973e-21,1.0,4.36248e-13,2.718154e-25,4.3342426e-19,1.6970429e-14
EFT:9.963687e-21,5.531796e-33,4.373045e-31,9.077982e-16,4.0896973e-21,1.0,4.362455e-13,2.7181645e-25,4.334226e-19,1.6970397e-14
Random460
Raw:9.963801e-21,5.531796e-33,4.373111e-31,9.078017e-16,4.0897284e-21,1.0,4.3624964e-13,2.7181748e-25,4.3342426e-19,1.697056e-14
EFT:9.963687e-21,5.531796e-33,4.373045e-31,9.077982e-16,4.0896973e-21,1.0,4.362455e-13,2.7181645e-25,4.334226e-19,1.6970397e-14
Random461
Raw:9.963649e-21,5.5317537e-33,4.3730115e-31,9.077879e-16,4.0896658e-21,1.0,4.362463e-13,2.7181332e-25,4.3341764e-19,1.6970429e-14
EFT:9.963687e-21,5.531796e-33,4.373045e-31,9.077982e-16,4.0896973e-21,1.0,4.362455e-13,2.7181645e-25,4.334226e-19,1.6970397e-14
Random462
Raw:9.963649e-21,5.5317537e-33,4.373045e-31,9.077947e-16,4.0896658e-21,1.0,4.3624465e-13,2.718154e-25,4.3342095e-19,1.6970429e-14
EFT:9.963687e-21,5.531796e-33,4.373045e-31,9.077982e-16,4.0896973e-21,1.0,4.362455e-13,2.7181645e-25,4.334226e-19,1.6970397e-14
Random463
Raw:9.963725e-21,5.531796e-33,4.373045e-31,9.077982e-16,4.0896973e-21,1.0,4.3624715e-13,2.7181645e-25,4.334226e-19,1.6970463e-14
EFT:9.963687e-21,5.531796e-33,4.373045e-31,9.077982e-16,4.0896973e-21,1.0,4.362455e-13,2.7181645e-25,4.334226e-19,1.6970397e-14
Random464
Raw:9.963725e-21,5.5317537e-33,4.373078e-31,9.078017e-16,4.0896973e-21,1.0,4.362463e-13,2.718154e-25,4.3342426e-19,1.6970429e-14
EFT:9.963687e-21,5.531796e-33,4.373045e-31,9.077982e-16,4.0896973e-21,1.0,4.362455e-13,2.7181645e-25,4.334226e-19,1.6970397e-14
Random465
Raw:9.963649e-21,5.5317115e-33,4.3730115e-31,9.077947e-16,4.0896658e-21,1.0,4.362463e-13,2.7181332e-25,4.3341764e-19,1.6970429e-14
EFT:9.963687e-21,5.531796e-33,4.373045e-31,9.077982e-16,4.0896973e-21,1.0,4.362455e-13,2.7181645e-25,4.334226e-19,1.6970397e-14
Random466
Raw:9.963725e-21,5.5317537e-33,4.373045e-31,9.077947e-16,4.0896658e-21,1.0,4.362463e-13,2.718154e-25,4.3342095e-19,1.6970495e-14
EFT:9.963687e-21,5.531796e-33,4.373045e-31,9.077982e-16,4.0896973e-21,1.0,4.362455e-13,2.7181645e-25,4.334226e-19,1.6970397e-14
Random467
Raw:9.963649e-21,5.5317115e-33,4.3730115e-31,9.077947e-16,4.0896347e-21,1.0,4.3624465e-13,2.7181124e-25,4.3341764e-19,1.6970364e-14
EFT:9.963687e-21,5.531796e-33,4.373045e-31,9.077982e-16,4.0896973e-21,1.0,4.362455e-13,2.7181645e-25,4.334226e-19,1.6970397e-14
Random468
Raw:9.963649e-21,5.5317115e-33,4.3730115e-31,9.077947e-16,4.0896658e-21,1.0,4.3624465e-13,2.7181332e-25,4.3341764e-19,1.6970364e-14
EFT:9.963687e-21,5.531796e-33,4.373045e-31,9.077982e-16,4.0896973e-21,1.0,4.362455e-13,2.7181645e-25,4.334226e-19,1.6970397e-14
Random469
Raw:9.963649e-21,5.5317115e-33,4.3730115e-31,9.077947e-16,4.0896658e-21,1.0,4.3624465e-13,2.7181332e-25,4.3341764e-19,1.6970364e-14
EFT:9.963687e-21,5.531796e-33,4.373045e-31,9.077982e-16,4.0896973e-21,1.0,4.362455e-13,2.7181645e-25,4.334226e-19,1.6970397e-14
Random470
Raw:9.963801e-21,5.531796e-33,4.373111e-31,9.078086e-16,4.0897284e-21,1.0,4.36248e-13,2.7181748e-25,4.3342426e-19,1.6970495e-14
EFT:9.963687e-21,5.531796e-33,4.373045e-31,9.077982e-16,4.0896973e-21,1.0,4.362455e-13,2.7181645e-25,4.334226e-19,1.6970397e-14
Random471
Raw:9.963725e-21,5.531796e-33,4.373045e-31,9.077982e-16,4.0896973e-21,1.0,4.3624715e-13,2.7181645e-25,4.334226e-19,1.6970397e-14
EFT:9.963687e-21,5.531796e-33,4.373045e-31,9.077982e-16,4.0896973e-21,1.0,4.362455e-13,2.7181645e-25,4.334226e-19,1.6970397e-14
Random472
Raw:9.963725e-21,5.531796e-33,4.373045e-31,9.077982e-16,4.0896973e-21,1.0,4.3624715e-13,2.7181645e-25,4.334226e-19,1.6970397e-14
EFT:9.963687e-21,5.531796e-33,4.373045e-31,9.077982e-16,4.0896973e-21,1.0,4.362455e-13,2.7181645e-25,4.334226e-19,1.6970397e-14
Random473
Raw:9.963801e-21,5.531796e-33,4.373078e-31,9.078017e-16,4.0896973e-21,1.0,4.36248e-13,2.718154e-25,4.3342426e-19,1.6970495e-14
EFT:9.963687e-21,5.531796e-33,4.373045e-31,9.077982e-16,4.0896973e-21,1.0,4.362455e-13,2.7181645e-25,4.334226e-19,1.6970397e-14
Random474
Raw:9.963687e-21,5.531796e-33,4.373045e-31,9.077982e-16,4.0896815e-21,1.0,4.362455e-13,2.7181438e-25,4.334226e-19,1.6970397e-14
EFT:9.963687e-21,5.531796e-33,4.373045e-31,9.077982e-16,4.0896973e-21,1.0,4.362455e-13,2.7181645e-25,4.334226e-19,1.6970397e-14
Random475
Raw:9.963725e-21,5.5317537e-33,4.373078e-31,9.078017e-16,4.0896973e-21,1.0,4.362463e-13,2.718154e-25,4.3342426e-19,1.6970429e-14
EFT:9.963687e-21,5.531796e-33,4.373045e-31,9.077982e-16,4.0896973e-21,1.0,4.362455e-13,2.7181645e-25,4.334226e-19,1.6970397e-14
Random476
Raw:9.963725e-21,5.531796e-33,4.373045e-31,9.077947e-16,4.0896973e-21,1.0,4.3624715e-13,2.7181645e-25,4.334226e-19,1.6970463e-14
EFT:9.963687e-21,5.531796e-33,4.373045e-31,9.077982e-16,4.0896973e-21,1.0,4.362455e-13,2.7181645e-25,4.334226e-19,1.6970397e-14
Random477
Raw:9.963687e-21,5.531796e-33,4.373045e-31,9.077982e-16,4.0896973e-21,1.0,4.362455e-13,2.7181645e-25,4.334226e-19,1.6970397e-14
EFT:9.963687e-21,5.531796e-33,4.373045e-31,9.077982e-16,4.0896973e-21,1.0,4.362455e-13,2.7181645e-25,4.334226e-19,1.6970397e-14
Random478
Raw:9.963725e-21,5.531796e-33,4.373045e-31,9.077982e-16,4.0896973e-21,1.0,4.3624715e-13,2.7181645e-25,4.334226e-19,1.6970397e-14
EFT:9.963687e-21,5.531796e-33,4.373045e-31,9.077982e-16,4.0896973e-21,1.0,4.362455e-13,2.7181645e-25,4.334226e-19,1.6970397e-14
Random479
Raw:9.963725e-21,5.531796e-33,4.373045e-31,9.077947e-16,4.0896973e-21,1.0,4.36248e-13,2.718154e-25,4.3342095e-19,1.6970495e-14
EFT:9.963687e-21,5.531796e-33,4.373045e-31,9.077982e-16,4.0896973e-21,1.0,4.362455e-13,2.7181645e-25,4.334226e-19,1.6970397e-14
Random480
Raw:9.963763e-21,5.531796e-33,4.373045e-31,9.077947e-16,4.0897126e-21,1.0,4.362488e-13,2.7181645e-25,4.334226e-19,1.6970463e-14
EFT:9.963687e-21,5.531796e-33,4.373045e-31,9.077982e-16,4.0896973e-21,1.0,4.362455e-13,2.7181645e-25,4.334226e-19,1.6970397e-14
Random481
Raw:9.963801e-21,5.531796e-33,4.373111e-31,9.078086e-16,4.0896973e-21,1.0,4.36248e-13,2.7181748e-25,4.3342426e-19,1.6970495e-14
EFT:9.963687e-21,5.531796e-33,4.373045e-31,9.077982e-16,4.0896973e-21,1.0,4.362455e-13,2.7181645e-25,4.334226e-19,1.6970397e-14
Random482
Raw:9.963687e-21,5.531796e-33,4.373045e-31,9.077982e-16,4.0896973e-21,1.0,4.362455e-13,2.7181645e-25,4.334226e-19,1.6970397e-14
EFT:9.963687e-21,5.531796e-33,4.373045e-31,9.077982e-16,4.0896973e-21,1.0,4.362455e-13,2.7181645e-25,4.334226e-19,1.6970397e-14
Random483
Raw:9.963725e-21,5.531796e-33,4.373045e-31,9.077947e-16,4.0897126e-21,1.0,4.3624715e-13,2.7181645e-25,4.334226e-19,1.6970463e-14
EFT:9.963687e-21,5.531796e-33,4.373045e-31,9.077982e-16,4.0896973e-21,1.0,4.362455e-13,2.7181645e-25,4.334226e-19,1.6970397e-14
Random484
Raw:9.963725e-21,5.531796e-33,4.373045e-31,9.077982e-16,4.0896973e-21,1.0,4.3624715e-13,2.7181645e-25,4.334226e-19,1.6970463e-14
EFT:9.963687e-21,5.531796e-33,4.373045e-31,9.077982e-16,4.0896973e-21,1.0,4.362455e-13,2.7181645e-25,4.334226e-19,1.6970397e-14
Random485
Raw:9.963801e-21,5.531796e-33,4.373078e-31,9.078017e-16,4.0896973e-21,1.0,4.36248e-13,2.718154e-25,4.3342426e-19,1.6970495e-14
EFT:9.963687e-21,5.531796e-33,4.373045e-31,9.077982e-16,4.0896973e-21,1.0,4.362455e-13,2.7181645e-25,4.334226e-19,1.6970397e-14
Random486
Raw:9.963725e-21,5.531796e-33,4.373045e-31,9.077947e-16,4.0896973e-21,1.0,4.3624715e-13,2.7181645e-25,4.334226e-19,1.6970463e-14
EFT:9.963687e-21,5.531796e-33,4.373045e-31,9.077982e-16,4.0896973e-21,1.0,4.362455e-13,2.7181645e-25,4.334226e-19,1.6970397e-14
Random487
Raw:9.963725e-21,5.531796e-33,4.373045e-31,9.077947e-16,4.0896658e-21,1.0,4.362463e-13,2.718154e-25,4.3342095e-19,1.6970495e-14
EFT:9.963687e-21,5.531796e-33,4.373045e-31,9.077982e-16,4.0896973e-21,1.0,4.362455e-13,2.7181645e-25,4.334226e-19,1.6970397e-14
Random488
Raw:9.963801e-21,5.5317537e-33,4.373078e-31,9.078017e-16,4.0896973e-21,1.0,4.362463e-13,2.718154e-25,4.3342426e-19,1.6970429e-14
EFT:9.963687e-21,5.531796e-33,4.373045e-31,9.077982e-16,4.0896973e-21,1.0,4.362455e-13,2.7181645e-25,4.334226e-19,1.6970397e-14
Random489
Raw:9.963725e-21,5.531796e-33,4.373045e-31,9.077947e-16,4.0896658e-21,1.0,4.362463e-13,2.718154e-25,4.3342095e-19,1.6970495e-14
EFT:9.963687e-21,5.531796e-33,4.373045e-31,9.077982e-16,4.0896973e-21,1.0,4.362455e-13,2.7181645e-25,4.334226e-19,1.6970397e-14
Random490
Raw:9.96361e-21,5.5316692e-33,4.372978e-31,9.077914e-16,4.0896504e-21,1.0,4.3624381e-13,2.7181124e-25,4.3341764e-19,1.6970332e-14
EFT:9.963687e-21,5.531796e-33,4.373045e-31,9.077982e-16,4.0896973e-21,1.0,4.362455e-13,2.7181645e-25,4.334226e-19,1.6970397e-14
Random491
Raw:9.963687e-21,5.531796e-33,4.373045e-31,9.077982e-16,4.0896973e-21,1.0,4.362455e-13,2.7181645e-25,4.334226e-19,1.6970397e-14
EFT:9.963687e-21,5.531796e-33,4.373045e-31,9.077982e-16,4.0896973e-21,1.0,4.362455e-13,2.7181645e-25,4.334226e-19,1.6970397e-14
Random492
Raw:9.963725e-21,5.5317537e-33,4.373045e-31,9.077947e-16,4.0896658e-21,1.0,4.362463e-13,2.718154e-25,4.3342095e-19,1.6970429e-14
EFT:9.963687e-21,5.531796e-33,4.373045e-31,9.077982e-16,4.0896973e-21,1.0,4.362455e-13,2.7181645e-25,4.334226e-19,1.6970397e-14
Random493
Raw:9.963725e-21,5.531796e-33,4.373045e-31,9.077947e-16,4.0896973e-21,1.0,4.36248e-13,2.718154e-25,4.3342095e-19,1.6970495e-14
EFT:9.963687e-21,5.531796e-33,4.373045e-31,9.077982e-16,4.0896973e-21,1.0,4.362455e-13,2.7181645e-25,4.334226e-19,1.6970397e-14
Random494
Raw:9.963725e-21,5.531796e-33,4.373045e-31,9.077982e-16,4.0896973e-21,1.0,4.3624715e-13,2.7181645e-25,4.334226e-19,1.6970463e-14
EFT:9.963687e-21,5.531796e-33,4.373045e-31,9.077982e-16,4.0896973e-21,1.0,4.362455e-13,2.7181645e-25,4.334226e-19,1.6970397e-14
Random495
Raw:9.963725e-21,5.5317537e-33,4.373045e-31,9.077947e-16,4.0896658e-21,1.0,4.362463e-13,2.718154e-25,4.3342095e-19,1.6970495e-14
EFT:9.963687e-21,5.531796e-33,4.373045e-31,9.077982e-16,4.0896973e-21,1.0,4.362455e-13,2.7181645e-25,4.334226e-19,1.6970397e-14
Random496
Raw:9.963649e-21,5.5317537e-33,4.373045e-31,9.077947e-16,4.0896658e-21,1.0,4.3624465e-13,2.718154e-25,4.3342095e-19,1.6970429e-14
EFT:9.963687e-21,5.531796e-33,4.373045e-31,9.077982e-16,4.0896973e-21,1.0,4.362455e-13,2.7181645e-25,4.334226e-19,1.6970397e-14
Random497
Raw:9.963649e-21,5.5317537e-33,4.373045e-31,9.077947e-16,4.0896658e-21,1.0,4.3624465e-13,2.718154e-25,4.3342095e-19,1.6970429e-14
EFT:9.963687e-21,5.531796e-33,4.373045e-31,9.077982e-16,4.0896973e-21,1.0,4.362455e-13,2.7181645e-25,4.334226e-19,1.6970397e-14
Random498
Raw:9.963687e-21,5.531796e-33,4.373045e-31,9.077982e-16,4.0896973e-21,1.0,4.362455e-13,2.7181645e-25,4.334226e-19,1.6970397e-14
EFT:9.963687e-21,5.531796e-33,4.373045e-31,9.077982e-16,4.0896973e-21,1.0,4.362455e-13,2.7181645e-25,4.334226e-19,1.6970397e-14
Random499
Raw:9.96361e-21,5.5316692e-33,4.372978e-31,9.077914e-16,4.0896504e-21,1.0,4.3624381e-13,2.7181124e-25,4.3341764e-19,1.6970332e-14
EFT:9.963687e-21,5.531796e-33,4.373045e-31,9.077982e-16,4.0896973e-21,1.0,4.362455e-13,2.7181645e-25,4.334226e-19,1.6970397e-14
Random500
Raw:9.963649e-21,5.5317115e-33,4.3730115e-31,9.077947e-16,4.0896658e-21,1.0,4.362463e-13,2.7181332e-25,4.3341764e-19,1.6970429e-14
EFT:9.963687e-21,5.531796e-33,4.373045e-31,9.077982e-16,4.0896973e-21,1.0,4.362455e-13,2.7181645e-25,4.334226e-19,1.6970397e-14
Random501
Raw:9.963725e-21,5.531796e-33,4.373045e-31,9.077982e-16,4.0896973e-21,1.0,4.3624715e-13,2.7181645e-25,4.334226e-19,1.6970463e-14
EFT:9.963687e-21,5.531796e-33,4.373045e-31,9.077982e-16,4.0896973e-21,1.0,4.362455e-13,2.7181645e-25,4.334226e-19,1.6970397e-14
Random502
Raw:9.963725e-21,5.5317537e-33,4.373045e-31,9.077947e-16,4.0896658e-21,1.0,4.362463e-13,2.718154e-25,4.3342095e-19,1.6970495e-14
EFT:9.963687e-21,5.531796e-33,4.373045e-31,9.077982e-16,4.0896973e-21,1.0,4.362455e-13,2.7181645e-25,4.334226e-19,1.6970397e-14
Random503
Raw:9.963725e-21,5.531796e-33,4.373045e-31,9.077947e-16,4.0896658e-21,1.0,4.362463e-13,2.718154e-25,4.3342095e-19,1.6970495e-14
EFT:9.963687e-21,5.531796e-33,4.373045e-31,9.077982e-16,4.0896973e-21,1.0,4.362455e-13,2.7181645e-25,4.334226e-19,1.6970397e-14
Random504
Raw:9.963725e-21,5.531796e-33,4.373045e-31,9.077982e-16,4.0896973e-21,1.0,4.3624715e-13,2.7181645e-25,4.334226e-19,1.6970397e-14
EFT:9.963687e-21,5.531796e-33,4.373045e-31,9.077982e-16,4.0896973e-21,1.0,4.362455e-13,2.7181645e-25,4.334226e-19,1.6970397e-14
Random505
Raw:9.963801e-21,5.531838e-33,4.373111e-31,9.078017e-16,4.0897284e-21,1.0,4.3624964e-13,2.7181748e-25,4.3342426e-19,1.697056e-14
EFT:9.963687e-21,5.531796e-33,4.373045e-31,9.077982e-16,4.0896973e-21,1.0,4.362455e-13,2.7181645e-25,4.334226e-19,1.6970397e-14
Random506
Raw:9.963687e-21,5.531796e-33,4.373045e-31,9.077982e-16,4.0896815e-21,1.0,4.362455e-13,2.7181438e-25,4.334226e-19,1.6970397e-14
EFT:9.963687e-21,5.531796e-33,4.373045e-31,9.077982e-16,4.0896973e-21,1.0,4.362455e-13,2.7181645e-25,4.334226e-19,1.6970397e-14
Random507
Raw:9.963687e-21,5.531796e-33,4.373045e-31,9.077982e-16,4.0896815e-21,1.0,4.362455e-13,2.7181645e-25,4.334226e-19,1.6970397e-14
EFT:9.963687e-21,5.531796e-33,4.373045e-31,9.077982e-16,4.0896973e-21,1.0,4.362455e-13,2.7181645e-25,4.334226e-19,1.6970397e-14
Random508
Raw:9.963649e-21,5.5317115e-33,4.3730115e-31,9.077947e-16,4.0896658e-21,1.0,4.362463e-13,2.7181332e-25,4.3341764e-19,1.6970364e-14
EFT:9.963687e-21,5.531796e-33,4.373045e-31,9.077982e-16,4.0896973e-21,1.0,4.362455e-13,2.7181645e-25,4.334226e-19,1.6970397e-14
Random509
Raw:9.963801e-21,5.5317537e-33,4.373078e-31,9.078017e-16,4.0896973e-21,1.0,4.36248e-13,2.718154e-25,4.3342426e-19,1.6970429e-14
EFT:9.963687e-21,5.531796e-33,4.373045e-31,9.077982e-16,4.0896973e-21,1.0,4.362455e-13,2.7181645e-25,4.334226e-19,1.6970397e-14
Random510
Raw:9.963725e-21,5.531796e-33,4.373045e-31,9.077947e-16,4.0897126e-21,1.0,4.3624715e-13,2.7181645e-25,4.334226e-19,1.6970463e-14
EFT:9.963687e-21,5.531796e-33,4.373045e-31,9.077982e-16,4.0896973e-21,1.0,4.362455e-13,2.7181645e-25,4.334226e-19,1.6970397e-14
Random511
Raw:9.963725e-21,5.531796e-33,4.373045e-31,9.077982e-16,4.0896973e-21,1.0,4.3624715e-13,2.7181645e-25,4.334226e-19,1.6970397e-14
EFT:9.963687e-21,5.531796e-33,4.373045e-31,9.077982e-16,4.0896973e-21,1.0,4.362455e-13,2.7181645e-25,4.334226e-19,1.6970397e-14
Random512
Raw:9.963725e-21,5.5317537e-33,4.373078e-31,9.078017e-16,4.0896973e-21,1.0,4.362463e-13,2.718154e-25,4.3342426e-19,1.6970429e-14
EFT:9.963687e-21,5.531796e-33,4.373045e-31,9.077982e-16,4.0896973e-21,1.0,4.362455e-13,2.7181645e-25,4.334226e-19,1.6970397e-14
Random513
Raw:9.963725e-21,5.531796e-33,4.373045e-31,9.077982e-16,4.0896973e-21,1.0,4.3624715e-13,2.7181645e-25,4.334226e-19,1.6970397e-14
EFT:9.963687e-21,5.531796e-33,4.373045e-31,9.077982e-16,4.0896973e-21,1.0,4.362455e-13,2.7181645e-25,4.334226e-19,1.6970397e-14
Random514
Raw:9.963649e-21,5.5317115e-33,4.3730115e-31,9.077947e-16,4.0896658e-21,1.0,4.362463e-13,2.7181332e-25,4.3341764e-19,1.6970429e-14
EFT:9.963687e-21,5.531796e-33,4.373045e-31,9.077982e-16,4.0896973e-21,1.0,4.362455e-13,2.7181645e-25,4.334226e-19,1.6970397e-14
Random515
Raw:9.963649e-21,5.5317537e-33,4.373045e-31,9.077947e-16,4.0896658e-21,1.0,4.3624465e-13,2.718154e-25,4.3342095e-19,1.6970429e-14
EFT:9.963687e-21,5.531796e-33,4.373045e-31,9.077982e-16,4.0896973e-21,1.0,4.362455e-13,2.7181645e-25,4.334226e-19,1.6970397e-14
Random516
Raw:9.963725e-21,5.531796e-33,4.373045e-31,9.077982e-16,4.0896973e-21,1.0,4.3624715e-13,2.7181645e-25,4.334226e-19,1.6970397e-14
EFT:9.963687e-21,5.531796e-33,4.373045e-31,9.077982e-16,4.0896973e-21,1.0,4.362455e-13,2.7181645e-25,4.334226e-19,1.6970397e-14
Random517
Raw:9.963649e-21,5.5317115e-33,4.3730115e-31,9.077947e-16,4.0896347e-21,1.0,4.3624465e-13,2.7181124e-25,4.3341764e-19,1.6970364e-14
EFT:9.963687e-21,5.531796e-33,4.373045e-31,9.077982e-16,4.0896973e-21,1.0,4.362455e-13,2.7181645e-25,4.334226e-19,1.6970397e-14
Random518
Raw:9.963725e-21,5.5317537e-33,4.373045e-31,9.077947e-16,4.0896658e-21,1.0,4.362463e-13,2.718154e-25,4.3342095e-19,1.6970495e-14
EFT:9.963687e-21,5.531796e-33,4.373045e-31,9.077982e-16,4.0896973e-21,1.0,4.362455e-13,2.7181645e-25,4.334226e-19,1.6970397e-14
Random519
Raw:9.963725e-21,5.531796e-33,4.373045e-31,9.077982e-16,4.0896973e-21,1.0,4.3624715e-13,2.7181645e-25,4.334226e-19,1.6970463e-14
EFT:9.963687e-21,5.531796e-33,4.373045e-31,9.077982e-16,4.0896973e-21,1.0,4.362455e-13,2.7181645e-25,4.334226e-19,1.6970397e-14
Random520
Raw:9.963649e-21,5.5317115e-33,4.3730115e-31,9.077947e-16,4.0896658e-21,1.0,4.3624465e-13,2.7181332e-25,4.3341764e-19,1.6970364e-14
EFT:9.963687e-21,5.531796e-33,4.373045e-31,9.077982e-16,4.0896973e-21,1.0,4.362455e-13,2.7181645e-25,4.334226e-19,1.6970397e-14
Random521
Raw:9.963801e-21,5.531796e-33,4.373078e-31,9.078017e-16,4.0896973e-21,1.0,4.36248e-13,2.718154e-25,4.3342426e-19,1.6970495e-14
EFT:9.963687e-21,5.531796e-33,4.373045e-31,9.077982e-16,4.0896973e-21,1.0,4.362455e-13,2.7181645e-25,4.334226e-19,1.6970397e-14
Random522
Raw:9.963725e-21,5.531796e-33,4.373045e-31,9.077982e-16,4.0896973e-21,1.0,4.3624715e-13,2.7181645e-25,4.334226e-19,1.6970397e-14
EFT:9.963687e-21,5.531796e-33,4.373045e-31,9.077982e-16,4.0896973e-21,1.0,4.362455e-13,2.7181645e-25,4.334226e-19,1.6970397e-14
Random523
Raw:9.963649e-21,5.5317537e-33,4.373045e-31,9.077947e-16,4.0896658e-21,1.0,4.3624465e-13,2.718154e-25,4.3342095e-19,1.6970429e-14
EFT:9.963687e-21,5.531796e-33,4.373045e-31,9.077982e-16,4.0896973e-21,1.0,4.362455e-13,2.7181645e-25,4.334226e-19,1.6970397e-14
Random524
Raw:9.963801e-21,5.531796e-33,4.373078e-31,9.078017e-16,4.0897284e-21,1.0,4.36248e-13,2.718154e-25,4.3342426e-19,1.6970495e-14
EFT:9.963687e-21,5.531796e-33,4.373045e-31,9.077982e-16,4.0896973e-21,1.0,4.362455e-13,2.7181645e-25,4.334226e-19,1.6970397e-14
Random525
Raw:9.963649e-21,5.5317537e-33,4.373045e-31,9.077947e-16,4.0896658e-21,1.0,4.3624465e-13,2.718154e-25,4.3342095e-19,1.6970429e-14
EFT:9.963687e-21,5.531796e-33,4.373045e-31,9.077982e-16,4.0896973e-21,1.0,4.362455e-13,2.7181645e-25,4.334226e-19,1.6970397e-14
Random526
Raw:9.963725e-21,5.531796e-33,4.373045e-31,9.077947e-16,4.0896973e-21,1.0,4.362463e-13,2.718154e-25,4.3342095e-19,1.6970495e-14
EFT:9.963687e-21,5.531796e-33,4.373045e-31,9.077982e-16,4.0896973e-21,1.0,4.362455e-13,2.7181645e-25,4.334226e-19,1.6970397e-14
Random527
Raw:9.963725e-21,5.531796e-33,4.373045e-31,9.077947e-16,4.0897126e-21,1.0,4.3624715e-13,2.7181645e-25,4.334226e-19,1.6970463e-14
EFT:9.963687e-21,5.531796e-33,4.373045e-31,9.077982e-16,4.0896973e-21,1.0,4.362455e-13,2.7181645e-25,4.334226e-19,1.6970397e-14
Random528
Raw:9.963649e-21,5.5317115e-33,4.3730115e-31,9.077947e-16,4.0896658e-21,1.0,4.3624465e-13,2.7181332e-25,4.3341764e-19,1.6970364e-14
EFT:9.963687e-21,5.531796e-33,4.373045e-31,9.077982e-16,4.0896973e-21,1.0,4.362455e-13,2.7181645e-25,4.334226e-19,1.6970397e-14
Random529
Raw:9.963801e-21,5.531796e-33,4.373111e-31,9.078086e-16,4.0897284e-21,1.0,4.36248e-13,2.7181748e-25,4.3342426e-19,1.6970495e-14
EFT:9.963687e-21,5.531796e-33,4.373045e-31,9.077982e-16,4.0896973e-21,1.0,4.362455e-13,2.7181645e-25,4.334226e-19,1.6970397e-14
Random530
Raw:9.963687e-21,5.531796e-33,4.373045e-31,9.077982e-16,4.0896815e-21,1.0,4.362455e-13,2.7181645e-25,4.334226e-19,1.6970397e-14
EFT:9.963687e-21,5.531796e-33,4.373045e-31,9.077982e-16,4.0896973e-21,1.0,4.362455e-13,2.7181645e-25,4.334226e-19,1.6970397e-14
Random531
Raw:9.963649e-21,5.5317115e-33,4.3730115e-31,9.077947e-16,4.0896658e-21,1.0,4.362463e-13,2.7181332e-25,4.3341764e-19,1.6970429e-14
EFT:9.963687e-21,5.531796e-33,4.373045e-31,9.077982e-16,4.0896973e-21,1.0,4.362455e-13,2.7181645e-25,4.334226e-19,1.6970397e-14
Random532
Raw:9.963649e-21,5.5317115e-33,4.3730115e-31,9.077947e-16,4.0896658e-21,1.0,4.362463e-13,2.7181332e-25,4.3341764e-19,1.6970364e-14
EFT:9.963687e-21,5.531796e-33,4.373045e-31,9.077982e-16,4.0896973e-21,1.0,4.362455e-13,2.7181645e-25,4.334226e-19,1.6970397e-14
Random533
Raw:9.963725e-21,5.5317537e-33,4.373045e-31,9.077947e-16,4.0896658e-21,1.0,4.362463e-13,2.718154e-25,4.3342095e-19,1.6970429e-14
EFT:9.963687e-21,5.531796e-33,4.373045e-31,9.077982e-16,4.0896973e-21,1.0,4.362455e-13,2.7181645e-25,4.334226e-19,1.6970397e-14
Random534
Raw:9.963649e-21,5.5317537e-33,4.373045e-31,9.077947e-16,4.0896658e-21,1.0,4.3624465e-13,2.718154e-25,4.3342095e-19,1.6970429e-14
EFT:9.963687e-21,5.531796e-33,4.373045e-31,9.077982e-16,4.0896973e-21,1.0,4.362455e-13,2.7181645e-25,4.334226e-19,1.6970397e-14
Random535
Raw:9.963801e-21,5.531796e-33,4.373078e-31,9.078017e-16,4.0896973e-21,1.0,4.36248e-13,2.718154e-25,4.3342426e-19,1.6970495e-14
EFT:9.963687e-21,5.531796e-33,4.373045e-31,9.077982e-16,4.0896973e-21,1.0,4.362455e-13,2.7181645e-25,4.334226e-19,1.6970397e-14
Random536
Raw:9.963725e-21,5.531796e-33,4.373045e-31,9.077947e-16,4.0896973e-21,1.0,4.3624715e-13,2.7181645e-25,4.334226e-19,1.6970463e-14
EFT:9.963687e-21,5.531796e-33,4.373045e-31,9.077982e-16,4.0896973e-21,1.0,4.362455e-13,2.7181645e-25,4.334226e-19,1.6970397e-14
Random537
Raw:9.963801e-21,5.531796e-33,4.373111e-31,9.078086e-16,4.0897284e-21,1.0,4.3624964e-13,2.7181748e-25,4.3342426e-19,1.697056e-14
EFT:9.963687e-21,5.531796e-33,4.373045e-31,9.077982e-16,4.0896973e-21,1.0,4.362455e-13,2.7181645e-25,4.334226e-19,1.6970397e-14
Random538
Raw:9.963725e-21,5.531796e-33,4.373045e-31,9.077982e-16,4.0896973e-21,1.0,4.3624715e-13,2.7181645e-25,4.334226e-19,1.6970397e-14
EFT:9.963687e-21,5.531796e-33,4.373045e-31,9.077982e-16,4.0896973e-21,1.0,4.362455e-13,2.7181645e-25,4.334226e-19,1.6970397e-14
Random539
Raw:9.963801e-21,5.531796e-33,4.373111e-31,9.078086e-16,4.0897284e-21,1.0,4.3624964e-13,2.7181748e-25,4.3342426e-19,1.697056e-14
EFT:9.963687e-21,5.531796e-33,4.373045e-31,9.077982e-16,4.0896973e-21,1.0,4.362455e-13,2.7181645e-25,4.334226e-19,1.6970397e-14
Random540
Raw:9.963801e-21,5.5317537e-33,4.373078e-31,9.078017e-16,4.0896973e-21,1.0,4.36248e-13,2.718154e-25,4.3342426e-19,1.6970495e-14
EFT:9.963687e-21,5.531796e-33,4.373045e-31,9.077982e-16,4.0896973e-21,1.0,4.362455e-13,2.7181645e-25,4.334226e-19,1.6970397e-14
Random541
Raw:9.963725e-21,5.5317537e-33,4.373045e-31,9.077947e-16,4.0896658e-21,1.0,4.362463e-13,2.718154e-25,4.3342095e-19,1.6970495e-14
EFT:9.963687e-21,5.531796e-33,4.373045e-31,9.077982e-16,4.0896973e-21,1.0,4.362455e-13,2.7181645e-25,4.334226e-19,1.6970397e-14
Random542
Raw:9.963725e-21,5.531796e-33,4.373045e-31,9.077947e-16,4.0896658e-21,1.0,4.362463e-13,2.718154e-25,4.3342095e-19,1.6970495e-14
EFT:9.963687e-21,5.531796e-33,4.373045e-31,9.077982e-16,4.0896973e-21,1.0,4.362455e-13,2.7181645e-25,4.334226e-19,1.6970397e-14
Random543
Raw:9.963725e-21,5.531796e-33,4.373045e-31,9.077982e-16,4.0896973e-21,1.0,4.3624715e-13,2.7181645e-25,4.334226e-19,1.6970463e-14
EFT:9.963687e-21,5.531796e-33,4.373045e-31,9.077982e-16,4.0896973e-21,1.0,4.362455e-13,2.7181645e-25,4.334226e-19,1.6970397e-14
Random544
Raw:9.963801e-21,5.5317537e-33,4.373078e-31,9.078017e-16,4.0896973e-21,1.0,4.36248e-13,2.718154e-25,4.3342426e-19,1.6970495e-14
EFT:9.963687e-21,5.531796e-33,4.373045e-31,9.077982e-16,4.0896973e-21,1.0,4.362455e-13,2.7181645e-25,4.334226e-19,1.6970397e-14
Random545
Raw:9.963725e-21,5.5317537e-33,4.373045e-31,9.077947e-16,4.0896658e-21,1.0,4.362463e-13,2.718154e-25,4.3342095e-19,1.6970429e-14
EFT:9.963687e-21,5.531796e-33,4.373045e-31,9.077982e-16,4.0896973e-21,1.0,4.362455e-13,2.7181645e-25,4.334226e-19,1.6970397e-14
Random546
Raw:9.963725e-21,5.531796e-33,4.373045e-31,9.077947e-16,4.0896973e-21,1.0,4.3624715e-13,2.7181645e-25,4.334226e-19,1.6970463e-14
EFT:9.963687e-21,5.531796e-33,4.373045e-31,9.077982e-16,4.0896973e-21,1.0,4.362455e-13,2.7181645e-25,4.334226e-19,1.6970397e-14
Random547
Raw:9.963725e-21,5.5317537e-33,4.373045e-31,9.077947e-16,4.0896658e-21,1.0,4.362463e-13,2.718154e-25,4.3342095e-19,1.6970495e-14
EFT:9.963687e-21,5.531796e-33,4.373045e-31,9.077982e-16,4.0896973e-21,1.0,4.362455e-13,2.7181645e-25,4.334226e-19,1.6970397e-14
Random548
Raw:9.963801e-21,5.531796e-33,4.373111e-31,9.078086e-16,4.0897284e-21,1.0,4.3624964e-13,2.7181748e-25,4.3342426e-19,1.6970495e-14
EFT:9.963687e-21,5.531796e-33,4.373045e-31,9.077982e-16,4.0896973e-21,1.0,4.362455e-13,2.7181645e-25,4.334226e-19,1.6970397e-14
Random549
Raw:9.963725e-21,5.5317537e-33,4.373045e-31,9.077947e-16,4.0896658e-21,1.0,4.362463e-13,2.718154e-25,4.3342095e-19,1.6970495e-14
EFT:9.963687e-21,5.531796e-33,4.373045e-31,9.077982e-16,4.0896973e-21,1.0,4.362455e-13,2.7181645e-25,4.334226e-19,1.6970397e-14
Random550
Raw:9.963649e-21,5.5317537e-33,4.373045e-31,9.077947e-16,4.0896658e-21,1.0,4.3624465e-13,2.718154e-25,4.3342095e-19,1.6970429e-14
EFT:9.963687e-21,5.531796e-33,4.373045e-31,9.077982e-16,4.0896973e-21,1.0,4.362455e-13,2.7181645e-25,4.334226e-19,1.6970397e-14
Random551
Raw:9.963801e-21,5.531796e-33,4.373078e-31,9.078017e-16,4.0897284e-21,1.0,4.36248e-13,2.718154e-25,4.3342426e-19,1.6970495e-14
EFT:9.963687e-21,5.531796e-33,4.373045e-31,9.077982e-16,4.0896973e-21,1.0,4.362455e-13,2.7181645e-25,4.334226e-19,1.6970397e-14
Random552
Raw:9.963725e-21,5.531796e-33,4.373045e-31,9.077982e-16,4.0896973e-21,1.0,4.3624715e-13,2.7181645e-25,4.334226e-19,1.6970463e-14
EFT:9.963687e-21,5.531796e-33,4.373045e-31,9.077982e-16,4.0896973e-21,1.0,4.362455e-13,2.7181645e-25,4.334226e-19,1.6970397e-14
Random553
Raw:9.963649e-21,5.5317115e-33,4.3730115e-31,9.077947e-16,4.0896658e-21,1.0,4.3624465e-13,2.7181332e-25,4.3341764e-19,1.6970364e-14
EFT:9.963687e-21,5.531796e-33,4.373045e-31,9.077982e-16,4.0896973e-21,1.0,4.362455e-13,2.7181645e-25,4.334226e-19,1.6970397e-14
Random554
Raw:9.963649e-21,5.5317537e-33,4.373045e-31,9.077947e-16,4.0896658e-21,1.0,4.3624465e-13,2.718154e-25,4.3342095e-19,1.6970429e-14
EFT:9.963687e-21,5.531796e-33,4.373045e-31,9.077982e-16,4.0896973e-21,1.0,4.362455e-13,2.7181645e-25,4.334226e-19,1.6970397e-14
Random555
Raw:9.963725e-21,5.531796e-33,4.373045e-31,9.077982e-16,4.0896973e-21,1.0,4.3624715e-13,2.7181645e-25,4.334226e-19,1.6970463e-14
EFT:9.963687e-21,5.531796e-33,4.373045e-31,9.077982e-16,4.0896973e-21,1.0,4.362455e-13,2.7181645e-25,4.334226e-19,1.6970397e-14
Random556
Raw:9.963649e-21,5.5317537e-33,4.373045e-31,9.077947e-16,4.0896658e-21,1.0,4.3624465e-13,2.718154e-25,4.3342095e-19,1.6970429e-14
EFT:9.963687e-21,5.531796e-33,4.373045e-31,9.077982e-16,4.0896973e-21,1.0,4.362455e-13,2.7181645e-25,4.334226e-19,1.6970397e-14
Random557
Raw:9.963725e-21,5.531796e-33,4.373045e-31,9.077947e-16,4.0897126e-21,1.0,4.362488e-13,2.7181645e-25,4.334226e-19,1.6970463e-14
EFT:9.963687e-21,5.531796e-33,4.373045e-31,9.077982e-16,4.0896973e-21,1.0,4.362455e-13,2.7181645e-25,4.334226e-19,1.6970397e-14
Random558
Raw:9.963649e-21,5.5317115e-33,4.3730115e-31,9.077947e-16,4.0896658e-21,1.0,4.362463e-13,2.7181332e-25,4.3341764e-19,1.6970364e-14
EFT:9.963687e-21,5.531796e-33,4.373045e-31,9.077982e-16,4.0896973e-21,1.0,4.362455e-13,2.7181645e-25,4.334226e-19,1.6970397e-14
Random559
Raw:9.963725e-21,5.5317537e-33,4.373045e-31,9.077947e-16,4.0896658e-21,1.0,4.362463e-13,2.718154e-25,4.3342095e-19,1.6970495e-14
EFT:9.963687e-21,5.531796e-33,4.373045e-31,9.077982e-16,4.0896973e-21,1.0,4.362455e-13,2.7181645e-25,4.334226e-19,1.6970397e-14
Random560
Raw:9.963725e-21,5.531796e-33,4.373045e-31,9.077982e-16,4.0896973e-21,1.0,4.3624715e-13,2.7181645e-25,4.334226e-19,1.6970463e-14
EFT:9.963687e-21,5.531796e-33,4.373045e-31,9.077982e-16,4.0896973e-21,1.0,4.362455e-13,2.7181645e-25,4.334226e-19,1.6970397e-14
Random561
Raw:9.963649e-21,5.5317115e-33,4.3730115e-31,9.077947e-16,4.0896658e-21,1.0,4.362463e-13,2.7181332e-25,4.3341764e-19,1.6970364e-14
EFT:9.963687e-21,5.531796e-33,4.373045e-31,9.077982e-16,4.0896973e-21,1.0,4.362455e-13,2.7181645e-25,4.334226e-19,1.6970397e-14
Random562
Raw:9.963725e-21,5.531796e-33,4.373045e-31,9.077982e-16,4.0896973e-21,1.0,4.3624715e-13,2.7181645e-25,4.334226e-19,1.6970397e-14
EFT:9.963687e-21,5.531796e-33,4.373045e-31,9.077982e-16,4.0896973e-21,1.0,4.362455e-13,2.7181645e-25,4.334226e-19,1.6970397e-14
Random563
Raw:9.963801e-21,5.531796e-33,4.373078e-31,9.078017e-16,4.0897284e-21,1.0,4.36248e-13,2.718154e-25,4.3342426e-19,1.6970495e-14
EFT:9.963687e-21,5.531796e-33,4.373045e-31,9.077982e-16,4.0896973e-21,1.0,4.362455e-13,2.7181645e-25,4.334226e-19,1.6970397e-14
Random564
Raw:9.963725e-21,5.531796e-33,4.373045e-31,9.077982e-16,4.0896973e-21,1.0,4.3624715e-13,2.7181645e-25,4.334226e-19,1.6970397e-14
EFT:9.963687e-21,5.531796e-33,4.373045e-31,9.077982e-16,4.0896973e-21,1.0,4.362455e-13,2.7181645e-25,4.334226e-19,1.6970397e-14
Random565
Raw:9.963725e-21,5.531796e-33,4.373045e-31,9.077982e-16,4.0896973e-21,1.0,4.3624715e-13,2.7181645e-25,4.334226e-19,1.6970397e-14
EFT:9.963687e-21,5.531796e-33,4.373045e-31,9.077982e-16,4.0896973e-21,1.0,4.362455e-13,2.7181645e-25,4.334226e-19,1.6970397e-14
Random566
Raw:9.963725e-21,5.531796e-33,4.373045e-31,9.077982e-16,4.0896973e-21,1.0,4.3624715e-13,2.7181645e-25,4.334226e-19,1.6970397e-14
EFT:9.963687e-21,5.531796e-33,4.373045e-31,9.077982e-16,4.0896973e-21,1.0,4.362455e-13,2.7181645e-25,4.334226e-19,1.6970397e-14
Random567
Raw:9.963725e-21,5.531796e-33,4.373045e-31,9.077947e-16,4.0897126e-21,1.0,4.3624715e-13,2.7181645e-25,4.334226e-19,1.6970463e-14
EFT:9.963687e-21,5.531796e-33,4.373045e-31,9.077982e-16,4.0896973e-21,1.0,4.362455e-13,2.7181645e-25,4.334226e-19,1.6970397e-14
Random568
Raw:9.963725e-21,5.5317537e-33,4.373045e-31,9.077947e-16,4.0896658e-21,1.0,4.362463e-13,2.718154e-25,4.3342095e-19,1.6970495e-14
EFT:9.963687e-21,5.531796e-33,4.373045e-31,9.077982e-16,4.0896973e-21,1.0,4.362455e-13,2.7181645e-25,4.334226e-19,1.6970397e-14
Random569
Raw:9.963725e-21,5.531796e-33,4.373045e-31,9.077982e-16,4.0896973e-21,1.0,4.3624715e-13,2.7181645e-25,4.334226e-19,1.6970397e-14
EFT:9.963687e-21,5.531796e-33,4.373045e-31,9.077982e-16,4.0896973e-21,1.0,4.362455e-13,2.7181645e-25,4.334226e-19,1.6970397e-14
Random570
Raw:9.963725e-21,5.531796e-33,4.373045e-31,9.077982e-16,4.0896973e-21,1.0,4.3624715e-13,2.7181645e-25,4.334226e-19,1.6970397e-14
EFT:9.963687e-21,5.531796e-33,4.373045e-31,9.077982e-16,4.0896973e-21,1.0,4.362455e-13,2.7181645e-25,4.334226e-19,1.6970397e-14
Random571
Raw:9.963725e-21,5.531796e-33,4.373045e-31,9.077947e-16,4.0896973e-21,1.0,4.362463e-13,2.718154e-25,4.3342095e-19,1.6970495e-14
EFT:9.963687e-21,5.531796e-33,4.373045e-31,9.077982e-16,4.0896973e-21,1.0,4.362455e-13,2.7181645e-25,4.334226e-19,1.6970397e-14
Random572
Raw:9.963801e-21,5.5317537e-33,4.373078e-31,9.078017e-16,4.0896973e-21,1.0,4.36248e-13,2.718154e-25,4.3342426e-19,1.6970429e-14
EFT:9.963687e-21,5.531796e-33,4.373045e-31,9.077982e-16,4.0896973e-21,1.0,4.362455e-13,2.7181645e-25,4.334226e-19,1.6970397e-14
Random573
Raw:9.963725e-21,5.531796e-33,4.373045e-31,9.077947e-16,4.0896658e-21,1.0,4.362463e-13,2.718154e-25,4.3342095e-19,1.6970495e-14
EFT:9.963687e-21,5.531796e-33,4.373045e-31,9.077982e-16,4.0896973e-21,1.0,4.362455e-13,2.7181645e-25,4.334226e-19,1.6970397e-14
Random574
Raw:9.963801e-21,5.5317537e-33,4.373078e-31,9.078017e-16,4.0896973e-21,1.0,4.36248e-13,2.718154e-25,4.3342426e-19,1.6970495e-14
EFT:9.963687e-21,5.531796e-33,4.373045e-31,9.077982e-16,4.0896973e-21,1.0,4.362455e-13,2.7181645e-25,4.334226e-19,1.6970397e-14
Random575
Raw:9.963725e-21,5.531796e-33,4.373045e-31,9.077982e-16,4.0896973e-21,1.0,4.3624715e-13,2.7181645e-25,4.334226e-19,1.6970463e-14
EFT:9.963687e-21,5.531796e-33,4.373045e-31,9.077982e-16,4.0896973e-21,1.0,4.362455e-13,2.7181645e-25,4.334226e-19,1.6970397e-14
Random576
Raw:9.963649e-21,5.5317115e-33,4.3730115e-31,9.077947e-16,4.0896658e-21,1.0,4.3624465e-13,2.7181332e-25,4.3341764e-19,1.6970364e-14
EFT:9.963687e-21,5.531796e-33,4.373045e-31,9.077982e-16,4.0896973e-21,1.0,4.362455e-13,2.7181645e-25,4.334226e-19,1.6970397e-14
Random577
Raw:9.963801e-21,5.531838e-33,4.373111e-31,9.078017e-16,4.0897284e-21,1.0,4.3624964e-13,2.7181748e-25,4.3342426e-19,1.697056e-14
EFT:9.963687e-21,5.531796e-33,4.373045e-31,9.077982e-16,4.0896973e-21,1.0,4.362455e-13,2.7181645e-25,4.334226e-19,1.6970397e-14
Random578
Raw:9.963649e-21,5.5317115e-33,4.3730115e-31,9.077947e-16,4.0896658e-21,1.0,4.362463e-13,2.7181332e-25,4.3341764e-19,1.6970364e-14
EFT:9.963687e-21,5.531796e-33,4.373045e-31,9.077982e-16,4.0896973e-21,1.0,4.362455e-13,2.7181645e-25,4.334226e-19,1.6970397e-14
Random579
Raw:9.963801e-21,5.531796e-33,4.373078e-31,9.078017e-16,4.0896973e-21,1.0,4.36248e-13,2.718154e-25,4.3342426e-19,1.6970495e-14
EFT:9.963687e-21,5.531796e-33,4.373045e-31,9.077982e-16,4.0896973e-21,1.0,4.362455e-13,2.7181645e-25,4.334226e-19,1.6970397e-14
Random580
Raw:9.963725e-21,5.531796e-33,4.373045e-31,9.077947e-16,4.0896973e-21,1.0,4.36248e-13,2.718154e-25,4.3342095e-19,1.6970495e-14
EFT:9.963687e-21,5.531796e-33,4.373045e-31,9.077982e-16,4.0896973e-21,1.0,4.362455e-13,2.7181645e-25,4.334226e-19,1.6970397e-14
Random581
Raw:9.963725e-21,5.5317537e-33,4.373045e-31,9.077947e-16,4.0896658e-21,1.0,4.362463e-13,2.718154e-25,4.3342095e-19,1.6970495e-14
EFT:9.963687e-21,5.531796e-33,4.373045e-31,9.077982e-16,4.0896973e-21,1.0,4.362455e-13,2.7181645e-25,4.334226e-19,1.6970397e-14
Random582
Raw:9.963801e-21,5.531796e-33,4.373111e-31,9.078086e-16,4.0897284e-21,1.0,4.3624964e-13,2.7181748e-25,4.3342426e-19,1.6970495e-14
EFT:9.963687e-21,5.531796e-33,4.373045e-31,9.077982e-16,4.0896973e-21,1.0,4.362455e-13,2.7181645e-25,4.334226e-19,1.6970397e-14
Random583
Raw:9.963801e-21,5.531838e-33,4.373111e-31,9.078017e-16,4.0897284e-21,1.0,4.3625132e-13,2.7181748e-25,4.3342426e-19,1.697056e-14
EFT:9.963687e-21,5.531796e-33,4.373045e-31,9.077982e-16,4.0896973e-21,1.0,4.362455e-13,2.7181645e-25,4.334226e-19,1.6970397e-14
Random584
Raw:9.963725e-21,5.531796e-33,4.373045e-31,9.077982e-16,4.0896973e-21,1.0,4.3624715e-13,2.7181645e-25,4.334226e-19,1.6970397e-14
EFT:9.963687e-21,5.531796e-33,4.373045e-31,9.077982e-16,4.0896973e-21,1.0,4.362455e-13,2.7181645e-25,4.334226e-19,1.6970397e-14
Random585
Raw:9.963649e-21,5.5317537e-33,4.3730115e-31,9.077947e-16,4.0896658e-21,1.0,4.362463e-13,2.7181332e-25,4.3341764e-19,1.6970429e-14
EFT:9.963687e-21,5.531796e-33,4.373045e-31,9.077982e-16,4.0896973e-21,1.0,4.362455e-13,2.7181645e-25,4.334226e-19,1.6970397e-14
Random586
Raw:9.963649e-21,5.5317537e-33,4.3730115e-31,9.077947e-16,4.0896658e-21,1.0,4.362463e-13,2.7181332e-25,4.3341764e-19,1.6970429e-14
EFT:9.963687e-21,5.531796e-33,4.373045e-31,9.077982e-16,4.0896973e-21,1.0,4.362455e-13,2.7181645e-25,4.334226e-19,1.6970397e-14
Random587
Raw:9.963687e-21,5.531796e-33,4.373045e-31,9.077982e-16,4.0896815e-21,1.0,4.362455e-13,2.7181645e-25,4.334226e-19,1.6970397e-14
EFT:9.963687e-21,5.531796e-33,4.373045e-31,9.077982e-16,4.0896973e-21,1.0,4.362455e-13,2.7181645e-25,4.334226e-19,1.6970397e-14
Random588
Raw:9.963725e-21,5.531796e-33,4.373045e-31,9.077982e-16,4.0896973e-21,1.0,4.3624715e-13,2.7181645e-25,4.334226e-19,1.6970463e-14
EFT:9.963687e-21,5.531796e-33,4.373045e-31,9.077982e-16,4.0896973e-21,1.0,4.362455e-13,2.7181645e-25,4.334226e-19,1.6970397e-14
Random589
Raw:9.963725e-21,5.531796e-33,4.373045e-31,9.077947e-16,4.0896973e-21,1.0,4.3624715e-13,2.7181645e-25,4.334226e-19,1.6970463e-14
EFT:9.963687e-21,5.531796e-33,4.373045e-31,9.077982e-16,4.0896973e-21,1.0,4.362455e-13,2.7181645e-25,4.334226e-19,1.6970397e-14
Random590
Raw:9.963725e-21,5.531796e-33,4.373045e-31,9.077982e-16,4.0896973e-21,1.0,4.3624715e-13,2.7181645e-25,4.334226e-19,1.6970397e-14
EFT:9.963687e-21,5.531796e-33,4.373045e-31,9.077982e-16,4.0896973e-21,1.0,4.362455e-13,2.7181645e-25,4.334226e-19,1.6970397e-14
Random591
Raw:9.963725e-21,5.5317537e-33,4.373078e-31,9.078017e-16,4.0896973e-21,1.0,4.362463e-13,2.718154e-25,4.3342426e-19,1.6970429e-14
EFT:9.963687e-21,5.531796e-33,4.373045e-31,9.077982e-16,4.0896973e-21,1.0,4.362455e-13,2.7181645e-25,4.334226e-19,1.6970397e-14
Random592
Raw:9.963649e-21,5.5317537e-33,4.373045e-31,9.077947e-16,4.0896658e-21,1.0,4.3624465e-13,2.718154e-25,4.3342095e-19,1.6970429e-14
EFT:9.963687e-21,5.531796e-33,4.373045e-31,9.077982e-16,4.0896973e-21,1.0,4.362455e-13,2.7181645e-25,4.334226e-19,1.6970397e-14
Random593
Raw:9.963649e-21,5.5317115e-33,4.3730115e-31,9.077947e-16,4.0896658e-21,1.0,4.362463e-13,2.7181332e-25,4.3341764e-19,1.6970429e-14
EFT:9.963687e-21,5.531796e-33,4.373045e-31,9.077982e-16,4.0896973e-21,1.0,4.362455e-13,2.7181645e-25,4.334226e-19,1.6970397e-14
Random594
Raw:9.963687e-21,5.531796e-33,4.373045e-31,9.077982e-16,4.0896973e-21,1.0,4.362455e-13,2.7181645e-25,4.334226e-19,1.6970397e-14
EFT:9.963687e-21,5.531796e-33,4.373045e-31,9.077982e-16,4.0896973e-21,1.0,4.362455e-13,2.7181645e-25,4.334226e-19,1.6970397e-14
Random595
Raw:9.963687e-21,5.531796e-33,4.373045e-31,9.077982e-16,4.0896973e-21,1.0,4.362455e-13,2.7181645e-25,4.334226e-19,1.6970397e-14
EFT:9.963687e-21,5.531796e-33,4.373045e-31,9.077982e-16,4.0896973e-21,1.0,4.362455e-13,2.7181645e-25,4.334226e-19,1.6970397e-14
Random596
Raw:9.963649e-21,5.5317537e-33,4.373045e-31,9.077947e-16,4.0896658e-21,1.0,4.3624465e-13,2.718154e-25,4.3342095e-19,1.6970429e-14
EFT:9.963687e-21,5.531796e-33,4.373045e-31,9.077982e-16,4.0896973e-21,1.0,4.362455e-13,2.7181645e-25,4.334226e-19,1.6970397e-14
Random597
Raw:9.963725e-21,5.5317537e-33,4.373078e-31,9.078017e-16,4.0896973e-21,1.0,4.362463e-13,2.718154e-25,4.3342426e-19,1.6970429e-14
EFT:9.963687e-21,5.531796e-33,4.373045e-31,9.077982e-16,4.0896973e-21,1.0,4.362455e-13,2.7181645e-25,4.334226e-19,1.6970397e-14
Random598
Raw:9.963649e-21,5.5317537e-33,4.373045e-31,9.077947e-16,4.0896658e-21,1.0,4.3624465e-13,2.718154e-25,4.3342095e-19,1.6970429e-14
EFT:9.963687e-21,5.531796e-33,4.373045e-31,9.077982e-16,4.0896973e-21,1.0,4.362455e-13,2.7181645e-25,4.334226e-19,1.6970397e-14
Random599
Raw:9.963725e-21,5.5317537e-33,4.373045e-31,9.077947e-16,4.0896658e-21,1.0,4.362463e-13,2.718154e-25,4.3342095e-19,1.6970495e-14
EFT:9.963687e-21,5.531796e-33,4.373045e-31,9.077982e-16,4.0896973e-21,1.0,4.362455e-13,2.7181645e-25,4.334226e-19,1.6970397e-14
Random600
Raw:9.963687e-21,5.531796e-33,4.373045e-31,9.077982e-16,4.0896973e-21,1.0,4.362455e-13,2.7181645e-25,4.334226e-19,1.6970397e-14
EFT:9.963687e-21,5.531796e-33,4.373045e-31,9.077982e-16,4.0896973e-21,1.0,4.362455e-13,2.7181645e-25,4.334226e-19,1.6970397e-14
Random601
Raw:9.963687e-21,5.531796e-33,4.373045e-31,9.077982e-16,4.0896815e-21,1.0,4.3624381e-13,2.7181438e-25,4.334226e-19,1.6970397e-14
EFT:9.963687e-21,5.531796e-33,4.373045e-31,9.077982e-16,4.0896973e-21,1.0,4.362455e-13,2.7181645e-25,4.334226e-19,1.6970397e-14
Random602
Raw:9.963801e-21,5.531796e-33,4.373111e-31,9.078086e-16,4.0897284e-21,1.0,4.3624964e-13,2.7181748e-25,4.3342426e-19,1.6970495e-14
EFT:9.963687e-21,5.531796e-33,4.373045e-31,9.077982e-16,4.0896973e-21,1.0,4.362455e-13,2.7181645e-25,4.334226e-19,1.6970397e-14
Random603
Raw:9.963649e-21,5.5317537e-33,4.373045e-31,9.077947e-16,4.0896658e-21,1.0,4.3624465e-13,2.718154e-25,4.3342095e-19,1.6970429e-14
EFT:9.963687e-21,5.531796e-33,4.373045e-31,9.077982e-16,4.0896973e-21,1.0,4.362455e-13,2.7181645e-25,4.334226e-19,1.6970397e-14
Random604
Raw:9.963649e-21,5.5317115e-33,4.3730115e-31,9.077947e-16,4.0896658e-21,1.0,4.3624465e-13,2.7181332e-25,4.3341764e-19,1.6970364e-14
EFT:9.963687e-21,5.531796e-33,4.373045e-31,9.077982e-16,4.0896973e-21,1.0,4.362455e-13,2.7181645e-25,4.334226e-19,1.6970397e-14
Random605
Raw:9.963687e-21,5.531796e-33,4.373045e-31,9.077982e-16,4.0896815e-21,1.0,4.362455e-13,2.7181645e-25,4.334226e-19,1.6970397e-14
EFT:9.963687e-21,5.531796e-33,4.373045e-31,9.077982e-16,4.0896973e-21,1.0,4.362455e-13,2.7181645e-25,4.334226e-19,1.6970397e-14
Random606
Raw:9.963725e-21,5.5317537e-33,4.373045e-31,9.077947e-16,4.0896658e-21,1.0,4.362463e-13,2.718154e-25,4.3342095e-19,1.6970495e-14
EFT:9.963687e-21,5.531796e-33,4.373045e-31,9.077982e-16,4.0896973e-21,1.0,4.362455e-13,2.7181645e-25,4.334226e-19,1.6970397e-14
Random607
Raw:9.963649e-21,5.5317537e-33,4.373045e-31,9.077947e-16,4.0896658e-21,1.0,4.3624465e-13,2.718154e-25,4.3342095e-19,1.6970429e-14
EFT:9.963687e-21,5.531796e-33,4.373045e-31,9.077982e-16,4.0896973e-21,1.0,4.362455e-13,2.7181645e-25,4.334226e-19,1.6970397e-14
Random608
Raw:9.963649e-21,5.5316692e-33,4.372978e-31,9.077914e-16,4.0896504e-21,1.0,4.362455e-13,2.7181124e-25,4.3341764e-19,1.6970397e-14
EFT:9.963687e-21,5.531796e-33,4.373045e-31,9.077982e-16,4.0896973e-21,1.0,4.362455e-13,2.7181645e-25,4.334226e-19,1.6970397e-14
Random609
Raw:9.963725e-21,5.531796e-33,4.373045e-31,9.077982e-16,4.0896973e-21,1.0,4.3624715e-13,2.7181645e-25,4.334226e-19,1.6970397e-14
EFT:9.963687e-21,5.531796e-33,4.373045e-31,9.077982e-16,4.0896973e-21,1.0,4.362455e-13,2.7181645e-25,4.334226e-19,1.6970397e-14
Random610
Raw:9.963725e-21,5.531796e-33,4.373045e-31,9.077947e-16,4.0897126e-21,1.0,4.3624715e-13,2.7181645e-25,4.334226e-19,1.6970463e-14
EFT:9.963687e-21,5.531796e-33,4.373045e-31,9.077982e-16,4.0896973e-21,1.0,4.362455e-13,2.7181645e-25,4.334226e-19,1.6970397e-14
Random611
Raw:9.963725e-21,5.531796e-33,4.373045e-31,9.077982e-16,4.0896973e-21,1.0,4.3624715e-13,2.7181645e-25,4.334226e-19,1.6970463e-14
EFT:9.963687e-21,5.531796e-33,4.373045e-31,9.077982e-16,4.0896973e-21,1.0,4.362455e-13,2.7181645e-25,4.334226e-19,1.6970397e-14
Random612
Raw:9.963687e-21,5.531796e-33,4.373045e-31,9.077982e-16,4.0896815e-21,1.0,4.362455e-13,2.7181645e-25,4.334226e-19,1.6970397e-14
EFT:9.963687e-21,5.531796e-33,4.373045e-31,9.077982e-16,4.0896973e-21,1.0,4.362455e-13,2.7181645e-25,4.334226e-19,1.6970397e-14
Random613
Raw:9.963801e-21,5.531796e-33,4.373078e-31,9.078017e-16,4.0896973e-21,1.0,4.36248e-13,2.718154e-25,4.3342426e-19,1.6970495e-14
EFT:9.963687e-21,5.531796e-33,4.373045e-31,9.077982e-16,4.0896973e-21,1.0,4.362455e-13,2.7181645e-25,4.334226e-19,1.6970397e-14
Random614
Raw:9.963725e-21,5.5317537e-33,4.373078e-31,9.078017e-16,4.0896973e-21,1.0,4.362463e-13,2.718154e-25,4.3342426e-19,1.6970429e-14
EFT:9.963687e-21,5.531796e-33,4.373045e-31,9.077982e-16,4.0896973e-21,1.0,4.362455e-13,2.7181645e-25,4.334226e-19,1.6970397e-14
Random615
Raw:9.963801e-21,5.5317537e-33,4.373078e-31,9.078017e-16,4.0896973e-21,1.0,4.36248e-13,2.718154e-25,4.3342426e-19,1.6970429e-14
EFT:9.963687e-21,5.531796e-33,4.373045e-31,9.077982e-16,4.0896973e-21,1.0,4.362455e-13,2.7181645e-25,4.334226e-19,1.6970397e-14
Random616
Raw:9.963725e-21,5.531796e-33,4.373045e-31,9.077982e-16,4.0896973e-21,1.0,4.3624715e-13,2.7181645e-25,4.334226e-19,1.6970463e-14
EFT:9.963687e-21,5.531796e-33,4.373045e-31,9.077982e-16,4.0896973e-21,1.0,4.362455e-13,2.7181645e-25,4.334226e-19,1.6970397e-14
Random617
Raw:9.963725e-21,5.5317537e-33,4.373045e-31,9.077947e-16,4.0896658e-21,1.0,4.362463e-13,2.718154e-25,4.3342095e-19,1.6970495e-14
EFT:9.963687e-21,5.531796e-33,4.373045e-31,9.077982e-16,4.0896973e-21,1.0,4.362455e-13,2.7181645e-25,4.334226e-19,1.6970397e-14
Random618
Raw:9.963687e-21,5.531796e-33,4.373045e-31,9.077982e-16,4.0896973e-21,1.0,4.362455e-13,2.7181645e-25,4.334226e-19,1.6970397e-14
EFT:9.963687e-21,5.531796e-33,4.373045e-31,9.077982e-16,4.0896973e-21,1.0,4.362455e-13,2.7181645e-25,4.334226e-19,1.6970397e-14
Random619
Raw:9.963687e-21,5.531796e-33,4.373045e-31,9.077982e-16,4.0896973e-21,1.0,4.362455e-13,2.7181645e-25,4.334226e-19,1.6970397e-14
EFT:9.963687e-21,5.531796e-33,4.373045e-31,9.077982e-16,4.0896973e-21,1.0,4.362455e-13,2.7181645e-25,4.334226e-19,1.6970397e-14
Random620
Raw:9.963801e-21,5.531796e-33,4.373078e-31,9.078017e-16,4.0897284e-21,1.0,4.3624964e-13,2.718154e-25,4.3342426e-19,1.6970495e-14
EFT:9.963687e-21,5.531796e-33,4.373045e-31,9.077982e-16,4.0896973e-21,1.0,4.362455e-13,2.7181645e-25,4.334226e-19,1.6970397e-14
Random621
Raw:9.963649e-21,5.5317537e-33,4.373045e-31,9.077947e-16,4.0896658e-21,1.0,4.3624465e-13,2.718154e-25,4.3342095e-19,1.6970429e-14
EFT:9.963687e-21,5.531796e-33,4.373045e-31,9.077982e-16,4.0896973e-21,1.0,4.362455e-13,2.7181645e-25,4.334226e-19,1.6970397e-14
Random622
Raw:9.963725e-21,5.5317537e-33,4.373045e-31,9.077947e-16,4.0896658e-21,1.0,4.362463e-13,2.718154e-25,4.3342095e-19,1.6970495e-14
EFT:9.963687e-21,5.531796e-33,4.373045e-31,9.077982e-16,4.0896973e-21,1.0,4.362455e-13,2.7181645e-25,4.334226e-19,1.6970397e-14
Random623
Raw:9.963649e-21,5.5317115e-33,4.3730115e-31,9.077947e-16,4.0896347e-21,1.0,4.3624465e-13,2.7181332e-25,4.3341764e-19,1.6970364e-14
EFT:9.963687e-21,5.531796e-33,4.373045e-31,9.077982e-16,4.0896973e-21,1.0,4.362455e-13,2.7181645e-25,4.334226e-19,1.6970397e-14
Random624
Raw:9.963801e-21,5.5317537e-33,4.373078e-31,9.078017e-16,4.0896973e-21,1.0,4.362463e-13,2.718154e-25,4.3342426e-19,1.6970429e-14
EFT:9.963687e-21,5.531796e-33,4.373045e-31,9.077982e-16,4.0896973e-21,1.0,4.362455e-13,2.7181645e-25,4.334226e-19,1.6970397e-14
Random625
Raw:9.963649e-21,5.5316692e-33,4.372978e-31,9.077914e-16,4.0896504e-21,1.0,4.362455e-13,2.7181124e-25,4.3341764e-19,1.6970332e-14
EFT:9.963687e-21,5.531796e-33,4.373045e-31,9.077982e-16,4.0896973e-21,1.0,4.362455e-13,2.7181645e-25,4.334226e-19,1.6970397e-14
Random626
Raw:9.963649e-21,5.5317115e-33,4.3730115e-31,9.077947e-16,4.0896347e-21,1.0,4.3624465e-13,2.7181332e-25,4.3341764e-19,1.6970364e-14
EFT:9.963687e-21,5.531796e-33,4.373045e-31,9.077982e-16,4.0896973e-21,1.0,4.362455e-13,2.7181645e-25,4.334226e-19,1.6970397e-14
Random627
Raw:9.963725e-21,5.531796e-33,4.373045e-31,9.077982e-16,4.0896973e-21,1.0,4.3624715e-13,2.7181645e-25,4.334226e-19,1.6970463e-14
EFT:9.963687e-21,5.531796e-33,4.373045e-31,9.077982e-16,4.0896973e-21,1.0,4.362455e-13,2.7181645e-25,4.334226e-19,1.6970397e-14
Random628
Raw:9.963649e-21,5.5317115e-33,4.3730115e-31,9.077947e-16,4.0896347e-21,1.0,4.3624465e-13,2.7181332e-25,4.3341764e-19,1.6970364e-14
EFT:9.963687e-21,5.531796e-33,4.373045e-31,9.077982e-16,4.0896973e-21,1.0,4.362455e-13,2.7181645e-25,4.334226e-19,1.6970397e-14
Random629
Raw:9.963801e-21,5.5317537e-33,4.373078e-31,9.078017e-16,4.0896973e-21,1.0,4.36248e-13,2.718154e-25,4.3342426e-19,1.6970495e-14
EFT:9.963687e-21,5.531796e-33,4.373045e-31,9.077982e-16,4.0896973e-21,1.0,4.362455e-13,2.7181645e-25,4.334226e-19,1.6970397e-14
Random630
Raw:9.963725e-21,5.5317537e-33,4.373045e-31,9.077947e-16,4.0896658e-21,1.0,4.362463e-13,2.718154e-25,4.3342095e-19,1.6970429e-14
EFT:9.963687e-21,5.531796e-33,4.373045e-31,9.077982e-16,4.0896973e-21,1.0,4.362455e-13,2.7181645e-25,4.334226e-19,1.6970397e-14
Random631
Raw:9.963725e-21,5.531796e-33,4.373045e-31,9.077982e-16,4.0896973e-21,1.0,4.3624715e-13,2.7181645e-25,4.334226e-19,1.6970397e-14
EFT:9.963687e-21,5.531796e-33,4.373045e-31,9.077982e-16,4.0896973e-21,1.0,4.362455e-13,2.7181645e-25,4.334226e-19,1.6970397e-14
Random632
Raw:9.963725e-21,5.5317537e-33,4.373078e-31,9.078017e-16,4.0896973e-21,1.0,4.362463e-13,2.718154e-25,4.3342426e-19,1.6970429e-14
EFT:9.963687e-21,5.531796e-33,4.373045e-31,9.077982e-16,4.0896973e-21,1.0,4.362455e-13,2.7181645e-25,4.334226e-19,1.6970397e-14
Random633
Raw:9.963725e-21,5.531796e-33,4.373045e-31,9.077982e-16,4.0896973e-21,1.0,4.3624715e-13,2.7181645e-25,4.334226e-19,1.6970397e-14
EFT:9.963687e-21,5.531796e-33,4.373045e-31,9.077982e-16,4.0896973e-21,1.0,4.362455e-13,2.7181645e-25,4.334226e-19,1.6970397e-14
Random634
Raw:9.963649e-21,5.5317537e-33,4.373045e-31,9.077947e-16,4.0896658e-21,1.0,4.3624465e-13,2.718154e-25,4.3342095e-19,1.6970429e-14
EFT:9.963687e-21,5.531796e-33,4.373045e-31,9.077982e-16,4.0896973e-21,1.0,4.362455e-13,2.7181645e-25,4.334226e-19,1.6970397e-14
Random635
Raw:9.963801e-21,5.531796e-33,4.373078e-31,9.078017e-16,4.0896973e-21,1.0,4.36248e-13,2.718154e-25,4.3342426e-19,1.6970495e-14
EFT:9.963687e-21,5.531796e-33,4.373045e-31,9.077982e-16,4.0896973e-21,1.0,4.362455e-13,2.7181645e-25,4.334226e-19,1.6970397e-14
Random636
Raw:9.963801e-21,5.531796e-33,4.373111e-31,9.078086e-16,4.0896973e-21,1.0,4.36248e-13,2.7181748e-25,4.3342426e-19,1.6970495e-14
EFT:9.963687e-21,5.531796e-33,4.373045e-31,9.077982e-16,4.0896973e-21,1.0,4.362455e-13,2.7181645e-25,4.334226e-19,1.6970397e-14
Random637
Raw:9.963725e-21,5.5317537e-33,4.373045e-31,9.077947e-16,4.0896658e-21,1.0,4.362463e-13,2.718154e-25,4.3342095e-19,1.6970429e-14
EFT:9.963687e-21,5.531796e-33,4.373045e-31,9.077982e-16,4.0896973e-21,1.0,4.362455e-13,2.7181645e-25,4.334226e-19,1.6970397e-14
Random638
Raw:9.963725e-21,5.5317537e-33,4.373078e-31,9.078017e-16,4.0896973e-21,1.0,4.362463e-13,2.718154e-25,4.3342426e-19,1.6970429e-14
EFT:9.963687e-21,5.531796e-33,4.373045e-31,9.077982e-16,4.0896973e-21,1.0,4.362455e-13,2.7181645e-25,4.334226e-19,1.6970397e-14
Random639
Raw:9.963649e-21,5.5317537e-33,4.373045e-31,9.077947e-16,4.0896658e-21,1.0,4.3624465e-13,2.718154e-25,4.3342095e-19,1.6970429e-14
EFT:9.963687e-21,5.531796e-33,4.373045e-31,9.077982e-16,4.0896973e-21,1.0,4.362455e-13,2.7181645e-25,4.334226e-19,1.6970397e-14
Random640
Raw:9.963649e-21,5.5317537e-33,4.373045e-31,9.077947e-16,4.0896658e-21,1.0,4.3624465e-13,2.718154e-25,4.3342095e-19,1.6970429e-14
EFT:9.963687e-21,5.531796e-33,4.373045e-31,9.077982e-16,4.0896973e-21,1.0,4.362455e-13,2.7181645e-25,4.334226e-19,1.6970397e-14
Random641
Raw:9.963687e-21,5.531796e-33,4.373045e-31,9.077982e-16,4.0896973e-21,1.0,4.362455e-13,2.7181645e-25,4.334226e-19,1.6970397e-14
EFT:9.963687e-21,5.531796e-33,4.373045e-31,9.077982e-16,4.0896973e-21,1.0,4.362455e-13,2.7181645e-25,4.334226e-19,1.6970397e-14
Random642
Raw:9.963649e-21,5.5317537e-33,4.373045e-31,9.077947e-16,4.0896658e-21,1.0,4.3624465e-13,2.718154e-25,4.3342095e-19,1.6970429e-14
EFT:9.963687e-21,5.531796e-33,4.373045e-31,9.077982e-16,4.0896973e-21,1.0,4.362455e-13,2.7181645e-25,4.334226e-19,1.6970397e-14
Random643
Raw:9.963725e-21,5.5317537e-33,4.373045e-31,9.077947e-16,4.0896658e-21,1.0,4.362463e-13,2.718154e-25,4.3342095e-19,1.6970495e-14
EFT:9.963687e-21,5.531796e-33,4.373045e-31,9.077982e-16,4.0896973e-21,1.0,4.362455e-13,2.7181645e-25,4.334226e-19,1.6970397e-14
Random644
Raw:9.963725e-21,5.531796e-33,4.373045e-31,9.077982e-16,4.0896973e-21,1.0,4.3624715e-13,2.7181645e-25,4.334226e-19,1.6970397e-14
EFT:9.963687e-21,5.531796e-33,4.373045e-31,9.077982e-16,4.0896973e-21,1.0,4.362455e-13,2.7181645e-25,4.334226e-19,1.6970397e-14
Random645
Raw:9.963725e-21,5.5317537e-33,4.3730115e-31,9.077879e-16,4.0896658e-21,1.0,4.36248e-13,2.7181332e-25,4.3341764e-19,1.6970495e-14
EFT:9.963687e-21,5.531796e-33,4.373045e-31,9.077982e-16,4.0896973e-21,1.0,4.362455e-13,2.7181645e-25,4.334226e-19,1.6970397e-14
Random646
Raw:9.963649e-21,5.5317115e-33,4.3730115e-31,9.077947e-16,4.0896658e-21,1.0,4.362463e-13,2.7181332e-25,4.3341764e-19,1.6970429e-14
EFT:9.963687e-21,5.531796e-33,4.373045e-31,9.077982e-16,4.0896973e-21,1.0,4.362455e-13,2.7181645e-25,4.334226e-19,1.6970397e-14
Random647
Raw:9.963687e-21,5.531796e-33,4.373045e-31,9.077982e-16,4.0896815e-21,1.0,4.362455e-13,2.7181645e-25,4.334226e-19,1.6970397e-14
EFT:9.963687e-21,5.531796e-33,4.373045e-31,9.077982e-16,4.0896973e-21,1.0,4.362455e-13,2.7181645e-25,4.334226e-19,1.6970397e-14
Random648
Raw:9.963801e-21,5.531796e-33,4.373111e-31,9.078086e-16,4.0897284e-21,1.0,4.3624964e-13,2.7181748e-25,4.3342426e-19,1.697056e-14
EFT:9.963687e-21,5.531796e-33,4.373045e-31,9.077982e-16,4.0896973e-21,1.0,4.362455e-13,2.7181645e-25,4.334226e-19,1.6970397e-14
Random649
Raw:9.963725e-21,5.531796e-33,4.373045e-31,9.077947e-16,4.0897126e-21,1.0,4.362488e-13,2.7181645e-25,4.334226e-19,1.6970463e-14
EFT:9.963687e-21,5.531796e-33,4.373045e-31,9.077982e-16,4.0896973e-21,1.0,4.362455e-13,2.7181645e-25,4.334226e-19,1.6970397e-14
Random650
Raw:9.963839e-21,5.531838e-33,4.3731446e-31,9.078086e-16,4.0897284e-21,1.0,4.3625048e-13,2.7181955e-25,4.3342592e-19,1.6970591e-14
EFT:9.963687e-21,5.531796e-33,4.373045e-31,9.077982e-16,4.0896973e-21,1.0,4.362455e-13,2.7181645e-25,4.334226e-19,1.6970397e-14
Random651
Raw:9.963649e-21,5.5317537e-33,4.373045e-31,9.077947e-16,4.0896658e-21,1.0,4.3624465e-13,2.718154e-25,4.3342095e-19,1.6970429e-14
EFT:9.963687e-21,5.531796e-33,4.373045e-31,9.077982e-16,4.0896973e-21,1.0,4.362455e-13,2.7181645e-25,4.334226e-19,1.6970397e-14
Random652
Raw:9.963649e-21,5.5317537e-33,4.3730115e-31,9.077879e-16,4.0896658e-21,1.0,4.362463e-13,2.7181332e-25,4.3341764e-19,1.6970429e-14
EFT:9.963687e-21,5.531796e-33,4.373045e-31,9.077982e-16,4.0896973e-21,1.0,4.362455e-13,2.7181645e-25,4.334226e-19,1.6970397e-14
Random653
Raw:9.963725e-21,5.531796e-33,4.373045e-31,9.077982e-16,4.0896973e-21,1.0,4.3624715e-13,2.7181645e-25,4.334226e-19,1.6970397e-14
EFT:9.963687e-21,5.531796e-33,4.373045e-31,9.077982e-16,4.0896973e-21,1.0,4.362455e-13,2.7181645e-25,4.334226e-19,1.6970397e-14
Random654
Raw:9.963649e-21,5.5317115e-33,4.3730115e-31,9.077947e-16,4.0896658e-21,1.0,4.362463e-13,2.7181332e-25,4.3341764e-19,1.6970429e-14
EFT:9.963687e-21,5.531796e-33,4.373045e-31,9.077982e-16,4.0896973e-21,1.0,4.362455e-13,2.7181645e-25,4.334226e-19,1.6970397e-14
Random655
Raw:9.963649e-21,5.5317537e-33,4.3730115e-31,9.077879e-16,4.0896658e-21,1.0,4.36248e-13,2.7181332e-25,4.3341764e-19,1.6970429e-14
EFT:9.963687e-21,5.531796e-33,4.373045e-31,9.077982e-16,4.0896973e-21,1.0,4.362455e-13,2.7181645e-25,4.334226e-19,1.6970397e-14
Random656
Raw:9.963801e-21,5.5317537e-33,4.373078e-31,9.078017e-16,4.0896973e-21,1.0,4.36248e-13,2.718154e-25,4.3342426e-19,1.6970495e-14
EFT:9.963687e-21,5.531796e-33,4.373045e-31,9.077982e-16,4.0896973e-21,1.0,4.362455e-13,2.7181645e-25,4.334226e-19,1.6970397e-14
Random657
Raw:9.963725e-21,5.5317537e-33,4.373045e-31,9.077947e-16,4.0896658e-21,1.0,4.362463e-13,2.718154e-25,4.3342095e-19,1.6970495e-14
EFT:9.963687e-21,5.531796e-33,4.373045e-31,9.077982e-16,4.0896973e-21,1.0,4.362455e-13,2.7181645e-25,4.334226e-19,1.6970397e-14
Random658
Raw:9.963725e-21,5.5317537e-33,4.373078e-31,9.078017e-16,4.0896973e-21,1.0,4.362463e-13,2.718154e-25,4.3342426e-19,1.6970429e-14
EFT:9.963687e-21,5.531796e-33,4.373045e-31,9.077982e-16,4.0896973e-21,1.0,4.362455e-13,2.7181645e-25,4.334226e-19,1.6970397e-14
Random659
Raw:9.963801e-21,5.531796e-33,4.373078e-31,9.078017e-16,4.0896973e-21,1.0,4.36248e-13,2.718154e-25,4.3342426e-19,1.6970495e-14
EFT:9.963687e-21,5.531796e-33,4.373045e-31,9.077982e-16,4.0896973e-21,1.0,4.362455e-13,2.7181645e-25,4.334226e-19,1.6970397e-14
Random660
Raw:9.963725e-21,5.531796e-33,4.373045e-31,9.077947e-16,4.0896973e-21,1.0,4.362463e-13,2.718154e-25,4.3342095e-19,1.6970495e-14
EFT:9.963687e-21,5.531796e-33,4.373045e-31,9.077982e-16,4.0896973e-21,1.0,4.362455e-13,2.7181645e-25,4.334226e-19,1.6970397e-14
Random661
Raw:9.963649e-21,5.5317115e-33,4.3730115e-31,9.077947e-16,4.0896658e-21,1.0,4.362463e-13,2.7181332e-25,4.3341764e-19,1.6970364e-14
EFT:9.963687e-21,5.531796e-33,4.373045e-31,9.077982e-16,4.0896973e-21,1.0,4.362455e-13,2.7181645e-25,4.334226e-19,1.6970397e-14
Random662
Raw:9.963687e-21,5.531796e-33,4.373045e-31,9.077982e-16,4.0896973e-21,1.0,4.362455e-13,2.7181645e-25,4.334226e-19,1.6970397e-14
EFT:9.963687e-21,5.531796e-33,4.373045e-31,9.077982e-16,4.0896973e-21,1.0,4.362455e-13,2.7181645e-25,4.334226e-19,1.6970397e-14
Random663
Raw:9.963801e-21,5.531796e-33,4.373111e-31,9.078086e-16,4.0896973e-21,1.0,4.36248e-13,2.7181748e-25,4.3342426e-19,1.6970495e-14
EFT:9.963687e-21,5.531796e-33,4.373045e-31,9.077982e-16,4.0896973e-21,1.0,4.362455e-13,2.7181645e-25,4.334226e-19,1.6970397e-14
Random664
Raw:9.963725e-21,5.5317537e-33,4.373045e-31,9.077947e-16,4.0896658e-21,1.0,4.362463e-13,2.718154e-25,4.3342095e-19,1.6970495e-14
EFT:9.963687e-21,5.531796e-33,4.373045e-31,9.077982e-16,4.0896973e-21,1.0,4.362455e-13,2.7181645e-25,4.334226e-19,1.6970397e-14
Random665
Raw:9.963649e-21,5.5317537e-33,4.373045e-31,9.077947e-16,4.0896658e-21,1.0,4.3624465e-13,2.718154e-25,4.3342095e-19,1.6970429e-14
EFT:9.963687e-21,5.531796e-33,4.373045e-31,9.077982e-16,4.0896973e-21,1.0,4.362455e-13,2.7181645e-25,4.334226e-19,1.6970397e-14
Random666
Raw:9.963725e-21,5.531796e-33,4.373045e-31,9.077947e-16,4.0897126e-21,1.0,4.3624715e-13,2.7181645e-25,4.334226e-19,1.6970463e-14
EFT:9.963687e-21,5.531796e-33,4.373045e-31,9.077982e-16,4.0896973e-21,1.0,4.362455e-13,2.7181645e-25,4.334226e-19,1.6970397e-14
Random667
Raw:9.963725e-21,5.531796e-33,4.373045e-31,9.077947e-16,4.0896973e-21,1.0,4.3624715e-13,2.7181645e-25,4.334226e-19,1.6970463e-14
EFT:9.963687e-21,5.531796e-33,4.373045e-31,9.077982e-16,4.0896973e-21,1.0,4.362455e-13,2.7181645e-25,4.334226e-19,1.6970397e-14
Random668
Raw:9.96361e-21,5.5316692e-33,4.372978e-31,9.077914e-16,4.0896504e-21,1.0,4.362455e-13,2.7181124e-25,4.3341764e-19,1.6970332e-14
EFT:9.963687e-21,5.531796e-33,4.373045e-31,9.077982e-16,4.0896973e-21,1.0,4.362455e-13,2.7181645e-25,4.334226e-19,1.6970397e-14
Random669
Raw:9.963725e-21,5.5317537e-33,4.373078e-31,9.078017e-16,4.0896973e-21,1.0,4.362463e-13,2.718154e-25,4.3342426e-19,1.6970429e-14
EFT:9.963687e-21,5.531796e-33,4.373045e-31,9.077982e-16,4.0896973e-21,1.0,4.362455e-13,2.7181645e-25,4.334226e-19,1.6970397e-14
Random670
Raw:9.963649e-21,5.5317115e-33,4.3730115e-31,9.077947e-16,4.0896658e-21,1.0,4.362463e-13,2.7181332e-25,4.3341764e-19,1.6970429e-14
EFT:9.963687e-21,5.531796e-33,4.373045e-31,9.077982e-16,4.0896973e-21,1.0,4.362455e-13,2.7181645e-25,4.334226e-19,1.6970397e-14
Random671
Raw:9.963725e-21,5.531796e-33,4.373045e-31,9.077947e-16,4.0896973e-21,1.0,4.3624715e-13,2.7181645e-25,4.334226e-19,1.6970463e-14
EFT:9.963687e-21,5.531796e-33,4.373045e-31,9.077982e-16,4.0896973e-21,1.0,4.362455e-13,2.7181645e-25,4.334226e-19,1.6970397e-14
Random672
Raw:9.963725e-21,5.5317537e-33,4.373045e-31,9.077947e-16,4.0896658e-21,1.0,4.362463e-13,2.718154e-25,4.3342095e-19,1.6970495e-14
EFT:9.963687e-21,5.531796e-33,4.373045e-31,9.077982e-16,4.0896973e-21,1.0,4.362455e-13,2.7181645e-25,4.334226e-19,1.6970397e-14
Random673
Raw:9.963839e-21,5.531838e-33,4.3731446e-31,9.078086e-16,4.0897284e-21,1.0,4.3625048e-13,2.7181955e-25,4.3342592e-19,1.6970591e-14
EFT:9.963687e-21,5.531796e-33,4.373045e-31,9.077982e-16,4.0896973e-21,1.0,4.362455e-13,2.7181645e-25,4.334226e-19,1.6970397e-14
Random674
Raw:9.963725e-21,5.5317537e-33,4.373078e-31,9.078017e-16,4.0896973e-21,1.0,4.362463e-13,2.718154e-25,4.3342426e-19,1.6970429e-14
EFT:9.963687e-21,5.531796e-33,4.373045e-31,9.077982e-16,4.0896973e-21,1.0,4.362455e-13,2.7181645e-25,4.334226e-19,1.6970397e-14
Random675
Raw:9.963725e-21,5.531796e-33,4.373045e-31,9.077982e-16,4.0896973e-21,1.0,4.3624715e-13,2.7181645e-25,4.334226e-19,1.6970463e-14
EFT:9.963687e-21,5.531796e-33,4.373045e-31,9.077982e-16,4.0896973e-21,1.0,4.362455e-13,2.7181645e-25,4.334226e-19,1.6970397e-14
Random676
Raw:9.963801e-21,5.5317537e-33,4.373078e-31,9.078017e-16,4.0896973e-21,1.0,4.36248e-13,2.718154e-25,4.3342426e-19,1.6970495e-14
EFT:9.963687e-21,5.531796e-33,4.373045e-31,9.077982e-16,4.0896973e-21,1.0,4.362455e-13,2.7181645e-25,4.334226e-19,1.6970397e-14
Random677
Raw:9.963687e-21,5.531796e-33,4.373045e-31,9.077982e-16,4.0896815e-21,1.0,4.362455e-13,2.7181645e-25,4.334226e-19,1.6970397e-14
EFT:9.963687e-21,5.531796e-33,4.373045e-31,9.077982e-16,4.0896973e-21,1.0,4.362455e-13,2.7181645e-25,4.334226e-19,1.6970397e-14
Random678
Raw:9.963725e-21,5.531796e-33,4.373045e-31,9.077982e-16,4.0896973e-21,1.0,4.3624715e-13,2.7181645e-25,4.334226e-19,1.6970463e-14
EFT:9.963687e-21,5.531796e-33,4.373045e-31,9.077982e-16,4.0896973e-21,1.0,4.362455e-13,2.7181645e-25,4.334226e-19,1.6970397e-14
Random679
Raw:9.963725e-21,5.531796e-33,4.373045e-31,9.077947e-16,4.0897126e-21,1.0,4.3624715e-13,2.7181645e-25,4.334226e-19,1.6970463e-14
EFT:9.963687e-21,5.531796e-33,4.373045e-31,9.077982e-16,4.0896973e-21,1.0,4.362455e-13,2.7181645e-25,4.334226e-19,1.6970397e-14
Random680
Raw:9.963801e-21,5.531838e-33,4.373111e-31,9.078017e-16,4.0897284e-21,1.0,4.3624964e-13,2.7181748e-25,4.3342426e-19,1.697056e-14
EFT:9.963687e-21,5.531796e-33,4.373045e-31,9.077982e-16,4.0896973e-21,1.0,4.362455e-13,2.7181645e-25,4.334226e-19,1.6970397e-14
Random681
Raw:9.963649e-21,5.5317537e-33,4.373045e-31,9.077947e-16,4.0896658e-21,1.0,4.3624465e-13,2.718154e-25,4.3342095e-19,1.6970429e-14
EFT:9.963687e-21,5.531796e-33,4.373045e-31,9.077982e-16,4.0896973e-21,1.0,4.362455e-13,2.7181645e-25,4.334226e-19,1.6970397e-14
Random682
Raw:9.963687e-21,5.531796e-33,4.373045e-31,9.077982e-16,4.0896973e-21,1.0,4.362455e-13,2.7181645e-25,4.334226e-19,1.6970397e-14
EFT:9.963687e-21,5.531796e-33,4.373045e-31,9.077982e-16,4.0896973e-21,1.0,4.362455e-13,2.7181645e-25,4.334226e-19,1.6970397e-14
Random683
Raw:9.963725e-21,5.531796e-33,4.373045e-31,9.077982e-16,4.0896973e-21,1.0,4.3624715e-13,2.7181645e-25,4.334226e-19,1.6970397e-14
EFT:9.963687e-21,5.531796e-33,4.373045e-31,9.077982e-16,4.0896973e-21,1.0,4.362455e-13,2.7181645e-25,4.334226e-19,1.6970397e-14
Random684
Raw:9.963725e-21,5.531796e-33,4.373045e-31,9.077982e-16,4.0896973e-21,1.0,4.3624715e-13,2.7181645e-25,4.334226e-19,1.6970463e-14
EFT:9.963687e-21,5.531796e-33,4.373045e-31,9.077982e-16,4.0896973e-21,1.0,4.362455e-13,2.7181645e-25,4.334226e-19,1.6970397e-14
Random685
Raw:9.963725e-21,5.5317537e-33,4.373078e-31,9.078017e-16,4.0896973e-21,1.0,4.362463e-13,2.718154e-25,4.3342426e-19,1.6970429e-14
EFT:9.963687e-21,5.531796e-33,4.373045e-31,9.077982e-16,4.0896973e-21,1.0,4.362455e-13,2.7181645e-25,4.334226e-19,1.6970397e-14
Random686
Raw:9.963725e-21,5.531796e-33,4.373045e-31,9.077982e-16,4.0896973e-21,1.0,4.3624715e-13,2.7181645e-25,4.334226e-19,1.6970397e-14
EFT:9.963687e-21,5.531796e-33,4.373045e-31,9.077982e-16,4.0896973e-21,1.0,4.362455e-13,2.7181645e-25,4.334226e-19,1.6970397e-14
Random687
Raw:9.963725e-21,5.531796e-33,4.373045e-31,9.077947e-16,4.0896973e-21,1.0,4.362463e-13,2.718154e-25,4.3342095e-19,1.6970495e-14
EFT:9.963687e-21,5.531796e-33,4.373045e-31,9.077982e-16,4.0896973e-21,1.0,4.362455e-13,2.7181645e-25,4.334226e-19,1.6970397e-14
Random688
Raw:9.963649e-21,5.5317537e-33,4.373045e-31,9.077947e-16,4.0896658e-21,1.0,4.3624465e-13,2.718154e-25,4.3342095e-19,1.6970429e-14
EFT:9.963687e-21,5.531796e-33,4.373045e-31,9.077982e-16,4.0896973e-21,1.0,4.362455e-13,2.7181645e-25,4.334226e-19,1.6970397e-14
Random689
Raw:9.963725e-21,5.531796e-33,4.373045e-31,9.077982e-16,4.0896973e-21,1.0,4.3624715e-13,2.7181645e-25,4.334226e-19,1.6970463e-14
EFT:9.963687e-21,5.531796e-33,4.373045e-31,9.077982e-16,4.0896973e-21,1.0,4.362455e-13,2.7181645e-25,4.334226e-19,1.6970397e-14
Random690
Raw:9.96361e-21,5.5316692e-33,4.372978e-31,9.077914e-16,4.0896347e-21,1.0,4.3624381e-13,2.7181124e-25,4.3341764e-19,1.6970332e-14
EFT:9.963687e-21,5.531796e-33,4.373045e-31,9.077982e-16,4.0896973e-21,1.0,4.362455e-13,2.7181645e-25,4.334226e-19,1.6970397e-14
Random691
Raw:9.963725e-21,5.5317537e-33,4.373045e-31,9.077947e-16,4.0896658e-21,1.0,4.362463e-13,2.718154e-25,4.3342095e-19,1.6970429e-14
EFT:9.963687e-21,5.531796e-33,4.373045e-31,9.077982e-16,4.0896973e-21,1.0,4.362455e-13,2.7181645e-25,4.334226e-19,1.6970397e-14
Random692
Raw:9.963725e-21,5.531796e-33,4.373045e-31,9.077982e-16,4.0896973e-21,1.0,4.3624715e-13,2.7181645e-25,4.334226e-19,1.6970397e-14
EFT:9.963687e-21,5.531796e-33,4.373045e-31,9.077982e-16,4.0896973e-21,1.0,4.362455e-13,2.7181645e-25,4.334226e-19,1.6970397e-14
Random693
Raw:9.963687e-21,5.531796e-33,4.373045e-31,9.077982e-16,4.0896973e-21,1.0,4.362455e-13,2.7181645e-25,4.334226e-19,1.6970397e-14
EFT:9.963687e-21,5.531796e-33,4.373045e-31,9.077982e-16,4.0896973e-21,1.0,4.362455e-13,2.7181645e-25,4.334226e-19,1.6970397e-14
Random694
Raw:9.963725e-21,5.531796e-33,4.373045e-31,9.077982e-16,4.0896973e-21,1.0,4.3624715e-13,2.7181645e-25,4.334226e-19,1.6970463e-14
EFT:9.963687e-21,5.531796e-33,4.373045e-31,9.077982e-16,4.0896973e-21,1.0,4.362455e-13,2.7181645e-25,4.334226e-19,1.6970397e-14
Random695
Raw:9.963649e-21,5.5317537e-33,4.373045e-31,9.077947e-16,4.0896658e-21,1.0,4.3624465e-13,2.718154e-25,4.3342095e-19,1.6970429e-14
EFT:9.963687e-21,5.531796e-33,4.373045e-31,9.077982e-16,4.0896973e-21,1.0,4.362455e-13,2.7181645e-25,4.334226e-19,1.6970397e-14
Random696
Raw:9.963725e-21,5.531796e-33,4.373045e-31,9.077982e-16,4.0896973e-21,1.0,4.3624715e-13,2.7181645e-25,4.334226e-19,1.6970463e-14
EFT:9.963687e-21,5.531796e-33,4.373045e-31,9.077982e-16,4.0896973e-21,1.0,4.362455e-13,2.7181645e-25,4.334226e-19,1.6970397e-14
Random697
Raw:9.963649e-21,5.5317115e-33,4.3730115e-31,9.077947e-16,4.0896658e-21,1.0,4.362463e-13,2.7181332e-25,4.3341764e-19,1.6970429e-14
EFT:9.963687e-21,5.531796e-33,4.373045e-31,9.077982e-16,4.0896973e-21,1.0,4.362455e-13,2.7181645e-25,4.334226e-19,1.6970397e-14
Random698
Raw:9.963687e-21,5.531796e-33,4.373045e-31,9.077982e-16,4.0896815e-21,1.0,4.362455e-13,2.7181645e-25,4.334226e-19,1.6970397e-14
EFT:9.963687e-21,5.531796e-33,4.373045e-31,9.077982e-16,4.0896973e-21,1.0,4.362455e-13,2.7181645e-25,4.334226e-19,1.6970397e-14
Random699
Raw:9.963649e-21,5.5317115e-33,4.3730115e-31,9.077947e-16,4.0896347e-21,1.0,4.3624465e-13,2.7181124e-25,4.3341764e-19,1.6970364e-14
EFT:9.963687e-21,5.531796e-33,4.373045e-31,9.077982e-16,4.0896973e-21,1.0,4.362455e-13,2.7181645e-25,4.334226e-19,1.6970397e-14
Random700
Raw:9.963725e-21,5.5317537e-33,4.373045e-31,9.077947e-16,4.0896658e-21,1.0,4.362463e-13,2.718154e-25,4.3342095e-19,1.6970429e-14
EFT:9.963687e-21,5.531796e-33,4.373045e-31,9.077982e-16,4.0896973e-21,1.0,4.362455e-13,2.7181645e-25,4.334226e-19,1.6970397e-14
Random701
Raw:9.963725e-21,5.5317537e-33,4.373045e-31,9.077947e-16,4.0896658e-21,1.0,4.362463e-13,2.718154e-25,4.3342095e-19,1.6970495e-14
EFT:9.963687e-21,5.531796e-33,4.373045e-31,9.077982e-16,4.0896973e-21,1.0,4.362455e-13,2.7181645e-25,4.334226e-19,1.6970397e-14
Random702
Raw:9.963801e-21,5.531796e-33,4.373111e-31,9.078017e-16,4.0897284e-21,1.0,4.3624964e-13,2.7181748e-25,4.3342426e-19,1.697056e-14
EFT:9.963687e-21,5.531796e-33,4.373045e-31,9.077982e-16,4.0896973e-21,1.0,4.362455e-13,2.7181645e-25,4.334226e-19,1.6970397e-14
Random703
Raw:9.963687e-21,5.531796e-33,4.373045e-31,9.077982e-16,4.0896815e-21,1.0,4.362455e-13,2.7181645e-25,4.334226e-19,1.6970397e-14
EFT:9.963687e-21,5.531796e-33,4.373045e-31,9.077982e-16,4.0896973e-21,1.0,4.362455e-13,2.7181645e-25,4.334226e-19,1.6970397e-14
Random704
Raw:9.963725e-21,5.5317537e-33,4.373078e-31,9.078017e-16,4.0896973e-21,1.0,4.362463e-13,2.718154e-25,4.3342426e-19,1.6970429e-14
EFT:9.963687e-21,5.531796e-33,4.373045e-31,9.077982e-16,4.0896973e-21,1.0,4.362455e-13,2.7181645e-25,4.334226e-19,1.6970397e-14
Random705
Raw:9.963801e-21,5.531796e-33,4.373078e-31,9.078017e-16,4.0896973e-21,1.0,4.36248e-13,2.718154e-25,4.3342426e-19,1.6970495e-14
EFT:9.963687e-21,5.531796e-33,4.373045e-31,9.077982e-16,4.0896973e-21,1.0,4.362455e-13,2.7181645e-25,4.334226e-19,1.6970397e-14
Random706
Raw:9.963725e-21,5.531796e-33,4.373045e-31,9.077982e-16,4.0896973e-21,1.0,4.3624715e-13,2.7181645e-25,4.334226e-19,1.6970463e-14
EFT:9.963687e-21,5.531796e-33,4.373045e-31,9.077982e-16,4.0896973e-21,1.0,4.362455e-13,2.7181645e-25,4.334226e-19,1.6970397e-14
Random707
Raw:9.963725e-21,5.531796e-33,4.373045e-31,9.077947e-16,4.0897126e-21,1.0,4.3624715e-13,2.7181645e-25,4.334226e-19,1.6970463e-14
EFT:9.963687e-21,5.531796e-33,4.373045e-31,9.077982e-16,4.0896973e-21,1.0,4.362455e-13,2.7181645e-25,4.334226e-19,1.6970397e-14
Random708
Raw:9.963725e-21,5.5317537e-33,4.373045e-31,9.077947e-16,4.0896658e-21,1.0,4.362463e-13,2.718154e-25,4.3342095e-19,1.6970495e-14
EFT:9.963687e-21,5.531796e-33,4.373045e-31,9.077982e-16,4.0896973e-21,1.0,4.362455e-13,2.7181645e-25,4.334226e-19,1.6970397e-14
Random709
Raw:9.963725e-21,5.531796e-33,4.373045e-31,9.077947e-16,4.0897126e-21,1.0,4.362488e-13,2.7181645e-25,4.334226e-19,1.6970463e-14
EFT:9.963687e-21,5.531796e-33,4.373045e-31,9.077982e-16,4.0896973e-21,1.0,4.362455e-13,2.7181645e-25,4.334226e-19,1.6970397e-14
Random710
Raw:9.963725e-21,5.531796e-33,4.373045e-31,9.077947e-16,4.0897126e-21,1.0,4.362488e-13,2.7181645e-25,4.334226e-19,1.6970463e-14
EFT:9.963687e-21,5.531796e-33,4.373045e-31,9.077982e-16,4.0896973e-21,1.0,4.362455e-13,2.7181645e-25,4.334226e-19,1.6970397e-14
Random711
Raw:9.963801e-21,5.5317537e-33,4.373078e-31,9.078017e-16,4.0896973e-21,1.0,4.36248e-13,2.718154e-25,4.3342426e-19,1.6970429e-14
EFT:9.963687e-21,5.531796e-33,4.373045e-31,9.077982e-16,4.0896973e-21,1.0,4.362455e-13,2.7181645e-25,4.334226e-19,1.6970397e-14
Random712
Raw:9.963801e-21,5.531796e-33,4.373111e-31,9.078086e-16,4.0897284e-21,1.0,4.3624964e-13,2.7181748e-25,4.3342426e-19,1.6970495e-14
EFT:9.963687e-21,5.531796e-33,4.373045e-31,9.077982e-16,4.0896973e-21,1.0,4.362455e-13,2.7181645e-25,4.334226e-19,1.6970397e-14
Random713
Raw:9.963801e-21,5.531838e-33,4.373111e-31,9.078017e-16,4.0897284e-21,1.0,4.3624964e-13,2.7181748e-25,4.3342426e-19,1.697056e-14
EFT:9.963687e-21,5.531796e-33,4.373045e-31,9.077982e-16,4.0896973e-21,1.0,4.362455e-13,2.7181645e-25,4.334226e-19,1.6970397e-14
Random714
Raw:9.963725e-21,5.531796e-33,4.373045e-31,9.077947e-16,4.0897126e-21,1.0,4.3624715e-13,2.7181645e-25,4.334226e-19,1.6970463e-14
EFT:9.963687e-21,5.531796e-33,4.373045e-31,9.077982e-16,4.0896973e-21,1.0,4.362455e-13,2.7181645e-25,4.334226e-19,1.6970397e-14
Random715
Raw:9.963725e-21,5.5317537e-33,4.373045e-31,9.077947e-16,4.0896658e-21,1.0,4.362463e-13,2.718154e-25,4.3342095e-19,1.6970495e-14
EFT:9.963687e-21,5.531796e-33,4.373045e-31,9.077982e-16,4.0896973e-21,1.0,4.362455e-13,2.7181645e-25,4.334226e-19,1.6970397e-14
Random716
Raw:9.963725e-21,5.5317537e-33,4.373078e-31,9.078017e-16,4.0896973e-21,1.0,4.362463e-13,2.718154e-25,4.3342426e-19,1.6970429e-14
EFT:9.963687e-21,5.531796e-33,4.373045e-31,9.077982e-16,4.0896973e-21,1.0,4.362455e-13,2.7181645e-25,4.334226e-19,1.6970397e-14
Random717
Raw:9.963725e-21,5.5317537e-33,4.373045e-31,9.077947e-16,4.0896658e-21,1.0,4.362463e-13,2.718154e-25,4.3342095e-19,1.6970495e-14
EFT:9.963687e-21,5.531796e-33,4.373045e-31,9.077982e-16,4.0896973e-21,1.0,4.362455e-13,2.7181645e-25,4.334226e-19,1.6970397e-14
Random718
Raw:9.963687e-21,5.531796e-33,4.373045e-31,9.077982e-16,4.0896815e-21,1.0,4.362455e-13,2.7181645e-25,4.334226e-19,1.6970397e-14
EFT:9.963687e-21,5.531796e-33,4.373045e-31,9.077982e-16,4.0896973e-21,1.0,4.362455e-13,2.7181645e-25,4.334226e-19,1.6970397e-14
Random719
Raw:9.963801e-21,5.531796e-33,4.373078e-31,9.078017e-16,4.0896973e-21,1.0,4.36248e-13,2.718154e-25,4.3342426e-19,1.6970495e-14
EFT:9.963687e-21,5.531796e-33,4.373045e-31,9.077982e-16,4.0896973e-21,1.0,4.362455e-13,2.7181645e-25,4.334226e-19,1.6970397e-14
Random720
Raw:9.963649e-21,5.5317537e-33,4.373045e-31,9.077947e-16,4.0896658e-21,1.0,4.3624465e-13,2.718154e-25,4.3342095e-19,1.6970429e-14
EFT:9.963687e-21,5.531796e-33,4.373045e-31,9.077982e-16,4.0896973e-21,1.0,4.362455e-13,2.7181645e-25,4.334226e-19,1.6970397e-14
Random721
Raw:9.963725e-21,5.531796e-33,4.373045e-31,9.077982e-16,4.0896973e-21,1.0,4.3624715e-13,2.7181645e-25,4.334226e-19,1.6970463e-14
EFT:9.963687e-21,5.531796e-33,4.373045e-31,9.077982e-16,4.0896973e-21,1.0,4.362455e-13,2.7181645e-25,4.334226e-19,1.6970397e-14
Random722
Raw:9.963649e-21,5.5317115e-33,4.3730115e-31,9.077947e-16,4.0896347e-21,1.0,4.3624465e-13,2.7181332e-25,4.3341764e-19,1.6970364e-14
EFT:9.963687e-21,5.531796e-33,4.373045e-31,9.077982e-16,4.0896973e-21,1.0,4.362455e-13,2.7181645e-25,4.334226e-19,1.6970397e-14
Random723
Raw:9.963649e-21,5.5317537e-33,4.3730115e-31,9.077879e-16,4.0896658e-21,1.0,4.362463e-13,2.7181332e-25,4.3341764e-19,1.6970429e-14
EFT:9.963687e-21,5.531796e-33,4.373045e-31,9.077982e-16,4.0896973e-21,1.0,4.362455e-13,2.7181645e-25,4.334226e-19,1.6970397e-14
Random724
Raw:9.963649e-21,5.5317115e-33,4.3730115e-31,9.077947e-16,4.0896347e-21,1.0,4.3624465e-13,2.7181332e-25,4.3341764e-19,1.6970364e-14
EFT:9.963687e-21,5.531796e-33,4.373045e-31,9.077982e-16,4.0896973e-21,1.0,4.362455e-13,2.7181645e-25,4.334226e-19,1.6970397e-14
Random725
Raw:9.963649e-21,5.5317537e-33,4.373045e-31,9.077947e-16,4.0896658e-21,1.0,4.3624465e-13,2.718154e-25,4.3342095e-19,1.6970429e-14
EFT:9.963687e-21,5.531796e-33,4.373045e-31,9.077982e-16,4.0896973e-21,1.0,4.362455e-13,2.7181645e-25,4.334226e-19,1.6970397e-14
Random726
Raw:9.963649e-21,5.5317537e-33,4.373045e-31,9.077947e-16,4.0896658e-21,1.0,4.3624465e-13,2.7181332e-25,4.3342095e-19,1.6970429e-14
EFT:9.963687e-21,5.531796e-33,4.373045e-31,9.077982e-16,4.0896973e-21,1.0,4.362455e-13,2.7181645e-25,4.334226e-19,1.6970397e-14
Random727
Raw:9.963649e-21,5.5317537e-33,4.373045e-31,9.077947e-16,4.0896658e-21,1.0,4.36243e-13,2.7181332e-25,4.3342095e-19,1.6970429e-14
EFT:9.963687e-21,5.531796e-33,4.373045e-31,9.077982e-16,4.0896973e-21,1.0,4.362455e-13,2.7181645e-25,4.334226e-19,1.6970397e-14
Random728
Raw:9.963725e-21,5.531796e-33,4.373045e-31,9.077947e-16,4.0896658e-21,1.0,4.362463e-13,2.718154e-25,4.3342095e-19,1.6970495e-14
EFT:9.963687e-21,5.531796e-33,4.373045e-31,9.077982e-16,4.0896973e-21,1.0,4.362455e-13,2.7181645e-25,4.334226e-19,1.6970397e-14
Random729
Raw:9.963801e-21,5.531796e-33,4.373078e-31,9.078017e-16,4.0897284e-21,1.0,4.3624964e-13,2.718154e-25,4.3342426e-19,1.6970495e-14
EFT:9.963687e-21,5.531796e-33,4.373045e-31,9.077982e-16,4.0896973e-21,1.0,4.362455e-13,2.7181645e-25,4.334226e-19,1.6970397e-14
Random730
Raw:9.963725e-21,5.5317537e-33,4.373045e-31,9.077947e-16,4.0896658e-21,1.0,4.362463e-13,2.718154e-25,4.3342095e-19,1.6970495e-14
EFT:9.963687e-21,5.531796e-33,4.373045e-31,9.077982e-16,4.0896973e-21,1.0,4.362455e-13,2.7181645e-25,4.334226e-19,1.6970397e-14
Random731
Raw:9.963687e-21,5.531796e-33,4.373045e-31,9.077982e-16,4.0896973e-21,1.0,4.362455e-13,2.7181645e-25,4.334226e-19,1.6970397e-14
EFT:9.963687e-21,5.531796e-33,4.373045e-31,9.077982e-16,4.0896973e-21,1.0,4.362455e-13,2.7181645e-25,4.334226e-19,1.6970397e-14
Random732
Raw:9.963725e-21,5.5317537e-33,4.373078e-31,9.078017e-16,4.0896973e-21,1.0,4.362463e-13,2.718154e-25,4.3342426e-19,1.6970429e-14
EFT:9.963687e-21,5.531796e-33,4.373045e-31,9.077982e-16,4.0896973e-21,1.0,4.362455e-13,2.7181645e-25,4.334226e-19,1.6970397e-14
Random733
Raw:9.963649e-21,5.5317537e-33,4.373045e-31,9.077947e-16,4.0896658e-21,1.0,4.3624465e-13,2.718154e-25,4.3342095e-19,1.6970429e-14
EFT:9.963687e-21,5.531796e-33,4.373045e-31,9.077982e-16,4.0896973e-21,1.0,4.362455e-13,2.7181645e-25,4.334226e-19,1.6970397e-14
Random734
Raw:9.963725e-21,5.5317537e-33,4.373045e-31,9.077947e-16,4.0896658e-21,1.0,4.362463e-13,2.718154e-25,4.3342095e-19,1.6970429e-14
EFT:9.963687e-21,5.531796e-33,4.373045e-31,9.077982e-16,4.0896973e-21,1.0,4.362455e-13,2.7181645e-25,4.334226e-19,1.6970397e-14
Random735
Raw:9.963801e-21,5.531796e-33,4.373078e-31,9.078017e-16,4.0896973e-21,1.0,4.36248e-13,2.718154e-25,4.3342426e-19,1.6970495e-14
EFT:9.963687e-21,5.531796e-33,4.373045e-31,9.077982e-16,4.0896973e-21,1.0,4.362455e-13,2.7181645e-25,4.334226e-19,1.6970397e-14
Random736
Raw:9.963725e-21,5.531796e-33,4.373045e-31,9.077982e-16,4.0896973e-21,1.0,4.3624715e-13,2.7181645e-25,4.334226e-19,1.6970463e-14
EFT:9.963687e-21,5.531796e-33,4.373045e-31,9.077982e-16,4.0896973e-21,1.0,4.362455e-13,2.7181645e-25,4.334226e-19,1.6970397e-14
Random737
Raw:9.963687e-21,5.531796e-33,4.373045e-31,9.077982e-16,4.0896973e-21,1.0,4.362455e-13,2.7181645e-25,4.334226e-19,1.6970397e-14
EFT:9.963687e-21,5.531796e-33,4.373045e-31,9.077982e-16,4.0896973e-21,1.0,4.362455e-13,2.7181645e-25,4.334226e-19,1.6970397e-14
Random738
Raw:9.963687e-21,5.531796e-33,4.373045e-31,9.077982e-16,4.0896815e-21,1.0,4.362455e-13,2.7181645e-25,4.334226e-19,1.6970397e-14
EFT:9.963687e-21,5.531796e-33,4.373045e-31,9.077982e-16,4.0896973e-21,1.0,4.362455e-13,2.7181645e-25,4.334226e-19,1.6970397e-14
Random739
Raw:9.963725e-21,5.531796e-33,4.373045e-31,9.077947e-16,4.0896658e-21,1.0,4.362463e-13,2.718154e-25,4.3342095e-19,1.6970495e-14
EFT:9.963687e-21,5.531796e-33,4.373045e-31,9.077982e-16,4.0896973e-21,1.0,4.362455e-13,2.7181645e-25,4.334226e-19,1.6970397e-14
Random740
Raw:9.963725e-21,5.5317537e-33,4.373045e-31,9.077947e-16,4.0896658e-21,1.0,4.362463e-13,2.718154e-25,4.3342095e-19,1.6970495e-14
EFT:9.963687e-21,5.531796e-33,4.373045e-31,9.077982e-16,4.0896973e-21,1.0,4.362455e-13,2.7181645e-25,4.334226e-19,1.6970397e-14
Random741
Raw:9.963649e-21,5.5317537e-33,4.373045e-31,9.077947e-16,4.0896658e-21,1.0,4.3624465e-13,2.718154e-25,4.3342095e-19,1.6970429e-14
EFT:9.963687e-21,5.531796e-33,4.373045e-31,9.077982e-16,4.0896973e-21,1.0,4.362455e-13,2.7181645e-25,4.334226e-19,1.6970397e-14
Random742
Raw:9.963649e-21,5.5317537e-33,4.3730115e-31,9.077879e-16,4.0896658e-21,1.0,4.36248e-13,2.7181332e-25,4.3341764e-19,1.6970429e-14
EFT:9.963687e-21,5.531796e-33,4.373045e-31,9.077982e-16,4.0896973e-21,1.0,4.362455e-13,2.7181645e-25,4.334226e-19,1.6970397e-14
Random743
Raw:9.963687e-21,5.531796e-33,4.373045e-31,9.077982e-16,4.0896973e-21,1.0,4.362455e-13,2.7181645e-25,4.334226e-19,1.6970397e-14
EFT:9.963687e-21,5.531796e-33,4.373045e-31,9.077982e-16,4.0896973e-21,1.0,4.362455e-13,2.7181645e-25,4.334226e-19,1.6970397e-14
Random744
Raw:9.963649e-21,5.5317537e-33,4.3730115e-31,9.077879e-16,4.0896658e-21,1.0,4.36248e-13,2.7181332e-25,4.3341764e-19,1.6970429e-14
EFT:9.963687e-21,5.531796e-33,4.373045e-31,9.077982e-16,4.0896973e-21,1.0,4.362455e-13,2.7181645e-25,4.334226e-19,1.6970397e-14
Random745
Raw:9.963687e-21,5.531796e-33,4.373045e-31,9.077982e-16,4.0896973e-21,1.0,4.362455e-13,2.7181645e-25,4.334226e-19,1.6970397e-14
EFT:9.963687e-21,5.531796e-33,4.373045e-31,9.077982e-16,4.0896973e-21,1.0,4.362455e-13,2.7181645e-25,4.334226e-19,1.6970397e-14
Random746
Raw:9.963649e-21,5.5317115e-33,4.3730115e-31,9.077947e-16,4.0896658e-21,1.0,4.362463e-13,2.7181332e-25,4.3341764e-19,1.6970429e-14
EFT:9.963687e-21,5.531796e-33,4.373045e-31,9.077982e-16,4.0896973e-21,1.0,4.362455e-13,2.7181645e-25,4.334226e-19,1.6970397e-14
Random747
Raw:9.963687e-21,5.531796e-33,4.373045e-31,9.077982e-16,4.0896658e-21,1.0,4.3624381e-13,2.7181438e-25,4.334226e-19,1.6970332e-14
EFT:9.963687e-21,5.531796e-33,4.373045e-31,9.077982e-16,4.0896973e-21,1.0,4.362455e-13,2.7181645e-25,4.334226e-19,1.6970397e-14
Random748
Raw:9.963725e-21,5.531796e-33,4.373045e-31,9.077947e-16,4.0896973e-21,1.0,4.3624715e-13,2.7181645e-25,4.334226e-19,1.6970463e-14
EFT:9.963687e-21,5.531796e-33,4.373045e-31,9.077982e-16,4.0896973e-21,1.0,4.362455e-13,2.7181645e-25,4.334226e-19,1.6970397e-14
Random749
Raw:9.963649e-21,5.5317537e-33,4.373045e-31,9.077947e-16,4.0896658e-21,1.0,4.3624465e-13,2.718154e-25,4.3342095e-19,1.6970429e-14
EFT:9.963687e-21,5.531796e-33,4.373045e-31,9.077982e-16,4.0896973e-21,1.0,4.362455e-13,2.7181645e-25,4.334226e-19,1.6970397e-14
Random750
Raw:9.963801e-21,5.531796e-33,4.373078e-31,9.078017e-16,4.0896973e-21,1.0,4.36248e-13,2.718154e-25,4.3342426e-19,1.6970495e-14
EFT:9.963687e-21,5.531796e-33,4.373045e-31,9.077982e-16,4.0896973e-21,1.0,4.362455e-13,2.7181645e-25,4.334226e-19,1.6970397e-14
Random751
Raw:9.963801e-21,5.5317537e-33,4.373078e-31,9.078017e-16,4.0896973e-21,1.0,4.362463e-13,2.718154e-25,4.3342426e-19,1.6970429e-14
EFT:9.963687e-21,5.531796e-33,4.373045e-31,9.077982e-16,4.0896973e-21,1.0,4.362455e-13,2.7181645e-25,4.334226e-19,1.6970397e-14
Random752
Raw:9.963649e-21,5.5317115e-33,4.3730115e-31,9.077947e-16,4.0896347e-21,1.0,4.3624465e-13,2.7181332e-25,4.3341764e-19,1.6970364e-14
EFT:9.963687e-21,5.531796e-33,4.373045e-31,9.077982e-16,4.0896973e-21,1.0,4.362455e-13,2.7181645e-25,4.334226e-19,1.6970397e-14
Random753
Raw:9.963801e-21,5.5317537e-33,4.373078e-31,9.078017e-16,4.0896973e-21,1.0,4.362463e-13,2.718154e-25,4.3342426e-19,1.6970429e-14
EFT:9.963687e-21,5.531796e-33,4.373045e-31,9.077982e-16,4.0896973e-21,1.0,4.362455e-13,2.7181645e-25,4.334226e-19,1.6970397e-14
Random754
Raw:9.963687e-21,5.531796e-33,4.373045e-31,9.077982e-16,4.0896973e-21,1.0,4.362455e-13,2.7181645e-25,4.334226e-19,1.6970397e-14
EFT:9.963687e-21,5.531796e-33,4.373045e-31,9.077982e-16,4.0896973e-21,1.0,4.362455e-13,2.7181645e-25,4.334226e-19,1.6970397e-14
Random755
Raw:9.963649e-21,5.5317537e-33,4.373045e-31,9.077947e-16,4.0896658e-21,1.0,4.3624465e-13,2.718154e-25,4.3342095e-19,1.6970429e-14
EFT:9.963687e-21,5.531796e-33,4.373045e-31,9.077982e-16,4.0896973e-21,1.0,4.362455e-13,2.7181645e-25,4.334226e-19,1.6970397e-14
Random756
Raw:9.963725e-21,5.5317537e-33,4.373078e-31,9.078017e-16,4.0896973e-21,1.0,4.362463e-13,2.718154e-25,4.3342426e-19,1.6970429e-14
EFT:9.963687e-21,5.531796e-33,4.373045e-31,9.077982e-16,4.0896973e-21,1.0,4.362455e-13,2.7181645e-25,4.334226e-19,1.6970397e-14
Random757
Raw:9.963649e-21,5.5317115e-33,4.3730115e-31,9.077947e-16,4.0896658e-21,1.0,4.362463e-13,2.7181332e-25,4.3341764e-19,1.6970429e-14
EFT:9.963687e-21,5.531796e-33,4.373045e-31,9.077982e-16,4.0896973e-21,1.0,4.362455e-13,2.7181645e-25,4.334226e-19,1.6970397e-14
Random758
Raw:9.963649e-21,5.5317537e-33,4.3730115e-31,9.077879e-16,4.0896658e-21,1.0,4.362463e-13,2.7181332e-25,4.3341764e-19,1.6970429e-14
EFT:9.963687e-21,5.531796e-33,4.373045e-31,9.077982e-16,4.0896973e-21,1.0,4.362455e-13,2.7181645e-25,4.334226e-19,1.6970397e-14
Random759
Raw:9.963649e-21,5.5317537e-33,4.373045e-31,9.077947e-16,4.0896658e-21,1.0,4.3624465e-13,2.718154e-25,4.3342095e-19,1.6970429e-14
EFT:9.963687e-21,5.531796e-33,4.373045e-31,9.077982e-16,4.0896973e-21,1.0,4.362455e-13,2.7181645e-25,4.334226e-19,1.6970397e-14
Random760
Raw:9.963801e-21,5.5317537e-33,4.373078e-31,9.078017e-16,4.0896973e-21,1.0,4.36248e-13,2.718154e-25,4.3342426e-19,1.6970495e-14
EFT:9.963687e-21,5.531796e-33,4.373045e-31,9.077982e-16,4.0896973e-21,1.0,4.362455e-13,2.7181645e-25,4.334226e-19,1.6970397e-14
Random761
Raw:9.963725e-21,5.5317537e-33,4.373045e-31,9.077947e-16,4.0896658e-21,1.0,4.362463e-13,2.718154e-25,4.3342095e-19,1.6970495e-14
EFT:9.963687e-21,5.531796e-33,4.373045e-31,9.077982e-16,4.0896973e-21,1.0,4.362455e-13,2.7181645e-25,4.334226e-19,1.6970397e-14
Random762
Raw:9.963725e-21,5.531796e-33,4.373045e-31,9.077947e-16,4.0896973e-21,1.0,4.36248e-13,2.718154e-25,4.3342095e-19,1.6970495e-14
EFT:9.963687e-21,5.531796e-33,4.373045e-31,9.077982e-16,4.0896973e-21,1.0,4.362455e-13,2.7181645e-25,4.334226e-19,1.6970397e-14
Random763
Raw:9.963725e-21,5.531796e-33,4.373045e-31,9.077947e-16,4.0896973e-21,1.0,4.3624715e-13,2.7181645e-25,4.334226e-19,1.6970463e-14
EFT:9.963687e-21,5.531796e-33,4.373045e-31,9.077982e-16,4.0896973e-21,1.0,4.362455e-13,2.7181645e-25,4.334226e-19,1.6970397e-14
Random764
Raw:9.963801e-21,5.531796e-33,4.373111e-31,9.078086e-16,4.0897284e-21,1.0,4.36248e-13,2.7181748e-25,4.3342426e-19,1.6970495e-14
EFT:9.963687e-21,5.531796e-33,4.373045e-31,9.077982e-16,4.0896973e-21,1.0,4.362455e-13,2.7181645e-25,4.334226e-19,1.6970397e-14
Random765
Raw:9.963725e-21,5.5317537e-33,4.373078e-31,9.078017e-16,4.0896973e-21,1.0,4.3624465e-13,2.7181332e-25,4.3342426e-19,1.6970429e-14
EFT:9.963687e-21,5.531796e-33,4.373045e-31,9.077982e-16,4.0896973e-21,1.0,4.362455e-13,2.7181645e-25,4.334226e-19,1.6970397e-14
Random766
Raw:9.963725e-21,5.531796e-33,4.373045e-31,9.077947e-16,4.0896658e-21,1.0,4.362463e-13,2.718154e-25,4.3342095e-19,1.6970495e-14
EFT:9.963687e-21,5.531796e-33,4.373045e-31,9.077982e-16,4.0896973e-21,1.0,4.362455e-13,2.7181645e-25,4.334226e-19,1.6970397e-14
Random767
Raw:9.963725e-21,5.531796e-33,4.373045e-31,9.077947e-16,4.0897126e-21,1.0,4.3624715e-13,2.7181645e-25,4.334226e-19,1.6970463e-14
EFT:9.963687e-21,5.531796e-33,4.373045e-31,9.077982e-16,4.0896973e-21,1.0,4.362455e-13,2.7181645e-25,4.334226e-19,1.6970397e-14
Random768
Raw:9.963725e-21,5.531796e-33,4.373045e-31,9.077947e-16,4.0896973e-21,1.0,4.36248e-13,2.718154e-25,4.3342095e-19,1.6970495e-14
EFT:9.963687e-21,5.531796e-33,4.373045e-31,9.077982e-16,4.0896973e-21,1.0,4.362455e-13,2.7181645e-25,4.334226e-19,1.6970397e-14
Random769
Raw:9.963687e-21,5.531796e-33,4.373045e-31,9.077982e-16,4.0896973e-21,1.0,4.362455e-13,2.7181645e-25,4.334226e-19,1.6970397e-14
EFT:9.963687e-21,5.531796e-33,4.373045e-31,9.077982e-16,4.0896973e-21,1.0,4.362455e-13,2.7181645e-25,4.334226e-19,1.6970397e-14
Random770
Raw:9.963801e-21,5.531796e-33,4.373111e-31,9.078017e-16,4.0897284e-21,1.0,4.3624964e-13,2.7181748e-25,4.3342426e-19,1.697056e-14
EFT:9.963687e-21,5.531796e-33,4.373045e-31,9.077982e-16,4.0896973e-21,1.0,4.362455e-13,2.7181645e-25,4.334226e-19,1.6970397e-14
Random771
Raw:9.963725e-21,5.531796e-33,4.373045e-31,9.077982e-16,4.0896973e-21,1.0,4.3624715e-13,2.7181645e-25,4.334226e-19,1.6970397e-14
EFT:9.963687e-21,5.531796e-33,4.373045e-31,9.077982e-16,4.0896973e-21,1.0,4.362455e-13,2.7181645e-25,4.334226e-19,1.6970397e-14
Random772
Raw:9.963687e-21,5.531796e-33,4.373045e-31,9.077982e-16,4.0896815e-21,1.0,4.362455e-13,2.7181645e-25,4.334226e-19,1.6970397e-14
EFT:9.963687e-21,5.531796e-33,4.373045e-31,9.077982e-16,4.0896973e-21,1.0,4.362455e-13,2.7181645e-25,4.334226e-19,1.6970397e-14
Random773
Raw:9.963801e-21,5.531796e-33,4.373078e-31,9.078017e-16,4.0897284e-21,1.0,4.3624964e-13,2.718154e-25,4.3342426e-19,1.6970495e-14
EFT:9.963687e-21,5.531796e-33,4.373045e-31,9.077982e-16,4.0896973e-21,1.0,4.362455e-13,2.7181645e-25,4.334226e-19,1.6970397e-14
Random774
Raw:9.963801e-21,5.5317537e-33,4.373078e-31,9.078017e-16,4.0896973e-21,1.0,4.36248e-13,2.718154e-25,4.3342426e-19,1.6970429e-14
EFT:9.963687e-21,5.531796e-33,4.373045e-31,9.077982e-16,4.0896973e-21,1.0,4.362455e-13,2.7181645e-25,4.334226e-19,1.6970397e-14
Random775
Raw:9.963725e-21,5.5317537e-33,4.373045e-31,9.077947e-16,4.0896658e-21,1.0,4.362463e-13,2.718154e-25,4.3342095e-19,1.6970495e-14
EFT:9.963687e-21,5.531796e-33,4.373045e-31,9.077982e-16,4.0896973e-21,1.0,4.362455e-13,2.7181645e-25,4.334226e-19,1.6970397e-14
Random776
Raw:9.963725e-21,5.531796e-33,4.373045e-31,9.077947e-16,4.0896973e-21,1.0,4.36248e-13,2.718154e-25,4.3342095e-19,1.6970495e-14
EFT:9.963687e-21,5.531796e-33,4.373045e-31,9.077982e-16,4.0896973e-21,1.0,4.362455e-13,2.7181645e-25,4.334226e-19,1.6970397e-14
Random777
Raw:9.963725e-21,5.5317537e-33,4.373045e-31,9.077947e-16,4.0896658e-21,1.0,4.362463e-13,2.718154e-25,4.3342095e-19,1.6970495e-14
EFT:9.963687e-21,5.531796e-33,4.373045e-31,9.077982e-16,4.0896973e-21,1.0,4.362455e-13,2.7181645e-25,4.334226e-19,1.6970397e-14
Random778
Raw:9.963801e-21,5.531838e-33,4.3731446e-31,9.078086e-16,4.0897126e-21,1.0,4.362488e-13,2.7181955e-25,4.3342592e-19,1.6970527e-14
EFT:9.963687e-21,5.531796e-33,4.373045e-31,9.077982e-16,4.0896973e-21,1.0,4.362455e-13,2.7181645e-25,4.334226e-19,1.6970397e-14
Random779
Raw:9.963725e-21,5.531796e-33,4.373045e-31,9.077982e-16,4.0896973e-21,1.0,4.3624715e-13,2.7181645e-25,4.334226e-19,1.6970463e-14
EFT:9.963687e-21,5.531796e-33,4.373045e-31,9.077982e-16,4.0896973e-21,1.0,4.362455e-13,2.7181645e-25,4.334226e-19,1.6970397e-14
Random780
Raw:9.963725e-21,5.531796e-33,4.373045e-31,9.077982e-16,4.0896973e-21,1.0,4.3624715e-13,2.7181645e-25,4.334226e-19,1.6970463e-14
EFT:9.963687e-21,5.531796e-33,4.373045e-31,9.077982e-16,4.0896973e-21,1.0,4.362455e-13,2.7181645e-25,4.334226e-19,1.6970397e-14
Random781
Raw:9.963649e-21,5.5317537e-33,4.373045e-31,9.077947e-16,4.0896658e-21,1.0,4.3624465e-13,2.718154e-25,4.3342095e-19,1.6970429e-14
EFT:9.963687e-21,5.531796e-33,4.373045e-31,9.077982e-16,4.0896973e-21,1.0,4.362455e-13,2.7181645e-25,4.334226e-19,1.6970397e-14
Random782
Raw:9.963801e-21,5.5317537e-33,4.373078e-31,9.078017e-16,4.0896973e-21,1.0,4.36248e-13,2.718154e-25,4.3342426e-19,1.6970495e-14
EFT:9.963687e-21,5.531796e-33,4.373045e-31,9.077982e-16,4.0896973e-21,1.0,4.362455e-13,2.7181645e-25,4.334226e-19,1.6970397e-14
Random783
Raw:9.963687e-21,5.531796e-33,4.373045e-31,9.077982e-16,4.0896815e-21,1.0,4.3624381e-13,2.7181438e-25,4.334226e-19,1.6970397e-14
EFT:9.963687e-21,5.531796e-33,4.373045e-31,9.077982e-16,4.0896973e-21,1.0,4.362455e-13,2.7181645e-25,4.334226e-19,1.6970397e-14
Random784
Raw:9.963725e-21,5.531796e-33,4.373045e-31,9.077947e-16,4.0896973e-21,1.0,4.3624715e-13,2.7181645e-25,4.334226e-19,1.6970463e-14
EFT:9.963687e-21,5.531796e-33,4.373045e-31,9.077982e-16,4.0896973e-21,1.0,4.362455e-13,2.7181645e-25,4.334226e-19,1.6970397e-14
Random785
Raw:9.963725e-21,5.531796e-33,4.373045e-31,9.077982e-16,4.0896973e-21,1.0,4.3624715e-13,2.7181645e-25,4.334226e-19,1.6970463e-14
EFT:9.963687e-21,5.531796e-33,4.373045e-31,9.077982e-16,4.0896973e-21,1.0,4.362455e-13,2.7181645e-25,4.334226e-19,1.6970397e-14
Random786
Raw:9.963801e-21,5.5317537e-33,4.373078e-31,9.078017e-16,4.0896973e-21,1.0,4.36248e-13,2.718154e-25,4.3342426e-19,1.6970495e-14
EFT:9.963687e-21,5.531796e-33,4.373045e-31,9.077982e-16,4.0896973e-21,1.0,4.362455e-13,2.7181645e-25,4.334226e-19,1.6970397e-14
Random787
Raw:9.963649e-21,5.5317537e-33,4.373045e-31,9.077947e-16,4.0896658e-21,1.0,4.3624465e-13,2.718154e-25,4.3342095e-19,1.6970429e-14
EFT:9.963687e-21,5.531796e-33,4.373045e-31,9.077982e-16,4.0896973e-21,1.0,4.362455e-13,2.7181645e-25,4.334226e-19,1.6970397e-14
Random788
Raw:9.963725e-21,5.531796e-33,4.373045e-31,9.077982e-16,4.0896973e-21,1.0,4.3624715e-13,2.7181645e-25,4.334226e-19,1.6970397e-14
EFT:9.963687e-21,5.531796e-33,4.373045e-31,9.077982e-16,4.0896973e-21,1.0,4.362455e-13,2.7181645e-25,4.334226e-19,1.6970397e-14
Random789
Raw:9.963649e-21,5.5317115e-33,4.3730115e-31,9.077947e-16,4.0896658e-21,1.0,4.362463e-13,2.7181332e-25,4.3341764e-19,1.6970429e-14
EFT:9.963687e-21,5.531796e-33,4.373045e-31,9.077982e-16,4.0896973e-21,1.0,4.362455e-13,2.7181645e-25,4.334226e-19,1.6970397e-14
Random790
Raw:9.963725e-21,5.5317537e-33,4.373045e-31,9.077947e-16,4.0896658e-21,1.0,4.362463e-13,2.718154e-25,4.3342095e-19,1.6970429e-14
EFT:9.963687e-21,5.531796e-33,4.373045e-31,9.077982e-16,4.0896973e-21,1.0,4.362455e-13,2.7181645e-25,4.334226e-19,1.6970397e-14
Random791
Raw:9.963725e-21,5.5317537e-33,4.373045e-31,9.077947e-16,4.0896658e-21,1.0,4.362463e-13,2.718154e-25,4.3342095e-19,1.6970495e-14
EFT:9.963687e-21,5.531796e-33,4.373045e-31,9.077982e-16,4.0896973e-21,1.0,4.362455e-13,2.7181645e-25,4.334226e-19,1.6970397e-14
Random792
Raw:9.963649e-21,5.5317537e-33,4.373045e-31,9.077947e-16,4.0896658e-21,1.0,4.3624465e-13,2.7181332e-25,4.3342095e-19,1.6970429e-14
EFT:9.963687e-21,5.531796e-33,4.373045e-31,9.077982e-16,4.0896973e-21,1.0,4.362455e-13,2.7181645e-25,4.334226e-19,1.6970397e-14
Random793
Raw:9.963801e-21,5.531796e-33,4.373111e-31,9.078086e-16,4.0897284e-21,1.0,4.36248e-13,2.7181748e-25,4.3342426e-19,1.6970495e-14
EFT:9.963687e-21,5.531796e-33,4.373045e-31,9.077982e-16,4.0896973e-21,1.0,4.362455e-13,2.7181645e-25,4.334226e-19,1.6970397e-14
Random794
Raw:9.963649e-21,5.5317537e-33,4.373045e-31,9.077947e-16,4.0896658e-21,1.0,4.3624465e-13,2.718154e-25,4.3342095e-19,1.6970429e-14
EFT:9.963687e-21,5.531796e-33,4.373045e-31,9.077982e-16,4.0896973e-21,1.0,4.362455e-13,2.7181645e-25,4.334226e-19,1.6970397e-14
Random795
Raw:9.963725e-21,5.531796e-33,4.373045e-31,9.077947e-16,4.0897126e-21,1.0,4.362488e-13,2.7181645e-25,4.334226e-19,1.6970463e-14
EFT:9.963687e-21,5.531796e-33,4.373045e-31,9.077982e-16,4.0896973e-21,1.0,4.362455e-13,2.7181645e-25,4.334226e-19,1.6970397e-14
Random796
Raw:9.963725e-21,5.531796e-33,4.373045e-31,9.077947e-16,4.0897126e-21,1.0,4.3624715e-13,2.7181645e-25,4.334226e-19,1.6970463e-14
EFT:9.963687e-21,5.531796e-33,4.373045e-31,9.077982e-16,4.0896973e-21,1.0,4.362455e-13,2.7181645e-25,4.334226e-19,1.6970397e-14
Random797
Raw:9.963725e-21,5.5317537e-33,4.373078e-31,9.078017e-16,4.0896973e-21,1.0,4.362463e-13,2.7181332e-25,4.3342426e-19,1.6970429e-14
EFT:9.963687e-21,5.531796e-33,4.373045e-31,9.077982e-16,4.0896973e-21,1.0,4.362455e-13,2.7181645e-25,4.334226e-19,1.6970397e-14
Random798
Raw:9.963725e-21,5.531796e-33,4.373045e-31,9.077947e-16,4.0896973e-21,1.0,4.3624715e-13,2.7181645e-25,4.334226e-19,1.6970463e-14
EFT:9.963687e-21,5.531796e-33,4.373045e-31,9.077982e-16,4.0896973e-21,1.0,4.362455e-13,2.7181645e-25,4.334226e-19,1.6970397e-14
Random799
Raw:9.963725e-21,5.531796e-33,4.373045e-31,9.077947e-16,4.0896658e-21,1.0,4.362463e-13,2.718154e-25,4.3342095e-19,1.6970495e-14
EFT:9.963687e-21,5.531796e-33,4.373045e-31,9.077982e-16,4.0896973e-21,1.0,4.362455e-13,2.7181645e-25,4.334226e-19,1.6970397e-14
Random800
Raw:9.963801e-21,5.5317537e-33,4.373078e-31,9.078017e-16,4.0896973e-21,1.0,4.36248e-13,2.718154e-25,4.3342426e-19,1.6970495e-14
EFT:9.963687e-21,5.531796e-33,4.373045e-31,9.077982e-16,4.0896973e-21,1.0,4.362455e-13,2.7181645e-25,4.334226e-19,1.6970397e-14
Random801
Raw:9.963649e-21,5.5317115e-33,4.3730115e-31,9.077947e-16,4.0896658e-21,1.0,4.362463e-13,2.7181332e-25,4.3341764e-19,1.6970364e-14
EFT:9.963687e-21,5.531796e-33,4.373045e-31,9.077982e-16,4.0896973e-21,1.0,4.362455e-13,2.7181645e-25,4.334226e-19,1.6970397e-14
Random802
Raw:9.963725e-21,5.531796e-33,4.373045e-31,9.077947e-16,4.0896658e-21,1.0,4.362463e-13,2.718154e-25,4.3342095e-19,1.6970495e-14
EFT:9.963687e-21,5.531796e-33,4.373045e-31,9.077982e-16,4.0896973e-21,1.0,4.362455e-13,2.7181645e-25,4.334226e-19,1.6970397e-14
Random803
Raw:9.963649e-21,5.5317115e-33,4.3730115e-31,9.077947e-16,4.0896658e-21,1.0,4.3624465e-13,2.7181332e-25,4.3341764e-19,1.6970364e-14
EFT:9.963687e-21,5.531796e-33,4.373045e-31,9.077982e-16,4.0896973e-21,1.0,4.362455e-13,2.7181645e-25,4.334226e-19,1.6970397e-14
Random804
Raw:9.963725e-21,5.531796e-33,4.373045e-31,9.077982e-16,4.0896973e-21,1.0,4.3624715e-13,2.7181645e-25,4.334226e-19,1.6970463e-14
EFT:9.963687e-21,5.531796e-33,4.373045e-31,9.077982e-16,4.0896973e-21,1.0,4.362455e-13,2.7181645e-25,4.334226e-19,1.6970397e-14
Random805
Raw:9.963725e-21,5.531796e-33,4.373045e-31,9.077947e-16,4.0896973e-21,1.0,4.36248e-13,2.718154e-25,4.3342095e-19,1.6970495e-14
EFT:9.963687e-21,5.531796e-33,4.373045e-31,9.077982e-16,4.0896973e-21,1.0,4.362455e-13,2.7181645e-25,4.334226e-19,1.6970397e-14
Random806
Raw:9.963725e-21,5.5317537e-33,4.373045e-31,9.077947e-16,4.0896658e-21,1.0,4.362463e-13,2.718154e-25,4.3342095e-19,1.6970495e-14
EFT:9.963687e-21,5.531796e-33,4.373045e-31,9.077982e-16,4.0896973e-21,1.0,4.362455e-13,2.7181645e-25,4.334226e-19,1.6970397e-14
Random807
Raw:9.963801e-21,5.5317537e-33,4.373078e-31,9.078017e-16,4.0896973e-21,1.0,4.36248e-13,2.718154e-25,4.3342426e-19,1.6970495e-14
EFT:9.963687e-21,5.531796e-33,4.373045e-31,9.077982e-16,4.0896973e-21,1.0,4.362455e-13,2.7181645e-25,4.334226e-19,1.6970397e-14
Random808
Raw:9.963725e-21,5.531796e-33,4.373045e-31,9.077982e-16,4.0896973e-21,1.0,4.3624715e-13,2.7181645e-25,4.334226e-19,1.6970463e-14
EFT:9.963687e-21,5.531796e-33,4.373045e-31,9.077982e-16,4.0896973e-21,1.0,4.362455e-13,2.7181645e-25,4.334226e-19,1.6970397e-14
Random809
Raw:9.963649e-21,5.5316692e-33,4.372978e-31,9.077914e-16,4.0896504e-21,1.0,4.362455e-13,2.7181124e-25,4.3341764e-19,1.6970332e-14
EFT:9.963687e-21,5.531796e-33,4.373045e-31,9.077982e-16,4.0896973e-21,1.0,4.362455e-13,2.7181645e-25,4.334226e-19,1.6970397e-14
Random810
Raw:9.96361e-21,5.5316692e-33,4.372978e-31,9.077947e-16,4.0896193e-21,1.0,4.3624216e-13,2.7180917e-25,4.3341764e-19,1.6970268e-14
EFT:9.963687e-21,5.531796e-33,4.373045e-31,9.077982e-16,4.0896973e-21,1.0,4.362455e-13,2.7181645e-25,4.334226e-19,1.6970397e-14
Random811
Raw:9.963725e-21,5.5317537e-33,4.373045e-31,9.077947e-16,4.0896658e-21,1.0,4.362463e-13,2.718154e-25,4.3342095e-19,1.6970429e-14
EFT:9.963687e-21,5.531796e-33,4.373045e-31,9.077982e-16,4.0896973e-21,1.0,4.362455e-13,2.7181645e-25,4.334226e-19,1.6970397e-14
Random812
Raw:9.963649e-21,5.5317537e-33,4.373045e-31,9.077947e-16,4.0896658e-21,1.0,4.3624465e-13,2.718154e-25,4.3342095e-19,1.6970429e-14
EFT:9.963687e-21,5.531796e-33,4.373045e-31,9.077982e-16,4.0896973e-21,1.0,4.362455e-13,2.7181645e-25,4.334226e-19,1.6970397e-14
Random813
Raw:9.963649e-21,5.5317537e-33,4.3730115e-31,9.077879e-16,4.0896658e-21,1.0,4.36248e-13,2.7181332e-25,4.3341764e-19,1.6970429e-14
EFT:9.963687e-21,5.531796e-33,4.373045e-31,9.077982e-16,4.0896973e-21,1.0,4.362455e-13,2.7181645e-25,4.334226e-19,1.6970397e-14
Random814
Raw:9.963687e-21,5.531796e-33,4.373045e-31,9.077982e-16,4.0896815e-21,1.0,4.362455e-13,2.7181645e-25,4.334226e-19,1.6970397e-14
EFT:9.963687e-21,5.531796e-33,4.373045e-31,9.077982e-16,4.0896973e-21,1.0,4.362455e-13,2.7181645e-25,4.334226e-19,1.6970397e-14
Random815
Raw:9.963649e-21,5.5317115e-33,4.3730115e-31,9.077947e-16,4.0896658e-21,1.0,4.3624465e-13,2.7181332e-25,4.3341764e-19,1.6970364e-14
EFT:9.963687e-21,5.531796e-33,4.373045e-31,9.077982e-16,4.0896973e-21,1.0,4.362455e-13,2.7181645e-25,4.334226e-19,1.6970397e-14
Random816
Raw:9.963649e-21,5.5317115e-33,4.3730115e-31,9.077947e-16,4.0896347e-21,1.0,4.3624465e-13,2.7181332e-25,4.3341764e-19,1.6970364e-14
EFT:9.963687e-21,5.531796e-33,4.373045e-31,9.077982e-16,4.0896973e-21,1.0,4.362455e-13,2.7181645e-25,4.334226e-19,1.6970397e-14
Random817
Raw:9.963725e-21,5.531796e-33,4.373045e-31,9.077947e-16,4.0896973e-21,1.0,4.3624715e-13,2.7181645e-25,4.334226e-19,1.6970463e-14
EFT:9.963687e-21,5.531796e-33,4.373045e-31,9.077982e-16,4.0896973e-21,1.0,4.362455e-13,2.7181645e-25,4.334226e-19,1.6970397e-14
Random818
Raw:9.963801e-21,5.531796e-33,4.373111e-31,9.078086e-16,4.0897284e-21,1.0,4.3624964e-13,2.7181748e-25,4.3342426e-19,1.6970495e-14
EFT:9.963687e-21,5.531796e-33,4.373045e-31,9.077982e-16,4.0896973e-21,1.0,4.362455e-13,2.7181645e-25,4.334226e-19,1.6970397e-14
Random819
Raw:9.963801e-21,5.531838e-33,4.3731446e-31,9.078086e-16,4.0897284e-21,1.0,4.362488e-13,2.7181955e-25,4.3342592e-19,1.6970527e-14
EFT:9.963687e-21,5.531796e-33,4.373045e-31,9.077982e-16,4.0896973e-21,1.0,4.362455e-13,2.7181645e-25,4.334226e-19,1.6970397e-14
Random820
Raw:9.963649e-21,5.5317115e-33,4.3730115e-31,9.077947e-16,4.0896658e-21,1.0,4.362463e-13,2.7181332e-25,4.3341764e-19,1.6970429e-14
EFT:9.963687e-21,5.531796e-33,4.373045e-31,9.077982e-16,4.0896973e-21,1.0,4.362455e-13,2.7181645e-25,4.334226e-19,1.6970397e-14
Random821
Raw:9.963687e-21,5.531796e-33,4.373045e-31,9.077982e-16,4.0896973e-21,1.0,4.362455e-13,2.7181645e-25,4.334226e-19,1.6970397e-14
EFT:9.963687e-21,5.531796e-33,4.373045e-31,9.077982e-16,4.0896973e-21,1.0,4.362455e-13,2.7181645e-25,4.334226e-19,1.6970397e-14
Random822
Raw:9.963725e-21,5.5317537e-33,4.373045e-31,9.077947e-16,4.0896658e-21,1.0,4.362463e-13,2.718154e-25,4.3342095e-19,1.6970495e-14
EFT:9.963687e-21,5.531796e-33,4.373045e-31,9.077982e-16,4.0896973e-21,1.0,4.362455e-13,2.7181645e-25,4.334226e-19,1.6970397e-14
Random823
Raw:9.963725e-21,5.5317537e-33,4.373045e-31,9.077947e-16,4.0896658e-21,1.0,4.362463e-13,2.718154e-25,4.3342095e-19,1.6970429e-14
EFT:9.963687e-21,5.531796e-33,4.373045e-31,9.077982e-16,4.0896973e-21,1.0,4.362455e-13,2.7181645e-25,4.334226e-19,1.6970397e-14
Random824
Raw:9.963801e-21,5.531796e-33,4.373111e-31,9.078086e-16,4.0897284e-21,1.0,4.36248e-13,2.7181748e-25,4.3342426e-19,1.6970495e-14
EFT:9.963687e-21,5.531796e-33,4.373045e-31,9.077982e-16,4.0896973e-21,1.0,4.362455e-13,2.7181645e-25,4.334226e-19,1.6970397e-14
Random825
Raw:9.963725e-21,5.5317537e-33,4.373078e-31,9.078017e-16,4.0896973e-21,1.0,4.362463e-13,2.718154e-25,4.3342426e-19,1.6970429e-14
EFT:9.963687e-21,5.531796e-33,4.373045e-31,9.077982e-16,4.0896973e-21,1.0,4.362455e-13,2.7181645e-25,4.334226e-19,1.6970397e-14
Random826
Raw:9.963725e-21,5.531796e-33,4.373045e-31,9.077982e-16,4.0896973e-21,1.0,4.3624715e-13,2.7181645e-25,4.334226e-19,1.6970463e-14
EFT:9.963687e-21,5.531796e-33,4.373045e-31,9.077982e-16,4.0896973e-21,1.0,4.362455e-13,2.7181645e-25,4.334226e-19,1.6970397e-14
Random827
Raw:9.963649e-21,5.5317537e-33,4.373045e-31,9.077947e-16,4.0896658e-21,1.0,4.3624465e-13,2.718154e-25,4.3342095e-19,1.6970429e-14
EFT:9.963687e-21,5.531796e-33,4.373045e-31,9.077982e-16,4.0896973e-21,1.0,4.362455e-13,2.7181645e-25,4.334226e-19,1.6970397e-14
Random828
Raw:9.963725e-21,5.531796e-33,4.373045e-31,9.077982e-16,4.0896973e-21,1.0,4.3624715e-13,2.7181645e-25,4.334226e-19,1.6970463e-14
EFT:9.963687e-21,5.531796e-33,4.373045e-31,9.077982e-16,4.0896973e-21,1.0,4.362455e-13,2.7181645e-25,4.334226e-19,1.6970397e-14
Random829
Raw:9.963725e-21,5.5317537e-33,4.373045e-31,9.077947e-16,4.0896658e-21,1.0,4.362463e-13,2.718154e-25,4.3342095e-19,1.6970495e-14
EFT:9.963687e-21,5.531796e-33,4.373045e-31,9.077982e-16,4.0896973e-21,1.0,4.362455e-13,2.7181645e-25,4.334226e-19,1.6970397e-14
Random830
Raw:9.963649e-21,5.5317537e-33,4.3730115e-31,9.077947e-16,4.0896658e-21,1.0,4.362463e-13,2.7181332e-25,4.3341764e-19,1.6970429e-14
EFT:9.963687e-21,5.531796e-33,4.373045e-31,9.077982e-16,4.0896973e-21,1.0,4.362455e-13,2.7181645e-25,4.334226e-19,1.6970397e-14
Random831
Raw:9.963725e-21,5.531796e-33,4.373045e-31,9.077982e-16,4.0896973e-21,1.0,4.3624715e-13,2.7181645e-25,4.334226e-19,1.6970397e-14
EFT:9.963687e-21,5.531796e-33,4.373045e-31,9.077982e-16,4.0896973e-21,1.0,4.362455e-13,2.7181645e-25,4.334226e-19,1.6970397e-14
Random832
Raw:9.963649e-21,5.5317115e-33,4.3730115e-31,9.077947e-16,4.0896347e-21,1.0,4.3624465e-13,2.7181332e-25,4.3341764e-19,1.6970364e-14
EFT:9.963687e-21,5.531796e-33,4.373045e-31,9.077982e-16,4.0896973e-21,1.0,4.362455e-13,2.7181645e-25,4.334226e-19,1.6970397e-14
Random833
Raw:9.963725e-21,5.5317537e-33,4.373045e-31,9.077947e-16,4.0896658e-21,1.0,4.362463e-13,2.718154e-25,4.3342095e-19,1.6970495e-14
EFT:9.963687e-21,5.531796e-33,4.373045e-31,9.077982e-16,4.0896973e-21,1.0,4.362455e-13,2.7181645e-25,4.334226e-19,1.6970397e-14
Random834
Raw:9.963649e-21,5.5316692e-33,4.372978e-31,9.077914e-16,4.0896504e-21,1.0,4.362455e-13,2.7181124e-25,4.3341764e-19,1.6970332e-14
EFT:9.963687e-21,5.531796e-33,4.373045e-31,9.077982e-16,4.0896973e-21,1.0,4.362455e-13,2.7181645e-25,4.334226e-19,1.6970397e-14
Random835
Raw:9.963725e-21,5.531796e-33,4.373045e-31,9.077982e-16,4.0896973e-21,1.0,4.3624715e-13,2.7181645e-25,4.334226e-19,1.6970397e-14
EFT:9.963687e-21,5.531796e-33,4.373045e-31,9.077982e-16,4.0896973e-21,1.0,4.362455e-13,2.7181645e-25,4.334226e-19,1.6970397e-14
Random836
Raw:9.963649e-21,5.5317537e-33,4.3730115e-31,9.077947e-16,4.0896658e-21,1.0,4.362463e-13,2.7181332e-25,4.3341764e-19,1.6970429e-14
EFT:9.963687e-21,5.531796e-33,4.373045e-31,9.077982e-16,4.0896973e-21,1.0,4.362455e-13,2.7181645e-25,4.334226e-19,1.6970397e-14
Random837
Raw:9.963725e-21,5.531796e-33,4.373045e-31,9.077982e-16,4.0896973e-21,1.0,4.3624715e-13,2.7181645e-25,4.334226e-19,1.6970463e-14
EFT:9.963687e-21,5.531796e-33,4.373045e-31,9.077982e-16,4.0896973e-21,1.0,4.362455e-13,2.7181645e-25,4.334226e-19,1.6970397e-14
Random838
Raw:9.963649e-21,5.5317537e-33,4.373045e-31,9.077947e-16,4.0896658e-21,1.0,4.3624465e-13,2.718154e-25,4.3342095e-19,1.6970429e-14
EFT:9.963687e-21,5.531796e-33,4.373045e-31,9.077982e-16,4.0896973e-21,1.0,4.362455e-13,2.7181645e-25,4.334226e-19,1.6970397e-14
Random839
Raw:9.963687e-21,5.531796e-33,4.373045e-31,9.077982e-16,4.0896815e-21,1.0,4.362455e-13,2.7181645e-25,4.334226e-19,1.6970397e-14
EFT:9.963687e-21,5.531796e-33,4.373045e-31,9.077982e-16,4.0896973e-21,1.0,4.362455e-13,2.7181645e-25,4.334226e-19,1.6970397e-14
Random840
Raw:9.963725e-21,5.531796e-33,4.373045e-31,9.077982e-16,4.0896973e-21,1.0,4.3624715e-13,2.7181645e-25,4.334226e-19,1.6970397e-14
EFT:9.963687e-21,5.531796e-33,4.373045e-31,9.077982e-16,4.0896973e-21,1.0,4.362455e-13,2.7181645e-25,4.334226e-19,1.6970397e-14
Random841
Raw:9.963725e-21,5.531796e-33,4.373045e-31,9.077982e-16,4.0896973e-21,1.0,4.3624715e-13,2.7181645e-25,4.334226e-19,1.6970463e-14
EFT:9.963687e-21,5.531796e-33,4.373045e-31,9.077982e-16,4.0896973e-21,1.0,4.362455e-13,2.7181645e-25,4.334226e-19,1.6970397e-14
Random842
Raw:9.963801e-21,5.531796e-33,4.373111e-31,9.078086e-16,4.0897284e-21,1.0,4.36248e-13,2.7181748e-25,4.3342426e-19,1.6970495e-14
EFT:9.963687e-21,5.531796e-33,4.373045e-31,9.077982e-16,4.0896973e-21,1.0,4.362455e-13,2.7181645e-25,4.334226e-19,1.6970397e-14
Random843
Raw:9.963801e-21,5.531796e-33,4.373078e-31,9.078017e-16,4.0897284e-21,1.0,4.3624964e-13,2.718154e-25,4.3342426e-19,1.6970495e-14
EFT:9.963687e-21,5.531796e-33,4.373045e-31,9.077982e-16,4.0896973e-21,1.0,4.362455e-13,2.7181645e-25,4.334226e-19,1.6970397e-14
Random844
Raw:9.963801e-21,5.531796e-33,4.373078e-31,9.078017e-16,4.0897284e-21,1.0,4.36248e-13,2.718154e-25,4.3342426e-19,1.6970495e-14
EFT:9.963687e-21,5.531796e-33,4.373045e-31,9.077982e-16,4.0896973e-21,1.0,4.362455e-13,2.7181645e-25,4.334226e-19,1.6970397e-14
Random845
Raw:9.963801e-21,5.5317537e-33,4.373078e-31,9.078017e-16,4.0896973e-21,1.0,4.36248e-13,2.718154e-25,4.3342426e-19,1.6970495e-14
EFT:9.963687e-21,5.531796e-33,4.373045e-31,9.077982e-16,4.0896973e-21,1.0,4.362455e-13,2.7181645e-25,4.334226e-19,1.6970397e-14
Random846
Raw:9.963649e-21,5.5317537e-33,4.373045e-31,9.077947e-16,4.0896658e-21,1.0,4.3624465e-13,2.718154e-25,4.3342095e-19,1.6970429e-14
EFT:9.963687e-21,5.531796e-33,4.373045e-31,9.077982e-16,4.0896973e-21,1.0,4.362455e-13,2.7181645e-25,4.334226e-19,1.6970397e-14
Random847
Raw:9.963725e-21,5.531796e-33,4.373045e-31,9.077947e-16,4.0896973e-21,1.0,4.3624715e-13,2.7181645e-25,4.334226e-19,1.6970463e-14
EFT:9.963687e-21,5.531796e-33,4.373045e-31,9.077982e-16,4.0896973e-21,1.0,4.362455e-13,2.7181645e-25,4.334226e-19,1.6970397e-14
Random848
Raw:9.963725e-21,5.531796e-33,4.373045e-31,9.077947e-16,4.0897126e-21,1.0,4.3624715e-13,2.7181645e-25,4.334226e-19,1.6970463e-14
EFT:9.963687e-21,5.531796e-33,4.373045e-31,9.077982e-16,4.0896973e-21,1.0,4.362455e-13,2.7181645e-25,4.334226e-19,1.6970397e-14
Random849
Raw:9.963649e-21,5.531627e-33,4.372945e-31,9.077879e-16,4.0896347e-21,1.0,4.3624465e-13,2.7181124e-25,4.3341764e-19,1.6970364e-14
EFT:9.963687e-21,5.531796e-33,4.373045e-31,9.077982e-16,4.0896973e-21,1.0,4.362455e-13,2.7181645e-25,4.334226e-19,1.6970397e-14
Random850
Raw:9.963725e-21,5.531796e-33,4.373045e-31,9.077947e-16,4.0896973e-21,1.0,4.3624715e-13,2.7181645e-25,4.334226e-19,1.6970463e-14
EFT:9.963687e-21,5.531796e-33,4.373045e-31,9.077982e-16,4.0896973e-21,1.0,4.362455e-13,2.7181645e-25,4.334226e-19,1.6970397e-14
Random851
Raw:9.963649e-21,5.5317115e-33,4.3730115e-31,9.077947e-16,4.0896347e-21,1.0,4.3624465e-13,2.7181332e-25,4.3341764e-19,1.6970364e-14
EFT:9.963687e-21,5.531796e-33,4.373045e-31,9.077982e-16,4.0896973e-21,1.0,4.362455e-13,2.7181645e-25,4.334226e-19,1.6970397e-14
Random852
Raw:9.963687e-21,5.531796e-33,4.373045e-31,9.077982e-16,4.0896815e-21,1.0,4.362455e-13,2.7181645e-25,4.334226e-19,1.6970397e-14
EFT:9.963687e-21,5.531796e-33,4.373045e-31,9.077982e-16,4.0896973e-21,1.0,4.362455e-13,2.7181645e-25,4.334226e-19,1.6970397e-14
Random853
Raw:9.963725e-21,5.5317537e-33,4.373078e-31,9.078017e-16,4.0896973e-21,1.0,4.3624465e-13,2.7181332e-25,4.3342426e-19,1.6970429e-14
EFT:9.963687e-21,5.531796e-33,4.373045e-31,9.077982e-16,4.0896973e-21,1.0,4.362455e-13,2.7181645e-25,4.334226e-19,1.6970397e-14
Random854
Raw:9.963725e-21,5.531796e-33,4.373045e-31,9.077982e-16,4.0896973e-21,1.0,4.3624715e-13,2.7181645e-25,4.334226e-19,1.6970463e-14
EFT:9.963687e-21,5.531796e-33,4.373045e-31,9.077982e-16,4.0896973e-21,1.0,4.362455e-13,2.7181645e-25,4.334226e-19,1.6970397e-14
Random855
Raw:9.963725e-21,5.531796e-33,4.373045e-31,9.077947e-16,4.0896973e-21,1.0,4.3624715e-13,2.7181645e-25,4.334226e-19,1.6970463e-14
EFT:9.963687e-21,5.531796e-33,4.373045e-31,9.077982e-16,4.0896973e-21,1.0,4.362455e-13,2.7181645e-25,4.334226e-19,1.6970397e-14
Random856
Raw:9.963649e-21,5.5317115e-33,4.3730115e-31,9.077947e-16,4.0896658e-21,1.0,4.362463e-13,2.7181332e-25,4.3341764e-19,1.6970429e-14
EFT:9.963687e-21,5.531796e-33,4.373045e-31,9.077982e-16,4.0896973e-21,1.0,4.362455e-13,2.7181645e-25,4.334226e-19,1.6970397e-14
Random857
Raw:9.963725e-21,5.531796e-33,4.373045e-31,9.077982e-16,4.0896973e-21,1.0,4.3624715e-13,2.7181645e-25,4.334226e-19,1.6970397e-14
EFT:9.963687e-21,5.531796e-33,4.373045e-31,9.077982e-16,4.0896973e-21,1.0,4.362455e-13,2.7181645e-25,4.334226e-19,1.6970397e-14
Random858
Raw:9.963725e-21,5.5317537e-33,4.373045e-31,9.077947e-16,4.0896658e-21,1.0,4.362463e-13,2.718154e-25,4.3342095e-19,1.6970429e-14
EFT:9.963687e-21,5.531796e-33,4.373045e-31,9.077982e-16,4.0896973e-21,1.0,4.362455e-13,2.7181645e-25,4.334226e-19,1.6970397e-14
Random859
Raw:9.963725e-21,5.5317537e-33,4.373078e-31,9.078017e-16,4.0896973e-21,1.0,4.362463e-13,2.718154e-25,4.3342426e-19,1.6970429e-14
EFT:9.963687e-21,5.531796e-33,4.373045e-31,9.077982e-16,4.0896973e-21,1.0,4.362455e-13,2.7181645e-25,4.334226e-19,1.6970397e-14
Random860
Raw:9.963649e-21,5.5317537e-33,4.373045e-31,9.077947e-16,4.0896658e-21,1.0,4.3624465e-13,2.718154e-25,4.3342095e-19,1.6970429e-14
EFT:9.963687e-21,5.531796e-33,4.373045e-31,9.077982e-16,4.0896973e-21,1.0,4.362455e-13,2.7181645e-25,4.334226e-19,1.6970397e-14
Random861
Raw:9.963649e-21,5.5317115e-33,4.3730115e-31,9.077947e-16,4.0896658e-21,1.0,4.362463e-13,2.7181332e-25,4.3341764e-19,1.6970429e-14
EFT:9.963687e-21,5.531796e-33,4.373045e-31,9.077982e-16,4.0896973e-21,1.0,4.362455e-13,2.7181645e-25,4.334226e-19,1.6970397e-14
Random862
Raw:9.963649e-21,5.5317537e-33,4.3730115e-31,9.077879e-16,4.0896658e-21,1.0,4.36248e-13,2.7181332e-25,4.3341764e-19,1.6970429e-14
EFT:9.963687e-21,5.531796e-33,4.373045e-31,9.077982e-16,4.0896973e-21,1.0,4.362455e-13,2.7181645e-25,4.334226e-19,1.6970397e-14
Random863
Raw:9.963725e-21,5.531796e-33,4.373045e-31,9.077947e-16,4.0896973e-21,1.0,4.362463e-13,2.718154e-25,4.3342095e-19,1.6970495e-14
EFT:9.963687e-21,5.531796e-33,4.373045e-31,9.077982e-16,4.0896973e-21,1.0,4.362455e-13,2.7181645e-25,4.334226e-19,1.6970397e-14
Random864
Raw:9.963801e-21,5.531796e-33,4.373111e-31,9.078017e-16,4.0897284e-21,1.0,4.3624964e-13,2.7181748e-25,4.3342426e-19,1.697056e-14
EFT:9.963687e-21,5.531796e-33,4.373045e-31,9.077982e-16,4.0896973e-21,1.0,4.362455e-13,2.7181645e-25,4.334226e-19,1.6970397e-14
Random865
Raw:9.963649e-21,5.5316692e-33,4.372978e-31,9.077914e-16,4.0896504e-21,1.0,4.362455e-13,2.7181124e-25,4.3341764e-19,1.6970397e-14
EFT:9.963687e-21,5.531796e-33,4.373045e-31,9.077982e-16,4.0896973e-21,1.0,4.362455e-13,2.7181645e-25,4.334226e-19,1.6970397e-14
Random866
Raw:9.963725e-21,5.531796e-33,4.373045e-31,9.077982e-16,4.0896973e-21,1.0,4.3624715e-13,2.7181645e-25,4.334226e-19,1.6970397e-14
EFT:9.963687e-21,5.531796e-33,4.373045e-31,9.077982e-16,4.0896973e-21,1.0,4.362455e-13,2.7181645e-25,4.334226e-19,1.6970397e-14
Random867
Raw:9.963649e-21,5.5317537e-33,4.3730115e-31,9.077879e-16,4.0896658e-21,1.0,4.362463e-13,2.7181332e-25,4.3341764e-19,1.6970429e-14
EFT:9.963687e-21,5.531796e-33,4.373045e-31,9.077982e-16,4.0896973e-21,1.0,4.362455e-13,2.7181645e-25,4.334226e-19,1.6970397e-14
Random868
Raw:9.963725e-21,5.531796e-33,4.373045e-31,9.077982e-16,4.0896973e-21,1.0,4.3624715e-13,2.7181645e-25,4.334226e-19,1.6970463e-14
EFT:9.963687e-21,5.531796e-33,4.373045e-31,9.077982e-16,4.0896973e-21,1.0,4.362455e-13,2.7181645e-25,4.334226e-19,1.6970397e-14
Random869
Raw:9.963649e-21,5.5317115e-33,4.3730115e-31,9.077947e-16,4.0896658e-21,1.0,4.362463e-13,2.7181332e-25,4.3341764e-19,1.6970364e-14
EFT:9.963687e-21,5.531796e-33,4.373045e-31,9.077982e-16,4.0896973e-21,1.0,4.362455e-13,2.7181645e-25,4.334226e-19,1.6970397e-14
Random870
Raw:9.963687e-21,5.531796e-33,4.373045e-31,9.077982e-16,4.0896815e-21,1.0,4.362455e-13,2.7181438e-25,4.334226e-19,1.6970397e-14
EFT:9.963687e-21,5.531796e-33,4.373045e-31,9.077982e-16,4.0896973e-21,1.0,4.362455e-13,2.7181645e-25,4.334226e-19,1.6970397e-14
Random871
Raw:9.963649e-21,5.5317537e-33,4.373045e-31,9.077947e-16,4.0896658e-21,1.0,4.3624465e-13,2.718154e-25,4.3342095e-19,1.6970429e-14
EFT:9.963687e-21,5.531796e-33,4.373045e-31,9.077982e-16,4.0896973e-21,1.0,4.362455e-13,2.7181645e-25,4.334226e-19,1.6970397e-14
Random872
Raw:9.963649e-21,5.5317115e-33,4.3730115e-31,9.077947e-16,4.0896658e-21,1.0,4.362463e-13,2.7181332e-25,4.3341764e-19,1.6970429e-14
EFT:9.963687e-21,5.531796e-33,4.373045e-31,9.077982e-16,4.0896973e-21,1.0,4.362455e-13,2.7181645e-25,4.334226e-19,1.6970397e-14
Random873
Raw:9.963725e-21,5.5317537e-33,4.373045e-31,9.077947e-16,4.0896658e-21,1.0,4.362463e-13,2.718154e-25,4.3342095e-19,1.6970429e-14
EFT:9.963687e-21,5.531796e-33,4.373045e-31,9.077982e-16,4.0896973e-21,1.0,4.362455e-13,2.7181645e-25,4.334226e-19,1.6970397e-14
Random874
Raw:9.963801e-21,5.5317537e-33,4.373078e-31,9.078017e-16,4.0896973e-21,1.0,4.36248e-13,2.718154e-25,4.3342426e-19,1.6970495e-14
EFT:9.963687e-21,5.531796e-33,4.373045e-31,9.077982e-16,4.0896973e-21,1.0,4.362455e-13,2.7181645e-25,4.334226e-19,1.6970397e-14
Random875
Raw:9.963801e-21,5.531838e-33,4.373111e-31,9.078017e-16,4.0897284e-21,1.0,4.3624964e-13,2.7181748e-25,4.3342426e-19,1.697056e-14
EFT:9.963687e-21,5.531796e-33,4.373045e-31,9.077982e-16,4.0896973e-21,1.0,4.362455e-13,2.7181645e-25,4.334226e-19,1.6970397e-14
Random876
Raw:9.963725e-21,5.531796e-33,4.373045e-31,9.077982e-16,4.0896973e-21,1.0,4.3624715e-13,2.7181645e-25,4.334226e-19,1.6970463e-14
EFT:9.963687e-21,5.531796e-33,4.373045e-31,9.077982e-16,4.0896973e-21,1.0,4.362455e-13,2.7181645e-25,4.334226e-19,1.6970397e-14
Random877
Raw:9.963649e-21,5.5317537e-33,4.3730115e-31,9.077947e-16,4.0896658e-21,1.0,4.362463e-13,2.7181332e-25,4.3341764e-19,1.6970429e-14
EFT:9.963687e-21,5.531796e-33,4.373045e-31,9.077982e-16,4.0896973e-21,1.0,4.362455e-13,2.7181645e-25,4.334226e-19,1.6970397e-14
Random878
Raw:9.963725e-21,5.531796e-33,4.373045e-31,9.077982e-16,4.0896973e-21,1.0,4.3624715e-13,2.7181645e-25,4.334226e-19,1.6970397e-14
EFT:9.963687e-21,5.531796e-33,4.373045e-31,9.077982e-16,4.0896973e-21,1.0,4.362455e-13,2.7181645e-25,4.334226e-19,1.6970397e-14
Random879
Raw:9.963725e-21,5.531796e-33,4.373045e-31,9.077982e-16,4.0896973e-21,1.0,4.3624715e-13,2.7181645e-25,4.334226e-19,1.6970463e-14
EFT:9.963687e-21,5.531796e-33,4.373045e-31,9.077982e-16,4.0896973e-21,1.0,4.362455e-13,2.7181645e-25,4.334226e-19,1.6970397e-14
Random880
Raw:9.963801e-21,5.531796e-33,4.373078e-31,9.078017e-16,4.0896973e-21,1.0,4.36248e-13,2.718154e-25,4.3342426e-19,1.6970495e-14
EFT:9.963687e-21,5.531796e-33,4.373045e-31,9.077982e-16,4.0896973e-21,1.0,4.362455e-13,2.7181645e-25,4.334226e-19,1.6970397e-14
Random881
Raw:9.963649e-21,5.5317115e-33,4.3730115e-31,9.077947e-16,4.0896347e-21,1.0,4.3624465e-13,2.7181332e-25,4.3341764e-19,1.6970364e-14
EFT:9.963687e-21,5.531796e-33,4.373045e-31,9.077982e-16,4.0896973e-21,1.0,4.362455e-13,2.7181645e-25,4.334226e-19,1.6970397e-14
Random882
Raw:9.963801e-21,5.531796e-33,4.373111e-31,9.078086e-16,4.0897284e-21,1.0,4.3624964e-13,2.7181748e-25,4.3342426e-19,1.6970495e-14
EFT:9.963687e-21,5.531796e-33,4.373045e-31,9.077982e-16,4.0896973e-21,1.0,4.362455e-13,2.7181645e-25,4.334226e-19,1.6970397e-14
Random883
Raw:9.963725e-21,5.531796e-33,4.373045e-31,9.077982e-16,4.0896973e-21,1.0,4.3624715e-13,2.7181645e-25,4.334226e-19,1.6970463e-14
EFT:9.963687e-21,5.531796e-33,4.373045e-31,9.077982e-16,4.0896973e-21,1.0,4.362455e-13,2.7181645e-25,4.334226e-19,1.6970397e-14
Random884
Raw:9.963801e-21,5.531796e-33,4.373111e-31,9.078086e-16,4.0896973e-21,1.0,4.36248e-13,2.7181748e-25,4.3342426e-19,1.6970495e-14
EFT:9.963687e-21,5.531796e-33,4.373045e-31,9.077982e-16,4.0896973e-21,1.0,4.362455e-13,2.7181645e-25,4.334226e-19,1.6970397e-14
Random885
Raw:9.963649e-21,5.5317537e-33,4.373045e-31,9.077947e-16,4.0896658e-21,1.0,4.3624465e-13,2.718154e-25,4.3342095e-19,1.6970429e-14
EFT:9.963687e-21,5.531796e-33,4.373045e-31,9.077982e-16,4.0896973e-21,1.0,4.362455e-13,2.7181645e-25,4.334226e-19,1.6970397e-14
Random886
Raw:9.963725e-21,5.531796e-33,4.373045e-31,9.077947e-16,4.0896973e-21,1.0,4.3624715e-13,2.7181645e-25,4.334226e-19,1.6970463e-14
EFT:9.963687e-21,5.531796e-33,4.373045e-31,9.077982e-16,4.0896973e-21,1.0,4.362455e-13,2.7181645e-25,4.334226e-19,1.6970397e-14
Random887
Raw:9.963725e-21,5.5317537e-33,4.373045e-31,9.077947e-16,4.0896658e-21,1.0,4.362463e-13,2.718154e-25,4.3342095e-19,1.6970495e-14
EFT:9.963687e-21,5.531796e-33,4.373045e-31,9.077982e-16,4.0896973e-21,1.0,4.362455e-13,2.7181645e-25,4.334226e-19,1.6970397e-14
Random888
Raw:9.963687e-21,5.531796e-33,4.373045e-31,9.077982e-16,4.0896973e-21,1.0,4.362455e-13,2.7181645e-25,4.334226e-19,1.6970397e-14
EFT:9.963687e-21,5.531796e-33,4.373045e-31,9.077982e-16,4.0896973e-21,1.0,4.362455e-13,2.7181645e-25,4.334226e-19,1.6970397e-14
Random889
Raw:9.963801e-21,5.5317537e-33,4.373078e-31,9.078017e-16,4.0896973e-21,1.0,4.362463e-13,2.718154e-25,4.3342426e-19,1.6970429e-14
EFT:9.963687e-21,5.531796e-33,4.373045e-31,9.077982e-16,4.0896973e-21,1.0,4.362455e-13,2.7181645e-25,4.334226e-19,1.6970397e-14
Random890
Raw:9.963687e-21,5.531796e-33,4.373045e-31,9.077982e-16,4.0896973e-21,1.0,4.362455e-13,2.7181645e-25,4.334226e-19,1.6970397e-14
EFT:9.963687e-21,5.531796e-33,4.373045e-31,9.077982e-16,4.0896973e-21,1.0,4.362455e-13,2.7181645e-25,4.334226e-19,1.6970397e-14
Random891
Raw:9.963725e-21,5.5317537e-33,4.373078e-31,9.078017e-16,4.0896973e-21,1.0,4.362463e-13,2.718154e-25,4.3342426e-19,1.6970429e-14
EFT:9.963687e-21,5.531796e-33,4.373045e-31,9.077982e-16,4.0896973e-21,1.0,4.362455e-13,2.7181645e-25,4.334226e-19,1.6970397e-14
Random892
Raw:9.963687e-21,5.531796e-33,4.373045e-31,9.077982e-16,4.0896815e-21,1.0,4.362455e-13,2.7181645e-25,4.334226e-19,1.6970397e-14
EFT:9.963687e-21,5.531796e-33,4.373045e-31,9.077982e-16,4.0896973e-21,1.0,4.362455e-13,2.7181645e-25,4.334226e-19,1.6970397e-14
Random893
Raw:9.963687e-21,5.531796e-33,4.373045e-31,9.077982e-16,4.0896973e-21,1.0,4.362455e-13,2.7181645e-25,4.334226e-19,1.6970397e-14
EFT:9.963687e-21,5.531796e-33,4.373045e-31,9.077982e-16,4.0896973e-21,1.0,4.362455e-13,2.7181645e-25,4.334226e-19,1.6970397e-14
Random894
Raw:9.963725e-21,5.531796e-33,4.373045e-31,9.077982e-16,4.0896973e-21,1.0,4.3624715e-13,2.7181645e-25,4.334226e-19,1.6970463e-14
EFT:9.963687e-21,5.531796e-33,4.373045e-31,9.077982e-16,4.0896973e-21,1.0,4.362455e-13,2.7181645e-25,4.334226e-19,1.6970397e-14
Random895
Raw:9.963725e-21,5.5317537e-33,4.373045e-31,9.077947e-16,4.0896658e-21,1.0,4.362463e-13,2.718154e-25,4.3342095e-19,1.6970495e-14
EFT:9.963687e-21,5.531796e-33,4.373045e-31,9.077982e-16,4.0896973e-21,1.0,4.362455e-13,2.7181645e-25,4.334226e-19,1.6970397e-14
Random896
Raw:9.963725e-21,5.5317537e-33,4.373045e-31,9.077947e-16,4.0896658e-21,1.0,4.362463e-13,2.718154e-25,4.3342095e-19,1.6970429e-14
EFT:9.963687e-21,5.531796e-33,4.373045e-31,9.077982e-16,4.0896973e-21,1.0,4.362455e-13,2.7181645e-25,4.334226e-19,1.6970397e-14
Random897
Raw:9.963725e-21,5.531796e-33,4.373045e-31,9.077947e-16,4.0896658e-21,1.0,4.362463e-13,2.718154e-25,4.3342095e-19,1.6970495e-14
EFT:9.963687e-21,5.531796e-33,4.373045e-31,9.077982e-16,4.0896973e-21,1.0,4.362455e-13,2.7181645e-25,4.334226e-19,1.6970397e-14
Random898
Raw:9.963725e-21,5.531796e-33,4.373045e-31,9.077947e-16,4.0897126e-21,1.0,4.362488e-13,2.7181645e-25,4.334226e-19,1.6970463e-14
EFT:9.963687e-21,5.531796e-33,4.373045e-31,9.077982e-16,4.0896973e-21,1.0,4.362455e-13,2.7181645e-25,4.334226e-19,1.6970397e-14
Random899
Raw:9.963725e-21,5.531796e-33,4.373045e-31,9.077982e-16,4.0896973e-21,1.0,4.3624715e-13,2.7181645e-25,4.334226e-19,1.6970397e-14
EFT:9.963687e-21,5.531796e-33,4.373045e-31,9.077982e-16,4.0896973e-21,1.0,4.362455e-13,2.7181645e-25,4.334226e-19,1.6970397e-14
Random900
Raw:9.963801e-21,5.531796e-33,4.373078e-31,9.078017e-16,4.0897284e-21,1.0,4.3624964e-13,2.718154e-25,4.3342426e-19,1.6970495e-14
EFT:9.963687e-21,5.531796e-33,4.373045e-31,9.077982e-16,4.0896973e-21,1.0,4.362455e-13,2.7181645e-25,4.334226e-19,1.6970397e-14
Random901
Raw:9.963725e-21,5.5317537e-33,4.373045e-31,9.077947e-16,4.0896658e-21,1.0,4.362463e-13,2.718154e-25,4.3342095e-19,1.6970429e-14
EFT:9.963687e-21,5.531796e-33,4.373045e-31,9.077982e-16,4.0896973e-21,1.0,4.362455e-13,2.7181645e-25,4.334226e-19,1.6970397e-14
Random902
Raw:9.963725e-21,5.531796e-33,4.373045e-31,9.077947e-16,4.0896973e-21,1.0,4.36248e-13,2.718154e-25,4.3342095e-19,1.6970495e-14
EFT:9.963687e-21,5.531796e-33,4.373045e-31,9.077982e-16,4.0896973e-21,1.0,4.362455e-13,2.7181645e-25,4.334226e-19,1.6970397e-14
Random903
Raw:9.963725e-21,5.5317537e-33,4.373045e-31,9.077947e-16,4.0896658e-21,1.0,4.362463e-13,2.718154e-25,4.3342095e-19,1.6970429e-14
EFT:9.963687e-21,5.531796e-33,4.373045e-31,9.077982e-16,4.0896973e-21,1.0,4.362455e-13,2.7181645e-25,4.334226e-19,1.6970397e-14
Random904
Raw:9.963725e-21,5.531796e-33,4.373045e-31,9.077982e-16,4.0896973e-21,1.0,4.3624715e-13,2.7181645e-25,4.334226e-19,1.6970397e-14
EFT:9.963687e-21,5.531796e-33,4.373045e-31,9.077982e-16,4.0896973e-21,1.0,4.362455e-13,2.7181645e-25,4.334226e-19,1.6970397e-14
Random905
Raw:9.963801e-21,5.531796e-33,4.373078e-31,9.078017e-16,4.0897284e-21,1.0,4.36248e-13,2.718154e-25,4.3342426e-19,1.6970495e-14
EFT:9.963687e-21,5.531796e-33,4.373045e-31,9.077982e-16,4.0896973e-21,1.0,4.362455e-13,2.7181645e-25,4.334226e-19,1.6970397e-14
Random906
Raw:9.963801e-21,5.531796e-33,4.373111e-31,9.078086e-16,4.0897284e-21,1.0,4.3624964e-13,2.7181748e-25,4.3342426e-19,1.697056e-14
EFT:9.963687e-21,5.531796e-33,4.373045e-31,9.077982e-16,4.0896973e-21,1.0,4.362455e-13,2.7181645e-25,4.334226e-19,1.6970397e-14
Random907
Raw:9.963649e-21,5.5317537e-33,4.3730115e-31,9.077947e-16,4.0896658e-21,1.0,4.362463e-13,2.7181332e-25,4.3341764e-19,1.6970429e-14
EFT:9.963687e-21,5.531796e-33,4.373045e-31,9.077982e-16,4.0896973e-21,1.0,4.362455e-13,2.7181645e-25,4.334226e-19,1.6970397e-14
Random908
Raw:9.963725e-21,5.531796e-33,4.373045e-31,9.077982e-16,4.0896973e-21,1.0,4.3624715e-13,2.7181645e-25,4.334226e-19,1.6970463e-14
EFT:9.963687e-21,5.531796e-33,4.373045e-31,9.077982e-16,4.0896973e-21,1.0,4.362455e-13,2.7181645e-25,4.334226e-19,1.6970397e-14
Random909
Raw:9.963725e-21,5.5317537e-33,4.373078e-31,9.078017e-16,4.0896973e-21,1.0,4.362463e-13,2.718154e-25,4.3342426e-19,1.6970429e-14
EFT:9.963687e-21,5.531796e-33,4.373045e-31,9.077982e-16,4.0896973e-21,1.0,4.362455e-13,2.7181645e-25,4.334226e-19,1.6970397e-14
Random910
Raw:9.963725e-21,5.531796e-33,4.373045e-31,9.077982e-16,4.0896973e-21,1.0,4.3624715e-13,2.7181645e-25,4.334226e-19,1.6970397e-14
EFT:9.963687e-21,5.531796e-33,4.373045e-31,9.077982e-16,4.0896973e-21,1.0,4.362455e-13,2.7181645e-25,4.334226e-19,1.6970397e-14
Random911
Raw:9.963649e-21,5.5317537e-33,4.3730115e-31,9.077947e-16,4.0896658e-21,1.0,4.362463e-13,2.7181332e-25,4.3341764e-19,1.6970429e-14
EFT:9.963687e-21,5.531796e-33,4.373045e-31,9.077982e-16,4.0896973e-21,1.0,4.362455e-13,2.7181645e-25,4.334226e-19,1.6970397e-14
Random912
Raw:9.963725e-21,5.531796e-33,4.373045e-31,9.077947e-16,4.0896973e-21,1.0,4.3624715e-13,2.7181645e-25,4.334226e-19,1.6970463e-14
EFT:9.963687e-21,5.531796e-33,4.373045e-31,9.077982e-16,4.0896973e-21,1.0,4.362455e-13,2.7181645e-25,4.334226e-19,1.6970397e-14
Random913
Raw:9.963649e-21,5.5317115e-33,4.3730115e-31,9.077947e-16,4.0896658e-21,1.0,4.3624465e-13,2.7181332e-25,4.3341764e-19,1.6970364e-14
EFT:9.963687e-21,5.531796e-33,4.373045e-31,9.077982e-16,4.0896973e-21,1.0,4.362455e-13,2.7181645e-25,4.334226e-19,1.6970397e-14
Random914
Raw:9.963725e-21,5.5317537e-33,4.373078e-31,9.078017e-16,4.0896973e-21,1.0,4.362463e-13,2.718154e-25,4.3342426e-19,1.6970429e-14
EFT:9.963687e-21,5.531796e-33,4.373045e-31,9.077982e-16,4.0896973e-21,1.0,4.362455e-13,2.7181645e-25,4.334226e-19,1.6970397e-14
Random915
Raw:9.963801e-21,5.531796e-33,4.373078e-31,9.078017e-16,4.0897284e-21,1.0,4.36248e-13,2.718154e-25,4.3342426e-19,1.6970495e-14
EFT:9.963687e-21,5.531796e-33,4.373045e-31,9.077982e-16,4.0896973e-21,1.0,4.362455e-13,2.7181645e-25,4.334226e-19,1.6970397e-14
Random916
Raw:9.963725e-21,5.531796e-33,4.373045e-31,9.077982e-16,4.0896973e-21,1.0,4.3624715e-13,2.7181645e-25,4.334226e-19,1.6970397e-14
EFT:9.963687e-21,5.531796e-33,4.373045e-31,9.077982e-16,4.0896973e-21,1.0,4.362455e-13,2.7181645e-25,4.334226e-19,1.6970397e-14
Random917
Raw:9.963725e-21,5.5317537e-33,4.373078e-31,9.078017e-16,4.0896973e-21,1.0,4.362463e-13,2.718154e-25,4.3342426e-19,1.6970429e-14
EFT:9.963687e-21,5.531796e-33,4.373045e-31,9.077982e-16,4.0896973e-21,1.0,4.362455e-13,2.7181645e-25,4.334226e-19,1.6970397e-14
Random918
Raw:9.963725e-21,5.5317537e-33,4.373045e-31,9.077947e-16,4.0896658e-21,1.0,4.362463e-13,2.718154e-25,4.3342095e-19,1.6970429e-14
EFT:9.963687e-21,5.531796e-33,4.373045e-31,9.077982e-16,4.0896973e-21,1.0,4.362455e-13,2.7181645e-25,4.334226e-19,1.6970397e-14
Random919
Raw:9.963801e-21,5.5317537e-33,4.373078e-31,9.078017e-16,4.0896973e-21,1.0,4.36248e-13,2.718154e-25,4.3342426e-19,1.6970495e-14
EFT:9.963687e-21,5.531796e-33,4.373045e-31,9.077982e-16,4.0896973e-21,1.0,4.362455e-13,2.7181645e-25,4.334226e-19,1.6970397e-14
Random920
Raw:9.963725e-21,5.531796e-33,4.373045e-31,9.077982e-16,4.0896973e-21,1.0,4.3624715e-13,2.7181645e-25,4.334226e-19,1.6970463e-14
EFT:9.963687e-21,5.531796e-33,4.373045e-31,9.077982e-16,4.0896973e-21,1.0,4.362455e-13,2.7181645e-25,4.334226e-19,1.6970397e-14
Random921
Raw:9.963649e-21,5.5317537e-33,4.373045e-31,9.077947e-16,4.0896658e-21,1.0,4.3624465e-13,2.718154e-25,4.3342095e-19,1.6970429e-14
EFT:9.963687e-21,5.531796e-33,4.373045e-31,9.077982e-16,4.0896973e-21,1.0,4.362455e-13,2.7181645e-25,4.334226e-19,1.6970397e-14
Random922
Raw:9.963725e-21,5.531796e-33,4.373045e-31,9.077982e-16,4.0896973e-21,1.0,4.3624715e-13,2.7181645e-25,4.334226e-19,1.6970463e-14
EFT:9.963687e-21,5.531796e-33,4.373045e-31,9.077982e-16,4.0896973e-21,1.0,4.362455e-13,2.7181645e-25,4.334226e-19,1.6970397e-14
Random923
Raw:9.963725e-21,5.5317537e-33,4.373045e-31,9.077947e-16,4.0896658e-21,1.0,4.362463e-13,2.718154e-25,4.3342095e-19,1.6970495e-14
EFT:9.963687e-21,5.531796e-33,4.373045e-31,9.077982e-16,4.0896973e-21,1.0,4.362455e-13,2.7181645e-25,4.334226e-19,1.6970397e-14
Random924
Raw:9.96361e-21,5.5316692e-33,4.372978e-31,9.077914e-16,4.0896504e-21,1.0,4.362455e-13,2.7181124e-25,4.3341764e-19,1.6970332e-14
EFT:9.963687e-21,5.531796e-33,4.373045e-31,9.077982e-16,4.0896973e-21,1.0,4.362455e-13,2.7181645e-25,4.334226e-19,1.6970397e-14
Random925
Raw:9.963725e-21,5.5317537e-33,4.373045e-31,9.077947e-16,4.0896658e-21,1.0,4.362463e-13,2.718154e-25,4.3342095e-19,1.6970495e-14
EFT:9.963687e-21,5.531796e-33,4.373045e-31,9.077982e-16,4.0896973e-21,1.0,4.362455e-13,2.7181645e-25,4.334226e-19,1.6970397e-14
Random926
Raw:9.963649e-21,5.5317537e-33,4.373045e-31,9.077947e-16,4.0896658e-21,1.0,4.3624465e-13,2.718154e-25,4.3342095e-19,1.6970429e-14
EFT:9.963687e-21,5.531796e-33,4.373045e-31,9.077982e-16,4.0896973e-21,1.0,4.362455e-13,2.7181645e-25,4.334226e-19,1.6970397e-14
Random927
Raw:9.963725e-21,5.5317537e-33,4.373045e-31,9.077947e-16,4.0896658e-21,1.0,4.362463e-13,2.718154e-25,4.3342095e-19,1.6970495e-14
EFT:9.963687e-21,5.531796e-33,4.373045e-31,9.077982e-16,4.0896973e-21,1.0,4.362455e-13,2.7181645e-25,4.334226e-19,1.6970397e-14
Random928
Raw:9.963725e-21,5.5317537e-33,4.373045e-31,9.077947e-16,4.0896658e-21,1.0,4.362463e-13,2.718154e-25,4.3342095e-19,1.6970429e-14
EFT:9.963687e-21,5.531796e-33,4.373045e-31,9.077982e-16,4.0896973e-21,1.0,4.362455e-13,2.7181645e-25,4.334226e-19,1.6970397e-14
Random929
Raw:9.963763e-21,5.531796e-33,4.373045e-31,9.077947e-16,4.0897126e-21,1.0,4.362488e-13,2.7181645e-25,4.334226e-19,1.6970463e-14
EFT:9.963687e-21,5.531796e-33,4.373045e-31,9.077982e-16,4.0896973e-21,1.0,4.362455e-13,2.7181645e-25,4.334226e-19,1.6970397e-14
Random930
Raw:9.963649e-21,5.5317537e-33,4.3730115e-31,9.077879e-16,4.0896658e-21,1.0,4.362463e-13,2.7181332e-25,4.3341764e-19,1.6970429e-14
EFT:9.963687e-21,5.531796e-33,4.373045e-31,9.077982e-16,4.0896973e-21,1.0,4.362455e-13,2.7181645e-25,4.334226e-19,1.6970397e-14
Random931
Raw:9.963725e-21,5.531796e-33,4.373045e-31,9.077982e-16,4.0896973e-21,1.0,4.3624715e-13,2.7181645e-25,4.334226e-19,1.6970397e-14
EFT:9.963687e-21,5.531796e-33,4.373045e-31,9.077982e-16,4.0896973e-21,1.0,4.362455e-13,2.7181645e-25,4.334226e-19,1.6970397e-14
Random932
Raw:9.963687e-21,5.531796e-33,4.373045e-31,9.077982e-16,4.0896815e-21,1.0,4.362455e-13,2.7181645e-25,4.334226e-19,1.6970397e-14
EFT:9.963687e-21,5.531796e-33,4.373045e-31,9.077982e-16,4.0896973e-21,1.0,4.362455e-13,2.7181645e-25,4.334226e-19,1.6970397e-14
Random933
Raw:9.963687e-21,5.531796e-33,4.373045e-31,9.077982e-16,4.0896815e-21,1.0,4.362455e-13,2.7181645e-25,4.334226e-19,1.6970397e-14
EFT:9.963687e-21,5.531796e-33,4.373045e-31,9.077982e-16,4.0896973e-21,1.0,4.362455e-13,2.7181645e-25,4.334226e-19,1.6970397e-14
Random934
Raw:9.963725e-21,5.5317537e-33,4.373045e-31,9.077947e-16,4.0896658e-21,1.0,4.362463e-13,2.718154e-25,4.3342095e-19,1.6970495e-14
EFT:9.963687e-21,5.531796e-33,4.373045e-31,9.077982e-16,4.0896973e-21,1.0,4.362455e-13,2.7181645e-25,4.334226e-19,1.6970397e-14
Random935
Raw:9.963649e-21,5.5317537e-33,4.373045e-31,9.077947e-16,4.0896658e-21,1.0,4.3624465e-13,2.718154e-25,4.3342095e-19,1.6970429e-14
EFT:9.963687e-21,5.531796e-33,4.373045e-31,9.077982e-16,4.0896973e-21,1.0,4.362455e-13,2.7181645e-25,4.334226e-19,1.6970397e-14
Random936
Raw:9.963649e-21,5.5317537e-33,4.3730115e-31,9.077879e-16,4.0896658e-21,1.0,4.362463e-13,2.7181332e-25,4.3341764e-19,1.6970429e-14
EFT:9.963687e-21,5.531796e-33,4.373045e-31,9.077982e-16,4.0896973e-21,1.0,4.362455e-13,2.7181645e-25,4.334226e-19,1.6970397e-14
Random937
Raw:9.963801e-21,5.531796e-33,4.373111e-31,9.078086e-16,4.0897284e-21,1.0,4.3624964e-13,2.7181748e-25,4.3342426e-19,1.6970495e-14
EFT:9.963687e-21,5.531796e-33,4.373045e-31,9.077982e-16,4.0896973e-21,1.0,4.362455e-13,2.7181645e-25,4.334226e-19,1.6970397e-14
Random938
Raw:9.963649e-21,5.5317537e-33,4.3730115e-31,9.077879e-16,4.0896658e-21,1.0,4.36248e-13,2.7181332e-25,4.3341764e-19,1.6970429e-14
EFT:9.963687e-21,5.531796e-33,4.373045e-31,9.077982e-16,4.0896973e-21,1.0,4.362455e-13,2.7181645e-25,4.334226e-19,1.6970397e-14
Random939
Raw:9.963801e-21,5.531796e-33,4.373078e-31,9.078017e-16,4.0897284e-21,1.0,4.3624964e-13,2.718154e-25,4.3342426e-19,1.6970495e-14
EFT:9.963687e-21,5.531796e-33,4.373045e-31,9.077982e-16,4.0896973e-21,1.0,4.362455e-13,2.7181645e-25,4.334226e-19,1.6970397e-14
Random940
Raw:9.963725e-21,5.531796e-33,4.373045e-31,9.077947e-16,4.0896973e-21,1.0,4.3624715e-13,2.7181645e-25,4.334226e-19,1.6970463e-14
EFT:9.963687e-21,5.531796e-33,4.373045e-31,9.077982e-16,4.0896973e-21,1.0,4.362455e-13,2.7181645e-25,4.334226e-19,1.6970397e-14
Random941
Raw:9.963801e-21,5.5317537e-33,4.373078e-31,9.078017e-16,4.0896973e-21,1.0,4.36248e-13,2.718154e-25,4.3342426e-19,1.6970429e-14
EFT:9.963687e-21,5.531796e-33,4.373045e-31,9.077982e-16,4.0896973e-21,1.0,4.362455e-13,2.7181645e-25,4.334226e-19,1.6970397e-14
Random942
Raw:9.963649e-21,5.5317115e-33,4.3730115e-31,9.077947e-16,4.0896347e-21,1.0,4.3624465e-13,2.7181332e-25,4.3341764e-19,1.6970364e-14
EFT:9.963687e-21,5.531796e-33,4.373045e-31,9.077982e-16,4.0896973e-21,1.0,4.362455e-13,2.7181645e-25,4.334226e-19,1.6970397e-14
Random943
Raw:9.963725e-21,5.531796e-33,4.373045e-31,9.077947e-16,4.0896658e-21,1.0,4.362463e-13,2.718154e-25,4.3342095e-19,1.6970495e-14
EFT:9.963687e-21,5.531796e-33,4.373045e-31,9.077982e-16,4.0896973e-21,1.0,4.362455e-13,2.7181645e-25,4.334226e-19,1.6970397e-14
Random944
Raw:9.963649e-21,5.5317115e-33,4.3730115e-31,9.077947e-16,4.0896658e-21,1.0,4.362463e-13,2.7181332e-25,4.3341764e-19,1.6970429e-14
EFT:9.963687e-21,5.531796e-33,4.373045e-31,9.077982e-16,4.0896973e-21,1.0,4.362455e-13,2.7181645e-25,4.334226e-19,1.6970397e-14
Random945
Raw:9.963725e-21,5.531796e-33,4.373045e-31,9.077947e-16,4.0896973e-21,1.0,4.3624715e-13,2.7181645e-25,4.334226e-19,1.6970463e-14
EFT:9.963687e-21,5.531796e-33,4.373045e-31,9.077982e-16,4.0896973e-21,1.0,4.362455e-13,2.7181645e-25,4.334226e-19,1.6970397e-14
Random946
Raw:9.963725e-21,5.5317537e-33,4.373045e-31,9.077947e-16,4.0896658e-21,1.0,4.362463e-13,2.718154e-25,4.3342095e-19,1.6970429e-14
EFT:9.963687e-21,5.531796e-33,4.373045e-31,9.077982e-16,4.0896973e-21,1.0,4.362455e-13,2.7181645e-25,4.334226e-19,1.6970397e-14
Random947
Raw:9.963649e-21,5.5317537e-33,4.373045e-31,9.077947e-16,4.0896658e-21,1.0,4.3624465e-13,2.718154e-25,4.3342095e-19,1.6970429e-14
EFT:9.963687e-21,5.531796e-33,4.373045e-31,9.077982e-16,4.0896973e-21,1.0,4.362455e-13,2.7181645e-25,4.334226e-19,1.6970397e-14
Random948
Raw:9.963687e-21,5.531796e-33,4.373045e-31,9.077982e-16,4.0896815e-21,1.0,4.362455e-13,2.7181438e-25,4.334226e-19,1.6970397e-14
EFT:9.963687e-21,5.531796e-33,4.373045e-31,9.077982e-16,4.0896973e-21,1.0,4.362455e-13,2.7181645e-25,4.334226e-19,1.6970397e-14
Random949
Raw:9.963801e-21,5.5317537e-33,4.373078e-31,9.078017e-16,4.0896973e-21,1.0,4.36248e-13,2.718154e-25,4.3342426e-19,1.6970495e-14
EFT:9.963687e-21,5.531796e-33,4.373045e-31,9.077982e-16,4.0896973e-21,1.0,4.362455e-13,2.7181645e-25,4.334226e-19,1.6970397e-14
Random950
Raw:9.963725e-21,5.5317537e-33,4.373045e-31,9.077947e-16,4.0896658e-21,1.0,4.362463e-13,2.718154e-25,4.3342095e-19,1.6970429e-14
EFT:9.963687e-21,5.531796e-33,4.373045e-31,9.077982e-16,4.0896973e-21,1.0,4.362455e-13,2.7181645e-25,4.334226e-19,1.6970397e-14
Random951
Raw:9.963649e-21,5.5317537e-33,4.3730115e-31,9.077879e-16,4.0896658e-21,1.0,4.36248e-13,2.7181332e-25,4.3341764e-19,1.6970429e-14
EFT:9.963687e-21,5.531796e-33,4.373045e-31,9.077982e-16,4.0896973e-21,1.0,4.362455e-13,2.7181645e-25,4.334226e-19,1.6970397e-14
Random952
Raw:9.963649e-21,5.5317537e-33,4.373045e-31,9.077947e-16,4.0896658e-21,1.0,4.3624465e-13,2.718154e-25,4.3342095e-19,1.6970429e-14
EFT:9.963687e-21,5.531796e-33,4.373045e-31,9.077982e-16,4.0896973e-21,1.0,4.362455e-13,2.7181645e-25,4.334226e-19,1.6970397e-14
Random953
Raw:9.963687e-21,5.531796e-33,4.373045e-31,9.077982e-16,4.0896815e-21,1.0,4.362455e-13,2.7181645e-25,4.334226e-19,1.6970397e-14
EFT:9.963687e-21,5.531796e-33,4.373045e-31,9.077982e-16,4.0896973e-21,1.0,4.362455e-13,2.7181645e-25,4.334226e-19,1.6970397e-14
Random954
Raw:9.963725e-21,5.5317537e-33,4.373045e-31,9.077947e-16,4.0896658e-21,1.0,4.362463e-13,2.718154e-25,4.3342095e-19,1.6970495e-14
EFT:9.963687e-21,5.531796e-33,4.373045e-31,9.077982e-16,4.0896973e-21,1.0,4.362455e-13,2.7181645e-25,4.334226e-19,1.6970397e-14
Random955
Raw:9.963801e-21,5.5317537e-33,4.373078e-31,9.078017e-16,4.0896973e-21,1.0,4.36248e-13,2.718154e-25,4.3342426e-19,1.6970429e-14
EFT:9.963687e-21,5.531796e-33,4.373045e-31,9.077982e-16,4.0896973e-21,1.0,4.362455e-13,2.7181645e-25,4.334226e-19,1.6970397e-14
Random956
Raw:9.963801e-21,5.531796e-33,4.373111e-31,9.078086e-16,4.0896973e-21,1.0,4.36248e-13,2.7181748e-25,4.3342426e-19,1.6970495e-14
EFT:9.963687e-21,5.531796e-33,4.373045e-31,9.077982e-16,4.0896973e-21,1.0,4.362455e-13,2.7181645e-25,4.334226e-19,1.6970397e-14
Random957
Raw:9.963801e-21,5.531796e-33,4.373111e-31,9.078086e-16,4.0897284e-21,1.0,4.36248e-13,2.7181748e-25,4.3342426e-19,1.6970495e-14
EFT:9.963687e-21,5.531796e-33,4.373045e-31,9.077982e-16,4.0896973e-21,1.0,4.362455e-13,2.7181645e-25,4.334226e-19,1.6970397e-14
Random958
Raw:9.963725e-21,5.531796e-33,4.373045e-31,9.077947e-16,4.0896973e-21,1.0,4.36248e-13,2.718154e-25,4.3342095e-19,1.6970495e-14
EFT:9.963687e-21,5.531796e-33,4.373045e-31,9.077982e-16,4.0896973e-21,1.0,4.362455e-13,2.7181645e-25,4.334226e-19,1.6970397e-14
Random959
Raw:9.963649e-21,5.5317537e-33,4.373045e-31,9.077947e-16,4.0896658e-21,1.0,4.3624465e-13,2.718154e-25,4.3342095e-19,1.6970429e-14
EFT:9.963687e-21,5.531796e-33,4.373045e-31,9.077982e-16,4.0896973e-21,1.0,4.362455e-13,2.7181645e-25,4.334226e-19,1.6970397e-14
Random960
Raw:9.963801e-21,5.531838e-33,4.373111e-31,9.078017e-16,4.0897284e-21,1.0,4.3624964e-13,2.7181748e-25,4.3342426e-19,1.697056e-14
EFT:9.963687e-21,5.531796e-33,4.373045e-31,9.077982e-16,4.0896973e-21,1.0,4.362455e-13,2.7181645e-25,4.334226e-19,1.6970397e-14
Random961
Raw:9.963649e-21,5.5317537e-33,4.373045e-31,9.077947e-16,4.0896658e-21,1.0,4.3624465e-13,2.718154e-25,4.3342095e-19,1.6970429e-14
EFT:9.963687e-21,5.531796e-33,4.373045e-31,9.077982e-16,4.0896973e-21,1.0,4.362455e-13,2.7181645e-25,4.334226e-19,1.6970397e-14
Random962
Raw:9.963725e-21,5.5317537e-33,4.373045e-31,9.077947e-16,4.0896658e-21,1.0,4.362463e-13,2.718154e-25,4.3342095e-19,1.6970495e-14
EFT:9.963687e-21,5.531796e-33,4.373045e-31,9.077982e-16,4.0896973e-21,1.0,4.362455e-13,2.7181645e-25,4.334226e-19,1.6970397e-14
Random963
Raw:9.963687e-21,5.531796e-33,4.373045e-31,9.077982e-16,4.0896815e-21,1.0,4.362455e-13,2.7181645e-25,4.334226e-19,1.6970397e-14
EFT:9.963687e-21,5.531796e-33,4.373045e-31,9.077982e-16,4.0896973e-21,1.0,4.362455e-13,2.7181645e-25,4.334226e-19,1.6970397e-14
Random964
Raw:9.963687e-21,5.531796e-33,4.373045e-31,9.077982e-16,4.0896815e-21,1.0,4.362455e-13,2.7181645e-25,4.334226e-19,1.6970397e-14
EFT:9.963687e-21,5.531796e-33,4.373045e-31,9.077982e-16,4.0896973e-21,1.0,4.362455e-13,2.7181645e-25,4.334226e-19,1.6970397e-14
Random965
Raw:9.963725e-21,5.531796e-33,4.373045e-31,9.077982e-16,4.0896973e-21,1.0,4.3624715e-13,2.7181645e-25,4.334226e-19,1.6970397e-14
EFT:9.963687e-21,5.531796e-33,4.373045e-31,9.077982e-16,4.0896973e-21,1.0,4.362455e-13,2.7181645e-25,4.334226e-19,1.6970397e-14
Random966
Raw:9.963649e-21,5.5317115e-33,4.3730115e-31,9.077947e-16,4.0896347e-21,1.0,4.3624465e-13,2.7181332e-25,4.3341764e-19,1.6970364e-14
EFT:9.963687e-21,5.531796e-33,4.373045e-31,9.077982e-16,4.0896973e-21,1.0,4.362455e-13,2.7181645e-25,4.334226e-19,1.6970397e-14
Random967
Raw:9.963725e-21,5.531796e-33,4.373045e-31,9.077947e-16,4.0897126e-21,1.0,4.362488e-13,2.7181645e-25,4.334226e-19,1.6970463e-14
EFT:9.963687e-21,5.531796e-33,4.373045e-31,9.077982e-16,4.0896973e-21,1.0,4.362455e-13,2.7181645e-25,4.334226e-19,1.6970397e-14
Random968
Raw:9.963687e-21,5.531796e-33,4.373045e-31,9.077982e-16,4.0896815e-21,1.0,4.362455e-13,2.7181645e-25,4.334226e-19,1.6970397e-14
EFT:9.963687e-21,5.531796e-33,4.373045e-31,9.077982e-16,4.0896973e-21,1.0,4.362455e-13,2.7181645e-25,4.334226e-19,1.6970397e-14
Random969
Raw:9.963725e-21,5.531796e-33,4.373045e-31,9.077982e-16,4.0896973e-21,1.0,4.3624715e-13,2.7181645e-25,4.334226e-19,1.6970463e-14
EFT:9.963687e-21,5.531796e-33,4.373045e-31,9.077982e-16,4.0896973e-21,1.0,4.362455e-13,2.7181645e-25,4.334226e-19,1.6970397e-14
Random970
Raw:9.963725e-21,5.531796e-33,4.373045e-31,9.077982e-16,4.0896973e-21,1.0,4.3624715e-13,2.7181645e-25,4.334226e-19,1.6970397e-14
EFT:9.963687e-21,5.531796e-33,4.373045e-31,9.077982e-16,4.0896973e-21,1.0,4.362455e-13,2.7181645e-25,4.334226e-19,1.6970397e-14
Random971
Raw:9.963725e-21,5.5317537e-33,4.373078e-31,9.078017e-16,4.0896973e-21,1.0,4.3624465e-13,2.7181332e-25,4.3342426e-19,1.6970429e-14
EFT:9.963687e-21,5.531796e-33,4.373045e-31,9.077982e-16,4.0896973e-21,1.0,4.362455e-13,2.7181645e-25,4.334226e-19,1.6970397e-14
Random972
Raw:9.963687e-21,5.531796e-33,4.373045e-31,9.077982e-16,4.0896815e-21,1.0,4.362455e-13,2.7181645e-25,4.334226e-19,1.6970397e-14
EFT:9.963687e-21,5.531796e-33,4.373045e-31,9.077982e-16,4.0896973e-21,1.0,4.362455e-13,2.7181645e-25,4.334226e-19,1.6970397e-14
Random973
Raw:9.963725e-21,5.531796e-33,4.373045e-31,9.077982e-16,4.0896973e-21,1.0,4.3624715e-13,2.7181645e-25,4.334226e-19,1.6970463e-14
EFT:9.963687e-21,5.531796e-33,4.373045e-31,9.077982e-16,4.0896973e-21,1.0,4.362455e-13,2.7181645e-25,4.334226e-19,1.6970397e-14
Random974
Raw:9.963725e-21,5.531796e-33,4.373045e-31,9.077982e-16,4.0896973e-21,1.0,4.3624715e-13,2.7181645e-25,4.334226e-19,1.6970397e-14
EFT:9.963687e-21,5.531796e-33,4.373045e-31,9.077982e-16,4.0896973e-21,1.0,4.362455e-13,2.7181645e-25,4.334226e-19,1.6970397e-14
Random975
Raw:9.963725e-21,5.531796e-33,4.373045e-31,9.077947e-16,4.0896658e-21,1.0,4.362463e-13,2.718154e-25,4.3342095e-19,1.6970495e-14
EFT:9.963687e-21,5.531796e-33,4.373045e-31,9.077982e-16,4.0896973e-21,1.0,4.362455e-13,2.7181645e-25,4.334226e-19,1.6970397e-14
Random976
Raw:9.963725e-21,5.531796e-33,4.373045e-31,9.077982e-16,4.0896973e-21,1.0,4.3624715e-13,2.7181645e-25,4.334226e-19,1.6970463e-14
EFT:9.963687e-21,5.531796e-33,4.373045e-31,9.077982e-16,4.0896973e-21,1.0,4.362455e-13,2.7181645e-25,4.334226e-19,1.6970397e-14
Random977
Raw:9.963687e-21,5.531796e-33,4.373045e-31,9.077982e-16,4.0896973e-21,1.0,4.362455e-13,2.7181645e-25,4.334226e-19,1.6970397e-14
EFT:9.963687e-21,5.531796e-33,4.373045e-31,9.077982e-16,4.0896973e-21,1.0,4.362455e-13,2.7181645e-25,4.334226e-19,1.6970397e-14
Random978
Raw:9.963725e-21,5.5317537e-33,4.373045e-31,9.077947e-16,4.0896658e-21,1.0,4.362463e-13,2.718154e-25,4.3342095e-19,1.6970429e-14
EFT:9.963687e-21,5.531796e-33,4.373045e-31,9.077982e-16,4.0896973e-21,1.0,4.362455e-13,2.7181645e-25,4.334226e-19,1.6970397e-14
Random979
Raw:9.963801e-21,5.531796e-33,4.373078e-31,9.078017e-16,4.0896973e-21,1.0,4.36248e-13,2.718154e-25,4.3342426e-19,1.6970495e-14
EFT:9.963687e-21,5.531796e-33,4.373045e-31,9.077982e-16,4.0896973e-21,1.0,4.362455e-13,2.7181645e-25,4.334226e-19,1.6970397e-14
Random980
Raw:9.963725e-21,5.5317537e-33,4.373045e-31,9.077947e-16,4.0896658e-21,1.0,4.362463e-13,2.718154e-25,4.3342095e-19,1.6970495e-14
EFT:9.963687e-21,5.531796e-33,4.373045e-31,9.077982e-16,4.0896973e-21,1.0,4.362455e-13,2.7181645e-25,4.334226e-19,1.6970397e-14
Random981
Raw:9.963649e-21,5.5317537e-33,4.373045e-31,9.077947e-16,4.0896658e-21,1.0,4.3624465e-13,2.718154e-25,4.3342095e-19,1.6970429e-14
EFT:9.963687e-21,5.531796e-33,4.373045e-31,9.077982e-16,4.0896973e-21,1.0,4.362455e-13,2.7181645e-25,4.334226e-19,1.6970397e-14
Random982
Raw:9.963801e-21,5.531796e-33,4.373078e-31,9.078017e-16,4.0897284e-21,1.0,4.36248e-13,2.718154e-25,4.3342426e-19,1.6970495e-14
EFT:9.963687e-21,5.531796e-33,4.373045e-31,9.077982e-16,4.0896973e-21,1.0,4.362455e-13,2.7181645e-25,4.334226e-19,1.6970397e-14
Random983
Raw:9.963649e-21,5.5317537e-33,4.373045e-31,9.077947e-16,4.0896658e-21,1.0,4.3624465e-13,2.718154e-25,4.3342095e-19,1.6970429e-14
EFT:9.963687e-21,5.531796e-33,4.373045e-31,9.077982e-16,4.0896973e-21,1.0,4.362455e-13,2.7181645e-25,4.334226e-19,1.6970397e-14
Random984
Raw:9.963725e-21,5.531796e-33,4.373045e-31,9.077947e-16,4.0896973e-21,1.0,4.3624715e-13,2.7181645e-25,4.334226e-19,1.6970463e-14
EFT:9.963687e-21,5.531796e-33,4.373045e-31,9.077982e-16,4.0896973e-21,1.0,4.362455e-13,2.7181645e-25,4.334226e-19,1.6970397e-14
Random985
Raw:9.963725e-21,5.5317537e-33,4.373078e-31,9.078017e-16,4.0896973e-21,1.0,4.362463e-13,2.718154e-25,4.3342426e-19,1.6970429e-14
EFT:9.963687e-21,5.531796e-33,4.373045e-31,9.077982e-16,4.0896973e-21,1.0,4.362455e-13,2.7181645e-25,4.334226e-19,1.6970397e-14
Random986
Raw:9.963725e-21,5.5317537e-33,4.373078e-31,9.078017e-16,4.0896973e-21,1.0,4.362463e-13,2.7181332e-25,4.3342426e-19,1.6970429e-14
EFT:9.963687e-21,5.531796e-33,4.373045e-31,9.077982e-16,4.0896973e-21,1.0,4.362455e-13,2.7181645e-25,4.334226e-19,1.6970397e-14
Random987
Raw:9.963725e-21,5.5317537e-33,4.373078e-31,9.078086e-16,4.0896658e-21,1.0,4.3624465e-13,2.7181332e-25,4.3342426e-19,1.6970364e-14
EFT:9.963687e-21,5.531796e-33,4.373045e-31,9.077982e-16,4.0896973e-21,1.0,4.362455e-13,2.7181645e-25,4.334226e-19,1.6970397e-14
Random988
Raw:9.963725e-21,5.531796e-33,4.373045e-31,9.077947e-16,4.0897126e-21,1.0,4.3624715e-13,2.7181645e-25,4.334226e-19,1.6970463e-14
EFT:9.963687e-21,5.531796e-33,4.373045e-31,9.077982e-16,4.0896973e-21,1.0,4.362455e-13,2.7181645e-25,4.334226e-19,1.6970397e-14
Random989
Raw:9.963801e-21,5.531796e-33,4.373078e-31,9.078017e-16,4.0896973e-21,1.0,4.36248e-13,2.718154e-25,4.3342426e-19,1.6970495e-14
EFT:9.963687e-21,5.531796e-33,4.373045e-31,9.077982e-16,4.0896973e-21,1.0,4.362455e-13,2.7181645e-25,4.334226e-19,1.6970397e-14
Random990
Raw:9.963649e-21,5.5317115e-33,4.3730115e-31,9.077947e-16,4.0896658e-21,1.0,4.362463e-13,2.7181332e-25,4.3341764e-19,1.6970429e-14
EFT:9.963687e-21,5.531796e-33,4.373045e-31,9.077982e-16,4.0896973e-21,1.0,4.362455e-13,2.7181645e-25,4.334226e-19,1.6970397e-14
Random991
Raw:9.963725e-21,5.531796e-33,4.373045e-31,9.077982e-16,4.0896973e-21,1.0,4.3624715e-13,2.7181645e-25,4.334226e-19,1.6970463e-14
EFT:9.963687e-21,5.531796e-33,4.373045e-31,9.077982e-16,4.0896973e-21,1.0,4.362455e-13,2.7181645e-25,4.334226e-19,1.6970397e-14
Random992
Raw:9.963649e-21,5.5317115e-33,4.3730115e-31,9.077947e-16,4.0896658e-21,1.0,4.362463e-13,2.7181332e-25,4.3341764e-19,1.6970429e-14
EFT:9.963687e-21,5.531796e-33,4.373045e-31,9.077982e-16,4.0896973e-21,1.0,4.362455e-13,2.7181645e-25,4.334226e-19,1.6970397e-14
Random993
Raw:9.963801e-21,5.5317537e-33,4.373078e-31,9.078017e-16,4.0896973e-21,1.0,4.36248e-13,2.718154e-25,4.3342426e-19,1.6970429e-14
EFT:9.963687e-21,5.531796e-33,4.373045e-31,9.077982e-16,4.0896973e-21,1.0,4.362455e-13,2.7181645e-25,4.334226e-19,1.6970397e-14
Random994
Raw:9.963649e-21,5.5316692e-33,4.372978e-31,9.077914e-16,4.0896504e-21,1.0,4.362455e-13,2.7181124e-25,4.3341764e-19,1.6970397e-14
EFT:9.963687e-21,5.531796e-33,4.373045e-31,9.077982e-16,4.0896973e-21,1.0,4.362455e-13,2.7181645e-25,4.334226e-19,1.6970397e-14
Random995
Raw:9.963801e-21,5.531796e-33,4.373078e-31,9.078017e-16,4.0897284e-21,1.0,4.3624964e-13,2.718154e-25,4.3342426e-19,1.6970495e-14
EFT:9.963687e-21,5.531796e-33,4.373045e-31,9.077982e-16,4.0896973e-21,1.0,4.362455e-13,2.7181645e-25,4.334226e-19,1.6970397e-14
Random996
Raw:9.963725e-21,5.531796e-33,4.373045e-31,9.077947e-16,4.0896658e-21,1.0,4.362463e-13,2.718154e-25,4.3342095e-19,1.6970495e-14
EFT:9.963687e-21,5.531796e-33,4.373045e-31,9.077982e-16,4.0896973e-21,1.0,4.362455e-13,2.7181645e-25,4.334226e-19,1.6970397e-14
Random997
Raw:9.963801e-21,5.531796e-33,4.373078e-31,9.078017e-16,4.0896973e-21,1.0,4.36248e-13,2.718154e-25,4.3342426e-19,1.6970495e-14
EFT:9.963687e-21,5.531796e-33,4.373045e-31,9.077982e-16,4.0896973e-21,1.0,4.362455e-13,2.7181645e-25,4.334226e-19,1.6970397e-14
Random998
Raw:9.963839e-21,5.53188e-33,4.3731446e-31,9.078051e-16,4.089744e-21,1.0,4.3625214e-13,2.7181955e-25,4.3342592e-19,1.6970591e-14
EFT:9.963687e-21,5.531796e-33,4.373045e-31,9.077982e-16,4.0896973e-21,1.0,4.362455e-13,2.7181645e-25,4.334226e-19,1.6970397e-14
Random999
Raw:9.963649e-21,5.5317537e-33,4.373045e-31,9.077947e-16,4.0896658e-21,1.0,4.3624465e-13,2.718154e-25,4.3342095e-19,1.6970429e-14
EFT:9.963687e-21,5.531796e-33,4.373045e-31,9.077982e-16,4.0896973e-21,1.0,4.362455e-13,2.7181645e-25,4.334226e-19,1.6970397e-14
Random1000
Raw:9.963801e-21,5.531796e-33,4.373111e-31,9.078086e-16,4.0897284e-21,1.0,4.3624964e-13,2.7181748e-25,4.3342426e-19,1.6970495e-14
EFT:9.963687e-21,5.531796e-33,4.373045e-31,9.077982e-16,4.0896973e-21,1.0,4.362455e-13,2.7181645e-25,4.334226e-19,1.6970397e-14
